1471630 1953
1471640 1958
1471650 1958
1471660 1960
1471670 1953
1471680 1953
1471690 1949
1471700 1949
1471710 1949
1471720 1949
1471730 1953
1471740 1953
1471750 1959
1471760 1961
1471770 1961
1471780 1961
1471790 1962
1471800 1963
1471810 1963
1471820 1962
1471830 1961
1471840 1961
1471850 1961
1471860 1962
1471870 1962
1471880 1962
1471890 1962
1471900 1962
1471910 1962
1471920 1962
1471930 1962
1471940 1962
1471950 1961
1471960 1960
1471970 1960
1471980 1959
1471990 1961
1472000 1961
1472010 1964
1472020 1968
1472030 1968
1472040 1972
1472050 1975
1472060 1975
1472070 1976
1472080 1979
1472090 1979
1472100 1984
1472110 1987
1472120 1989
1472130 1989
1472140 1992
1472150 1995
1472160 1995
1472170 1998
1472180 2001
1472190 2001
1472200 2004
1472210 2005
1472220 2005
1472230 2006
1472240 2005
1472250 2003
1472260 2003
1472270 2000
1472280 1997
1472290 1997
1472300 1996
1472310 1995
1472320 1995
1472330 1996
1472340 1996
1472350 1996
1472360 1995
1472370 1994
1472380 1994
1472390 1993
1472400 1994
1472410 1992
1472420 1992
1472430 1987
1472440 1983
1472450 1983
1472460 1980
1472470 1977
1472480 1977
1472490 1972
1472500 1968
1472510 1968
1472520 1964
1472530 1961
1472540 1961
1472550 1958
1472560 1955
1472570 1953
1472580 1953
1472590 1949
1472600 1948
1472610 1948
1472620 1952
1472630 1954
1472640 1954
1472650 1956
1472660 1958
1472670 1958
1472680 1961
1472690 1964
1472700 1968
1472710 1968
1472720 1975
1472730 1985
1472740 1985
1472750 1994
1472760 2000
1472770 2000
1472780 2002
1472790 1999
1472800 1999
1472810 1996
1472820 1995
1472830 1995
1472840 1995
1472850 1997
1472860 1995
1472870 1995
1472880 1984
1472890 1983
1472900 1983
1472910 1980
1472920 1980
1472930 1980
1472940 1976
1472950 1977
1472960 1977
1472970 1973
1472980 1967
1472990 1967
1473000 1963
1473010 1955
1473020 1950
1473030 1950
1473040 1947
1473050 1940
1473060 1940
1473070 1931
1473080 1922
1473090 1922
1473100 1912
1473110 1900
1473120 1900
1473130 1890
1473140 1879
1473150 1879
1473160 1871
1473170 1862
1473180 1851
1473190 1851
1473200 1843
1473210 1832
1473220 1832
1473230 1824
1473240 1817
1473250 1817
1473260 1806
1473270 1799
1473280 1799
1473290 1795
1473300 1793
1473310 1790
1473320 1790
1473330 1786
1473340 1782
1473350 1782
1473360 1778
1473370 1774
1473380 1774
1473390 1771
1473400 1768
1473410 1768
1473420 1766
1473430 1762
1473440 1762
1473450 1758
1473460 1754
1473470 1751
1473480 1751
1473490 1745
1473500 1739
1473510 1739
1473520 1735
1473530 1737
1473540 1737
1473550 1740
1473560 1739
1473570 1739
1473580 1738
1473590 1738
1473600 1738
1473610 1737
1473620 1734
1473630 1730
1473640 1730
1473650 1727
1473660 1724
1473670 1724
1473680 1721
1473690 1718
1473700 1718
1473710 1715
1473720 1711
1473730 1711
1473740 1708
1473750 1704
1473760 1704
1473770 1700
1473780 1696
1473790 1693
1473800 1693
1473810 1691
1473820 1689
1473830 1689
1473840 1687
1473850 1685
1473860 1685
1473870 1683
1473880 1680
1473890 1680
1473900 1678
1473910 1677
1473920 1676
1473930 1676
1473940 1675
1473950 1673
1473960 1673
1473970 1672
1473980 1672
1473990 1672
1474000 1672
1474010 1671
1474020 1671
1474030 1670
1474040 1666
1474050 1666
1474060 1663
1474070 1659
1474080 1654
1474090 1654
1474100 1649
1474110 1646
1474120 1646
1474130 1644
1474140 1638
1474150 1638
1474160 1630
1474170 1623
1474180 1623
1474190 1620
1474200 1619
1474210 1619
1474220 1614
1474230 1608
1474240 1609
1474250 1609
1474260 1613
1474270 1618
1474280 1618
1474290 1621
1474300 1624
1474310 1624
1474320 1628
1474330 1631
1474340 1631
1474350 1630
1474360 1631
1474370 1631
1474380 1631
1474390 1635
1474400 1638
1474410 1638
1474420 1639
1474430 1641
1474440 1641
1474450 1643
1474460 1648
1474470 1648
1474480 1653
1474490 1655
1474500 1655
1474510 1658
1474520 1660
1474530 1664
1474540 1664
1474550 1668
1474560 1671
1474570 1671
1474580 1671
1474590 1671
1474600 1671
1474610 1672
1474620 1673
1474630 1673
1474640 1673
1474650 1672
1474660 1672
1474670 1670
1474680 1670
1474690 1672
1474700 1672
1474710 1674
1474720 1675
1474730 1675
1474740 1675
1474750 1676
1474760 1676
1474770 1677
1474780 1678
1474790 1678
1474800 1678
1474810 1677
1474820 1677
1474830 1681
1474840 1687
1474850 1693
1474860 1693
1474870 1698
1474880 1705
1474890 1705
1474900 1712
1474910 1713
1474920 1713
1474930 1707
1474940 1706
1474950 1706
1474960 1710
1474970 1714
1474980 1719
1474990 1719
1475000 1722
1475010 1724
1475020 1724
1475030 1727
1475040 1733
1475050 1733
1475060 1740
1475070 1748
1475080 1748
1475090 1754
1475100 1761
1475110 1761
1475120 1775
1475130 1780
1475140 1784
1475150 1784
1475160 1787
1475170 1789
1475180 1789
1475190 1791
1475200 1793
1475210 1793
1475220 1794
1475230 1795
1475240 1795
1475250 1798
1475260 1801
1475270 1801
1475280 1805
1475290 1809
1475300 1813
1475310 1813
1475320 1815
1475330 1818
1475340 1818
1475350 1822
1475360 1826
1475370 1826
1475380 1832
1475390 1841
1475400 1841
1475410 1849
1475420 1855
1475430 1855
1475440 1856
1475450 1856
1475460 1856
1475470 1856
1475480 1855
1475490 1855
1475500 1855
1475510 1854
1475520 1852
1475530 1852
1475540 1852
1475550 1848
1475560 1848
1475570 1842
1475580 1837
1475590 1833
1475600 1833
1475610 1829
1475620 1822
1475630 1822
1475640 1813
1475650 1805
1475660 1805
1475670 1799
1475680 1796
1475690 1796
1475700 1794
1475710 1791
1475720 1791
1475730 1788
1475740 1783
1475750 1777
1475760 1777
1475770 1773
1475780 1770
1475790 1770
1475800 1768
1475810 1766
1475820 1766
1475830 1764
1475840 1762
1475850 1762
1475860 1760
1475870 1758
1475880 1758
1475890 1756
1475900 1753
1475910 1751
1475920 1751
1475930 1750
1475940 1748
1475950 1748
1475960 1744
1475970 1740
1475980 1740
1475990 1736
1476000 1733
1476010 1733
1476020 1729
1476030 1725
1476040 1725
1476050 1721
1476060 1717
1476070 1715
1476080 1715
1476090 1712
1476100 1707
1476110 1707
1476120 1703
1476130 1702
1476140 1702
1476150 1702
1476160 1701
1476170 1701
1476180 1700
1476190 1699
1476200 1697
1476210 1697
1476220 1697
1476230 1696
1476240 1696
1476250 1695
1476260 1694
1476270 1694
1476280 1693
1476290 1691
1476300 1691
1476310 1689
1476320 1686
1476330 1686
1476340 1682
1476350 1678
1476360 1675
1476370 1675
1476380 1671
1476390 1667
1476400 1667
1476410 1661
1476420 1655
1476430 1655
1476440 1652
1476450 1650
1476460 1650
1476470 1646
1476480 1643
1476490 1643
1476500 1640
1476510 1637
1476520 1634
1476530 1634
1476540 1632
1476550 1630
1476560 1630
1476570 1627
1476580 1624
1476590 1624
1476600 1622
1476610 1620
1476620 1620
1476630 1618
1476640 1616
1476650 1613
1476660 1613
1476670 1612
1476680 1609
1476690 1609
1476700 1607
1476710 1605
1476720 1605
1476730 1603
1476740 1601
1476750 1601
1476760 1600
1476770 1600
1476780 1600
1476790 1600
1476800 1600
1476810 1599
1476820 1599
1476830 1599
1476840 1598
1476850 1598
1476860 1596
1476870 1595
1476880 1595
1476890 1594
1476900 1593
1476910 1593
1476920 1592
1476930 1591
1476940 1591
1476950 1589
1476960 1587
1476970 1585
1476980 1585
1476990 1582
1477000 1578
1477010 1578
1477020 1575
1477030 1572
1477040 1572
1477050 1568
1477060 1566
1477070 1566
1477080 1563
1477090 1561
1477100 1561
1477110 1560
1477120 1559
1477130 1556
1477140 1556
1477150 1554
1477160 1551
1477170 1551
1477180 1546
1477190 1539
1477200 1539
1477210 1532
1477220 1528
1477230 1528
1477240 1528
1477250 1530
1477260 1532
1477270 1532
1477280 1528
1477290 1525
1477300 1525
1477310 1523
1477320 1521
1477330 1521
1477340 1520
1477350 1520
1477360 1520
1477370 1518
1477380 1516
1477390 1516
1477400 1515
1477410 1514
1477420 1512
1477430 1512
1477440 1511
1477450 1511
1477460 1511
1477470 1511
1477480 1511
1477490 1511
1477500 1509
1477510 1508
1477520 1508
1477530 1508
1477540 1507
1477550 1507
1477560 1507
1477570 1506
1477580 1506
1477590 1506
1477600 1505
1477610 1504
1477620 1504
1477630 1500
1477640 1497
1477650 1497
1477660 1495
1477670 1493
1477680 1493
1477690 1492
1477700 1490
1477710 1490
1477720 1485
1477730 1481
1477740 1479
1477750 1479
1477760 1479
1477770 1477
1477780 1477
1477790 1474
1477800 1472
1477810 1472
1477820 1470
1477830 1472
1477840 1472
1477850 1473
1477860 1472
1477870 1471
1477880 1471
1477890 1469
1477900 1466
1477910 1466
1477920 1461
1477930 1458
1477940 1458
1477950 1454
1477960 1454
1477970 1454
1477980 1452
1477990 1448
1478000 1448
1478010 1444
1478020 1442
1478030 1440
1478040 1440
1478050 1437
1478060 1434
1478070 1434
1478080 1432
1478090 1428
1478100 1428
1478110 1419
1478120 1419
1478130 1419
1478140 1423
1478150 1429
1478160 1429
1478170 1432
1478180 1432
1478190 1433
1478200 1433
1478210 1437
1478220 1443
1478230 1443
1478240 1450
1478250 1457
1478260 1457
1478270 1463
1478280 1465
1478290 1465
1478300 1465
1478310 1471
1478320 1476
1478330 1476
1478340 1479
1478350 1481
1478360 1481
1478370 1484
1478380 1488
1478390 1488
1478400 1492
1478410 1496
1478420 1496
1478430 1501
1478440 1504
1478450 1504
1478460 1506
1478470 1511
1478480 1512
1478490 1512
1478500 1514
1478510 1516
1478520 1516
1478530 1519
1478540 1522
1478550 1522
1478560 1525
1478570 1528
1478580 1528
1478590 1532
1478600 1536
1478610 1536
1478620 1540
1478630 1545
1478640 1549
1478650 1549
1478660 1551
1478670 1555
1478680 1555
1478690 1561
1478700 1565
1478710 1565
1478720 1569
1478730 1574
1478740 1574
1478750 1582
1478760 1588
1478770 1588
1478780 1591
1478790 1593
1478800 1596
1478810 1596
1478820 1597
1478830 1599
1478840 1599
1478850 1600
1478860 1602
1478870 1602
1478880 1604
1478890 1604
1478900 1604
1478910 1606
1478920 1608
1478930 1610
1478940 1610
1478950 1613
1478960 1616
1478970 1616
1478980 1619
1478990 1622
1479000 1622
1479010 1624
1479020 1626
1479030 1626
1479040 1628
1479050 1631
1479060 1631
1479070 1634
1479080 1638
1479090 1641
1479100 1641
1479110 1643
1479120 1644
1479130 1644
1479140 1644
1479150 1644
1479160 1644
1479170 1643
1479180 1644
1479190 1644
1479200 1644
1479210 1640
1479220 1640
1479230 1641
1479240 1644
1479250 1647
1479260 1647
1479270 1651
1479280 1657
1479290 1657
1479300 1663
1479310 1670
1479320 1670
1479330 1679
1479340 1683
1479350 1683
1479360 1684
1479370 1684
1479380 1684
1479390 1683
1479400 1683
1479410 1683
1479420 1683
1479430 1686
1479440 1690
1479450 1690
1479460 1694
1479470 1697
1479480 1697
1479490 1700
1479500 1703
1479510 1703
1479520 1706
1479530 1709
1479540 1711
1479550 1711
1479560 1711
1479570 1712
1479580 1712
1479590 1714
1479600 1717
1479610 1717
1479620 1723
1479630 1728
1479640 1728
1479650 1732
1479660 1734
1479670 1734
1479680 1737
1479690 1739
1479700 1741
1479710 1741
1479720 1743
1479730 1745
1479740 1745
1479750 1747
1479760 1749
1479770 1749
1479780 1751
1479790 1751
1479800 1751
1479810 1752
1479820 1753
1479830 1753
1479840 1755
1479850 1757
1479860 1758
1479870 1758
1479880 1760
1479890 1761
1479900 1761
1479910 1763
1479920 1765
1479930 1765
1479940 1767
1479950 1769
1479960 1769
1479970 1771
1479980 1774
1479990 1774
