1460000 1850
1460010 1850
1460020 1850
1460030 1849
1460230 1779
1460240 1779
1460250 1775
1460260 1777
1460270 1777
1460280 1779
1460290 1778
1460300 1778
1460310 1778
1460320 1778
1460330 1776
1460340 1776
1460350 1774
1460360 1776
1460370 1776
1460380 1776
1460390 1775
1460400 1775
1460410 1773
1460420 1771
1460430 1771
1460440 1768
1460450 1764
1460460 1760
1460470 1760
1460480 1757
1460490 1751
1460500 1751
1460510 1745
1460520 1744
1460530 1744
1460540 1741
1460550 1738
1460560 1738
1460570 1733
1460580 1732
1460590 1732
1460600 1730
1460610 1727
1460620 1725
1460630 1725
1460640 1722
1460650 1721
1460660 1721
1460670 1720
1460680 1720
1460690 1720
1460700 1722
1460710 1724
1460720 1724
1460730 1723
1460740 1721
1460750 1721
1460760 1718
1460770 1714
1460780 1711
1460790 1711
1460800 1708
1460810 1707
1460820 1707
1460830 1708
1460840 1708
1460850 1708
1460860 1707
1460870 1703
1460880 1703
1460890 1697
1460900 1690
1460910 1690
1460920 1686
1460930 1681
1460940 1678
1460950 1678
1460960 1674
1460970 1670
1460980 1670
1460990 1665
1461000 1659
1461010 1659
1461020 1654
1461030 1648
1461040 1648
1461050 1645
1461060 1645
1461070 1645
1461080 1648
1461090 1646
1461100 1643
1461110 1643
1461120 1641
1461130 1639
1461140 1639
1461150 1639
1461160 1639
1461170 1639
1461180 1639
1461190 1638
1461200 1638
1461210 1636
1461220 1636
1461230 1635
1461240 1635
1461250 1634
1461260 1634
1461270 1634
1461280 1633
1461290 1632
1461300 1632
1461310 1631
1461320 1629
1461330 1629
1461340 1626
1461350 1623
1461360 1623
1461370 1620
1461380 1618
1461390 1614
1461400 1614
1461410 1610
1461420 1606
1461430 1606
1461440 1604
1461450 1603
1461460 1603
1461470 1602
1461480 1601
1461490 1601
1461500 1601
1461510 1601
1461520 1601
1461530 1601
1461540 1600
1461550 1598
1461560 1598
1461570 1594
1461580 1590
1461590 1590
1461600 1588
1461610 1587
1461620 1587
1461630 1587
1461640 1586
1461650 1586
1461660 1586
1461670 1585
1461680 1585
1461690 1584
1461700 1586
1461710 1586
1461720 1586
1461730 1585
1461740 1585
1461750 1585
1461760 1584
1461770 1582
1461780 1582
1461790 1581
1461800 1577
1461810 1577
1461820 1574
1461830 1570
1461840 1570
1461850 1568
1461860 1567
1461870 1566
1461880 1566
1461890 1566
1461900 1565
1461910 1565
1461920 1566
1461930 1570
1461940 1570
1461950 1572
1461960 1572
1461970 1572
1461980 1571
1461990 1569
1462000 1569
1462010 1566
1462020 1563
1462030 1561
1462040 1561
1462050 1558
1462060 1557
1462070 1557
1462080 1554
1462090 1551
1462100 1551
1462110 1548
1462120 1547
1462130 1547
1462140 1548
1462150 1547
1462160 1547
1462170 1547
1462180 1546
1462190 1546
1462200 1546
1462210 1546
1462220 1545
1462230 1545
1462240 1545
1462250 1547
1462260 1547
1462270 1547
1462280 1546
1462290 1546
1462300 1544
1462310 1543
1462320 1543
1462330 1543
1462340 1542
1462350 1541
1462360 1541
1462370 1539
1462380 1540
1462390 1540
1462400 1541
1462410 1541
1462420 1541
1462430 1542
1462440 1542
1462450 1542
1462460 1543
1462470 1543
1462480 1544
1462490 1544
1462500 1544
1462510 1545
1462520 1545
1462530 1546
1462540 1547
1462550 1547
1462560 1547
1462570 1548
1462580 1548
1462590 1549
1462600 1550
1462610 1550
1462620 1550
1462630 1550
1462640 1551
1462650 1551
1462660 1551
1462670 1552
1462680 1552
1462690 1552
1462700 1552
1462710 1552
1462720 1548
1462730 1545
1462740 1545
1462750 1545
1462760 1549
1462770 1549
1462780 1554
1462790 1559
1462800 1563
1462810 1563
1462820 1565
1462830 1567
1462840 1567
1462850 1573
1462860 1581
1462870 1581
1462880 1589
1462890 1598
1462900 1598
1462910 1606
1462920 1614
1462930 1621
1462940 1621
1462950 1633
1462960 1645
1462970 1645
1462980 1657
1462990 1668
1463000 1672
1463010 1675
1463020 1673
1463030 1673
1463040 1671
1463050 1669
1463060 1669
1463070 1666
1463080 1664
1463090 1662
1463100 1662
1463110 1659
1463120 1656
1463130 1656
1463140 1653
1463150 1650
1463160 1650
1463170 1650
1463180 1650
1463190 1650
1463200 1648
1463210 1644
1463220 1644
1463230 1641
1463240 1640
1463250 1637
1463260 1637
1463270 1635
1463280 1631
1463290 1631
1463300 1622
1463310 1622
1463320 1622
1463330 1625
1463340 1625
1463350 1625
1463360 1624
1463370 1622
1463380 1622
1463390 1620
1463400 1626
1463410 1631
1463420 1631
1463430 1632
1463440 1632
1463450 1632
1463460 1636
1463470 1638
1463480 1638
1463490 1641
1463500 1643
1463510 1643
1463520 1645
1463530 1647
1463540 1647
1463550 1649
1463560 1651
1463570 1652
1463580 1652
1463590 1655
1463600 1657
1463610 1657
1463620 1660
1463630 1662
1463640 1662
1463650 1663
1463660 1664
1463670 1664
1463680 1665
1463690 1666
1463700 1666
1463710 1668
1463720 1672
1463730 1678
1463740 1678
1463750 1683
1463760 1688
1463770 1688
1463780 1692
1463790 1697
1463800 1697
1463810 1702
1463820 1706
1463830 1706
1463840 1711
1463850 1715
1463860 1719
1463870 1719
1463880 1725
1463890 1731
1463900 1731
1463910 1734
1463920 1735
1463930 1735
1463940 1738
1463950 1740
1463960 1740
1463970 1743
1463980 1746
1463990 1746
1464000 1750
1464010 1751
1464020 1750
1464030 1750
1464040 1749
1464050 1748
1464060 1748
1464070 1749
1464080 1752
1464090 1752
1464100 1760
1464110 1765
1464120 1765
1464130 1761
1464140 1756
1464150 1756
1464160 1750
1464170 1745
1464180 1741
1464190 1741
1464200 1736
1464210 1731
1464220 1731
1464230 1725
1464240 1720
1464250 1720
1464260 1716
1464270 1711
1464280 1711
1464290 1706
1464300 1700
1464310 1700
1464320 1693
1464330 1688
1464340 1681
1464350 1681
1464360 1675
1464370 1670
1464380 1670
1464390 1665
1464400 1661
1464410 1661
1464420 1657
1464430 1655
1464440 1655
1464450 1652
1464460 1650
1464470 1650
1464480 1648
1464490 1647
1464500 1644
1464510 1644
1464520 1643
1464530 1642
1464540 1642
1464550 1641
1464560 1640
1464570 1640
1464580 1639
1464590 1637
1464600 1637
1464610 1634
1464620 1630
1464630 1629
1464640 1629
1464650 1628
1464660 1628
1464670 1628
1464680 1631
1464690 1634
1464700 1634
1464710 1630
1464720 1627
1464730 1627
1464740 1627
1464750 1623
1464760 1623
1464770 1617
1464780 1625
1464790 1635
1464800 1635
1464810 1644
1464820 1648
1464830 1648
1464840 1651
1464850 1653
1464860 1653
1464870 1656
1464880 1660
1464890 1660
1464900 1664
1464910 1666
1464920 1666
1464930 1667
1464940 1669
1464950 1670
1464960 1670
1464970 1668
1464980 1666
1464990 1666
1465000 1666
1465010 1667
1465020 1667
1465030 1667
1465040 1668
1465050 1668
1465060 1669
1465070 1670
1465080 1670
1465090 1671
1465100 1672
1465110 1673
1465120 1673
1465130 1674
1465140 1677
1465150 1677
1465160 1680
1465170 1682
1465180 1682
1465190 1684
1465200 1687
1465210 1687
1465220 1688
1465230 1689
1465240 1689
1465250 1689
1465260 1690
1465270 1693
1465280 1693
1465290 1697
1465300 1699
1465310 1699
1465320 1701
1465330 1704
1465340 1704
1465350 1706
1465360 1710
1465370 1710
1465380 1712
1465390 1715
1465400 1715
1465410 1719
1465420 1722
1465430 1727
1465440 1727
1465450 1732
1465460 1738
1465470 1738
1465480 1745
1465490 1751
1465500 1751
1465510 1758
1465520 1763
1465530 1763
1465540 1767
1465550 1767
1465560 1766
1465570 1766
1465580 1767
1465590 1770
1465600 1770
1465610 1774
1465620 1777
1465630 1777
1465640 1775
1465650 1773
1465660 1773
1465670 1775
1465680 1782
1465690 1782
1465700 1789
1465710 1796
1465720 1803
1465730 1803
1465740 1811
1465750 1818
1465760 1818
1465770 1825
1465780 1832
1465790 1832
1465800 1838
1465810 1843
1465820 1843
1465830 1847
1465840 1851
1465850 1851
1465860 1854
1465870 1858
1465880 1862
1465890 1862
1465900 1866
1465910 1871
1465920 1871
1465930 1877
1465940 1883
1465950 1883
1465960 1891
1465970 1899
1465980 1899
1465990 1906
1466000 1913
1466010 1913
1466020 1918
1466030 1922
1466040 1926
1466050 1926
1466060 1929
1466070 1931
1466080 1931
1466090 1934
1466100 1937
1466110 1937
1466120 1943
1466130 1950
1466140 1950
1466150 1955
1466160 1960
1466170 1960
1466180 1964
1466190 1969
1466200 1974
1466210 1974
1466220 1979
1466230 1983
1466240 1983
1466250 1989
1466260 1995
1466270 1995
1466280 2001
1466290 2008
1466300 2008
1466310 2016
1466320 2024
1466330 2030
1466340 2030
1466350 2036
1466360 2042
1466370 2042
1466380 2047
1466390 2052
1466400 2052
1466410 2048
1466420 2045
1466430 2045
1466440 2042
1466450 2038
1466460 2038
1466470 2033
1466480 2027
1466490 2024
1466500 2024
1466510 2025
1466520 2021
1466530 2021
1466540 2016
1466550 2014
1466560 2014
1466570 2013
1466580 2012
1466590 2012
1466600 2008
1466610 2006
1466620 2006
1466630 2005
1466640 2004
1466650 2006
1466660 2006
1466670 2005
1466680 2000
1466690 2000
1466700 1999
1466710 1998
1466720 1998
1466730 1998
1466740 1998
1466750 1998
1466760 1998
1466770 1998
1466780 1998
1466790 1999
1466800 2000
1466810 2001
1466820 2001
1466830 2001
1466840 2000
1466850 2000
1466860 1998
1466870 1995
1466880 1995
1466890 1993
1466900 1990
1466910 1990
1466920 1989
1466930 1988
1466940 1988
1466950 1987
1466960 1987
1466970 1989
1466980 1989
1466990 1989
1467000 1988
1467010 1988
1467020 1985
1467030 1984
1467040 1984
1467050 1984
1467060 1985
1467070 1985
1467080 1985
1467090 1987
1467100 1989
1467110 1989
1467120 1991
1467130 1993
1467140 1993
1467150 1995
1467160 1997
1467170 1997
1467180 1999
1467190 2001
1467200 2001
1467210 2003
1467220 2005
1467230 2005
1467240 2006
1467250 2008
1467260 2008
1467270 2008
1467280 2009
1467290 2009
1467300 2009
1467310 2007
1467320 2005
1467330 2005
1467340 2005
1467350 2006
1467360 2006
1467370 2006
1467380 2004
1467390 2004
1467400 2000
1467410 1993
1467420 1986
1467430 1986
1467440 1979
1467450 1974
1467460 1974
1467470 1971
1467480 1969
1467490 1969
1467500 1965
1467510 1961
1467520 1961
1467530 1962
1467540 1964
1467550 1964
1467560 1966
1467570 1965
1467580 1961
1467590 1961
1467600 1954
1467610 1946
1467620 1946
1467630 1939
1467640 1933
1467650 1933
1467660 1928
1467670 1923
1467680 1923
1467690 1918
1467700 1913
1467710 1913
1467720 1909
1467730 1907
1467740 1905
1467750 1905
1467760 1903
1467770 1901
1467780 1901
1467790 1899
1467800 1898
1467810 1898
1467820 1898
1467830 1897
1467840 1897
1467850 1895
1467860 1892
1467870 1892
1467880 1885
1467890 1878
1467900 1875
1467910 1875
1467920 1878
1467930 1879
1467940 1879
1467950 1876
1467960 1872
1467970 1872
1467980 1870
1467990 1868
1468000 1868
1468010 1866
1468020 1865
1468030 1863
1468040 1863
1468050 1861
1468060 1856
1468070 1856
1468080 1849
1468090 1843
1468100 1843
1468110 1841
1468120 1842
1468130 1842
1468140 1843
1468150 1842
1468160 1842
1468170 1836
1468180 1827
1468190 1819
1468200 1819
1468210 1812
1468220 1806
1468230 1806
1468240 1802
1468250 1798
1468260 1798
1468270 1794
1468280 1790
1468290 1790
1468300 1785
1468310 1782
1468320 1782
1468330 1779
1468340 1777
1468350 1776
1468360 1776
1468370 1775
1468380 1774
1468390 1774
1468400 1772
1468410 1770
1468420 1770
1468430 1769
1468440 1768
1468450 1768
1468460 1767
1468470 1767
1468480 1767
1468490 1766
1468500 1764
1468510 1764
1468520 1764
1468530 1765
1468540 1766
1468550 1766
1468560 1767
1468570 1766
1468580 1766
1468590 1766
1468600 1766
1468610 1766
1468620 1766
1468630 1765
1468640 1765
1468650 1765
1468660 1764
1468670 1762
1468680 1762
1468690 1760
1468700 1758
1468710 1758
1468720 1754
1468730 1752
1468740 1752
1468750 1750
1468760 1747
1468770 1747
1468780 1744
1468790 1742
1468800 1739
1468810 1739
1468820 1736
1468830 1733
1468840 1733
1468850 1729
1468860 1726
1468870 1726
1468880 1722
1468890 1717
1468900 1717
1468910 1712
1468920 1709
1468930 1709
1468940 1706
1468950 1702
1468960 1697
1468970 1697
1468980 1693
1468990 1690
1469000 1690
1469010 1686
1469020 1682
1469030 1682
1469040 1678
1469050 1674
1469060 1674
1469070 1670
1469080 1666
1469090 1666
1469100 1662
1469110 1658
1469120 1653
1469130 1653
1469140 1649
1469150 1645
1469160 1645
1469170 1642
1469180 1638
1469190 1638
1469200 1634
1469210 1631
1469220 1631
1469230 1626
1469240 1622
1469250 1622
1469260 1617
1469270 1613
1469280 1609
1469290 1609
1469300 1605
1469310 1601
1469320 1601
1469330 1596
1469340 1590
1469350 1590
1469360 1585
1469370 1580
1469380 1580
1469390 1570
1469400 1560
1469410 1560
1469420 1551
1469430 1542
1469440 1534
1469450 1534
1469460 1526
1469470 1519
1469480 1519
1469490 1514
1469500 1508
1469510 1508
1469520 1501
1469530 1494
1469540 1494
1469550 1487
1469560 1479
1469570 1479
1469580 1471
1469590 1462
1469600 1453
1469610 1453
1469620 1443
1469630 1434
1469640 1434
1469650 1426
1469660 1418
1469670 1418
1469680 1403
1469690 1392
1469700 1392
1469710 1376
1469720 1368
1469730 1362
1469740 1362
1469750 1358
1469760 1362
1469770 1362
1469780 1366
1469790 1368
1469800 1368
1469810 1368
1469820 1368
1469830 1368
1469840 1369
1469850 1368
1469860 1368
1469870 1362
1469880 1360
1469890 1360
1469900 1360
1469910 1354
1469920 1354
1469930 1354
1469940 1351
1469950 1348
1469960 1348
1469970 1342
1469980 1335
1469990 1335
1470000 1330
1470010 1324
1470020 1324
1470030 1319
1470040 1314
1470050 1314
1470060 1314
1470070 1314
1470080 1315
1470090 1315
1470100 1319
1470110 1322
1470120 1322
1470130 1322
1470140 1319
1470150 1319
1470160 1315
1470170 1309
1470180 1309
1470190 1305
1470200 1301
1470210 1300
1470220 1300
1470230 1300
1470240 1299
1470250 1299
1470260 1295
1470270 1290
1470280 1290
1470290 1288
1470300 1288
1470310 1288
1470320 1286
1470330 1282
1470340 1282
1470350 1279
1470360 1276
1470370 1274
1470380 1274
1470390 1272
1470400 1272
1470410 1272
1470420 1272
1470430 1270
1470440 1270
1470450 1268
1470460 1267
1470470 1267
1470480 1263
1470490 1259
1470500 1256
1470510 1256
1470520 1255
1470530 1256
1470540 1256
1470550 1256
1470560 1256
1470570 1256
1470580 1257
1470590 1258
1470600 1258
1470610 1257
1470620 1259
1470630 1259
1470640 1261
1470650 1260
1470660 1259
1470670 1259
1470680 1259
1470690 1258
1470700 1258
1470710 1257
1470720 1255
1470730 1255
1470740 1253
1470750 1255
1470760 1255
1470770 1262
1470780 1266
1470790 1266
1470800 1267
1470810 1268
1470820 1269
1470830 1269
1470840 1270
1470850 1270
1470860 1270
1470870 1270
1470880 1270
1470890 1270
1470900 1269
1470910 1269
1470920 1269
1470930 1268
1470940 1268
1470950 1268
1470960 1269
1470970 1271
1470980 1273
1470990 1273
1471000 1275
1471010 1274
1471020 1274
1471030 1269
1471040 1263
1471050 1263
1471060 1262
1471070 1271
1471080 1271
1471090 1280
1471100 1286
1471110 1286
1471120 1289
1471130 1292
1471140 1296
1471150 1296
1471160 1299
1471170 1302
1471180 1302
1471190 1305
1471200 1309
1471210 1309
1471220 1315
1471230 1320
1471240 1320
1471250 1324
1471260 1328
1471270 1331
1471280 1331
1471290 1333
1471300 1333
1471310 1333
1471320 1335
1471330 1338
1471340 1338
1471350 1342
1471360 1346
1471370 1346
1471380 1349
1471390 1351
1471400 1351
1471410 1354
1471420 1356
1471430 1358
1471440 1358
1471450 1359
1471460 1361
1471470 1361
1471480 1362
1471490 1364
1471500 1364
1471510 1367
1471520 1369
1471530 1369
1471540 1370
1471550 1370
1471560 1370
1471570 1370
1471580 1370
1471590 1369
1471600 1369
1471610 1366
1471620 1363
1471630 1363
1471640 1361
1471650 1359
1471660 1359
1471670 1357
1471680 1356
1471690 1356
1471700 1357
1471710 1361
1471720 1361
1471730 1366
1471740 1371
1471750 1375
1471760 1375
1471770 1379
1471780 1383
1471790 1383
1471800 1386
1471810 1387
1471820 1387
1471830 1384
1471840 1378
1471850 1378
1471860 1371
1471870 1366
1471880 1366
1471890 1362
1471900 1359
1471910 1354
1471920 1354
1471930 1348
1471940 1348
1471950 1348
1471960 1347
1471970 1342
1471980 1342
1471990 1335
1472000 1326
1472010 1326
1472020 1313
1472030 1304
1472040 1296
1472050 1296
1472060 1285
1472070 1271
1472080 1271
1472090 1263
1472100 1268
1472110 1268
1472120 1276
1472130 1285
1472140 1285
1472150 1292
1472160 1300
1472170 1300
1472180 1306
1472190 1310
1472200 1320
1472210 1320
1472220 1333
1472230 1343
1472240 1343
1472250 1351
1472260 1356
1472270 1356
1472280 1363
1472290 1369
1472300 1369
1472310 1375
1472320 1379
1472330 1379
1472340 1383
1472350 1386
1472360 1390
1472370 1390
1472380 1392
1472390 1393
1472400 1393
1472410 1396
1472420 1398
1472430 1398
1472440 1398
1472450 1399
1472460 1399
1472470 1398
1472480 1396
1472490 1396
1472500 1396
1472510 1398
1472520 1399
1472530 1399
1472540 1399
1472550 1398
1472560 1398
1472570 1398
1472580 1394
1472590 1394
1472600 1397
1472610 1405
1472620 1405
1472630 1415
1472640 1424
1472650 1424
1472660 1433
1472670 1438
1472680 1441
1472690 1441
1472700 1445
1472710 1449
1472720 1449
1472730 1452
1472740 1456
1472750 1456
1472760 1459
1472770 1461
1472780 1461
1472790 1463
1472800 1464
1472810 1464
1472820 1465
1472830 1465
1472840 1463
1472850 1463
1472860 1458
1472870 1451
1472880 1451
1472890 1449
1472900 1455
1472910 1455
1472920 1459
1472930 1462
1472940 1462
1472950 1464
1472960 1465
1472970 1465
1472980 1465
1472990 1464
1473000 1462
1473010 1462
1473020 1460
1473030 1462
1473040 1462
1473050 1460
1473060 1457
1473070 1457
1473080 1456
1473090 1456
1473100 1456
1473110 1458
1473120 1459
1473130 1458
1473140 1458
1473150 1455
1473160 1452
1473170 1452
1473180 1450
1473190 1448
1473200 1448
1473210 1446
1473220 1443
1473230 1443
1473240 1440
1473250 1437
1473260 1437
1473270 1435
1473280 1434
1473290 1433
1473300 1433
1473310 1431
1473320 1429
1473330 1429
1473340 1431
1473350 1430
1473360 1430
1473370 1425
1473380 1425
1473390 1425
1473400 1432
1473410 1432
1473420 1432
1473430 1431
1473440 1436
1473450 1440
1473460 1440
1473470 1444
1473480 1447
1473490 1447
1473500 1449
1473510 1453
1473520 1453
1473530 1458
1473540 1465
1473550 1465
1473560 1474
1473570 1479
1473580 1479
1473590 1483
1473600 1486
1473610 1489
1473620 1489
1473630 1494
1473640 1498
1473650 1498
1473660 1504
1473670 1510
1473680 1510
1473690 1517
1473700 1522
1473710 1522
1473720 1528
1473730 1532
1473740 1535
1473750 1535
1473760 1538
1473770 1539
1473780 1539
1473790 1540
1473800 1540
1473810 1540
1473820 1539
1473830 1538
1473840 1538
1473850 1535
1473860 1532
1473870 1532
1473880 1528
1473890 1525
1473900 1520
1473910 1520
1473920 1515
1473930 1510
1473940 1510
1473950 1505
1473960 1500
1473970 1500
1473980 1496
1473990 1493
1474000 1493
1474010 1490
1474020 1488
1474030 1488
1474040 1485
1474050 1483
1474060 1481
1474070 1481
1474080 1481
1474090 1480
1474100 1480
1474110 1478
1474120 1475
1474130 1475
1474140 1470
1474150 1465
1474160 1465
1474170 1459
1474180 1456
1474190 1456
1474200 1453
1474210 1451
1474220 1449
1474230 1449
1474240 1449
1474250 1448
1474260 1448
1474270 1443
1474280 1441
1474290 1441
1474300 1435
1474310 1429
1474320 1429
1474330 1422
1474340 1416
1474350 1416
1474360 1409
1474370 1401
1474380 1398
1474390 1398
1474400 1393
1474410 1387
1474420 1387
1474430 1382
1474440 1379
1474450 1379
1474460 1377
1474470 1375
1474480 1375
1474490 1373
1474500 1368
1474510 1362
1474520 1362
1474530 1360
1474540 1359
1474550 1359
1474560 1355
1474570 1350
1474580 1350
1474590 1344
1474600 1343
1474610 1343
1474620 1341
1474630 1336
1474640 1336
1474650 1332
1474660 1332
1474670 1332
1474680 1332
1474690 1337
1474700 1342
1474710 1342
1474720 1342
1474730 1339
1474740 1339
1474750 1336
1474760 1333
1474770 1333
1474780 1331
1474790 1327
1474800 1327
1474810 1321
1474820 1315
1474830 1315
1474840 1315
1474850 1316
1474860 1316
1474870 1316
1474880 1315
1474890 1312
1474900 1312
1474910 1309
1474920 1305
1474930 1305
1474940 1302
1474950 1299
1474960 1299
1474970 1296
1474980 1293
1474990 1291
1475000 1291
1475010 1288
1475020 1286
1475030 1286
1475040 1284
1475050 1280
1475060 1280
1475070 1280
1475080 1280
1475090 1280
1475100 1276
1475110 1271
1475120 1271
1475130 1266
1475140 1261
1475150 1257
1475160 1257
1475170 1252
1475180 1249
1475190 1249
1475200 1244
1475210 1238
1475220 1238
1475230 1234
1475240 1230
1475250 1230
1475260 1224
1475270 1220
1475280 1220
1475290 1216
1475300 1212
1475310 1207
1475320 1207
1475330 1201
1475340 1196
1475350 1196
1475360 1190
1475370 1183
1475380 1183
1475390 1175
1475400 1171
1475410 1171
1475420 1167
1475430 1164
1475440 1160
1475450 1160
1475460 1154
1475470 1146
1475480 1146
1475490 1143
1475500 1139
1475510 1139
1475520 1139
1475530 1139
1475540 1139
1475550 1134
1475560 1128
1475570 1128
1475580 1121
1475590 1115
1475600 1117
1475610 1117
1475620 1118
1475630 1114
1475640 1114
1475650 1106
1475660 1106
1475670 1106
1475680 1106
1475690 1102
1475700 1102
1475710 1096
1475720 1090
1475730 1090
1475740 1087
1475750 1082
1475760 1081
1475770 1081
1475780 1076
1475790 1071
1475800 1071
1475810 1067
1475820 1065
1475830 1065
1475840 1063
1475850 1063
1475860 1063
1475870 1062
1475880 1062
1475890 1062
1475900 1059
1475910 1058
1475920 1057
1475930 1057
1475940 1057
1475950 1056
1475960 1056
1475970 1054
1475980 1052
1475990 1052
1476000 1051
1476010 1050
1476020 1050
1476030 1051
1476040 1049
1476050 1049
1476060 1047
1476070 1046
1476080 1045
1476090 1045
1476100 1043
1476110 1041
1476120 1041
1476130 1039
1476140 1039
1476150 1039
1476160 1043
1476170 1045
1476180 1045
1476190 1045
1476200 1043
1476210 1042
1476220 1042
1476230 1041
1476240 1042
1476250 1042
1476260 1042
1476270 1043
1476280 1043
1476290 1042
1476300 1041
1476310 1041
1476320 1039
1476330 1038
1476340 1038
1476350 1037
1476360 1034
1476370 1031
1476380 1031
1476390 1029
1476400 1025
1476410 1025
1476420 1023
1476430 1024
1476440 1024
1476450 1024
1476460 1024
1476470 1024
1476480 1024
1476490 1023
1476500 1023
1476510 1024
1476520 1024
1476530 1025
1476540 1025
1476550 1029
1476560 1035
1476570 1035
1476580 1042
1476590 1043
1476600 1043
1476610 1041
1476620 1040
1476630 1040
1476640 1038
1476650 1033
1476660 1033
1476670 1025
1476680 1026
1476690 1026
1476700 1026
1476710 1025
1476720 1026
1476730 1026
1476740 1027
1476750 1018
1476760 1018
1476770 1014
1476780 1016
1476790 1016
1476800 1017
1476810 1019
1476820 1019
1476830 1022
1476840 1029
1476850 1042
1476860 1042
1476870 1045
1476880 1049
1476890 1049
1476900 1051
1476910 1049
1476920 1049
1476930 1052
1476940 1054
1476950 1054
1476960 1053
1476970 1052
1476980 1054
1476990 1054
1477000 1059
1477010 1060
1477020 1060
1477030 1059
1477040 1058
1477050 1058
1477060 1059
1477070 1059
1477080 1059
1477090 1058
1477100 1056
1477110 1056
1477120 1054
1477130 1049
1477140 1045
1477150 1045
1477160 1039
1477170 1032
1477180 1032
1477190 1032
1477200 1037
1477210 1037
1477220 1040
1477230 1038
1477240 1038
1477250 1034
1477260 1031
1477270 1031
1477280 1028
1477290 1026
1477300 1024
1477310 1024
1477320 1023
1477330 1022
1477340 1022
1477350 1022
1477360 1022
1477370 1022
1477380 1022
1477390 1018
1477400 1018
1477410 1015
1477420 1015
1477430 1015
1477440 1014
1477450 1012
1477460 1011
1477470 1011
1477480 1006
1477490 1001
1477500 1001
1477510 998
1477520 994
1477530 994
1477540 993
1477550 995
1477560 995
1477570 1001
1477580 1009
1477590 1009
1477600 1013
1477610 1016
1477620 1016
1477630 1016
1477640 1009
1477650 1001
1477660 1001
1477670 998
1477680 998
1477690 998
1477700 1000
1477710 1003
1477720 1003
1477730 1010
1477740 1017
1477750 1017
1477760 1021
1477770 1025
1477780 1029
1477790 1029
1477800 1030
1477810 1030
1477820 1030
1477830 1029
1477840 1028
1477850 1028
1477860 1026
1477870 1025
1477880 1025
1477890 1024
1477900 1023
1477910 1023
1477920 1023
1477930 1023
1477940 1023
1477950 1023
1477960 1023
1477970 1024
1477980 1024
1477990 1023
1478000 1023
1478010 1023
1478020 1024
1478030 1028
1478040 1028
1478050 1032
1478060 1034
1478070 1037
1478080 1037
1478090 1041
1478100 1043
1478110 1043
1478120 1045
1478130 1045
1478140 1045
1478150 1047
1478160 1048
1478170 1048
1478180 1049
1478190 1050
1478200 1050
1478210 1050
1478220 1049
1478230 1050
1478240 1050
1478250 1052
1478260 1053
1478270 1053
1478280 1054
1478290 1054
1478300 1054
1478310 1054
1478320 1054
1478330 1054
1478340 1056
1478350 1059
1478360 1059
1478370 1060
1478380 1060
1478390 1058
1478400 1058
1478410 1054
1478420 1051
1478430 1051
1478440 1046
1478450 1040
1478460 1040
1478470 1040
1478480 1044
1478490 1044
1478500 1048
1478510 1050
1478520 1050
1478530 1051
1478540 1051
1478550 1051
1478560 1051
1478570 1050
1478580 1050
1478590 1050
1478600 1051
1478610 1051
1478620 1051
1478630 1050
1478640 1052
1478650 1052
1478660 1055
1478670 1056
1478680 1056
1478690 1056
1478700 1054
1478710 1053
1478720 1053
1478730 1050
1478740 1049
1478750 1049
1478760 1049
1478770 1048
1478780 1048
1478790 1048
1478800 1048
1478810 1048
1478820 1047
1478830 1046
1478840 1046
1478850 1046
1478860 1047
1478870 1049
1478880 1049
1478890 1051
1478900 1052
1478910 1052
1478920 1052
1478930 1051
1478940 1051
1478950 1049
1478960 1048
1478970 1048
1478980 1047
1478990 1047
1479000 1047
1479010 1047
1479020 1047
1479030 1047
1479040 1047
1479050 1051
1479060 1054
1479070 1054
1479080 1055
1479090 1054
1479100 1054
1479110 1052
1479120 1053
1479130 1053
1479140 1056
1479150 1059
1479160 1061
1479170 1061
1479180 1062
1479190 1062
1479200 1062
1479210 1068
1479220 1074
1479230 1074
1479240 1078
1479250 1080
1479260 1080
1479270 1079
1479280 1077
1479290 1077
1479300 1079
1479310 1079
1479320 1083
1479330 1083
1479340 1086
1479350 1091
1479360 1091
1479370 1094
1479380 1097
1479390 1097
1479400 1099
1479410 1100
1479420 1100
1479430 1102
1479440 1102
1479450 1102
1479460 1104
1479470 1105
1479480 1112
1479490 1112
1479500 1118
1479510 1125
1479520 1125
1479530 1131
1479540 1137
1479550 1137
1479560 1141
1479570 1145
1479580 1145
1479590 1147
1479600 1151
1479610 1155
1479620 1155
1479630 1160
1479640 1168
1479650 1168
1479660 1179
1479670 1195
1479680 1195
1479690 1206
1479700 1207
1479710 1207
1479720 1206
1479730 1203
1479740 1203
1479750 1201
1479760 1200
1479770 1199
1479780 1199
1479790 1198
1479800 1196
1479810 1196
1479820 1195
1479830 1196
1479840 1196
1479850 1197
1479860 1196
1479870 1196
1479880 1196
1479890 1200
1479900 1200
1479910 1202
1479920 1202
1479930 1203
1479940 1203
1479950 1207
1479960 1207
1479970 1207
1479980 1206
1479990 1204
