1460000 1831
1460010 1823
1460020 1816
1460030 1816
1460040 1808
1460050 1801
1460060 1801
1460070 1794
1460080 1787
1460090 1787
1460100 1779
1460110 1771
1460120 1771
1460130 1766
1460140 1763
1460150 1760
1460160 1760
1460170 1757
1460180 1750
1460190 1750
1460200 1742
1460210 1734
1460220 1734
1460230 1726
1460240 1716
1460250 1716
1460260 1707
1460270 1699
1460280 1691
1460290 1691
1460300 1687
1460310 1683
1460320 1683
1460330 1676
1460340 1683
1460350 1683
1460360 1687
1460370 1684
1460380 1684
1460390 1682
1460400 1682
1460410 1682
1460420 1682
1460430 1681
1460440 1681
1460450 1681
1460460 1681
1460470 1681
1460480 1681
1460490 1683
1460500 1682
1460510 1682
1460520 1682
1460530 1685
1460540 1685
1460550 1688
1460560 1691
1460570 1691
1460580 1694
1460590 1698
1460600 1703
1460610 1703
1460620 1708
1460630 1714
1460640 1714
1460650 1720
1460660 1728
1460670 1728
1460680 1737
1460690 1744
1460700 1744
1460710 1753
1460720 1761
1460730 1761
1460740 1767
1460750 1773
1460760 1778
1460770 1778
1460780 1782
1460790 1785
1460800 1785
1460810 1787
1460820 1790
1460830 1790
1460840 1793
1460850 1796
1460860 1796
1460870 1799
1460880 1803
1460890 1803
1460900 1807
1460910 1810
1460920 1811
1460930 1811
1460940 1814
1460950 1816
1460960 1816
1460970 1817
1460980 1817
1460990 1817
1461000 1818
1461010 1818
1461020 1818
1461030 1819
1461040 1821
1461050 1821
1461060 1823
1461070 1825
1461080 1826
1461090 1826
1461100 1827
1461110 1827
1461120 1827
1461130 1828
1461140 1829
1461150 1829
1461160 1831
1461170 1833
1461180 1833
1461190 1836
1461200 1837
1461210 1837
1461220 1834
1461230 1830
1461240 1826
1461250 1826
1461260 1823
1461270 1820
1461280 1820
1461290 1815
1461300 1813
1461310 1813
1461320 1813
1461330 1813
1461340 1813
1461350 1811
1461360 1809
1461370 1806
1461380 1806
1461390 1801
1461400 1797
1461410 1797
1461420 1794
1461430 1790
1461440 1790
1461450 1787
1461460 1785
1461470 1785
1461480 1782
1461490 1775
1461500 1775
1461510 1767
1461520 1761
1461530 1756
1461540 1756
1461550 1751
1461560 1746
1461570 1746
1461580 1745
1461590 1745
1461600 1745
1461610 1746
1461620 1746
1461630 1746
1461640 1742
1461650 1739
1461660 1739
1461670 1736
1461680 1732
1461690 1730
1461700 1730
1461710 1731
1461720 1732
1461730 1732
1461740 1736
1461750 1741
1461760 1741
1461770 1741
1461780 1737
1461790 1737
1461800 1731
1461810 1723
1461820 1723
1461830 1716
1461840 1713
1461850 1711
1461860 1711
1461870 1710
1461880 1708
1461890 1708
1461900 1705
1461910 1702
1461920 1702
1461930 1697
1461940 1692
1461950 1692
1461960 1685
1461970 1678
1461980 1678
1461990 1672
1462000 1666
1462010 1660
1462020 1660
1462030 1654
1462040 1645
1462050 1645
1462060 1636
1462070 1631
1462080 1631
1462090 1624
1462100 1618
1462110 1618
1462120 1619
1462130 1627
1462140 1627
1462150 1633
1462160 1636
1462170 1635
1462180 1635
1462190 1632
1462200 1629
1462210 1629
1462220 1626
1462230 1624
1462240 1624
1462250 1623
1462260 1623
1462270 1623
1462280 1622
1462290 1620
1462300 1620
1462310 1616
1462320 1615
1462330 1612
1462340 1612
1462350 1609
1462360 1606
1462370 1606
1462380 1601
1462390 1598
1462400 1598
1462410 1594
1462420 1590
1462430 1590
1462440 1585
1462450 1579
1462460 1574
1462470 1574
1462480 1569
1462490 1564
1462500 1564
1462510 1559
1462520 1554
1462530 1554
1462540 1550
1462550 1543
1462560 1543
1462570 1534
1462580 1527
1462590 1527
1462600 1519
1462610 1518
1462620 1526
1462630 1526
1462640 1524
1462650 1521
1462660 1521
1462670 1518
1462680 1513
1462690 1513
1462700 1508
1462710 1504
1462720 1504
1462730 1498
1462740 1493
1462750 1493
1462760 1491
1462770 1488
1462780 1486
1462790 1486
1462800 1485
1462810 1481
1462820 1481
1462830 1473
1462840 1473
1462850 1473
1462860 1474
1462870 1464
1462880 1464
1462890 1448
1462900 1437
1462910 1437
1462920 1425
1462930 1413
1462940 1409
1462950 1409
1462960 1413
1462970 1417
1462980 1417
1462990 1422
1463000 1423
1463010 1423
1463020 1425
1463030 1431
1463040 1431
1463050 1436
1463060 1434
1463070 1434
1463080 1429
1463090 1423
1463100 1417
1463110 1417
1463120 1413
1463130 1408
1463140 1408
1463150 1402
1463160 1396
1463170 1396
1463180 1394
1463190 1389
1463200 1389
1463210 1383
1463220 1378
1463230 1378
1463240 1372
1463250 1365
1463260 1360
1463270 1360
1463280 1356
1463290 1350
1463300 1350
1463310 1344
1463320 1338
1463330 1338
1463340 1332
1463350 1328
1463360 1328
1463370 1321
1463380 1314
1463390 1314
1463400 1307
1463410 1301
1463420 1296
1463430 1296
1463440 1291
1463450 1285
1463460 1285
1463470 1280
1463480 1275
1463490 1275
1463500 1270
1463510 1264
1463520 1264
1463530 1258
1463540 1248
1463550 1239
1463560 1239
1463570 1229
1463580 1219
1463590 1219
1463600 1214
1463610 1213
1463620 1213
1463630 1207
1463640 1211
1463650 1211
1463660 1216
1463670 1215
1463680 1215
1463690 1214
1463700 1211
1463710 1213
1463720 1213
1463730 1221
1463740 1223
1463750 1223
1463760 1225
1463770 1226
1463780 1226
1463790 1226
1463800 1225
1463810 1225
1463820 1223
1463830 1231
1463840 1231
1463850 1232
1463860 1235
1463870 1239
1463880 1239
1463890 1242
1463900 1243
1463910 1243
1463920 1246
1463930 1249
1463940 1249
1463950 1251
1463960 1251
1463970 1251
1463980 1253
1463990 1257
1464000 1257
1464010 1261
1464020 1264
1464030 1267
1464040 1267
1464050 1269
1464060 1270
1464070 1270
1464080 1268
1464090 1265
1464100 1265
1464110 1263
1464120 1262
1464130 1262
1464140 1265
1464150 1269
1464160 1269
1464170 1273
1464180 1278
1464190 1281
1464200 1281
1464210 1284
1464220 1287
1464230 1287
1464240 1289
1464250 1290
1464260 1290
1464270 1292
1464280 1293
1464290 1293
1464300 1293
1464310 1293
1464320 1293
1464330 1294
1464340 1293
1464350 1292
1464360 1292
1464370 1290
1464380 1287
1464390 1287
1464400 1285
1464410 1283
1464420 1283
1464430 1280
1464440 1277
1464450 1277
1464460 1271
1464470 1267
1464480 1267
1464490 1263
1464500 1256
1464510 1249
1464520 1249
1464530 1245
1464540 1245
1464550 1245
1464560 1246
1464570 1245
1464580 1245
1464590 1239
1464600 1236
1464610 1236
1464620 1237
1464630 1237
1464640 1235
1464650 1235
1464660 1234
1464670 1233
1464680 1233
1464690 1227
1464700 1220
1464710 1220
1464720 1214
1464730 1209
1464740 1209
1464750 1204
1464760 1199
1464770 1199
1464780 1193
1464790 1189
1464800 1185
1464810 1185
1464820 1180
1464830 1175
1464840 1175
1464850 1171
1464860 1166
1464870 1166
1464880 1165
1464890 1165
1464900 1165
1464910 1170
1464920 1179
1464930 1179
1464940 1184
1464950 1189
1464960 1193
1464970 1193
1464980 1199
1464990 1204
1465000 1204
1465010 1209
1465020 1216
1465030 1216
1465040 1223
1465050 1231
1465060 1231
1465070 1238
1465080 1245
1465090 1245
1465100 1254
1465110 1267
1465120 1279
1465130 1279
1465140 1292
1465150 1303
1465160 1303
1465170 1311
1465180 1320
1465190 1320
1465200 1327
1465210 1335
1465220 1335
1465230 1342
1465240 1350
1465250 1350
1465260 1357
1465270 1364
1465280 1373
1465290 1373
1465300 1383
1465310 1392
1465320 1392
1465330 1401
1465340 1410
1465350 1410
1465360 1418
1465370 1427
1465380 1427
1465390 1435
1465400 1442
1465410 1442
1465420 1448
1465430 1452
1465440 1456
1465450 1456
1465460 1462
1465470 1467
1465480 1467
1465490 1473
1465500 1478
1465510 1478
1465520 1483
1465530 1488
1465540 1488
1465550 1493
1465560 1499
1465570 1499
1465580 1504
1465590 1510
1465600 1516
1465610 1516
1465620 1520
1465630 1523
1465640 1523
1465650 1530
1465660 1539
1465670 1539
1465680 1546
1465690 1553
1465700 1553
1465710 1560
1465720 1567
1465730 1573
1465740 1573
1465750 1579
1465760 1585
1465770 1585
1465780 1592
1465790 1598
1465800 1598
1465810 1604
1465820 1611
1465830 1611
1465840 1618
1465850 1626
1465860 1626
1465870 1634
1465880 1641
1465890 1647
1465900 1647
1465910 1654
1465920 1664
1465930 1664
1465940 1672
1465950 1679
1465960 1679
1465970 1686
1465980 1694
1465990 1694
1466000 1701
1466010 1708
1466020 1708
1466030 1714
1466040 1720
1466050 1727
1466060 1727
1466070 1735
1466080 1744
1466090 1744
1466100 1749
1466110 1754
1466120 1754
1466130 1760
1466140 1767
1466150 1767
1466160 1775
1466170 1783
1466180 1783
1466190 1791
1466200 1802
1466210 1815
1466220 1815
1466230 1826
1466240 1834
1466250 1834
1466260 1841
1466270 1848
1466280 1848
1466290 1854
1466300 1861
1466310 1861
1466320 1868
1466330 1874
1466340 1874
1466350 1877
1466360 1878
1466370 1873
1466380 1873
1466390 1866
1466400 1859
1466410 1859
1466420 1852
1466430 1845
1466440 1845
1466450 1840
1466460 1835
1466470 1835
1466480 1831
1466490 1828
1466500 1828
1466510 1824
1466520 1821
1466530 1817
1466540 1817
1466550 1812
1466560 1805
1466570 1805
1466580 1798
1466590 1790
1466600 1790
1466610 1778
1466620 1768
1466630 1768
1466640 1757
1466650 1744
1466660 1744
1466670 1734
1466680 1723
1466690 1713
1466700 1713
1466710 1702
1466720 1694
1466730 1694
1466740 1688
1466750 1684
1466760 1684
1466770 1678
1466780 1667
1466790 1667
1466800 1658
1466810 1649
1466820 1638
1466830 1638
1466840 1630
1466850 1621
1466860 1621
1466870 1611
1466880 1599
1466890 1599
1466900 1589
1466910 1577
1466920 1577
1466930 1566
1466940 1560
1466950 1560
1466960 1558
1466970 1558
1466980 1555
1466990 1555
1467000 1553
1467010 1549
1467020 1549
1467030 1542
1467040 1534
1467050 1534
1467060 1526
1467070 1519
1467080 1519
1467090 1513
1467100 1506
1467110 1506
1467120 1499
1467130 1492
1467140 1489
1467150 1489
1467160 1485
1467170 1479
1467180 1479
1467190 1474
1467200 1473
1467210 1473
1467220 1471
1467230 1465
1467240 1465
1467250 1459
1467260 1463
1467270 1463
1467280 1469
1467290 1474
1467300 1480
1467310 1480
1467320 1485
1467330 1491
1467340 1491
1467350 1492
1467360 1489
1467370 1489
1467380 1487
1467390 1489
1467400 1489
1467410 1497
1467420 1507
1467430 1507
1467440 1515
1467450 1524
1467460 1529
1467470 1529
1467480 1532
1467490 1534
1467500 1534
1467510 1540
1467520 1542
1467530 1542
1467540 1539
1467550 1539
1467560 1539
1467570 1548
1467580 1560
1467590 1560
1467600 1573
1467610 1583
1467620 1586
1467630 1586
1467640 1589
1467650 1594
1467660 1594
1467670 1600
1467680 1606
1467690 1606
1467700 1612
1467710 1619
1467720 1619
1467730 1628
1467740 1637
1467750 1648
1467760 1648
1467770 1658
1467780 1666
1467790 1666
1467800 1674
1467810 1684
1467820 1684
1467830 1693
1467840 1699
1467850 1699
1467860 1704
1467870 1709
1467880 1709
1467890 1714
1467900 1718
1467910 1719
1467920 1719
1467930 1719
1467940 1713
1467950 1713
1467960 1704
1467970 1694
1467980 1694
1467990 1685
1468000 1676
1468010 1676
1468020 1667
1468030 1658
1468040 1658
1468050 1647
1468060 1637
1468070 1628
1468080 1628
1468090 1618
1468100 1608
1468110 1608
1468120 1605
1468130 1602
1468140 1602
1468150 1598
1468160 1592
1468170 1592
1468180 1587
1468190 1582
1468200 1582
1468210 1576
1468220 1569
1468230 1556
1468240 1556
1468250 1549
1468260 1553
1468270 1553
1468280 1553
1468290 1552
1468300 1552
1468310 1549
1468320 1546
1468330 1546
1468340 1545
1468350 1545
1468360 1545
1468370 1545
1468380 1545
1468390 1543
1468400 1543
1468410 1542
1468420 1541
1468430 1541
1468440 1536
1468450 1527
1468460 1527
1468470 1521
1468480 1521
1468490 1521
1468500 1519
1468510 1519
1468520 1519
1468530 1518
1468540 1515
1468550 1503
1468560 1503
1468570 1511
1468580 1520
1468590 1520
1468600 1529
1468610 1542
1468620 1542
1468630 1548
1468640 1553
1468650 1553
1468660 1558
1468670 1562
1468680 1562
1468690 1567
1468700 1572
1468710 1578
1468720 1578
1468730 1582
1468740 1587
1468750 1587
1468760 1594
1468770 1601
1468780 1601
1468790 1601
1468800 1592
1468810 1592
1468820 1586
1468830 1581
1468840 1586
1468850 1586
1468860 1594
1468870 1599
1468880 1599
1468890 1603
1468900 1606
1468910 1606
1468920 1607
1468930 1611
1468940 1611
1468950 1618
1468960 1625
1468970 1625
1468980 1625
1468990 1618
1469000 1613
1469010 1613
1469020 1617
1469030 1631
1469040 1631
1469050 1643
1469060 1658
1469070 1658
1469080 1665
1469090 1673
1469100 1673
1469110 1682
1469120 1691
1469130 1691
1469140 1699
1469150 1697
1469160 1694
1469170 1694
1469180 1690
1469190 1686
1469200 1686
1469210 1682
1469220 1673
1469230 1673
1469240 1668
1469250 1665
1469260 1665
1469270 1662
1469280 1658
1469290 1658
1469300 1654
1469310 1651
1469320 1648
1469330 1648
1469340 1647
1469350 1645
1469360 1645
1469370 1646
1469380 1647
1469390 1647
1469400 1647
1469410 1648
1469420 1648
1469430 1649
1469440 1649
1469450 1649
1469460 1649
1469470 1650
1469480 1654
1469490 1654
1469500 1655
1469510 1656
1469520 1656
1469530 1659
1469540 1661
1469550 1661
1469560 1664
1469570 1667
1469580 1667
1469590 1671
1469600 1678
1469610 1678
1469620 1684
1469630 1689
1469640 1695
1469650 1695
1469660 1697
1469670 1696
1469680 1696
1469690 1696
1469700 1695
1469710 1695
1469720 1694
1469730 1694
1469740 1694
1469750 1694
1469760 1694
1469770 1694
1469780 1693
1469790 1692
1469800 1691
1469810 1691
1469820 1689
1469830 1687
1469840 1687
1469850 1686
1469860 1684
1469870 1684
1469880 1682
1469890 1679
1469900 1679
1469910 1677
1469920 1673
1469930 1669
1469940 1669
1469950 1665
1469960 1662
1469970 1662
1469980 1659
1469990 1657
1470000 1657
1470010 1654
1470020 1652
1470030 1652
1470040 1651
1470050 1650
1470060 1650
1470070 1646
1470080 1642
1470090 1638
1470100 1638
1470110 1636
1470120 1634
1470130 1634
1470140 1633
1470150 1633
1470160 1633
1470170 1633
1470180 1634
1470190 1634
1470200 1633
1470210 1631
1470220 1631
1470230 1629
1470240 1627
1470250 1620
1470260 1620
1470270 1612
1470280 1606
1470290 1606
1470300 1600
1470310 1595
1470320 1595
1470330 1591
1470340 1588
1470350 1588
1470360 1585
1470370 1582
1470380 1582
1470390 1581
1470400 1579
1470410 1577
1470420 1577
1470430 1575
1470440 1573
1470450 1573
1470460 1571
1470470 1569
1470480 1569
1470490 1566
1470500 1563
1470510 1563
1470520 1560
1470530 1558
1470540 1558
1470550 1556
1470560 1553
1470570 1551
1470580 1551
1470590 1550
1470600 1547
1470610 1547
1470620 1545
1470630 1543
1470640 1543
1470650 1541
1470660 1539
1470670 1539
1470680 1537
1470690 1535
1470700 1535
1470710 1533
1470720 1531
1470730 1528
1470740 1528
1470750 1526
1470760 1523
1470770 1523
1470780 1520
1470790 1517
1470800 1517
1470810 1513
1470820 1508
1470830 1508
1470840 1502
1470850 1496
1470860 1496
1470870 1491
1470880 1488
1470890 1483
1470900 1483
1470910 1478
1470920 1474
1470930 1474
1470940 1470
1470950 1466
1470960 1466
1470970 1462
1470980 1458
1470990 1458
1471000 1454
1471010 1450
1471020 1447
1471030 1447
1471040 1443
1471050 1439
1471060 1439
1471070 1435
1471080 1430
1471090 1430
1471100 1427
1471110 1423
1471120 1423
1471130 1418
1471140 1411
1471150 1411
1471160 1400
1471170 1399
1471180 1398
1471190 1398
1471200 1396
1471210 1390
1471220 1390
1471230 1384
1471240 1386
1471250 1386
1471260 1387
1471270 1384
1471280 1384
1471290 1381
1471300 1378
1471310 1378
1471320 1373
1471330 1367
1471340 1361
1471350 1361
1471360 1354
1471370 1351
1471380 1351
1471390 1352
1471400 1354
1471410 1354
1471420 1354
1471430 1352
1471440 1352
1471450 1349
1471460 1347
1471470 1347
1471480 1345
1471490 1343
1471500 1341
1471510 1341
1471520 1340
1471530 1338
1471540 1338
1471550 1337
1471560 1335
1471570 1335
1471580 1330
1471590 1322
1471600 1322
1471610 1316
1471620 1310
1471630 1310
1471640 1306
1471650 1303
1471660 1299
1471670 1299
1471680 1298
1471690 1297
1471700 1297
1471710 1296
1471720 1296
1471730 1296
1471740 1295
1471750 1295
1471760 1295
1471770 1294
1471780 1291
1471790 1291
1471800 1289
1471810 1287
1471820 1286
1471830 1286
1471840 1284
1471850 1283
1471860 1283
1471870 1283
1471880 1282
1471890 1282
1471900 1282
1471910 1279
1471920 1279
1471930 1277
1471940 1274
1471950 1272
1471960 1272
1471970 1269
1471980 1267
1471990 1267
1472000 1265
1472010 1263
1472020 1263
1472030 1260
1472040 1256
1472050 1256
1472060 1253
1472070 1250
1472080 1250
1472090 1247
1472100 1243
1472110 1240
1472120 1240
1472130 1237
1472140 1233
1472150 1233
1472160 1229
1472170 1225
1472180 1225
1472190 1222
1472200 1218
1472210 1218
1472220 1215
1472230 1212
1472240 1212
1472250 1208
1472260 1205
1472270 1201
1472280 1201
1472290 1197
1472300 1192
1472310 1192
1472320 1187
1472330 1182
1472340 1182
1472350 1179
1472360 1175
1472370 1175
1472380 1170
1472390 1166
1472400 1166
1472410 1163
1472420 1160
1472430 1156
1472440 1156
1472450 1155
1472460 1153
1472470 1153
1472480 1152
1472490 1149
1472500 1149
1472510 1146
1472520 1144
1472530 1144
1472540 1143
1472550 1140
1472560 1140
1472570 1137
1472580 1134
1472590 1132
1472600 1132
1472610 1129
1472620 1125
1472630 1125
1472640 1120
1472650 1116
1472660 1116
1472670 1110
1472680 1104
1472690 1104
1472700 1098
1472710 1091
1472720 1091
1472730 1085
1472740 1080
1472750 1074
1472760 1074
1472770 1067
1472780 1061
1472790 1061
1472800 1058
1472810 1055
1472820 1055
1472830 1053
1472840 1051
1472850 1051
1472860 1049
1472870 1045
1472880 1045
1472890 1042
1472900 1039
1472910 1036
1472920 1036
1472930 1033
1472940 1029
1472950 1029
1472960 1027
1472970 1024
1472980 1024
1472990 1018
1473000 1013
1473010 1013
1473020 1011
1473030 1008
1473040 1003
1473050 1003
1473060 999
1473070 994
1473080 994
1473090 988
1473100 983
1473110 983
1473120 978
1473130 975
1473140 975
1473150 976
1473160 976
1473170 976
1473180 975
1473190 973
1473200 967
1473210 967
1473220 961
1473230 954
1473240 954
1473250 946
1473260 939
1473270 939
1473280 935
1473290 930
1473300 930
1473310 925
1473320 924
1473330 924
1473340 923
1473350 924
1473360 927
1473370 927
1473380 934
1473390 943
1473400 943
1473410 950
1473420 957
1473430 957
1473440 962
1473450 966
1473460 966
1473470 970
1473480 970
1473490 970
1473500 969
1473510 969
1473520 966
1473530 966
1473540 963
1473550 964
1473560 964
1473570 966
1473580 970
1473590 970
1473600 974
1473610 974
1473620 974
1473630 972
1473640 973
1473650 973
1473660 977
1473670 980
1473680 982
1473690 982
1473700 986
1473710 989
1473720 989
1473730 992
1473740 996
1473750 996
1473760 999
1473770 1000
1473780 1000
1473790 1001
1473800 1006
1473810 1006
1473820 1011
1473830 1015
1473840 1018
1473850 1018
1473860 1021
1473870 1022
1473880 1022
1473890 1023
1473900 1024
1473910 1024
1473920 1024
1473930 1023
1473940 1023
1473950 1023
1473960 1021
1473970 1020
1473980 1020
1473990 1019
1474000 1019
1474010 1019
1474020 1018
1474030 1018
1474040 1018
1474050 1018
1474060 1017
1474070 1017
1474080 1016
1474090 1012
1474100 1012
1474110 1008
1474120 1006
1474130 1006
1474140 1006
1474150 1006
1474160 1002
1474170 1002
1474180 999
1474190 997
1474200 997
1474210 993
1474220 994
1474230 994
1474240 996
1474250 994
1474260 994
1474270 990
1474280 989
1474290 990
1474300 990
1474310 989
1474320 989
1474330 989
1474340 990
1474350 990
1474360 990
1474370 984
1474380 976
1474390 976
1474400 974
1474410 975
1474420 975
1474430 980
1474440 988
1474450 989
1474460 989
1474470 989
1474480 989
1474490 989
1474500 987
1474510 987
1474520 987
1474530 989
1474540 988
1474550 988
1474560 988
1474570 988
1474580 988
1474590 991
1474600 993
1474610 994
1474620 994
1474630 994
1474640 996
1474650 996
1474660 998
1474670 1000
1474680 1000
1474690 1003
1474700 1006
1474710 1006
1474720 1008
1474730 1009
1474740 1009
1474750 1009
1474760 1009
1474770 1009
1474780 1009
1474790 1010
1474800 1010
1474810 1010
1474820 1010
1474830 1010
1474840 1010
1474850 1011
1474860 1010
1474870 1010
1474880 1008
1474890 1005
1474900 1005
1474910 1004
1474920 1003
1474930 1002
1474940 1002
1474950 1001
1474960 1000
1474970 1000
1474980 1000
1474990 1000
1475000 1000
1475010 999
1475020 997
1475030 997
1475040 998
1475050 998
1475060 998
1475070 998
1475080 997
1475090 996
1475100 996
1475110 994
1475120 991
1475130 991
1475140 990
1475150 990
1475160 990
1475170 988
1475180 986
1475190 986
1475200 984
1475210 982
1475220 981
1475230 981
1475240 981
1475250 980
1475260 980
1475270 979
1475280 980
1475290 980
1475300 980
1475310 978
1475320 978
1475330 976
1475340 976
1475350 976
1475360 975
1475370 974
1475380 973
1475390 973
1475400 973
1475410 972
1475420 972
1475430 971
1475440 971
1475450 971
1475460 971
1475470 968
1475480 968
1475490 966
1475500 965
1475510 965
1475520 964
1475530 962
1475540 960
1475550 960
1475560 957
1475570 955
1475580 955
1475590 951
1475600 949
1475610 949
1475620 947
1475630 943
1475640 943
1475650 941
1475660 938
1475670 938
1475680 934
1475690 932
1475700 931
1475710 931
1475720 928
1475730 926
1475740 926
1475750 924
1475760 924
1475770 924
1475780 925
1475790 923
1475800 923
1475810 918
1475820 917
1475830 917
1475840 913
1475850 912
1475860 912
1475870 912
1475880 911
1475890 911
1475900 911
1475910 909
1475920 908
1475930 908
1475940 907
1475950 902
1475960 902
1475970 904
1475980 904
1475990 904
1476000 903
1476010 901
1476020 897
1476030 897
1476040 890
1476050 890
1476060 890
1476070 893
1476080 892
1476090 892
1476100 891
1476110 890
1476120 890
1476130 889
1476140 889
1476150 888
1476160 888
1476170 886
1476180 885
1476190 885
1476200 878
1476210 874
1476220 874
1476230 879
1476240 881
1476250 881
1476260 880
1476270 879
1476280 879
1476290 879
1476300 879
1476310 879
1476320 879
1476330 879
1476340 878
1476350 878
1476360 877
1476370 876
1476380 876
1476390 875
1476400 876
1476410 876
1476420 874
1476430 867
1476440 867
1476450 864
1476460 868
1476470 871
1476480 871
1476490 871
1476500 870
1476510 870
1476520 870
1476530 869
1476540 869
1476550 869
1476560 868
1476570 868
1476580 868
1476590 867
1476600 867
1476610 866
1476620 863
1476630 856
1476640 856
1476650 847
1476660 837
1476670 837
1476680 825
1476690 815
1476700 815
1476710 808
1476720 804
1476730 804
1476740 807
1476750 809
1476760 809
1476770 805
1476780 798
1476790 789
1476800 789
1476810 780
1476820 774
1476830 774
1476840 774
1476850 774
1476860 774
1476870 779
1476880 786
1476890 786
1476900 793
1476910 793
1476920 793
1476930 791
1476940 796
1476950 801
1476960 801
1476970 809
1476980 816
1476990 816
1477000 819
1477010 820
1477020 820
1477030 827
1477040 835
1477050 835
1477060 839
1477070 839
1477080 839
1477090 838
1477100 835
1477110 832
1477120 832
1477130 834
1477140 835
1477150 835
1477160 834
1477170 832
1477180 832
1477190 830
1477200 832
1477210 832
1477220 831
1477230 830
1477240 829
1477250 829
1477260 828
1477270 826
1477280 826
1477290 825
1477300 823
1477310 823
1477320 821
1477330 820
1477340 820
1477350 819
1477360 820
1477370 820
1477380 819
1477390 813
1477400 808
1477410 808
1477420 811
1477430 815
1477440 815
1477450 815
1477460 814
1477470 814
1477480 812
1477490 812
1477500 812
1477510 811
1477520 810
1477530 810
1477540 810
1477550 809
1477560 809
1477570 809
1477580 809
1477590 810
1477600 810
1477610 810
1477620 810
1477630 810
1477640 810
1477650 809
1477660 809
1477670 807
1477680 806
1477690 806
1477700 807
1477710 807
1477720 807
1477730 807
1477740 806
1477750 808
1477760 808
1477770 808
1477780 808
1477790 808
1477800 807
1477810 807
1477820 807
1477830 808
1477840 807
1477850 807
1477860 807
1477870 807
1477880 807
1477890 807
1477900 806
1477910 806
1477920 806
1477930 806
1477940 806
1477950 806
1477960 805
1477970 805
1477980 805
1477990 804
1478000 804
1478010 804
1478020 804
1478030 803
1478040 803
1478050 803
1478060 803
1478070 803
1478080 803
1478090 803
1478100 803
1478110 803
1478120 803
1478130 802
1478140 802
1478150 802
1478160 803
1478170 803
1478180 803
1478190 803
1478200 803
1478210 803
1478220 803
1478230 803
1478240 803
1478250 803
1478260 803
1478270 803
1478280 803
1478290 804
1478300 804
1478310 804
1478320 803
1478330 803
1478340 803
1478350 804
1478360 803
1478370 803
1478380 803
1478390 802
1478400 802
1478410 802
1478420 802
1478430 802
1478440 801
1478450 800
1478460 800
1478470 800
1478480 799
1478490 798
1478500 798
1478510 796
1478520 796
1478530 796
1478540 796
1478550 796
1478560 796
1478570 795
1478580 795
1478590 795
1478600 793
1478610 792
1478620 792
1478630 790
1478640 789
1478650 790
1478660 790
1478670 791
1478680 791
1478690 791
1478700 791
1478710 791
1478720 791
1478730 791
1478740 790
1478750 790
1478760 789
1478770 788
1478780 788
1478790 788
1478800 787
1478810 787
1478820 787
1478830 786
1478840 786
1478850 786
1478860 782
1478870 775
1478880 775
1478890 770
1478900 766
1478910 766
1478920 764
1478930 763
1478940 763
1478950 762
1478960 763
1478970 765
1478980 765
1478990 770
1479000 775
1479010 775
1479020 777
1479030 778
1479040 778
1479050 777
1479060 775
1479070 775
1479080 773
1479090 772
1479100 772
1479110 771
1479120 771
1479130 770
1479140 770
1479150 766
1479160 749
1479170 749
1479180 733
1479190 712
1479200 712
1479210 700
1479220 698
1479230 698
1479240 696
1479250 695
1479260 695
1479270 695
1479280 694
1479290 693
1479300 693
1479310 691
1479320 688
1479330 688
1479340 686
1479350 684
1479360 684
1479370 683
1479380 680
1479390 680
1479400 677
1479410 674
1479420 672
1479430 672
1479440 672
1479450 672
1479460 672
1479470 674
1479480 677
1479490 677
1479500 679
1479510 680
1479520 680
1479530 679
1479540 678
1479550 678
1479560 677
1479570 679
1479580 681
1479590 681
1479600 681
1479610 680
1479620 680
1479630 680
1479640 679
1479650 679
1479660 678
1479670 680
1479680 680
1479690 689
1479700 701
1479710 701
1479720 707
1479730 707
1479740 707
1479750 707
1479760 708
1479770 712
1479780 712
1479790 719
1479800 732
1479810 732
1479820 741
1479830 742
1479840 742
1479850 742
1479860 741
1479870 741
1479880 735
1479890 723
1479900 708
1479910 708
1479920 698
1479930 692
1479940 692
1479950 687
1479960 687
1479970 687
1479980 686
1479990 684
