1460000 1753
1460010 1753
1460020 1744
1460030 1738
1460040 1738
1460050 1729
1460060 1719
1460070 1719
1460080 1708
1460090 1699
1460100 1699
1460110 1691
1460120 1683
1460130 1683
1460140 1677
1460150 1672
1460160 1664
1460170 1664
1460180 1656
1460190 1647
1460200 1647
1460210 1639
1460220 1630
1460230 1630
1460240 1622
1460250 1615
1460260 1615
1460270 1611
1460280 1604
1460290 1604
1460300 1597
1460310 1590
1460320 1582
1460330 1582
1460340 1569
1460350 1558
1460360 1558
1460370 1548
1460380 1543
1460390 1543
1460400 1541
1460410 1536
1460420 1536
1460430 1530
1460440 1521
1460450 1521
1460460 1512
1460470 1505
1460480 1499
1460490 1499
1460500 1493
1460510 1484
1460520 1484
1460530 1474
1460540 1465
1460550 1465
1460560 1457
1460570 1449
1460580 1449
1460590 1440
1460600 1432
1460610 1432
1460620 1423
1460630 1414
1460640 1403
1460650 1403
1460660 1390
1460670 1381
1460680 1381
1460690 1373
1460700 1365
1460710 1365
1460720 1359
1460730 1355
1460740 1355
1460750 1352
1460760 1349
1460770 1349
1460780 1346
1460790 1343
1460800 1341
1460810 1341
1460820 1338
1460830 1334
1460840 1334
1460850 1329
1460860 1324
1460870 1324
1460880 1315
1460890 1306
1460900 1306
1460910 1300
1460920 1301
1460930 1302
1460940 1302
1460950 1303
1460960 1305
1460970 1305
1460980 1305
1460990 1306
1461000 1306
1461010 1306
1461020 1307
1461030 1307
1461040 1313
1461050 1315
1461060 1315
1461070 1317
1461080 1318
1461090 1319
1461100 1319
1461110 1321
1461120 1322
1461130 1322
1461140 1324
1461150 1329
1461160 1329
1461170 1336
1461180 1343
1461190 1343
1461200 1350
1461210 1357
1461220 1357
1461230 1362
1461240 1365
1461250 1363
1461260 1363
1461270 1364
1461280 1368
1461290 1368
1461300 1376
1461310 1386
1461320 1386
1461330 1398
1461340 1405
1461350 1405
1461360 1412
1461370 1421
1461380 1421
1461390 1428
1461400 1437
1461410 1445
1461420 1445
1461430 1453
1461440 1461
1461450 1461
1461460 1468
1461470 1476
1461480 1476
1461490 1483
1461500 1493
1461510 1493
1461520 1509
1461530 1521
1461540 1521
1461550 1530
1461560 1538
1461570 1546
1461580 1546
1461590 1552
1461600 1557
1461610 1557
1461620 1563
1461630 1571
1461640 1571
1461650 1579
1461660 1586
1461670 1586
1461680 1591
1461690 1594
1461700 1594
1461710 1595
1461720 1597
1461730 1598
1461740 1598
1461750 1598
1461760 1598
1461770 1598
1461780 1595
1461790 1590
1461800 1590
1461810 1586
1461820 1586
1461830 1586
1461840 1592
1461850 1595
1461860 1595
1461870 1599
1461880 1604
1461890 1609
1461900 1609
1461910 1617
1461920 1627
1461930 1627
1461940 1637
1461950 1645
1461960 1645
1461970 1653
1461980 1660
1461990 1660
1462000 1667
1462010 1673
1462020 1673
1462030 1679
1462040 1685
1462050 1691
1462060 1691
1462070 1697
1462080 1703
1462090 1703
1462100 1709
1462110 1714
1462120 1714
1462130 1719
1462140 1722
1462150 1722
1462160 1724
1462170 1726
1462180 1726
1462190 1726
1462200 1726
1462210 1727
1462220 1727
1462230 1727
1462240 1728
1462250 1728
1462260 1729
1462270 1729
1462280 1729
1462290 1728
1462300 1727
1462310 1727
1462320 1725
1462330 1721
1462340 1716
1462350 1716
1462360 1712
1462370 1708
1462380 1708
1462390 1705
1462400 1704
1462410 1704
1462420 1705
1462430 1704
1462440 1704
1462450 1700
1462460 1694
1462470 1694
1462480 1689
1462490 1682
1462500 1675
1462510 1675
1462520 1668
1462530 1662
1462540 1662
1462550 1656
1462560 1651
1462570 1651
1462580 1647
1462590 1645
1462600 1645
1462610 1642
1462620 1641
1462630 1641
1462640 1639
1462650 1637
1462660 1635
1462670 1635
1462680 1633
1462690 1630
1462700 1630
1462710 1626
1462720 1622
1462730 1622
1462740 1619
1462750 1615
1462760 1615
1462770 1612
1462780 1607
1462790 1607
1462800 1601
1462810 1595
1462820 1590
1462830 1590
1462840 1584
1462850 1577
1462860 1577
1462870 1569
1462880 1560
1462890 1560
1462900 1551
1462910 1543
1462920 1543
1462930 1536
1462940 1529
1462950 1529
1462960 1523
1462970 1517
1462980 1509
1462990 1509
1463000 1502
1463010 1496
1463020 1496
1463030 1488
1463040 1480
1463050 1480
1463060 1473
1463070 1466
1463080 1466
1463090 1460
1463100 1454
1463110 1454
1463120 1448
1463130 1443
1463140 1435
1463150 1435
1463160 1429
1463170 1430
1463180 1430
1463190 1430
1463200 1429
1463210 1429
1463220 1424
1463230 1417
1463240 1417
1463250 1409
1463260 1401
1463270 1401
1463280 1394
1463290 1389
1463300 1380
1463310 1380
1463320 1369
1463330 1360
1463340 1360
1463350 1352
1463360 1348
1463370 1348
1463380 1347
1463390 1342
1463400 1342
1463410 1335
1463420 1329
1463430 1329
1463440 1322
1463450 1315
1463460 1308
1463470 1308
1463480 1300
1463490 1293
1463500 1293
1463510 1288
1463520 1281
1463530 1281
1463540 1274
1463550 1266
1463560 1266
1463570 1256
1463580 1246
1463590 1237
1463600 1237
1463610 1229
1463620 1231
1463630 1231
1463640 1233
1463650 1232
1463660 1232
1463670 1227
1463680 1220
1463690 1220
1463700 1212
1463710 1203
1463720 1203
1463730 1193
1463740 1183
1463750 1178
1463760 1178
1463770 1176
1463780 1171
1463790 1171
1463800 1164
1463810 1157
1463820 1157
1463830 1151
1463840 1145
1463850 1145
1463860 1139
1463870 1133
1463880 1133
1463890 1129
1463900 1125
1463910 1122
1463920 1122
1463930 1117
1463940 1110
1463950 1110
1463960 1102
1463970 1094
1463980 1094
1463990 1085
1464000 1076
1464010 1076
1464020 1071
1464030 1067
1464040 1067
1464050 1060
1464060 1052
1464070 1044
1464080 1044
1464090 1035
1464100 1026
1464110 1026
1464120 1019
1464130 1009
1464140 1009
1464150 1003
1464160 997
1464170 997
1464180 993
1464190 983
1464200 983
1464210 977
1464220 969
1464230 961
1464240 961
1464250 953
1464260 950
1464270 950
1464280 954
1464290 963
1464300 963
1464310 970
1464320 977
1464330 977
1464340 981
1464350 984
1464360 984
1464370 982
1464380 990
1464390 994
1464400 994
1464410 1001
1464420 1008
1464430 1008
1464440 1013
1464450 1018
1464460 1018
1464470 1023
1464480 1029
1464490 1029
1464500 1034
1464510 1040
1464520 1040
1464530 1048
1464540 1056
1464550 1064
1464560 1064
1464570 1072
1464580 1082
1464590 1082
1464600 1091
1464610 1100
1464620 1100
1464630 1110
1464640 1122
1464650 1122
1464660 1134
1464670 1147
1464680 1147
1464690 1158
1464700 1166
1464710 1172
1464720 1172
1464730 1178
1464740 1186
1464750 1186
1464760 1195
1464770 1204
1464780 1204
1464790 1212
1464800 1222
1464810 1222
1464820 1234
1464830 1249
1464840 1249
1464850 1256
1464860 1260
1464870 1264
1464880 1264
1464890 1268
1464900 1272
1464910 1272
1464920 1276
1464930 1277
1464940 1277
1464950 1277
1464960 1277
1464970 1277
1464980 1279
1464990 1277
1465000 1280
1465010 1280
1465020 1288
1465030 1295
1465040 1295
1465050 1300
1465060 1306
1465070 1306
1465080 1313
1465090 1320
1465100 1320
1465110 1327
1465120 1333
1465130 1333
1465140 1337
1465150 1341
1465160 1348
1465170 1348
1465180 1355
1465190 1362
1465200 1362
1465210 1367
1465220 1372
1465230 1372
1465240 1375
1465250 1377
1465260 1377
1465270 1378
1465280 1379
1465290 1379
1465300 1378
1465310 1376
1465320 1378
1465330 1378
1465340 1384
1465350 1388
1465360 1388
1465370 1392
1465380 1397
1465390 1397
1465400 1401
1465410 1405
1465420 1405
1465430 1408
1465440 1412
1465450 1412
1465460 1417
1465470 1422
1465480 1426
1465490 1426
1465500 1428
1465510 1430
1465520 1430
1465530 1432
1465540 1434
1465550 1434
1465560 1435
1465570 1436
1465580 1436
1465590 1435
1465600 1436
1465610 1436
1465620 1435
1465630 1433
1465640 1432
1465650 1432
1465660 1432
1465670 1433
1465680 1433
1465690 1434
1465700 1434
1465710 1434
1465720 1433
1465730 1432
1465740 1432
1465750 1432
1465760 1432
1465770 1432
1465780 1432
1465790 1431
1465800 1430
1465810 1430
1465820 1429
1465830 1428
1465840 1428
1465850 1429
1465860 1429
1465870 1429
1465880 1425
1465890 1419
1465900 1419
1465910 1416
1465920 1414
1465930 1414
1465940 1414
1465950 1414
1465960 1415
1465970 1415
1465980 1410
1465990 1404
1466000 1404
1466010 1397
1466020 1391
1466030 1391
1466040 1389
1466050 1387
1466060 1387
1466070 1389
1466080 1391
1466090 1391
1466100 1391
1466110 1390
1466120 1393
1466130 1393
1466140 1400
1466150 1406
1466160 1406
1466170 1409
1466180 1408
1466190 1408
1466200 1407
1466210 1408
1466220 1408
1466230 1411
1466240 1412
1466250 1410
1466260 1410
1466270 1409
1466280 1409
1466290 1409
1466300 1407
1466310 1402
1466320 1402
1466330 1397
1466340 1392
1466350 1392
1466360 1389
1466370 1385
1466380 1385
1466390 1381
1466400 1378
1466410 1376
1466420 1376
1466430 1371
1466440 1366
1466450 1366
1466460 1362
1466470 1362
1466480 1362
1466490 1360
1466500 1357
1466510 1357
1466520 1354
1466530 1353
1466540 1353
1466550 1343
1466560 1333
1466570 1339
1466580 1339
1466590 1347
1466600 1351
1466610 1351
1466620 1355
1466630 1363
1466640 1363
1466650 1366
1466660 1369
1466670 1369
1466680 1371
1466690 1370
1466700 1370
1466710 1367
1466720 1364
1466730 1362
1466740 1362
1466750 1363
1466760 1376
1466770 1376
1466780 1388
1466790 1398
1466800 1398
1466810 1403
1466820 1407
1466830 1407
1466840 1410
1466850 1412
1466860 1412
1466870 1413
1466880 1414
1466890 1415
1466900 1415
1466910 1416
1466920 1416
1466930 1416
1466940 1416
1466950 1415
1466960 1415
1466970 1413
1466980 1409
1466990 1409
1467000 1401
1467010 1391
1467020 1391
1467030 1383
1467040 1374
1467050 1365
1467060 1365
1467070 1357
1467080 1349
1467090 1349
1467100 1340
1467110 1332
1467120 1332
1467130 1324
1467140 1317
1467150 1314
1467160 1307
1467170 1299
1467180 1299
1467190 1291
1467200 1284
1467210 1277
1467220 1277
1467230 1270
1467240 1262
1467250 1262
1467260 1253
1467270 1244
1467280 1244
1467290 1236
1467300 1228
1467310 1228
1467320 1220
1467330 1213
1467340 1213
1467350 1206
1467360 1199
1467370 1193
1467380 1193
1467390 1186
1467400 1179
1467410 1179
1467420 1174
1467430 1168
1467440 1168
1467450 1160
1467460 1151
1467470 1151
1467480 1142
1467490 1134
1467500 1134
1467510 1125
1467520 1117
1467530 1110
1467540 1110
1467550 1103
1467560 1097
1467570 1097
1467580 1090
1467590 1083
1467600 1083
1467610 1078
1467620 1074
1467630 1074
1467640 1071
1467650 1069
1467660 1064
1467670 1064
1467680 1055
1467690 1043
1467700 1043
1467710 1028
1467720 1018
1467730 1018
1467740 1028
1467750 1037
1467760 1037
1467770 1043
1467780 1049
1467790 1049
1467800 1054
1467810 1059
1467820 1062
1467830 1062
1467840 1063
1467850 1065
1467860 1065
1467870 1069
1467880 1075
1467890 1075
1467900 1079
1467910 1083
1467920 1083
1467930 1088
1467940 1089
1467950 1089
1467960 1089
1467970 1092
1467980 1096
1467990 1096
1468000 1099
1468010 1103
1468020 1103
1468030 1104
1468040 1103
1468050 1103
1468060 1098
1468070 1092
1468080 1092
1468090 1086
1468100 1080
1468110 1080
1468120 1076
1468130 1071
1468140 1062
1468150 1062
1468160 1051
1468170 1040
1468180 1040
1468190 1032
1468200 1030
1468210 1030
1468220 1042
1468230 1054
1468240 1054
1468250 1064
1468260 1069
1468270 1069
1468280 1073
1468290 1079
1468300 1085
1468310 1085
1468320 1090
1468330 1093
1468340 1093
1468350 1097
1468360 1104
1468370 1104
1468380 1111
1468390 1118
1468400 1118
1468410 1126
1468420 1134
1468430 1134
1468440 1142
1468450 1148
1468460 1153
1468470 1153
1468480 1156
1468490 1159
1468500 1159
1468510 1164
1468520 1169
1468530 1169
1468540 1174
1468550 1180
1468560 1180
1468570 1185
1468580 1190
1468590 1190
1468600 1193
1468610 1196
1468620 1199
1468630 1199
1468640 1202
1468650 1206
1468660 1206
1468670 1209
1468680 1212
1468690 1212
1468700 1214
1468710 1216
1468720 1216
1468730 1216
1468740 1216
1468750 1216
1468760 1215
1468770 1215
1468780 1215
1468790 1215
1468800 1216
1468810 1216
1468820 1216
1468830 1216
1468840 1216
1468850 1216
1468860 1215
1468870 1215
1468880 1215
1468890 1215
1468900 1215
1468910 1214
1468920 1214
1468930 1213
1468940 1212
1468950 1212
1468960 1211
1468970 1212
1468980 1212
1468990 1212
1469000 1212
1469010 1212
1469020 1212
1469030 1212
1469040 1212
1469050 1211
1469060 1210
1469070 1208
1469080 1208
1469090 1208
1469100 1207
1469110 1207
1469120 1206
1469130 1205
1469140 1205
1469150 1205
1469160 1205
1469170 1205
1469180 1205
1469190 1205
1469200 1205
1469210 1205
1469220 1206
1469230 1208
1469240 1208
1469250 1209
1469260 1210
1469270 1210
1469280 1211
1469290 1212
1469300 1212
1469310 1214
1469320 1215
1469330 1215
1469340 1216
1469350 1217
1469360 1217
1469370 1217
1469380 1217
1469390 1218
1469400 1218
1469410 1218
1469420 1217
1469430 1217
1469440 1217
1469450 1218
1469460 1218
1469470 1218
1469480 1217
1469490 1217
1469500 1217
1469510 1218
1469520 1218
1469530 1218
1469540 1218
1469550 1219
1469560 1219
1469570 1219
1469580 1219
1469590 1219
1469600 1219
1469610 1218
1469620 1218
1469630 1217
1469640 1217
1469650 1217
1469660 1215
1469670 1214
1469680 1214
1469690 1211
1469700 1209
1469710 1206
1469720 1206
1469730 1205
1469740 1203
1469750 1203
1469760 1202
1469770 1201
1469780 1201
1469790 1200
1469800 1199
1469810 1199
1469820 1199
1469830 1200
1469840 1200
1469850 1200
1469860 1199
1469870 1196
1469880 1196
1469890 1193
1469900 1190
1469910 1190
1469920 1187
1469930 1184
1469940 1184
1469950 1179
1469960 1176
1469970 1176
1469980 1172
1469990 1168
1470000 1168
1470010 1164
1470020 1162
1470030 1157
1470040 1157
1470050 1153
1470060 1148
1470070 1148
1470080 1142
1470090 1135
1470100 1135
1470110 1128
1470120 1121
1470130 1121
1470140 1114
1470150 1107
1470160 1099
1470170 1099
1470180 1088
1470190 1078
1470200 1078
1470210 1063
1470220 1047
1470230 1047
1470240 1033
1470250 1022
1470260 1022
1470270 1021
1470280 1020
1470290 1020
1470300 1014
1470310 1013
1470320 1010
1470330 1010
1470340 1008
1470350 1008
1470360 1008
1470370 1003
1470380 999
1470390 999
1470400 1002
1470410 1013
1470420 1013
1470430 1022
1470440 1026
1470450 1026
1470460 1027
1470470 1028
1470480 1030
1470490 1030
1470500 1027
1470510 1016
1470520 1016
1470530 1006
1470540 996
1470550 996
1470560 995
1470570 1004
1470580 1004
1470590 1013
1470600 1021
1470610 1021
1470620 1029
1470630 1033
1470640 1034
1470650 1034
1470660 1035
1470670 1035
1470680 1035
1470690 1034
1470700 1032
1470710 1032
1470720 1036
1470730 1035
1470740 1035
1470750 1034
1470760 1031
1470770 1031
1470780 1025
1470790 1029
1470800 1036
1470810 1036
1470820 1036
1470830 1032
1470840 1032
1470850 1032
1470860 1029
1470870 1029
1470880 1024
1470890 1021
1470900 1021
1470910 1016
1470920 1013
1470930 1013
1470940 1020
1470950 1030
1470960 1031
1470970 1031
1470980 1031
1470990 1028
1471000 1028
1471010 1027
1471020 1027
1471030 1027
1471040 1029
1471050 1036
1471060 1036
1471070 1041
1471080 1043
1471090 1043
1471100 1043
1471110 1043
1471120 1042
1471130 1042
1471140 1037
1471150 1023
1471160 1023
1471170 1008
1471180 999
1471190 999
1471200 994
1471210 1002
1471220 1002
1471230 1007
1471240 1006
1471250 1006
1471260 1005
1471270 1003
1471280 1000
1471290 1000
1471300 996
1471310 992
1471320 992
1471330 986
1471340 982
1471350 982
1471360 978
1471370 974
1471380 974
1471390 972
1471400 969
1471410 969
1471420 966
1471430 961
1471440 957
1471450 957
1471460 947
1471470 953
1471480 953
1471490 957
1471500 957
1471510 957
1471520 963
1471530 961
1471540 961
1471550 957
1471560 960
1471570 967
1471580 967
1471590 970
1471600 968
1471610 968
1471620 964
1471630 960
1471640 960
1471650 955
1471660 949
1471670 949
1471680 940
1471690 930
1471700 930
1471710 919
1471720 905
1471730 907
1471740 907
1471750 914
1471760 918
1471770 918
1471780 919
1471790 916
1471800 916
1471810 912
1471820 909
1471830 909
1471840 908
1471850 907
1471860 907
1471870 905
1471880 902
1471890 895
1471900 895
1471910 890
1471920 892
1471930 892
1471940 890
1471950 884
1471960 884
1471970 871
1471980 870
1471990 870
1472000 879
1472010 887
1472020 887
1472030 890
1472040 892
1472050 893
1472060 893
1472070 894
1472080 893
1472090 893
1472100 892
1472110 892
1472120 892
1472130 893
1472140 893
1472150 893
1472160 884
1472170 883
1472180 883
1472190 886
1472200 881
1472210 879
1472220 879
1472230 888
1472240 894
1472250 894
1472260 892
1472270 887
1472280 887
1472290 885
1472300 885
1472310 885
1472320 882
1472330 879
1472340 879
1472350 879
1472360 876
1472370 874
1472380 874
1472390 872
1472400 872
1472410 872
1472420 870
1472430 867
1472440 867
1472450 864
1472460 860
1472470 860
1472480 857
1472490 854
1472500 854
1472510 853
1472520 853
1472530 850
1472540 850
1472550 847
1472560 845
1472570 845
1472580 844
1472590 844
1472600 844
1472610 842
1472620 840
1472630 840
1472640 837
1472650 837
1472660 837
1472670 837
1472680 836
1472690 834
1472700 834
1472710 832
1472720 830
1472730 830
1472740 828
1472750 827
1472760 827
1472770 825
1472780 823
1472790 823
1472800 821
1472810 819
1472820 817
1472830 817
1472840 814
1472850 811
1472860 811
1472870 808
1472880 808
1472890 808
1472900 808
1472910 810
1472920 810
1472930 809
1472940 808
1472950 808
1472960 806
1472970 806
1472980 804
1472990 804
1473000 803
1473010 802
1473020 802
1473030 800
1473040 799
1473050 799
1473060 797
1473070 793
1473080 793
1473090 794
1473100 795
1473110 795
1473120 794
1473130 796
1473140 795
1473150 795
1473160 790
1473170 785
1473180 785
1473190 788
1473200 793
1473210 793
1473220 796
1473230 795
1473240 795
1473250 791
1473260 785
1473270 785
1473280 779
1473290 773
1473300 776
1473310 776
1473320 782
1473330 784
1473340 784
1473350 783
1473360 783
1473370 783
1473380 779
1473390 773
1473400 773
1473410 767
1473420 761
1473430 761
1473440 755
1473450 750
1473460 745
1473470 745
1473480 742
1473490 741
1473500 741
1473510 741
1473520 740
1473530 740
1473540 742
1473550 746
1473560 746
1473570 748
1473580 747
1473590 747
1473600 745
1473610 744
1473620 743
1473630 743
1473640 745
1473650 745
1473660 745
1473670 742
1473680 740
1473690 740
1473700 742
1473710 746
1473720 746
1473730 750
1473740 754
1473750 754
1473760 760
1473770 766
1473780 768
1473790 768
1473800 764
1473810 759
1473820 759
1473830 761
1473840 763
1473850 763
1473860 760
1473870 760
1473880 760
1473890 765
1473900 768
1473910 768
1473920 768
1473930 768
1473940 768
1473950 768
1473960 768
1473970 768
1473980 768
1473990 767
1474000 767
1474010 767
1474020 766
1474030 766
1474040 766
1474050 765
1474060 765
1474070 764
1474080 764
1474090 763
1474100 761
1474110 761
1474120 759
1474130 758
1474140 758
1474150 756
1474160 754
1474170 754
1474180 752
1474190 750
1474200 750
1474210 749
1474220 748
1474230 746
1474240 746
1474250 744
1474260 743
1474270 743
1474280 741
1474290 739
1474300 739
1474310 737
1474320 733
1474330 733
1474340 731
1474350 729
1474360 729
1474370 727
1474380 726
1474390 725
1474400 725
1474410 724
1474420 724
1474430 724
1474440 723
1474450 722
1474460 722
1474470 721
1474480 720
1474490 720
1474500 719
1474510 719
1474520 719
1474530 718
1474540 716
1474550 715
1474560 715
1474570 714
1474580 712
1474590 712
1474600 710
1474610 710
1474620 710
1474630 708
1474640 704
1474650 704
1474660 704
1474670 701
1474680 701
1474690 697
1474700 694
1474710 691
1474720 691
1474730 686
1474740 686
1474750 686
1474760 684
1474770 680
1474780 680
1474790 676
1474800 675
1474810 675
1474820 674
1474830 671
1474840 671
1474850 665
1474860 663
1474870 662
1474880 662
1474890 659
1474900 655
1474910 655
1474920 652
1474930 648
1474940 648
1474950 646
1474960 649
1474970 649
1474980 655
1474990 653
1475000 653
1475010 649
1475020 653
1475030 652
1475040 652
1475050 648
1475060 643
1475070 643
1475080 640
1475090 636
1475100 636
1475110 637
1475120 640
1475130 640
1475140 644
1475150 641
1475160 641
1475170 635
1475180 630
1475190 627
1475200 627
1475210 624
1475220 624
1475230 624
1475240 624
1475250 625
1475260 625
1475270 626
1475280 625
1475290 625
1475300 625
1475310 625
1475320 626
1475330 626
1475340 625
1475350 625
1475360 625
1475370 625
1475380 624
1475390 624
1475400 625
1475410 625
1475420 625
1475430 625
1475440 625
1475450 625
1475460 625
1475470 625
1475480 626
1475490 626
1475500 626
1475510 626
1475520 626
1475530 627
1475540 626
1475550 626
1475560 626
1475570 626
1475580 626
1475590 626
1475600 626
1475610 626
1475620 625
1475630 625
1475640 625
1475650 625
1475660 625
1475670 625
1475680 625
1475690 625
1475700 625
1475710 625
1475720 625
1475730 625
1475740 625
1475750 625
1475760 625
1475770 625
1475780 625
1475790 625
1475800 625
1475810 625
1475820 624
1475830 624
1475840 624
1475850 624
1475860 624
1475870 624
1475880 624
1475890 623
1475900 623
1475910 624
1475920 624
1475930 624
1475940 622
1475950 621
1475960 621
1475970 621
1475980 621
1475990 620
1476000 620
1476010 619
1476020 618
1476030 618
1476040 620
1476050 623
1476060 623
1476070 623
1476080 622
1476090 622
1476100 621
1476110 621
1476120 621
1476130 621
1476140 621
1476150 621
1476160 621
1476170 620
1476180 620
1476190 620
1476200 619
1476210 619
1476220 619
1476230 619
1476240 619
1476250 619
1476260 619
1476270 618
1476280 618
1476290 618
1476300 618
1476310 618
1476320 618
1476330 617
1476340 617
1476350 617
1476360 617
1476370 617
1476380 617
1476390 616
1476400 616
1476410 616
1476420 616
1476430 616
1476440 615
1476450 615
1476460 615
1476470 615
1476480 615
1476490 615
1476500 615
1476510 615
1476520 616
1476530 616
1476540 616
1476550 616
1476560 615
1476570 614
1476580 614
1476590 614
1476600 613
1476610 613
1476620 613
1476630 613
1476640 613
1476650 612
1476660 612
1476670 612
1476680 612
1476690 612
1476700 612
1476710 612
1476720 612
1476730 611
1476740 611
1476750 611
1476760 611
1476770 611
1476780 610
1476790 610
1476800 610
1476810 610
1476820 610
1476830 610
1476840 610
1476850 610
1476860 610
1476870 609
1476880 609
1476890 609
1476900 609
1476910 609
1476920 609
1476930 609
1476940 610
1476950 610
1476960 610
1476970 610
1476980 611
1476990 611
1477000 611
1477010 611
1477020 611
1477030 611
1477040 610
1477050 610
1477060 610
1477070 610
1477080 610
1477090 610
1477100 610
1477110 610
1477120 610
1477130 611
1477140 611
1477150 611
1477160 613
1477170 613
1477180 613
1477190 612
1477200 612
1477210 612
1477220 612
1477230 612
1477240 612
1477250 612
1477260 612
1477270 612
1477280 612
1477290 612
1477300 611
1477310 611
1477320 611
1477330 611
1477340 611
1477350 611
1477360 612
1477370 612
1477380 612
1477390 611
1477400 610
1477410 610
1477420 609
1477430 608
1477440 608
1477450 608
1477460 607
1477470 607
1477480 606
1477490 605
1477500 605
1477510 605
1477520 604
1477530 604
1477540 604
1477550 604
1477560 603
1477570 603
1477580 603
1477590 602
1477600 602
1477610 602
1477620 601
1477630 601
1477640 601
1477650 601
1477660 601
1477670 600
1477680 600
1477690 600
1477700 600
1477710 600
1477720 599
1477730 599
1477740 599
1477750 599
1477760 599
1477770 598
1477780 598
1477790 598
1477800 598
1477810 598
1477820 598
1477830 599
1477840 599
1477850 599
1477860 599
1477870 599
1477880 599
1477890 599
1477900 599
1477910 599
1477920 599
1477930 599
1477940 599
1477950 599
1477960 599
1477970 599
1477980 599
1477990 599
1478000 599
1478010 600
1478020 600
1478030 600
1478040 601
1478050 601
1478060 601
1478070 601
1478080 601
1478090 601
1478100 602
1478110 602
1478120 602
1478130 602
1478140 602
1478150 602
1478160 602
1478170 603
1478180 603
1478190 603
1478200 604
1478210 604
1478220 604
1478230 604
1478240 604
1478250 605
1478260 605
1478270 605
1478280 605
1478290 605
1478300 605
1478310 605
1478320 606
1478330 606
1478340 606
1478350 606
1478360 607
1478370 607
1478380 607
1478390 608
1478400 608
1478410 608
1478420 609
1478430 609
1478440 609
1478450 609
1478460 609
1478470 609
1478480 609
1478490 609
1478500 609
1478510 609
1478520 609
1478530 609
1478540 610
1478550 610
1478560 610
1478570 610
1478580 610
1478590 610
1478600 610
1478610 610
1478620 611
1478630 611
1478640 611
1478650 611
1478660 611
1478670 612
1478680 613
1478690 613
1478700 613
1478710 614
1478720 614
1478730 614
1478740 614
1478750 614
1478760 615
1478770 615
1478780 615
1478790 615
1478800 615
1478810 615
1478820 615
1478830 615
1478840 615
1478850 615
1478860 616
1478870 616
1478880 616
1478890 616
1478900 616
1478910 616
1478920 616
1478930 616
1478940 616
1478950 616
1478960 617
1478970 617
1478980 617
1478990 617
1479000 617
1479010 617
1479020 617
1479030 617
1479040 617
1479050 617
1479060 617
1479070 617
1479080 618
1479090 618
1479100 618
1479110 618
1479120 619
1479130 619
1479140 619
1479150 619
1479160 619
1479170 619
1479180 620
1479190 620
1479200 620
1479210 620
1479220 620
1479230 620
1479240 620
1479250 621
1479260 621
1479270 621
1479280 621
1479290 621
1479300 621
1479310 622
1479320 622
1479330 622
1479340 622
1479350 622
1479360 622
1479370 623
1479380 623
1479390 623
1479400 623
1479410 623
1479420 623
1479430 623
1479440 624
1479450 624
1479460 624
1479470 624
1479480 624
1479490 624
1479500 625
1479510 625
1479520 625
1479530 624
1479540 624
1479550 623
1479560 623
1479570 623
1479580 624
1479590 624
1479600 624
1479610 624
1479620 624
1479630 624
1479640 624
1479650 624
1479660 624
1479670 624
1479680 624
1479690 624
1479700 624
1479710 624
1479720 624
1479730 624
1479740 624
1479750 624
1479760 624
1479770 623
1479780 623
1479790 623
1479800 624
1479810 624
1479820 624
1479830 624
1479840 624
1479850 624
1479860 624
1479870 624
1479880 624
1479890 624
1479900 624
1479910 624
1479920 624
1479930 624
1479940 624
1479950 624
1479960 624
1479970 624
1479980 624
1479990 623
