1460000 1703
1460010 1703
1460020 1704
1460030 1706
1460040 1706
1460050 1709
1460060 1710
1460070 1710
1460080 1710
1460090 1708
1460100 1706
1460110 1706
1460120 1704
1460130 1701
1460140 1701
1460150 1698
1460160 1695
1460170 1695
1460180 1692
1460190 1689
1460200 1689
1460210 1686
1460220 1683
1460230 1683
1460240 1679
1460250 1673
1460260 1667
1460270 1667
1460280 1660
1460290 1656
1460300 1656
1460310 1652
1460320 1648
1460330 1648
1460340 1643
1460350 1638
1460360 1638
1460370 1633
1460380 1628
1460390 1628
1460400 1623
1460410 1618
1460420 1613
1460430 1613
1460440 1609
1460450 1605
1460460 1605
1460470 1599
1460480 1591
1460490 1591
1460500 1581
1460510 1572
1460520 1572
1460530 1561
1460540 1552
1460550 1552
1460560 1543
1460570 1537
1460580 1531
1460590 1531
1460600 1526
1460610 1521
1460620 1521
1460630 1517
1460640 1515
1460650 1515
1460660 1511
1460670 1507
1460680 1507
1460690 1503
1460700 1499
1460710 1499
1460720 1495
1460730 1491
1460740 1486
1460750 1486
1460760 1482
1460770 1476
1460780 1476
1460790 1468
1460800 1460
1460810 1460
1460820 1452
1460830 1443
1460840 1443
1460850 1435
1460860 1427
1460870 1427
1460880 1419
1460890 1410
1460900 1402
1460910 1402
1460920 1392
1460930 1378
1460940 1378
1460950 1367
1460960 1357
1460970 1357
1460980 1346
1460990 1335
1461000 1335
1461010 1325
1461020 1315
1461030 1315
1461040 1307
1461050 1299
1461060 1291
1461070 1291
1461080 1284
1461090 1277
1461100 1277
1461110 1271
1461120 1264
1461130 1264
1461140 1258
1461150 1251
1461160 1251
1461170 1245
1461180 1238
1461190 1238
1461200 1232
1461210 1227
1461220 1224
1461230 1224
1461240 1221
1461250 1217
1461260 1217
1461270 1212
1461280 1206
1461290 1206
1461300 1198
1461310 1193
1461320 1193
1461330 1189
1461340 1190
1461350 1191
1461360 1191
1461370 1190
1461380 1189
1461390 1189
1461400 1190
1461410 1192
1461420 1192
1461430 1192
1461440 1191
1461450 1191
1461460 1195
1461470 1201
1461480 1201
1461490 1210
1461500 1217
1461510 1220
1461520 1229
1461530 1231
1461540 1232
1461550 1232
1461560 1233
1461570 1240
1461580 1240
1461590 1248
1461600 1259
1461610 1259
1461620 1270
1461630 1283
1461640 1283
1461650 1290
1461660 1293
1461670 1296
1461680 1296
1461690 1298
1461700 1299
1461710 1299
1461720 1303
1461730 1315
1461740 1315
1461750 1330
1461760 1346
1461770 1346
1461780 1357
1461790 1369
1461800 1369
1461810 1379
1461820 1389
1461830 1399
1461840 1399
1461850 1407
1461860 1415
1461870 1415
1461880 1423
1461890 1430
1461900 1430
1461910 1434
1461920 1438
1461930 1438
1461940 1441
1461950 1444
1461960 1444
1461970 1448
1461980 1454
1461990 1460
1462000 1460
1462010 1464
1462020 1468
1462030 1468
1462040 1472
1462050 1476
1462060 1476
1462070 1480
1462080 1484
1462090 1484
1462100 1487
1462110 1490
1462120 1490
1462130 1492
1462140 1494
1462150 1496
1462160 1496
1462170 1497
1462180 1498
1462190 1498
1462200 1500
1462210 1501
1462220 1501
1462230 1502
1462240 1502
1462250 1502
1462260 1503
1462270 1504
1462280 1504
1462290 1506
1462300 1507
1462310 1509
1462320 1509
1462330 1510
1462340 1511
1462350 1511
1462360 1514
1462370 1517
1462380 1517
1462390 1519
1462400 1521
1462410 1521
1462420 1523
1462430 1525
1462440 1525
1462450 1526
1462460 1525
1462470 1522
1462480 1522
1462490 1519
1462500 1517
1462510 1517
1462520 1515
1462530 1513
1462540 1513
1462550 1512
1462560 1510
1462570 1510
1462580 1509
1462590 1508
1462600 1508
1462610 1509
1462620 1509
1462630 1510
1462640 1510
1462650 1510
1462660 1511
1462670 1511
1462680 1511
1462690 1512
1462700 1512
1462710 1513
1462720 1514
1462730 1514
1462740 1514
1462750 1514
1462760 1513
1462770 1513
1462780 1510
1462790 1508
1462800 1508
1462810 1506
1462820 1505
1462830 1505
1462840 1506
1462850 1506
1462860 1506
1462870 1508
1462880 1509
1462890 1509
1462900 1511
1462910 1513
1462920 1514
1462930 1514
1462940 1515
1462950 1515
1462960 1515
1462970 1513
1462980 1511
1462990 1511
1463000 1509
1463010 1506
1463020 1506
1463030 1503
1463040 1501
1463050 1501
1463060 1500
1463070 1499
1463080 1499
1463090 1499
1463100 1498
1463110 1494
1463120 1494
1463130 1491
1463140 1487
1463150 1487
1463160 1483
1463170 1480
1463180 1480
1463190 1477
1463200 1474
1463210 1474
1463220 1471
1463230 1467
1463240 1464
1463250 1464
1463260 1460
1463270 1458
1463280 1458
1463290 1456
1463300 1454
1463310 1454
1463320 1453
1463330 1450
1463340 1450
1463350 1447
1463360 1444
1463370 1444
1463380 1440
1463390 1435
1463400 1430
1463410 1430
1463420 1425
1463430 1420
1463440 1420
1463450 1414
1463460 1407
1463470 1407
1463480 1400
1463490 1393
1463500 1393
1463510 1386
1463520 1377
1463530 1377
1463540 1368
1463550 1360
1463560 1351
1463570 1351
1463580 1342
1463590 1333
1463600 1333
1463610 1325
1463620 1316
1463630 1316
1463640 1307
1463650 1300
1463660 1300
1463670 1292
1463680 1285
1463690 1285
1463700 1278
1463710 1271
1463720 1265
1463730 1265
1463740 1258
1463750 1252
1463760 1252
1463770 1245
1463780 1237
1463790 1237
1463800 1232
1463810 1225
1463820 1225
1463830 1218
1463840 1210
1463850 1210
1463860 1203
1463870 1195
1463880 1188
1463890 1188
1463900 1180
1463910 1172
1463920 1172
1463930 1163
1463940 1151
1463950 1151
1463960 1143
1463970 1133
1463980 1133
1463990 1125
1464000 1116
1464010 1116
1464020 1106
1464030 1096
1464040 1085
1464050 1085
1464060 1071
1464070 1058
1464080 1058
1464090 1047
1464100 1034
1464110 1034
1464120 1023
1464130 1013
1464140 1013
1464150 1003
1464160 995
1464170 995
1464180 989
1464190 983
1464200 978
1464210 978
1464220 976
1464230 975
1464240 975
1464250 974
1464260 972
1464270 972
1464280 967
1464290 956
1464300 956
1464310 947
1464320 938
1464330 928
1464340 928
1464350 919
1464360 910
1464370 910
1464380 900
1464390 892
1464400 892
1464410 884
1464420 871
1464430 871
1464440 863
1464450 863
1464460 863
1464470 873
1464480 886
1464490 901
1464500 901
1464510 919
1464520 940
1464530 940
1464540 952
1464550 959
1464560 959
1464570 965
1464580 972
1464590 972
1464600 980
1464610 988
1464620 988
1464630 997
1464640 1006
1464650 1015
1464660 1015
1464670 1025
1464680 1037
1464690 1037
1464700 1047
1464710 1054
1464720 1054
1464730 1060
1464740 1066
1464750 1066
1464760 1071
1464770 1076
1464780 1076
1464790 1082
1464800 1087
1464810 1092
1464820 1092
1464830 1096
1464840 1100
1464850 1100
1464860 1103
1464870 1107
1464880 1107
1464890 1112
1464900 1117
1464910 1117
1464920 1121
1464930 1124
1464940 1124
1464950 1125
1464960 1125
1464970 1126
1464980 1126
1464990 1126
1465000 1126
1465010 1126
1465020 1127
1465030 1127
1465040 1127
1465050 1129
1465060 1130
1465070 1130
1465080 1132
1465090 1133
1465100 1133
1465110 1134
1465120 1135
1465130 1136
1465140 1136
1465150 1137
1465160 1139
1465170 1139
1465180 1141
1465190 1143
1465200 1143
1465210 1145
1465220 1147
1465230 1147
1465240 1150
1465250 1152
1465260 1152
1465270 1154
1465280 1155
1465290 1155
1465300 1155
1465310 1156
1465320 1156
1465330 1156
1465340 1155
1465350 1156
1465360 1156
1465370 1158
1465380 1158
1465390 1158
1465400 1158
1465410 1159
1465420 1159
1465430 1160
1465440 1160
1465450 1160
1465460 1160
1465470 1159
1465480 1159
1465490 1159
1465500 1158
1465510 1157
1465520 1157
1465530 1155
1465540 1154
1465550 1154
1465560 1154
1465570 1155
1465580 1155
1465590 1155
1465600 1155
1465610 1156
1465620 1156
1465630 1158
1465640 1158
1465650 1158
1465660 1159
1465670 1159
1465680 1159
1465690 1158
1465700 1157
1465710 1157
1465720 1156
1465730 1153
1465740 1150
1465750 1150
1465760 1146
1465770 1142
1465780 1142
1465790 1138
1465800 1134
1465810 1134
1465820 1130
1465830 1127
1465840 1127
1465850 1124
1465860 1121
1465870 1121
1465880 1119
1465890 1116
1465900 1113
1465910 1113
1465920 1112
1465930 1111
1465940 1111
1465950 1112
1465960 1113
1465970 1113
1465980 1115
1465990 1116
1466000 1116
1466010 1116
1466020 1117
1466030 1117
1466040 1117
1466050 1117
1466060 1114
1466070 1114
1466080 1111
1466090 1110
1466100 1110
1466110 1111
1466120 1111
1466130 1111
1466140 1109
1466150 1107
1466160 1107
1466170 1105
1466180 1103
1466190 1103
1466200 1100
1466210 1099
1466220 1098
1466230 1098
1466240 1097
1466250 1096
1466260 1096
1466270 1094
1466280 1093
1466290 1093
1466300 1091
1466310 1090
1466320 1090
1466330 1088
1466340 1085
1466350 1085
1466360 1082
1466370 1079
1466380 1078
1466390 1078
1466400 1078
1466410 1079
1466420 1079
1466430 1079
1466440 1078
1466450 1078
1466460 1074
1466470 1067
1466480 1067
1466490 1059
1466500 1055
1466510 1055
1466520 1054
1466530 1056
1466540 1068
1466550 1068
1466560 1081
1466570 1083
1466580 1083
1466590 1086
1466600 1088
1466610 1088
1466620 1089
1466630 1091
1466640 1091
1466650 1092
1466660 1094
1466670 1094
1466680 1095
1466690 1098
1466700 1100
1466710 1100
1466720 1102
1466730 1104
1466740 1104
1466750 1106
1466760 1109
1466770 1109
1466780 1110
1466790 1112
1466800 1112
1466810 1114
1466820 1116
1466830 1116
1466840 1118
1466850 1120
1466860 1122
1466870 1122
1466880 1125
1466890 1128
1466900 1128
1466910 1130
1466920 1132
1466930 1132
1466940 1135
1466950 1138
1466960 1138
1466970 1142
1466980 1144
1466990 1144
1467000 1146
1467010 1148
1467020 1150
1467030 1150
1467040 1151
1467050 1153
1467060 1153
1467070 1154
1467080 1156
1467090 1156
1467100 1157
1467110 1157
1467120 1157
1467130 1158
1467140 1158
1467150 1158
1467160 1157
1467170 1156
1467180 1154
1467190 1154
1467200 1150
1467210 1148
1467220 1148
1467230 1145
1467240 1142
1467250 1142
1467260 1142
1467270 1141
1467280 1141
1467290 1140
1467300 1138
1467310 1137
1467320 1137
1467330 1136
1467340 1135
1467350 1135
1467360 1134
1467370 1133
1467380 1133
1467390 1132
1467400 1131
1467410 1131
1467420 1129
1467430 1127
1467440 1127
1467450 1124
1467460 1121
1467470 1117
1467480 1117
1467490 1113
1467500 1109
1467510 1109
1467520 1105
1467530 1102
1467540 1102
1467550 1097
1467560 1091
1467570 1091
1467580 1086
1467590 1080
1467600 1080
1467610 1075
1467620 1069
1467630 1063
1467640 1063
1467650 1057
1467660 1052
1467670 1052
1467680 1046
1467690 1040
1467700 1040
1467710 1033
1467720 1026
1467730 1026
1467740 1020
1467750 1014
1467760 1014
1467770 1009
1467780 1002
1467790 996
1467800 996
1467810 990
1467820 985
1467830 985
1467840 980
1467850 974
1467860 974
1467870 967
1467880 959
1467890 959
1467900 952
1467910 944
1467920 944
1467930 937
1467940 932
1467950 926
1467960 926
1467970 917
1467980 909
1467990 909
1468000 903
1468010 898
1468020 898
1468030 899
1468040 907
1468050 907
1468060 922
1468070 933
1468080 933
1468090 937
1468100 940
1468110 949
1468120 949
1468130 955
1468140 964
1468150 964
1468160 971
1468170 976
1468180 976
1468190 982
1468200 988
1468210 988
1468220 994
1468230 999
1468240 999
1468250 1006
1468260 1014
1468270 1023
1468280 1023
1468290 1031
1468300 1038
1468310 1038
1468320 1043
1468330 1048
1468340 1048
1468350 1053
1468360 1058
1468370 1058
1468380 1061
1468390 1063
1468400 1063
1468410 1064
1468420 1065
1468430 1064
1468440 1064
1468450 1064
1468460 1064
1468470 1064
1468480 1064
1468490 1063
1468500 1063
1468510 1062
1468520 1061
1468530 1061
1468540 1060
1468550 1058
1468560 1058
1468570 1057
1468580 1055
1468590 1053
1468600 1053
1468610 1051
1468620 1050
1468630 1050
1468640 1050
1468650 1051
1468660 1051
1468670 1051
1468680 1049
1468690 1049
1468700 1048
1468710 1046
1468720 1044
1468730 1044
1468740 1041
1468750 1038
1468760 1038
1468770 1034
1468780 1033
1468790 1033
1468800 1033
1468810 1034
1468820 1034
1468830 1035
1468840 1035
1468850 1035
1468860 1037
1468870 1039
1468880 1040
1468890 1040
1468900 1041
1468910 1042
1468920 1042
1468930 1042
1468940 1041
1468950 1041
1468960 1041
1468970 1043
1468980 1043
1468990 1045
1469000 1047
1469010 1047
1469020 1049
1469030 1049
1469040 1050
1469050 1050
1469060 1050
1469070 1049
1469080 1049
1469090 1049
1469100 1049
1469110 1049
1469120 1049
1469130 1048
1469140 1048
1469150 1047
1469160 1045
1469170 1045
1469180 1044
1469190 1045
1469200 1047
1469210 1047
1469220 1051
1469230 1054
1469240 1054
1469250 1056
1469260 1056
1469270 1056
1469280 1055
1469290 1055
1469300 1055
1469310 1052
1469320 1050
1469330 1050
1469340 1049
1469350 1048
1469360 1049
1469370 1049
1469380 1050
1469390 1050
1469400 1050
1469410 1048
1469420 1048
1469430 1048
1469440 1048
1469450 1048
1469460 1048
1469470 1048
1469480 1049
1469490 1049
1469500 1050
1469510 1047
1469520 1044
1469530 1044
1469540 1041
1469550 1040
1469560 1040
1469570 1040
1469580 1040
1469590 1040
1469600 1039
1469610 1037
1469620 1037
1469630 1034
1469640 1031
1469650 1031
1469660 1028
1469670 1022
1469680 1011
1469690 1011
1469700 1004
1469710 997
1469720 997
1469730 989
1469740 983
1469750 983
1469760 987
1469770 986
1469780 986
1469790 982
1469800 974
1469810 974
1469820 971
1469830 970
1469840 966
1469850 966
1469860 960
1469870 954
1469880 954
1469890 948
1469900 941
1469910 941
1469920 933
1469930 928
1469940 928
1469950 923
1469960 915
1469970 915
1469980 906
1469990 901
1470000 904
1470010 904
1470020 903
1470030 898
1470040 898
1470050 892
1470060 885
1470070 885
1470080 885
1470090 887
1470100 887
1470110 886
1470120 884
1470130 880
1470140 880
1470150 873
1470160 867
1470170 867
1470180 862
1470190 858
1470200 858
1470210 861
1470220 864
1470230 864
1470240 867
1470250 867
1470260 867
1470270 866
1470280 863
1470290 861
1470300 861
1470310 860
1470320 857
1470330 857
1470340 855
1470350 855
1470360 855
1470370 856
1470380 858
1470390 858
1470400 862
1470410 863
1470420 863
1470430 860
1470440 859
1470450 862
1470460 862
1470470 865
1470480 864
1470490 864
1470500 861
1470510 857
1470520 857
1470530 854
1470540 849
1470550 849
1470560 843
1470570 836
1470580 836
1470590 827
1470600 819
1470610 814
1470620 814
1470630 813
1470640 808
1470650 808
1470660 803
1470670 796
1470680 796
1470690 787
1470700 777
1470710 777
1470720 763
1470730 746
1470740 746
1470750 742
1470760 753
1470770 767
1470780 767
1470790 776
1470800 779
1470810 779
1470820 777
1470830 776
1470840 776
1470850 774
1470860 773
1470870 773
1470880 773
1470890 772
1470900 772
1470910 768
1470920 763
1470930 755
1470940 755
1470950 765
1470960 769
1470970 769
1470980 764
1470990 757
1471000 757
1471010 756
1471020 759
1471030 759
1471040 757
1471050 755
1471060 755
1471070 752
1471080 749
1471090 746
1471100 746
1471110 743
1471120 739
1471130 739
1471140 736
1471150 730
1471160 730
1471170 728
1471180 727
1471190 727
1471200 725
1471210 722
1471220 722
1471230 721
1471240 721
1471250 719
1471260 719
1471270 715
1471280 713
1471290 713
1471300 713
1471310 714
1471320 714
1471330 715
1471340 715
1471350 715
1471360 713
1471370 713
1471380 713
1471390 714
1471400 715
1471410 715
1471420 715
1471430 714
1471440 714
1471450 714
1471460 713
1471470 713
1471480 713
1471490 711
1471500 710
1471510 710
1471520 709
1471530 708
1471540 707
1471550 707
1471560 706
1471570 705
1471580 705
1471590 703
1471600 701
1471610 701
1471620 699
1471630 697
1471640 697
1471650 696
1471660 695
1471670 695
1471680 694
1471690 695
1471700 694
1471710 694
1471720 694
1471730 695
1471740 695
1471750 695
1471760 694
1471770 694
1471780 693
1471790 692
1471800 692
1471810 692
1471820 690
1471830 690
1471840 689
1471850 691
1471860 692
1471870 692
1471880 692
1471890 692
1471900 692
1471910 690
1471920 689
1471930 689
1471940 689
1471950 686
1471960 686
1471970 686
1471980 685
1471990 685
1472000 684
1472010 682
1472020 681
1472030 681
1472040 680
1472050 679
1472060 679
1472070 677
1472080 675
1472090 675
1472100 673
1472110 671
1472120 671
1472130 669
1472140 667
1472150 667
1472160 664
1472170 663
1472180 661
1472190 661
1472200 658
1472210 657
1472220 657
1472230 655
1472240 654
1472250 654
1472260 653
1472270 651
1472280 651
1472290 650
1472300 650
1472310 650
1472320 650
1472330 650
1472340 650
1472350 650
1472360 651
1472370 651
1472380 651
1472390 651
1472400 650
1472410 650
1472420 650
1472430 652
1472440 652
1472450 651
1472460 650
1472470 650
1472480 650
1472490 651
1472500 654
1472510 654
1472520 654
1472530 654
1472540 654
1472550 654
1472560 653
1472570 653
1472580 651
1472590 651
1472600 651
1472610 646
1472620 648
1472630 648
1472640 653
1472650 656
1472660 653
1472670 653
1472680 650
1472690 650
1472700 650
1472710 649
1472720 646
1472730 646
1472740 641
1472750 639
1472760 639
1472770 640
1472780 646
1472790 646
1472800 652
1472810 654
1472820 655
1472830 655
1472840 656
1472850 658
1472860 658
1472870 660
1472880 662
1472890 662
1472900 662
1472910 662
1472920 662
1472930 662
1472940 660
1472950 657
1472960 657
1472970 655
1472980 654
1472990 654
1473000 652
1473010 649
1473020 649
1473030 646
1473040 643
1473050 643
1473060 641
1473070 639
1473080 639
1473090 636
1473100 634
1473110 630
1473120 630
1473130 629
1473140 628
1473150 628
1473160 625
1473170 622
1473180 622
1473190 616
1473200 613
1473210 613
1473220 615
1473230 615
1473240 615
1473250 615
1473260 614
1473270 615
1473280 615
1473290 616
1473300 615
1473310 615
1473320 614
1473330 614
1473340 614
1473350 613
1473360 612
1473370 612
1473380 610
1473390 609
1473400 609
1473410 607
1473420 606
1473430 604
1473440 604
1473450 603
1473460 601
1473470 601
1473480 600
1473490 599
1473500 599
1473510 598
1473520 598
1473530 598
1473540 598
1473550 598
1473560 598
1473570 598
1473580 598
1473590 598
1473600 598
1473610 598
1473620 598
1473630 598
1473640 598
1473650 598
1473660 598
1473670 597
1473680 597
1473690 597
1473700 597
1473710 597
1473720 597
1473730 597
1473740 597
1473750 597
1473760 597
1473770 597
1473780 597
1473790 597
1473800 597
1473810 597
1473820 597
1473830 597
1473840 597
1473850 597
1473860 597
1473870 597
1473880 597
1473890 597
1473900 597
1473910 597
1473920 597
1473930 597
1473940 597
1473950 597
1473960 597
1473970 597
1473980 597
1473990 597
1474000 597
1474010 597
1474020 597
1474030 597
1474040 597
1474050 597
1474060 597
1474070 597
1474080 597
1474090 597
1474100 597
1474110 597
1474120 597
1474130 597
1474140 597
1474150 597
1474160 597
1474170 597
1474180 597
1474190 597
1474200 597
1474210 597
1474220 597
1474230 597
1474240 597
1474250 597
1474260 597
1474270 597
1474280 597
1474290 597
1474300 597
1474310 597
1474320 597
1474330 597
1474340 597
1474350 597
1474360 597
1474370 597
1474380 597
1474390 597
1474400 597
1474410 597
1474420 597
1474430 597
1474440 597
1474450 597
1474460 597
1474470 597
1474480 597
1474490 597
1474500 597
1474510 597
1474520 598
1474530 598
1474540 600
1474550 599
1474560 599
1474570 599
1474580 598
1474590 598
1474600 598
1474610 599
1474620 599
1474630 599
1474640 599
1474650 599
1474660 599
1474670 600
1474680 600
1474690 600
1474700 600
1474710 600
1474720 600
1474730 600
1474740 601
1474750 601
1474760 601
1474770 601
1474780 601
1474790 602
1474800 603
1474810 603
1474820 603
1474830 604
1474840 604
1474850 604
1474860 604
1474870 604
1474880 604
1474890 605
1474900 605
1474910 605
1474920 605
1474930 606
1474940 606
1474950 606
1474960 606
1474970 606
1474980 607
1474990 607
1475000 607
1475010 607
1475020 607
1475030 607
1475040 607
1475050 608
1475060 608
1475070 608
1475080 608
1475090 608
1475100 608
1475110 609
1475120 610
1475130 610
1475140 610
1475150 610
1475160 610
1475170 610
1475180 610
1475190 611
1475200 611
1475210 611
1475220 611
1475230 611
1475240 611
1475250 611
1475260 611
1475270 611
1475280 611
1475290 611
1475300 612
1475310 612
1475320 613
1475330 613
1475340 613
1475350 612
1475360 612
1475370 612
1475380 612
1475390 612
1475400 612
1475410 612
1475420 612
1475430 612
1475440 612
1475450 612
1475460 612
1475470 612
1475480 611
1475490 611
1475500 611
1475510 611
1475520 611
1475530 611
1475540 611
1475550 611
1475560 611
1475570 611
1475580 611
1475590 611
1475600 612
1475610 612
1475620 612
1475630 612
1475640 612
1475650 612
1475660 612
1475670 612
1475680 612
1475690 612
1475700 612
1475710 612
1475720 612
1475730 612
1475740 612
1475750 612
1475760 612
1475770 612
1475780 612
1475790 612
1475800 612
1475810 612
1475820 612
1475830 612
1475840 612
1475850 612
1475860 612
1475870 612
1475880 612
1475890 612
1475900 612
1475910 612
1475920 612
1475930 612
1475940 612
1475950 612
1475960 612
1475970 612
1475980 612
1475990 612
1476000 612
1476010 612
1476020 612
1476030 612
1476040 612
1476050 614
1476060 614
1476070 612
1476080 610
1476090 608
1476100 608
1476110 607
1476120 607
1476130 607
1476140 607
1476150 608
1476160 608
1476170 610
1476180 610
1476190 610
1476200 610
1476210 610
1476220 610
1476230 610
1476240 611
1476250 611
1476260 611
1476270 611
1476280 611
1476290 611
1476300 611
1476310 613
1476320 613
1476330 612
1476340 610
1476350 610
1476360 610
1476370 610
1476380 610
1476390 609
1476400 609
1476410 609
1476420 609
1476430 609
1476440 609
1476450 609
1476460 608
1476470 608
1476480 608
1476490 608
1476500 608
1476510 608
1476520 608
1476530 608
1476540 608
1476550 607
1476560 607
1476570 607
1476580 607
1476590 606
1476600 606
1476610 606
1476620 606
1476630 606
1476640 606
1476650 605
1476660 605
1476670 605
1476680 605
1476690 604
1476700 604
1476710 604
1476720 604
1476730 604
1476740 604
1476750 604
1476760 604
1476770 604
1476780 604
1476790 604
1476800 604
1476810 604
1476820 604
1476830 604
1476840 604
1476850 604
1476860 604
1476870 604
1476880 604
1476890 603
1476900 603
1476910 603
1476920 603
1476930 603
1476940 602
1476950 602
1476960 602
1476970 602
1476980 602
1476990 602
1477000 601
1477010 601
1477020 601
1477030 601
1477040 601
1477050 601
1477060 601
1477070 601
1477080 601
1477090 601
1477100 601
1477110 600
1477120 600
1477130 600
1477140 600
1477150 600
1477160 600
1477170 600
1477180 599
1477190 599
1477200 599
1477210 599
1477220 599
1477230 598
1477240 598
1477250 598
1477260 598
1477270 597
1477280 597
1477290 597
1477300 597
1477310 597
1477320 597
1477330 596
1477340 596
1477350 596
1477360 596
1477370 596
1477380 596
1477390 596
1477400 596
1477410 596
1477420 596
1477430 596
1477440 596
1477450 596
1477460 596
1477470 596
1477480 595
1477490 595
1477500 595
1477510 595
1477520 595
1477530 595
1477540 595
1477550 595
1477560 595
1477570 595
1477580 595
1477590 595
1477600 595
1477610 595
1477620 595
1477630 595
1477640 595
1477650 594
1477660 594
1477670 594
1477680 594
1477690 594
1477700 594
1477710 594
1477720 594
1477730 594
1477740 593
1477750 593
1477760 593
1477770 593
1477780 594
1477790 594
1477800 593
1477810 593
1477820 594
1477830 594
1477840 593
1477850 593
1477860 593
1477870 593
1477880 593
1477890 593
1477900 593
1477910 593
1477920 593
1477930 593
1477940 593
1477950 593
1477960 594
1477970 594
1477980 593
1477990 593
1478000 593
1478010 593
1478020 593
1478030 594
1478040 594
1478050 594
1478060 594
1478070 594
1478080 594
1478090 594
1478100 594
1478110 594
1478120 594
1478130 594
1478140 594
1478150 594
1478160 595
1478170 595
1478180 595
1478190 595
1478200 595
1478210 595
1478220 595
1478230 596
1478240 596
1478250 596
1478260 596
1478270 596
1478280 596
1478290 597
1478300 597
1478310 597
1478320 596
1478330 596
1478340 596
1478350 596
1478360 596
1478370 596
1478380 597
1478390 597
1478400 597
1478410 597
1478420 597
1478430 597
1478440 598
1478450 598
1478460 598
1478470 598
1478480 598
1478490 598
1478500 598
1478510 598
1478520 598
1478530 598
1478540 598
1478550 598
1478560 598
1478570 598
1478580 598
1478590 598
1478600 598
1478610 598
1478620 598
1478630 598
1478640 599
1478650 599
1478660 599
1478670 599
1478680 599
1478690 599
1478700 600
1478710 600
1478720 600
1478730 600
1478740 600
1478750 600
1478760 600
1478770 601
1478780 601
1478790 601
1478800 601
1478810 602
1478820 602
1478830 602
1478840 602
1478850 602
1478860 602
1478870 603
1478880 603
1478890 603
1478900 603
1478910 603
1478920 603
1478930 603
1478940 603
1478950 603
1478960 603
1478970 603
1478980 603
1478990 604
1479000 604
1479010 604
1479020 605
1479030 605
1479040 605
1479050 605
1479060 605
1479070 606
1479080 606
1479090 606
1479100 606
1479110 606
1479120 606
1479130 606
1479140 606
1479150 606
1479160 607
1479170 607
1479180 607
1479190 607
1479200 607
1479210 607
1479220 607
1479230 607
1479240 607
1479250 607
1479260 607
1479270 607
1479280 607
1479290 608
1479300 608
1479310 609
1479320 608
1479330 608
1479340 610
1479350 608
1479360 608
1479370 608
1479380 608
1479390 608
1479400 608
1479410 608
1479420 608
1479430 608
1479440 608
1479450 608
1479460 608
1479470 608
1479480 608
1479490 608
1479500 608
1479510 608
1479520 608
1479530 608
1479540 608
1479550 608
1479560 608
1479570 608
1479580 608
1479590 608
1479600 608
1479610 608
1479620 608
1479630 609
1479640 608
1479650 608
1479660 608
1479670 608
1479680 608
1479690 608
1479700 608
1479710 608
1479720 608
1479730 608
1479740 608
1479750 608
1479760 608
1479770 608
1479780 608
1479790 608
1479800 607
1479810 607
1479820 606
1479830 607
1479840 607
1479850 607
1479860 607
1479870 607
1479880 607
1479890 607
1479900 607
1479910 607
1479920 606
1479930 606
1479940 606
1479950 607
1479960 608
1479970 608
1479980 608
1479990 608
