1460000 1564
1460010 1564
1460020 1564
1460030 1564
1460040 1565
1460050 1565
1460060 1565
1460070 1565
1460080 1565
1460090 1565
1460100 1564
1460110 1564
1460120 1565
1460130 1565
1460140 1565
1460150 1564
1460160 1563
1460170 1563
1460180 1562
1460190 1561
1460200 1560
1460210 1560
1460220 1560
1460230 1561
1460240 1561
1460250 1560
1460260 1559
1460270 1559
1460280 1558
1460290 1556
1460300 1556
1460310 1554
1460320 1551
1460330 1551
1460340 1548
1460350 1543
1460360 1538
1460370 1538
1460380 1533
1460390 1528
1460400 1528
1460410 1521
1460420 1512
1460430 1512
1460440 1505
1460450 1498
1460460 1498
1460470 1491
1460480 1485
1460490 1485
1460500 1479
1460510 1472
1460520 1466
1460530 1466
1460540 1461
1460550 1453
1460560 1453
1460570 1445
1460580 1437
1460590 1437
1460600 1429
1460610 1422
1460620 1422
1460630 1414
1460640 1404
1460650 1404
1460660 1395
1460670 1385
1460680 1375
1460690 1375
1460700 1364
1460710 1354
1460720 1354
1460730 1348
1460740 1345
1460750 1345
1460760 1340
1460770 1335
1460780 1335
1460790 1332
1460800 1331
1460810 1331
1460820 1327
1460830 1319
1460840 1308
1460850 1308
1460860 1301
1460870 1301
1460880 1301
1460890 1294
1460900 1286
1460910 1286
1460920 1288
1460930 1290
1460940 1290
1460950 1276
1460960 1259
1460970 1259
1460980 1247
1460990 1235
1461000 1223
1461010 1223
1461020 1214
1461030 1206
1461040 1206
1461050 1198
1461060 1191
1461070 1191
1461080 1184
1461090 1176
1461100 1176
1461110 1168
1461120 1161
1461130 1161
1461140 1153
1461150 1146
1461160 1137
1461170 1137
1461180 1129
1461190 1121
1461200 1121
1461210 1113
1461220 1105
1461230 1105
1461240 1098
1461250 1092
1461260 1092
1461270 1085
1461280 1079
1461290 1079
1461300 1073
1461310 1067
1461320 1062
1461330 1062
1461340 1056
1461350 1049
1461360 1049
1461370 1043
1461380 1037
1461390 1037
1461400 1031
1461410 1027
1461420 1027
1461430 1025
1461440 1029
1461450 1029
1461460 1039
1461470 1047
1461480 1051
1461490 1051
1461500 1054
1461510 1061
1461520 1061
1461530 1069
1461540 1079
1461550 1079
1461560 1089
1461570 1098
1461580 1098
1461590 1107
1461600 1116
1461610 1124
1461620 1124
1461630 1131
1461640 1139
1461650 1139
1461660 1149
1461670 1158
1461680 1158
1461690 1167
1461700 1176
1461710 1176
1461720 1184
1461730 1193
1461740 1193
1461750 1199
1461760 1203
1461770 1206
1461780 1206
1461790 1209
1461800 1211
1461810 1211
1461820 1213
1461830 1215
1461840 1215
1461850 1217
1461860 1219
1461870 1219
1461880 1221
1461890 1223
1461900 1223
1461910 1225
1461920 1226
1461930 1227
1461940 1227
1461950 1229
1461960 1232
1461970 1232
1461980 1234
1461990 1237
1462000 1237
1462010 1238
1462020 1238
1462030 1238
1462040 1239
1462050 1243
1462060 1243
1462070 1246
1462080 1249
1462090 1252
1462100 1252
1462110 1254
1462120 1256
1462130 1256
1462140 1258
1462150 1260
1462160 1260
1462170 1262
1462180 1264
1462190 1264
1462200 1266
1462210 1268
1462220 1268
1462230 1270
1462240 1272
1462250 1273
1462260 1273
1462270 1273
1462280 1272
1462290 1272
1462300 1272
1462310 1271
1462320 1271
1462330 1272
1462340 1273
1462350 1273
1462360 1274
1462370 1274
1462380 1274
1462390 1274
1462400 1275
1462410 1276
1462420 1276
1462430 1278
1462440 1279
1462450 1279
1462460 1279
1462470 1280
1462480 1280
1462490 1281
1462500 1283
1462510 1283
1462520 1285
1462530 1285
1462540 1285
1462550 1287
1462560 1289
1462570 1291
1462580 1291
1462590 1293
1462600 1294
1462610 1294
1462620 1295
1462630 1297
1462640 1297
1462650 1299
1462660 1300
1462670 1300
1462680 1300
1462690 1300
1462700 1300
1462710 1299
1462720 1299
1462730 1299
1462740 1299
1462750 1300
1462760 1300
1462770 1300
1462780 1300
1462790 1299
1462800 1299
1462810 1297
1462820 1296
1462830 1296
1462840 1296
1462850 1296
1462860 1296
1462870 1296
1462880 1295
1462890 1292
1462900 1292
1462910 1292
1462920 1291
1462930 1291
1462940 1290
1462950 1289
1462960 1289
1462970 1288
1462980 1288
1462990 1288
1463000 1289
1463010 1289
1463020 1289
1463030 1289
1463040 1290
1463050 1292
1463060 1292
1463070 1293
1463080 1294
1463090 1294
1463100 1295
1463110 1296
1463120 1296
1463130 1296
1463140 1295
1463150 1295
1463160 1293
1463170 1292
1463180 1292
1463190 1290
1463200 1289
1463210 1287
1463220 1287
1463230 1286
1463240 1284
1463250 1284
1463260 1283
1463270 1282
1463280 1282
1463290 1281
1463300 1280
1463310 1280
1463320 1280
1463330 1278
1463340 1275
1463350 1275
1463360 1272
1463370 1268
1463380 1268
1463390 1264
1463400 1260
1463410 1260
1463420 1256
1463430 1253
1463440 1253
1463450 1250
1463460 1247
1463470 1247
1463480 1244
1463490 1242
1463500 1240
1463510 1240
1463520 1237
1463530 1232
1463540 1232
1463550 1228
1463560 1223
1463570 1223
1463580 1219
1463590 1215
1463600 1215
1463610 1211
1463620 1208
1463630 1208
1463640 1205
1463650 1202
1463660 1200
1463670 1200
1463680 1197
1463690 1195
1463700 1195
1463710 1191
1463720 1189
1463730 1189
1463740 1187
1463750 1184
1463760 1184
1463770 1181
1463780 1178
1463790 1178
1463800 1175
1463810 1173
1463820 1170
1463830 1170
1463840 1167
1463850 1165
1463860 1165
1463870 1162
1463880 1159
1463890 1159
1463900 1155
1463910 1151
1463920 1151
1463930 1146
1463940 1142
1463950 1142
1463960 1136
1463970 1129
1463980 1122
1463990 1122
1464000 1116
1464010 1109
1464020 1109
1464030 1102
1464040 1095
1464050 1095
1464060 1090
1464070 1085
1464080 1085
1464090 1080
1464100 1074
1464110 1074
1464120 1065
1464130 1059
1464140 1050
1464150 1050
1464160 1041
1464170 1032
1464180 1032
1464190 1023
1464200 1014
1464210 1014
1464220 1005
1464230 995
1464240 995
1464250 985
1464260 981
1464270 981
1464280 979
1464290 977
1464300 976
1464310 976
1464320 975
1464330 971
1464340 971
1464350 963
1464360 955
1464370 955
1464380 950
1464390 946
1464400 946
1464410 944
1464420 939
1464430 939
1464440 933
1464450 925
1464460 917
1464470 917
1464480 909
1464490 900
1464500 900
1464510 889
1464520 880
1464530 880
1464540 871
1464550 862
1464560 862
1464570 854
1464580 845
1464590 845
1464600 836
1464610 826
1464620 819
1464630 819
1464640 831
1464650 839
1464660 839
1464670 843
1464680 844
1464690 844
1464700 847
1464710 841
1464720 841
1464730 831
1464740 829
1464750 829
1464760 831
1464770 827
1464780 822
1464790 822
1464800 820
1464810 820
1464820 820
1464830 818
1464840 810
1464850 810
1464860 808
1464870 809
1464880 809
1464890 809
1464900 804
1464910 803
1464920 803
1464930 805
1464940 807
1464950 807
1464960 799
1464970 791
1464980 791
1464990 786
1465000 784
1465010 784
1465020 789
1465030 801
1465040 801
1465050 810
1465060 819
1465070 828
1465080 828
1465090 838
1465100 849
1465110 849
1465120 856
1465130 863
1465140 863
1465150 872
1465160 885
1465170 885
1465180 899
1465190 915
1465200 915
1465210 921
1465220 922
1465230 922
1465240 922
1465250 922
1465260 922
1465270 922
1465280 923
1465290 924
1465300 924
1465310 924
1465320 924
1465330 924
1465340 924
1465350 924
1465360 924
1465370 925
1465380 926
1465390 927
1465400 927
1465410 926
1465420 924
1465430 924
1465440 921
1465450 921
1465460 921
1465470 921
1465480 920
1465490 920
1465500 920
1465510 921
1465520 921
1465530 920
1465540 919
1465550 919
1465560 919
1465570 917
1465580 917
1465590 917
1465600 918
1465610 918
1465620 918
1465630 919
1465640 919
1465650 919
1465660 919
1465670 919
1465680 919
1465690 921
1465700 920
1465710 921
1465720 921
1465730 922
1465740 923
1465750 923
1465760 923
1465770 923
1465780 923
1465790 923
1465800 923
1465810 923
1465820 924
1465830 923
1465840 923
1465850 923
1465860 923
1465870 923
1465880 923
1465890 922
1465900 921
1465910 921
1465920 919
1465930 918
1465940 918
1465950 915
1465960 913
1465970 913
1465980 912
1465990 909
1466000 909
1466010 906
1466020 904
1466030 900
1466040 900
1466050 900
1466060 899
1466070 899
1466080 899
1466090 898
1466100 898
1466110 896
1466120 894
1466130 894
1466140 893
1466150 893
1466160 893
1466170 892
1466180 891
1466190 889
1466200 889
1466210 888
1466220 887
1466230 887
1466240 887
1466250 886
1466260 886
1466270 885
1466280 884
1466290 884
1466300 882
1466310 880
1466320 880
1466330 878
1466340 877
1466350 876
1466360 876
1466370 876
1466380 875
1466390 875
1466400 875
1466410 874
1466420 874
1466430 874
1466440 874
1466450 874
1466460 873
1466470 873
1466480 873
1466490 873
1466500 872
1466510 872
1466520 872
1466530 870
1466540 868
1466550 868
1466560 866
1466570 863
1466580 863
1466590 858
1466600 853
1466610 853
1466620 850
1466630 847
1466640 844
1466650 844
1466660 842
1466670 842
1466680 842
1466690 846
1466700 848
1466710 848
1466720 851
1466730 852
1466740 852
1466750 853
1466760 852
1466770 852
1466780 851
1466790 850
1466800 849
1466810 849
1466820 847
1466830 846
1466840 846
1466850 845
1466860 843
1466870 843
1466880 843
1466890 843
1466900 843
1466910 844
1466920 846
1466930 846
1466940 849
1466950 853
1466960 854
1466970 854
1466980 855
1466990 854
1467000 854
1467010 853
1467020 853
1467030 853
1467040 853
1467050 853
1467060 853
1467070 853
1467080 852
1467090 852
1467100 850
1467110 847
1467120 846
1467130 846
1467140 847
1467150 847
1467160 847
1467170 847
1467180 847
1467190 847
1467200 847
1467210 847
1467220 847
1467230 848
1467240 849
1467250 849
1467260 851
1467270 852
1467280 853
1467290 853
1467300 854
1467310 854
1467320 854
1467330 854
1467340 852
1467350 852
1467360 852
1467370 852
1467380 852
1467390 851
1467400 850
1467410 850
1467420 849
1467430 849
1467440 847
1467450 847
1467460 846
1467470 844
1467480 844
1467490 844
1467500 844
1467510 844
1467520 843
1467530 842
1467540 842
1467550 843
1467560 844
1467570 844
1467580 844
1467590 843
1467600 844
1467610 844
1467620 846
1467630 848
1467640 848
1467650 850
1467660 851
1467670 851
1467680 852
1467690 852
1467700 852
1467710 852
1467720 851
1467730 851
1467740 848
1467750 846
1467760 844
1467770 844
1467780 842
1467790 843
1467800 843
1467810 845
1467820 847
1467830 847
1467840 846
1467850 842
1467860 842
1467870 838
1467880 835
1467890 835
1467900 832
1467910 830
1467920 829
1467930 829
1467940 828
1467950 827
1467960 827
1467970 825
1467980 822
1467990 822
1468000 816
1468010 809
1468020 809
1468030 794
1468040 778
1468050 778
1468060 769
1468070 756
1468080 742
1468090 742
1468100 727
1468110 722
1468120 722
1468130 726
1468140 743
1468150 743
1468160 775
1468170 791
1468180 791
1468190 803
1468200 824
1468210 840
1468220 840
1468230 842
1468240 842
1468250 842
1468260 840
1468270 837
1468280 837
1468290 837
1468300 839
1468310 839
1468320 841
1468330 832
1468340 832
1468350 827
1468360 827
1468370 826
1468380 826
1468390 824
1468400 823
1468410 823
1468420 823
1468430 821
1468440 821
1468450 817
1468460 814
1468470 814
1468480 811
1468490 811
1468500 811
1468510 808
1468520 806
1468530 805
1468540 805
1468550 804
1468560 803
1468570 803
1468580 802
1468590 801
1468600 801
1468610 800
1468620 800
1468630 800
1468640 801
1468650 802
1468660 802
1468670 804
1468680 806
1468690 807
1468700 807
1468710 809
1468720 811
1468730 811
1468740 812
1468750 813
1468760 813
1468770 813
1468780 813
1468790 813
1468800 812
1468810 815
1468820 815
1468830 816
1468840 817
1468850 818
1468860 818
1468870 820
1468880 823
1468890 823
1468900 824
1468910 824
1468920 824
1468930 823
1468940 820
1468950 820
1468960 817
1468970 817
1468980 817
1468990 812
1469000 810
1469010 811
1469020 811
1469030 811
1469040 811
1469050 811
1469060 810
1469070 806
1469080 806
1469090 802
1469100 803
1469110 803
1469120 802
1469130 800
1469140 800
1469150 799
1469160 798
1469170 796
1469180 796
1469190 793
1469200 791
1469210 791
1469220 791
1469230 789
1469240 789
1469250 788
1469260 788
1469270 788
1469280 788
1469290 785
1469300 785
1469310 782
1469320 779
1469330 777
1469340 777
1469350 775
1469360 772
1469370 772
1469380 764
1469390 754
1469400 754
1469410 750
1469420 746
1469430 746
1469440 745
1469450 741
1469460 741
1469470 737
1469480 737
1469490 741
1469500 741
1469510 744
1469520 745
1469530 745
1469540 743
1469550 741
1469560 741
1469570 739
1469580 737
1469590 737
1469600 736
1469610 734
1469620 734
1469630 732
1469640 730
1469650 727
1469660 727
1469670 725
1469680 721
1469690 721
1469700 719
1469710 717
1469720 717
1469730 710
1469740 705
1469750 705
1469760 703
1469770 702
1469780 702
1469790 702
1469800 702
1469810 700
1469820 700
1469830 698
1469840 696
1469850 696
1469860 695
1469870 693
1469880 693
1469890 691
1469900 690
1469910 690
1469920 690
1469930 687
1469940 684
1469950 684
1469960 683
1469970 682
1469980 682
1469990 680
1470000 682
1470010 682
1470020 686
1470030 687
1470040 687
1470050 686
1470060 685
1470070 685
1470080 682
1470090 676
1470100 672
1470110 672
1470120 672
1470130 671
1470140 671
1470150 669
1470160 668
1470170 668
1470180 666
1470190 667
1470200 667
1470210 667
1470220 667
1470230 667
1470240 668
1470250 668
1470260 666
1470270 666
1470280 665
1470290 666
1470300 666
1470310 666
1470320 665
1470330 665
1470340 664
1470350 668
1470360 668
1470370 667
1470380 663
1470390 663
1470400 661
1470410 663
1470420 666
1470430 666
1470440 665
1470450 662
1470460 662
1470470 661
1470480 664
1470490 664
1470500 666
1470510 669
1470520 669
1470530 671
1470540 669
1470550 669
1470560 668
1470570 668
1470580 667
1470590 667
1470600 666
1470610 666
1470620 666
1470630 666
1470640 667
1470650 667
1470660 668
1470670 668
1470680 668
1470690 668
1470700 668
1470710 668
1470720 667
1470730 667
1470740 667
1470750 667
1470760 667
1470770 667
1470780 667
1470790 667
1470800 666
1470810 666
1470820 666
1470830 666
1470840 666
1470850 665
1470860 663
1470870 663
1470880 660
1470890 658
1470900 656
1470910 656
1470920 654
1470930 654
1470940 654
1470950 654
1470960 648
1470970 648
1470980 641
1470990 637
1471000 637
1471010 638
1471020 638
1471030 638
1471040 637
1471050 636
1471060 635
1471070 635
1471080 634
1471090 634
1471100 634
1471110 633
1471120 633
1471130 633
1471140 632
1471150 632
1471160 632
1471170 631
1471180 630
1471190 630
1471200 629
1471210 628
1471220 628
1471230 628
1471240 628
1471250 627
1471260 627
1471270 627
1471280 627
1471290 627
1471300 628
1471310 628
1471320 628
1471330 628
1471340 629
1471350 629
1471360 629
1471370 633
1471380 639
1471390 639
1471400 646
1471410 651
1471420 651
1471430 652
1471440 652
1471450 652
1471460 649
1471470 644
1471480 644
1471490 639
1471500 634
1471510 629
1471520 629
1471530 626
1471540 622
1471550 622
1471560 620
1471570 619
1471580 619
1471590 617
1471600 616
1471610 616
1471620 615
1471630 613
1471640 613
1471650 612
1471660 610
1471670 610
1471680 610
1471690 609
1471700 607
1471710 607
1471720 603
1471730 602
1471740 602
1471750 602
1471760 602
1471770 602
1471780 602
1471790 602
1471800 602
1471810 602
1471820 602
1471830 602
1471840 602
1471850 602
1471860 602
1471870 602
1471880 602
1471890 601
1471900 601
1471910 601
1471920 601
1471930 601
1471940 601
1471950 601
1471960 601
1471970 601
1471980 601
1471990 601
1472000 601
1472010 601
1472020 601
1472030 601
1472040 601
1472050 601
1472060 601
1472070 601
1472080 601
1472090 601
1472100 601
1472110 601
1472120 601
1472130 601
1472140 601
1472150 601
1472160 601
1472170 601
1472180 601
1472190 601
1472200 601
1472210 601
1472220 601
1472230 601
1472240 601
1472250 601
1472260 600
1472270 600
1472280 600
1472290 600
1472300 600
1472310 600
1472320 600
1472330 600
1472340 600
1472350 600
1472360 600
1472370 600
1472380 600
1472390 600
1472400 600
1472410 600
1472420 600
1472430 600
1472440 600
1472450 600
1472460 600
1472470 600
1472480 600
1472490 600
1472500 599
1472510 599
1472520 599
1472530 599
1472540 599
1472550 599
1472560 599
1472570 599
1472580 599
1472590 599
1472600 599
1472610 599
1472620 599
1472630 599
1472640 599
1472650 599
1472660 599
1472670 599
1472680 599
1472690 599
1472700 599
1472710 599
1472720 599
1472730 599
1472740 599
1472750 599
1472760 599
1472770 599
1472780 599
1472790 599
1472800 599
1472810 599
1472820 599
1472830 599
1472840 599
1472850 599
1472860 599
1472870 599
1472880 599
1472890 599
1472900 599
1472910 599
1472920 599
1472930 599
1472940 599
1472950 599
1472960 599
1472970 599
1472980 599
1472990 599
1473000 599
1473010 599
1473020 599
1473030 599
1473040 598
1473050 598
1473060 599
1473070 599
1473080 599
1473090 599
1473100 598
1473110 598
1473120 598
1473130 598
1473140 598
1473150 598
1473160 598
1473170 598
1473180 598
1473190 598
1473200 598
1473210 598
1473220 598
1473230 598
1473240 598
1473250 598
1473260 598
1473270 598
1473280 598
1473290 598
1473300 598
1473310 598
1473320 598
1473330 598
1473340 598
1473350 598
1473360 598
1473370 598
1473380 598
1473390 598
1473400 598
1473410 598
1473420 598
1473430 598
1473440 598
1473450 598
1473460 598
1473470 598
1473480 598
1473490 598
1473500 598
1473510 598
1473520 598
1473530 598
1473540 598
1473550 598
1473560 598
1473570 598
1473580 598
1473590 598
1473600 598
1473610 598
1473620 598
1473630 598
1473640 598
1473650 598
1473660 598
1473670 598
1473680 598
1473690 598
1473700 598
1473710 598
1473720 598
1473730 598
1473740 598
1473750 598
1473760 598
1473770 598
1473780 598
1473790 598
1473800 598
1473810 598
1473820 598
1473830 598
1473840 598
1473850 598
1473860 598
1473870 598
1473880 598
1473890 598
1473900 598
1473910 598
1473920 598
1473930 598
1473940 598
1473950 598
1473960 598
1473970 598
1473980 598
1473990 598
1474000 598
1474010 598
1474020 598
1474030 598
1474040 598
1474050 598
1474060 597
1474070 598
1474080 598
1474090 598
1474100 598
1474110 598
1474120 598
1474130 598
1474140 598
1474150 598
1474160 598
1474170 598
1474180 598
1474190 598
1474200 598
1474210 598
1474220 598
1474230 598
1474240 598
1474250 598
1474260 598
1474270 598
1474280 598
1474290 598
1474300 598
1474310 598
1474320 598
1474330 598
1474340 598
1474350 598
1474360 598
1474370 598
1474380 598
1474390 598
1474400 598
1474410 598
1474420 598
1474430 598
1474440 598
1474450 597
1474460 597
1474470 597
1474480 597
1474490 597
1474500 598
1474510 598
1474520 598
1474530 598
1474540 597
1474550 597
1474560 597
1474570 597
1474580 597
1474590 597
1474600 597
1474610 597
1474620 597
1474630 597
1474640 597
1474650 597
1474660 597
1474670 597
1474680 597
1474690 597
1474700 597
1474710 597
1474720 597
1474730 597
1474740 597
1474750 597
1474760 597
1474770 597
1474780 597
1474790 597
1474800 597
1474810 597
1474820 597
1474830 597
1474840 597
1474850 597
1474860 597
1474870 596
1474880 596
1474890 598
1474900 600
1474910 600
1474920 601
1474930 601
1474940 601
1474950 600
1474960 599
1474970 599
1474980 599
1474990 598
1475000 597
1475010 597
1475020 597
1475030 597
1475040 597
1475050 598
1475060 598
1475070 598
1475080 598
1475090 598
1475100 598
1475110 598
1475120 598
1475130 598
1475140 598
1475150 598
1475160 598
1475170 598
1475180 598
1475190 598
1475200 598
1475210 599
1475220 599
1475230 599
1475240 599
1475250 599
1475260 599
1475270 600
1475280 600
1475290 600
1475300 600
1475310 600
1475320 600
1475330 600
1475340 600
1475350 600
1475360 600
1475370 600
1475380 600
1475390 600
1475400 600
1475410 600
1475420 600
1475430 600
1475440 600
1475450 600
1475460 600
1475470 600
1475480 600
1475490 600
1475500 600
1475510 601
1475520 601
1475530 601
1475540 601
1475550 601
1475560 601
1475570 601
1475580 601
1475590 602
1475600 602
1475610 602
1475620 602
1475630 602
1475640 602
1475650 602
1475660 602
1475670 602
1475680 602
1475690 602
1475700 602
1475710 602
1475720 602
1475730 602
1475740 602
1475750 602
1475760 602
1475770 602
1475780 602
1475790 602
1475800 602
1475810 602
1475820 602
1475830 602
1475840 602
1475850 602
1475860 602
1475870 602
1475880 602
1475890 602
1475900 602
1475910 602
1475920 602
1475930 602
1475940 602
1475950 602
1475960 602
1475970 602
1475980 602
1475990 602
1476000 602
1476010 602
1476020 602
1476030 602
1476040 602
1476050 602
1476060 602
1476070 603
1476080 604
1476090 605
1476100 605
1476110 605
1476120 604
1476130 604
1476140 602
1476150 601
1476160 601
1476170 601
1476180 601
1476190 601
1476200 602
1476210 603
1476220 603
1476230 603
1476240 603
1476250 604
1476260 604
1476270 604
1476280 604
1476290 604
1476300 604
1476310 603
1476320 603
1476330 603
1476340 603
1476350 603
1476360 603
1476370 603
1476380 603
1476390 603
1476400 602
1476410 602
1476420 602
1476430 602
1476440 602
1476450 602
1476460 602
1476470 602
1476480 602
1476490 601
1476500 601
1476510 601
1476520 601
1476530 601
1476540 601
1476550 601
1476560 600
1476570 602
1476580 602
1476590 602
1476600 600
1476610 600
1476620 600
1476630 600
1476640 600
1476650 599
1476660 599
1476670 599
1476680 599
1476690 599
1476700 599
1476710 599
1476720 599
1476730 599
1476740 599
1476750 599
1476760 599
1476770 599
1476780 599
1476790 599
1476800 599
1476810 599
1476820 598
1476830 598
1476840 598
1476850 598
1476860 598
1476870 598
1476880 598
1476890 598
1476900 598
1476910 598
1476920 597
1476930 597
1476940 597
1476950 597
1476960 597
1476970 597
1476980 597
1476990 597
1477000 597
1477010 597
1477020 597
1477030 597
1477040 597
1477050 597
1477060 597
1477070 597
1477080 596
1477090 596
1477100 596
1477110 596
1477120 596
1477130 596
1477140 596
1477150 596
1477160 596
1477170 596
1477180 596
1477190 596
1477200 595
1477210 595
1477220 595
1477230 595
1477240 595
1477250 595
1477260 595
1477270 595
1477280 595
1477290 595
1477300 595
1477310 595
1477320 595
1477330 595
1477340 595
1477350 595
1477360 595
1477370 595
1477380 595
1477390 594
1477400 594
1477410 594
1477420 594
1477430 594
1477440 594
1477450 594
1477460 594
1477470 594
1477480 594
1477490 594
1477500 594
1477510 594
1477520 594
1477530 594
1477540 594
1477550 594
1477560 594
1477570 594
1477580 594
1477590 593
1477600 593
1477610 593
1477620 594
1477630 594
1477640 594
1477650 594
1477660 593
1477670 593
1477680 593
1477690 593
1477700 593
1477710 593
1477720 593
1477730 593
1477740 593
1477750 593
1477760 593
1477770 593
1477780 593
1477790 593
1477800 593
1477810 593
1477820 593
1477830 593
1477840 593
1477850 593
1477860 593
1477870 593
1477880 593
1477890 593
1477900 593
1477910 593
1477920 593
1477930 593
1477940 593
1477950 593
1477960 593
1477970 593
1477980 593
1477990 593
1478000 593
1478010 593
1478020 593
1478030 593
1478040 593
1478050 593
1478060 593
1478070 593
1478080 593
1478090 593
1478100 593
1478110 593
1478120 593
1478130 593
1478140 593
1478150 593
1478160 593
1478170 593
1478180 593
1478190 593
1478200 593
1478210 593
1478220 593
1478230 593
1478240 593
1478250 593
1478260 593
1478270 593
1478280 593
1478290 593
1478300 593
1478310 593
1478320 593
1478330 593
1478340 593
1478350 593
1478360 593
1478370 593
1478380 593
1478390 593
1478400 593
1478410 593
1478420 593
1478430 593
1478440 593
1478450 593
1478460 593
1478470 593
1478480 593
1478490 593
1478500 593
1478510 593
1478520 593
1478530 593
1478540 593
1478550 593
1478560 593
1478570 593
1478580 593
1478590 592
1478600 592
1478610 592
1478620 592
1478630 592
1478640 593
1478650 593
1478660 593
1478670 593
1478680 593
1478690 593
1478700 593
1478710 593
1478720 593
1478730 593
1478740 593
1478750 593
1478760 593
1478770 593
1478780 593
1478790 593
1478800 593
1478810 593
1478820 593
1478830 593
1478840 593
1478850 593
1478860 593
1478870 593
1478880 593
1478890 593
1478900 593
1478910 593
1478920 593
1478930 593
1478940 593
1478950 593
1478960 593
1478970 593
1478980 593
1478990 593
1479000 593
1479010 593
1479020 593
1479030 593
1479040 593
1479050 593
1479060 593
1479070 593
1479080 593
1479090 593
1479100 597
1479110 597
1479120 600
1479130 597
1479140 597
1479150 594
1479160 593
1479170 593
1479180 593
1479190 593
1479200 593
1479210 593
1479220 593
1479230 593
1479240 593
1479250 593
1479260 594
1479270 594
1479280 594
1479290 594
1479300 594
1479310 594
1479320 594
1479330 594
1479340 594
1479350 594
1479360 594
1479370 594
1479380 594
1479390 594
1479400 594
1479410 594
1479420 594
1479430 594
1479440 594
1479450 594
1479460 594
1479470 594
1479480 594
1479490 594
1479500 594
1479510 594
1479520 594
1479530 594
1479540 594
1479550 594
1479560 594
1479570 593
1479580 593
1479590 593
1479600 593
1479610 593
1479620 593
1479630 593
1479640 593
1479650 593
1479660 593
1479670 593
1479680 593
1479690 593
1479700 593
1479710 593
1479720 593
1479730 593
1479740 593
1479750 593
1479760 593
1479770 593
1479780 593
1479790 593
1479800 593
1479810 593
1479820 593
1479830 593
1479840 593
1479850 593
1479860 593
1479870 593
1479880 593
1479890 593
1479900 593
1479910 593
1479920 593
1479930 593
1479940 593
1479950 594
1479960 594
1479970 594
1479980 594
1479990 593
