1460000 895
1460010 893
1460020 893
1460030 891
1460040 892
1460050 890
1460060 890
1460070 891
1460080 891
1460090 891
1460100 892
1460110 892
1460120 892
1460130 891
1460140 891
1460150 891
1460160 891
1460170 891
1460180 891
1460190 891
1460200 892
1460210 892
1460220 892
1460230 892
1460240 892
1460250 892
1460260 891
1460270 891
1460280 891
1460290 890
1460300 890
1460310 890
1460320 890
1460330 888
1460340 888
1460350 887
1460360 886
1460370 885
1460380 885
1460390 884
1460400 883
1460410 883
1460420 881
1460430 880
1460440 880
1460450 878
1460460 876
1460470 876
1460480 873
1460490 872
1460500 872
1460510 872
1460520 872
1460530 871
1460540 871
1460550 871
1460560 871
1460570 871
1460580 872
1460590 872
1460600 872
1460610 871
1460620 870
1460630 870
1460640 870
1460650 869
1460660 869
1460670 869
1460680 869
1460690 869
1460700 869
1460710 869
1460720 869
1460730 869
1460740 869
1460750 869
1460760 869
1460770 870
1460780 871
1460790 871
1460800 871
1460810 871
1460820 871
1460830 872
1460840 872
1460850 872
1460860 872
1460870 873
1460880 873
1460890 873
1460900 873
1460910 873
1460920 873
1460930 873
1460940 873
1460950 873
1460960 873
1460970 874
1460980 874
1460990 875
1461000 875
1461010 875
1461020 875
1461030 875
1461040 875
1461050 875
1461060 875
1461070 875
1461080 875
1461090 876
1461100 877
1461110 877
1461120 877
1461130 878
1461140 878
1461150 879
1461160 878
1461170 878
1461180 878
1461190 877
1461200 876
1461210 876
1461220 876
1461230 875
1461240 875
1461250 875
1461260 875
1461270 875
1461280 874
1461290 873
1461300 873
1461310 872
1461320 871
1461330 870
1461340 870
1461350 869
1461360 869
1461370 869
1461380 869
1461390 869
1461400 869
1461410 869
1461420 869
1461430 869
1461440 868
1461450 868
1461460 868
1461470 867
1461480 866
1461490 864
1461500 864
1461510 861
1461520 861
1461530 861
1461540 858
1461550 854
1461560 854
1461570 844
1461580 826
1461590 826
1461600 804
1461610 784
1461620 784
1461630 773
1461640 772
1461650 776
1461660 776
1461670 782
1461680 795
1461690 795
1461700 811
1461710 826
1461720 826
1461730 829
1461740 830
1461750 830
1461760 832
1461770 833
1461780 833
1461790 834
1461800 832
1461810 830
1461820 830
1461830 829
1461840 828
1461850 828
1461860 826
1461870 826
1461880 826
1461890 824
1461900 821
1461910 821
1461920 820
1461930 822
1461940 822
1461950 823
1461960 821
1461970 821
1461980 821
1461990 823
1462000 824
1462010 824
1462020 822
1462030 820
1462040 820
1462050 818
1462060 817
1462070 817
1462080 815
1462090 812
1462100 812
1462110 811
1462120 809
1462130 804
1462140 804
1462150 798
1462160 789
1462170 789
1462180 782
1462190 786
1462200 786
1462210 789
1462220 791
1462230 791
1462240 791
1462250 790
1462260 790
1462270 787
1462280 781
1462290 776
1462300 776
1462310 770
1462320 768
1462330 768
1462340 773
1462350 778
1462360 778
1462370 781
1462380 783
1462390 783
1462400 784
1462410 786
1462420 787
1462430 787
1462440 789
1462450 790
1462460 790
1462470 790
1462480 791
1462490 791
1462500 790
1462510 788
1462520 788
1462530 785
1462540 781
1462550 781
1462560 782
1462570 786
1462580 788
1462590 788
1462600 790
1462610 791
1462620 791
1462630 793
1462640 793
1462650 793
1462660 794
1462670 794
1462680 794
1462690 794
1462700 794
1462710 794
1462720 794
1462730 794
1462740 795
1462750 795
1462760 794
1462770 793
1462780 793
1462790 788
1462800 786
1462810 786
1462820 789
1462830 790
1462840 790
1462850 788
1462860 784
1462870 784
1462880 779
1462890 777
1462900 780
1462910 780
1462920 782
1462930 781
1462940 781
1462950 779
1462960 779
1462970 779
1462980 777
1462990 772
1463000 772
1463010 767
1463020 764
1463030 764
1463040 764
1463050 763
1463060 759
1463070 759
1463080 751
1463090 745
1463100 745
1463110 740
1463120 736
1463130 736
1463140 740
1463150 744
1463160 744
1463170 744
1463180 742
1463190 742
1463200 739
1463210 738
1463220 738
1463230 738
1463240 737
1463250 733
1463260 733
1463270 731
1463280 730
1463290 730
1463300 728
1463310 724
1463320 724
1463330 716
1463340 720
1463350 720
1463360 721
1463370 718
1463380 715
1463390 715
1463400 710
1463410 707
1463420 707
1463430 704
1463440 702
1463450 702
1463460 701
1463470 698
1463480 698
1463490 695
1463500 693
1463510 693
1463520 691
1463530 691
1463540 690
1463550 690
1463560 690
1463570 694
1463580 694
1463590 694
1463600 694
1463610 694
1463620 694
1463630 693
1463640 693
1463650 692
1463660 692
1463670 692
1463680 691
1463690 690
1463700 689
1463710 689
1463720 688
1463730 687
1463740 687
1463750 686
1463760 685
1463770 685
1463780 685
1463790 685
1463800 685
1463810 686
1463820 686
1463830 686
1463840 689
1463850 688
1463860 687
1463870 687
1463880 687
1463890 686
1463900 686
1463910 686
1463920 686
1463930 686
1463940 685
1463950 685
1463960 685
1463970 684
1463980 684
1463990 684
1464000 684
1464010 686
1464020 689
1464030 689
1464040 689
1464050 689
1464060 689
1464070 688
1464080 684
1464090 684
1464100 678
1464110 674
1464120 674
1464130 672
1464140 671
1464150 671
1464160 670
1464170 668
1464180 667
1464190 667
1464200 666
1464210 665
1464220 665
1464230 664
1464240 663
1464250 663
1464260 662
1464270 661
1464280 661
1464290 661
1464300 661
1464310 661
1464320 661
1464330 660
1464340 660
1464350 660
1464360 659
1464370 658
1464380 658
1464390 657
1464400 656
1464410 656
1464420 655
1464430 656
1464440 656
1464450 656
1464460 657
1464470 657
1464480 657
1464490 658
1464500 664
1464510 664
1464520 670
1464530 671
1464540 671
1464550 671
1464560 672
1464570 672
1464580 672
1464590 674
1464600 674
1464610 680
1464620 681
1464630 681
1464640 680
1464650 680
1464660 679
1464670 679
1464680 677
1464690 676
1464700 676
1464710 675
1464720 673
1464730 673
1464740 672
1464750 671
1464760 671
1464770 671
1464780 671
1464790 671
1464800 670
1464810 670
1464820 669
1464830 669
1464840 670
1464850 670
1464860 670
1464870 670
1464880 669
1464890 669
1464900 668
1464910 665
1464920 665
1464930 664
1464940 661
1464950 660
1464960 660
1464970 659
1464980 659
1464990 659
1465000 658
1465010 657
1465020 657
1465030 656
1465040 655
1465050 655
1465060 654
1465070 654
1465080 654
1465090 653
1465100 652
1465110 651
1465120 651
1465130 650
1465140 648
1465150 648
1465160 644
1465170 644
1465180 644
1465190 644
1465200 644
1465210 644
1465220 645
1465230 645
1465240 645
1465250 644
1465260 645
1465270 645
1465280 645
1465290 646
1465300 646
1465310 646
1465320 646
1465330 647
1465340 647
1465350 647
1465360 647
1465370 647
1465380 647
1465390 648
1465400 648
1465410 649
1465420 649
1465430 650
1465440 650
1465450 648
1465460 648
1465470 648
1465480 648
1465490 649
1465500 649
1465510 649
1465520 651
1465530 651
1465540 652
1465550 650
1465560 650
1465570 649
1465580 649
1465590 649
1465600 649
1465610 649
1465620 649
1465630 649
1465640 649
1465650 652
1465660 652
1465670 649
1465680 647
1465690 647
1465700 651
1465710 651
1465720 651
1465730 649
1465740 648
1465750 648
1465760 648
1465770 648
1465780 647
1465790 647
1465800 647
1465810 647
1465820 647
1465830 646
1465840 646
1465850 646
1465860 646
1465870 646
1465880 646
1465890 645
1465900 645
1465910 644
1465920 644
1465930 644
1465940 644
1465950 644
1465960 645
1465970 644
1465980 644
1465990 644
1466000 643
1466010 643
1466020 642
1466030 642
1466040 642
1466050 642
1466060 642
1466070 641
1466080 641
1466090 641
1466100 640
1466110 640
1466120 640
1466130 640
1466140 640
1466150 640
1466160 639
1466170 639
1466180 639
1466190 639
1466200 639
1466210 639
1466220 638
1466230 638
1466240 638
1466250 638
1466260 638
1466270 638
1466280 638
1466290 637
1466300 637
1466310 637
1466320 637
1466330 637
1466340 636
1466350 636
1466360 636
1466370 635
1466380 635
1466390 635
1466400 635
1466410 634
1466420 634
1466430 634
1466440 634
1466450 633
1466460 633
1466470 633
1466480 633
1466490 633
1466500 632
1466510 632
1466520 632
1466530 632
1466540 631
1466550 631
1466560 631
1466570 630
1466580 630
1466590 630
1466600 629
1466610 629
1466620 629
1466630 629
1466640 629
1466650 629
1466660 629
1466670 628
1466680 628
1466690 628
1466700 628
1466710 627
1466720 627
1466730 627
1466740 627
1466750 627
1466760 626
1466770 625
1466780 625
1466790 625
1466800 625
1466810 625
1466820 624
1466830 623
1466840 623
1466850 623
1466860 622
1466870 622
1466880 622
1466890 621
1466900 621
1466910 621
1466920 621
1466930 620
1466940 620
1466950 620
1466960 620
1466970 620
1466980 619
1466990 619
1467000 619
1467010 618
1467020 618
1467030 618
1467040 618
1467050 618
1467060 618
1467070 618
1467080 618
1467090 619
1467100 619
1467110 619
1467120 619
1467130 619
1467140 620
1467150 620
1467160 620
1467170 621
1467180 621
1467190 621
1467200 621
1467210 621
1467220 622
1467230 622
1467240 623
1467250 625
1467260 625
1467270 623
1467280 623
1467290 623
1467300 623
1467310 624
1467320 624
1467330 623
1467340 623
1467350 623
1467360 623
1467370 623
1467380 623
1467390 623
1467400 623
1467410 623
1467420 623
1467430 623
1467440 623
1467450 623
1467460 624
1467470 624
1467480 623
1467490 623
1467500 624
1467510 624
1467520 624
1467530 624
1467540 624
1467550 624
1467560 624
1467570 624
1467580 624
1467590 624
1467600 624
1467610 624
1467620 624
1467630 625
1467640 625
1467650 625
1467660 624
1467670 624
1467680 624
1467690 624
1467700 624
1467710 624
1467720 624
1467730 624
1467740 624
1467750 625
1467760 625
1467770 625
1467780 624
1467790 625
1467800 625
1467810 625
1467820 625
1467830 625
1467840 625
1467850 624
1467860 623
1467870 623
1467880 623
1467890 622
1467900 622
1467910 622
1467920 621
1467930 621
1467940 621
1467950 621
1467960 621
1467970 621
1467980 621
1467990 621
1468000 621
1468010 620
1468020 620
1468030 620
1468040 620
1468050 620
1468060 620
1468070 620
1468080 620
1468090 620
1468100 620
1468110 619
1468120 619
1468130 619
1468140 619
1468150 619
1468160 619
1468170 618
1468180 618
1468190 618
1468200 618
1468210 617
1468220 617
1468230 616
1468240 615
1468250 615
1468260 615
1468270 614
1468280 613
1468290 613
1468300 613
1468310 612
1468320 612
1468330 612
1468340 612
1468350 612
1468360 612
1468370 612
1468380 612
1468390 612
1468400 612
1468410 612
1468420 612
1468430 612
1468440 612
1468450 612
1468460 613
1468470 613
1468480 613
1468490 614
1468500 613
1468510 613
1468520 611
1468530 610
1468540 610
1468550 610
1468560 610
1468570 610
1468580 610
1468590 610
1468600 611
1468610 611
1468620 613
1468630 614
1468640 614
1468650 615
1468660 615
1468670 615
1468680 613
1468690 612
1468700 612
1468710 612
1468720 611
1468730 611
1468740 611
1468750 611
1468760 611
1468770 611
1468780 611
1468790 611
1468800 611
1468810 611
1468820 611
1468830 611
1468840 611
1468850 611
1468860 611
1468870 611
1468880 611
1468890 611
1468900 610
1468910 610
1468920 610
1468930 610
1468940 610
1468950 610
1468960 610
1468970 610
1468980 610
1468990 610
1469000 610
1469010 610
1469020 610
1469030 610
1469040 610
1469050 610
1469060 610
1469070 610
1469080 610
1469090 610
1469100 610
1469110 610
1469120 610
1469130 609
1469140 609
1469150 609
1469160 609
1469170 609
1469180 609
1469190 609
1469200 609
1469210 609
1469220 609
1469230 609
1469240 609
1469250 609
1469260 609
1469270 609
1469280 609
1469290 609
1469300 609
1469310 609
1469320 609
1469330 609
1469340 609
1469350 608
1469360 608
1469370 608
1469380 608
1469390 608
1469400 608
1469410 608
1469420 608
1469430 608
1469440 608
1469450 608
1469460 608
1469470 608
1469480 608
1469490 608
1469500 608
1469510 608
1469520 608
1469530 608
1469540 608
1469550 608
1469560 608
1469570 608
1469580 608
1469590 608
1469600 608
1469610 608
1469620 608
1469630 608
1469640 608
1469650 608
1469660 608
1469670 608
1469680 608
1469690 608
1469700 607
1469710 607
1469720 607
1469730 607
1469740 607
1469750 607
1469760 607
1469770 607
1469780 607
1469790 607
1469800 607
1469810 607
1469820 607
1469830 607
1469840 607
1469850 607
1469860 607
1469870 607
1469880 607
1469890 607
1469900 607
1469910 607
1469920 607
1469930 607
1469940 607
1469950 607
1469960 607
1469970 607
1469980 607
1469990 607
1470000 606
1470010 606
1470020 606
1470030 606
1470040 606
1470050 606
1470060 606
1470070 606
1470080 606
1470090 606
1470100 606
1470110 606
1470120 606
1470130 606
1470140 606
1470150 606
1470160 606
1470170 606
1470180 606
1470190 606
1470200 606
1470210 606
1470220 606
1470230 606
1470240 606
1470250 606
1470260 606
1470270 606
1470280 605
1470290 606
1470300 606
1470310 605
1470320 605
1470330 605
1470340 605
1470350 605
1470360 605
1470370 605
1470380 605
1470390 605
1470400 605
1470410 605
1470420 605
1470430 605
1470440 605
1470450 604
1470460 604
1470470 604
1470480 604
1470490 604
1470500 604
1470510 604
1470520 604
1470530 604
1470540 604
1470550 604
1470560 604
1470570 604
1470580 604
1470590 604
1470600 604
1470610 604
1470620 604
1470630 604
1470640 604
1470650 604
1470660 604
1470670 604
1470680 604
1470690 604
1470700 604
1470710 604
1470720 604
1470730 604
1470740 604
1470750 604
1470760 604
1470770 604
1470780 604
1470790 604
1470800 604
1470810 604
1470820 604
1470830 604
1470840 604
1470850 604
1470860 604
1470870 604
1470880 604
1470890 604
1470900 604
1470910 604
1470920 604
1470930 604
1470940 604
1470950 604
1470960 604
1470970 604
1470980 604
1470990 604
1471000 603
1471010 603
1471020 603
1471030 603
1471040 603
1471050 603
1471060 603
1471070 603
1471080 603
1471090 603
1471100 603
1471110 603
1471120 603
1471130 603
1471140 603
1471150 603
1471160 603
1471170 603
1471180 603
1471190 603
1471200 603
1471210 603
1471220 603
1471230 603
1471240 603
1471250 603
1471260 603
1471270 603
1471280 603
1471290 603
1471300 603
1471310 603
1471320 603
1471330 603
1471340 603
1471350 603
1471360 603
1471370 603
1471380 603
1471390 603
1471400 603
1471410 602
1471420 602
1471430 602
1471440 602
1471450 602
1471460 602
1471470 602
1471480 602
1471490 602
1471500 602
1471510 602
1471520 602
1471530 602
1471540 602
1471550 602
1471560 602
1471570 602
1471580 602
1471590 602
1471600 602
1471610 602
1471620 602
1471630 602
1471640 602
1471650 602
1471660 602
1471670 602
1471680 602
1471690 602
1471700 602
1471710 602
1471720 602
1471730 602
1471740 602
1471750 602
1471760 602
1471770 602
1471780 602
1471790 602
1471800 602
1471810 602
1471820 602
1471830 602
1471840 602
1471850 602
1471860 602
1471870 602
1471880 602
1471890 602
1471900 602
1471910 602
1471920 602
1471930 602
1471940 602
1471950 602
1471960 602
1471970 602
1471980 602
1471990 602
1472000 602
1472010 602
1472020 602
1472030 602
1472040 602
1472050 602
1472060 602
1472070 601
1472080 601
1472090 601
1472100 601
1472110 601
1472120 602
1472130 602
1472140 602
1472150 602
1472160 602
1472170 602
1472180 602
1472190 602
1472200 602
1472210 602
1472220 601
1472230 601
1472240 601
1472250 601
1472260 601
1472270 601
1472280 601
1472290 601
1472300 601
1472310 601
1472320 601
1472330 601
1472340 601
1472350 601
1472360 601
1472370 601
1472380 601
1472390 601
1472400 601
1472410 601
1472420 601
1472430 601
1472440 601
1472450 601
1472460 601
1472470 601
1472480 601
1472490 601
1472500 601
1472510 601
1472520 601
1472530 601
1472540 601
1472550 601
1472560 601
1472570 601
1472580 601
1472590 601
1472600 601
1472610 601
1472620 601
1472630 601
1472640 601
1472650 601
1472660 601
1472670 601
1472680 601
1472690 601
1472700 601
1472710 601
1472720 601
1472730 601
1472740 601
1472750 601
1472760 601
1472770 601
1472780 601
1472790 601
1472800 601
1472810 601
1472820 601
1472830 601
1472840 601
1472850 601
1472860 601
1472870 601
1472880 600
1472890 600
1472900 600
1472910 599
1472920 599
1472930 599
1472940 600
1472950 600
1472960 600
1472970 601
1472980 601
1472990 601
1473000 601
1473010 600
1473020 600
1473030 600
1473040 600
1473050 600
1473060 600
1473070 600
1473080 600
1473090 600
1473100 600
1473110 600
1473120 600
1473130 600
1473140 600
1473150 600
1473160 600
1473170 600
1473180 600
1473190 600
1473200 600
1473210 601
1473220 601
1473230 601
1473240 602
1473250 602
1473260 602
1473270 602
1473280 602
1473290 602
1473300 602
1473310 602
1473320 602
1473330 601
1473340 601
1473350 601
1473360 601
1473370 601
1473380 601
1473390 601
1473400 600
1473410 600
1473420 600
1473430 600
1473440 600
1473450 600
1473460 600
1473470 600
1473480 600
1473490 600
1473500 600
1473510 600
1473520 600
1473530 600
1473540 600
1473550 599
1473560 599
1473570 599
1473580 599
1473590 599
1473600 599
1473610 599
1473620 599
1473630 599
1473640 599
1473650 599
1473660 599
1473670 599
1473680 599
1473690 599
1473700 599
1473710 599
1473720 599
1473730 599
1473740 599
1473750 599
1473760 599
1473770 599
1473780 599
1473790 599
1473800 599
1473810 599
1473820 599
1473830 599
1473840 599
1473850 599
1473860 599
1473870 599
1473880 599
1473890 599
1473900 599
1473910 599
1473920 599
1473930 599
1473940 599
1473950 599
1473960 599
1473970 599
1473980 599
1473990 599
1474000 599
1474010 599
1474020 599
1474030 599
1474040 599
1474050 599
1474060 598
1474070 598
1474080 598
1474090 598
1474100 598
1474110 598
1474120 599
1474130 599
1474140 599
1474150 599
1474160 599
1474170 599
1474180 599
1474190 599
1474200 599
1474210 599
1474220 599
1474230 599
1474240 599
1474250 599
1474260 600
1474270 600
1474280 601
1474290 602
1474300 602
1474310 602
1474320 603
1474330 604
1474340 604
1474350 606
1474360 609
1474370 609
1474380 611
1474390 613
1474400 613
1474410 613
1474420 615
1474430 615
1474440 617
1474450 618
1474460 619
1474470 619
1474480 620
1474490 620
1474500 620
1474510 622
1474520 624
1474530 624
1474540 625
1474550 626
1474560 626
1474570 626
1474580 628
1474590 630
1474600 630
1474610 634
1474620 636
1474630 636
1474640 638
1474650 642
1474660 642
1474670 645
1474680 646
1474690 646
1474700 648
1474710 649
1474720 649
1474730 650
1474740 652
1474750 653
1474760 653
1474770 655
1474780 655
1474790 655
1474800 656
1474810 657
1474820 657
1474830 658
1474840 659
1474850 659
1474860 660
1474870 661
1474880 661
1474890 661
1474900 662
1474910 663
1474920 663
1474930 663
1474940 664
1474950 664
1474960 667
1474970 669
1474980 669
1474990 667
1475000 667
1475010 667
1475020 669
1475030 673
1475040 673
1475050 675
1475060 675
1475070 676
1475080 676
1475090 676
1475100 678
1475110 678
1475120 679
1475130 680
1475140 680
1475150 681
1475160 681
1475170 681
1475180 681
1475190 678
1475200 678
1475210 671
1475220 668
1475230 665
1475240 665
1475250 661
1475260 655
1475270 655
1475280 647
1475290 637
1475300 637
1475310 634
1475320 636
1475330 636
1475340 638
1475350 641
1475360 641
1475370 647
1475380 655
1475390 663
1475400 663
1475410 676
1475420 689
1475430 689
1475440 695
1475450 699
1475460 699
1475470 699
1475480 695
1475490 695
1475500 691
1475510 687
1475520 687
1475530 687
1475540 687
1475550 687
1475560 687
1475570 685
1475580 683
1475590 683
1475600 682
1475610 681
1475620 681
1475630 680
1475640 682
1475650 682
1475660 683
1475670 682
1475680 682
1475690 684
1475700 683
1475710 679
1475720 679
1475730 678
1475740 675
1475750 675
1475760 673
1475770 672
1475780 672
1475790 675
1475800 676
1475810 676
1475820 676
1475830 675
1475840 675
1475850 672
1475860 667
1475870 663
1475880 663
1475890 666
1475900 668
1475910 668
1475920 671
1475930 672
1475940 672
1475950 671
1475960 670
1475970 670
1475980 670
1475990 671
1476000 671
1476010 673
1476020 674
1476030 674
1476040 674
1476050 673
1476060 671
1476070 671
1476080 671
1476090 671
1476100 671
1476110 674
1476120 675
1476130 675
1476140 670
1476150 665
1476160 665
1476170 660
1476180 656
1476190 652
1476200 652
1476210 647
1476220 647
1476230 647
1476240 649
1476250 649
1476260 649
1476270 647
1476280 645
1476290 645
1476300 644
1476310 644
1476320 644
1476330 641
1476340 639
1476350 640
1476360 640
1476370 641
1476380 641
1476390 641
1476400 640
1476410 638
1476420 638
1476430 639
1476440 638
1476450 638
1476460 638
1476470 637
1476480 637
1476490 638
1476500 639
1476510 641
1476520 641
1476530 643
1476540 643
1476550 643
1476560 640
1476570 631
1476580 631
1476590 639
1476600 648
1476610 648
1476620 653
1476630 658
1476640 658
1476650 663
1476660 668
1476670 669
1476680 669
1476690 671
1476700 674
1476710 674
1476720 677
1476730 680
1476740 680
1476750 687
1476760 693
1476770 693
1476780 697
1476790 700
1476800 700
1476810 703
1476820 707
1476830 709
1476840 709
1476850 710
1476860 714
1476870 714
1476880 719
1476890 724
1476900 724
1476910 728
1476920 731
1476930 731
1476940 735
1476950 737
1476960 740
1476970 740
1476980 743
1476990 746
1477000 746
1477010 747
1477020 748
1477030 748
1477040 752
1477050 756
1477060 756
1477070 760
1477080 764
1477090 764
1477100 766
1477110 767
1477120 768
1477130 768
1477140 770
1477150 772
1477160 772
1477170 773
1477180 775
1477190 775
1477200 777
1477210 778
1477220 778
1477230 782
1477240 784
1477250 784
1477260 785
1477270 785
1477280 786
1477290 786
1477300 787
1477310 788
1477320 788
1477330 789
1477340 790
1477350 790
1477360 792
1477370 794
1477380 794
1477390 795
1477400 796
1477410 796
1477420 796
1477430 798
1477440 798
1477450 798
1477460 799
1477470 799
1477480 799
1477490 799
1477500 799
1477510 799
1477520 799
1477530 800
1477540 800
1477550 801
1477560 802
1477570 802
1477580 801
1477590 801
1477600 801
1477610 801
1477620 801
1477630 800
1477640 800
1477650 799
1477660 797
1477670 797
1477680 795
1477690 795
1477700 795
1477710 795
1477720 795
1477730 795
1477740 794
1477750 791
1477760 785
1477770 785
1477780 779
1477790 774
1477800 774
1477810 769
1477820 759
1477830 759
1477840 748
1477850 737
1477860 737
1477870 741
1477880 750
1477890 750
1477900 761
1477910 771
1477920 776
1477930 776
1477940 782
1477950 787
1477960 787
1477970 788
1477980 785
1477990 785
1478000 781
1478010 779
1478020 779
1478030 777
1478040 777
1478050 777
1478060 783
1478070 787
1478080 790
1478090 790
1478100 793
1478110 797
1478120 797
1478130 802
1478140 807
1478150 807
1478160 812
1478170 818
1478180 818
1478190 822
1478200 825
1478210 825
1478220 827
1478230 828
1478240 829
1478250 829
1478260 827
1478270 823
1478280 823
1478290 828
1478300 835
1478310 835
1478320 838
1478330 837
1478340 837
1478350 836
1478360 835
1478370 835
1478380 835
1478390 839
1478400 843
1478410 843
1478420 847
1478430 851
1478440 851
1478450 853
1478460 854
1478470 854
1478480 857
1478490 861
1478500 861
1478510 867
1478520 873
1478530 873
1478540 878
1478550 882
1478560 886
1478570 886
1478580 890
1478590 893
1478600 893
1478610 897
1478620 900
1478630 900
1478640 904
1478650 907
1478660 907
1478670 911
1478680 915
1478690 915
1478700 917
1478710 920
1478720 922
1478730 922
1478740 924
1478750 926
1478760 926
1478770 928
1478780 930
1478790 930
1478800 932
1478810 933
1478820 933
1478830 934
1478840 935
1478850 935
1478860 935
1478870 935
1478880 936
1478890 936
1478900 936
1478910 936
1478920 936
1478930 937
1478940 938
1478950 938
1478960 939
1478970 940
1478980 940
1478990 941
1479000 942
1479010 942
1479020 944
1479030 945
1479040 946
1479050 946
1479060 946
1479070 948
1479080 948
1479090 948
1479100 949
1479110 949
1479120 950
1479130 951
1479140 951
1479150 953
1479160 956
1479170 956
1479180 959
1479190 961
1479200 963
1479210 963
1479220 964
1479230 964
1479240 964
1479250 964
1479260 965
1479270 965
1479280 966
1479290 968
1479300 968
1479310 969
1479320 969
1479330 969
1479340 970
1479350 970
1479360 970
1479370 970
1479380 971
1479390 973
1479400 973
1479410 975
1479420 977
1479430 977
1479440 978
1479450 979
1479460 979
1479470 980
1479480 980
1479490 980
1479500 980
1479510 979
1479520 978
1479530 978
1479540 976
1479550 974
1479560 974
1479570 973
1479580 972
1479590 972
1479600 973
1479610 974
1479620 974
1479630 975
1479640 977
1479650 978
1479660 978
1479670 980
1479680 982
1479690 982
1479700 982
1479710 984
1479720 984
1479730 984
1479740 985
1479750 985
1479760 985
1479770 985
1479780 985
1479790 985
1479800 984
1479810 984
1479820 984
1479830 984
1479840 984
1479850 984
1479860 984
1479870 985
1479880 985
1479890 985
1479900 986
1479910 986
1479920 986
1479930 986
1479940 986
1479950 986
1479960 986
1479970 987
1479980 987
1479990 987
