1460000 693
1460010 693
1460020 693
1460030 692
1460040 691
1460050 691
1460060 690
1460070 691
1460080 691
1460090 691
1460100 692
1460110 692
1460120 692
1460130 692
1460140 694
1460150 694
1460160 695
1460170 695
1460180 695
1460190 696
1460200 696
1460210 696
1460220 697
1460230 698
1460240 698
1460250 699
1460260 700
1460270 701
1460280 701
1460290 702
1460300 702
1460310 702
1460320 703
1460330 704
1460340 704
1460350 705
1460360 706
1460370 706
1460380 707
1460390 708
1460400 708
1460410 709
1460420 710
1460430 711
1460440 711
1460450 711
1460460 712
1460470 712
1460480 713
1460490 714
1460500 714
1460510 715
1460520 716
1460530 716
1460540 717
1460550 717
1460560 717
1460570 718
1460580 719
1460590 720
1460600 720
1460610 721
1460620 722
1460630 722
1460640 723
1460650 725
1460660 725
1460670 726
1460680 727
1460690 727
1460700 729
1460710 729
1460720 729
1460730 730
1460740 731
1460750 732
1460760 732
1460770 733
1460780 734
1460790 734
1460800 735
1460810 736
1460820 736
1460830 737
1460840 738
1460850 738
1460860 739
1460870 740
1460880 740
1460890 742
1460900 743
1460910 744
1460920 744
1460930 745
1460940 746
1460950 746
1460960 748
1460970 749
1460980 749
1460990 750
1461000 751
1461010 751
1461020 752
1461030 754
1461040 754
1461050 755
1461060 756
1461070 758
1461080 758
1461090 758
1461100 760
1461110 760
1461120 761
1461130 761
1461140 761
1461150 762
1461160 763
1461170 763
1461180 764
1461190 766
1461200 766
1461210 768
1461220 769
1461230 771
1461240 771
1461250 773
1461260 776
1461270 776
1461280 776
1461290 778
1461300 778
1461310 782
1461320 786
1461330 786
1461340 789
1461350 792
1461360 792
1461370 795
1461380 798
1461390 801
1461400 801
1461410 803
1461420 804
1461430 804
1461440 804
1461450 804
1461460 804
1461470 805
1461480 806
1461490 806
1461500 807
1461510 808
1461520 808
1461530 809
1461540 809
1461550 810
1461560 810
1461570 810
1461580 811
1461590 811
1461600 810
1461610 811
1461620 811
1461630 812
1461640 813
1461650 813
1461660 817
1461670 819
1461680 819
1461690 819
1461700 820
1461710 821
1461720 821
1461730 822
1461740 823
1461750 823
1461760 824
1461770 826
1461780 826
1461790 827
1461800 827
1461810 827
1461820 828
1461830 829
1461840 829
1461850 829
1461860 829
1461870 831
1461880 831
1461890 833
1461900 835
1461910 835
1461920 836
1461930 837
1461940 837
1461950 837
1461960 838
1461970 838
1461980 839
1461990 840
1462000 840
1462010 841
1462020 842
1462030 843
1462040 843
1462050 844
1462060 845
1462070 845
1462080 846
1462090 847
1462100 847
1462110 848
1462120 849
1462130 849
1462140 850
1462150 851
1462160 851
1462170 851
1462180 852
1462190 852
1462200 852
1462210 851
1462220 851
1462230 851
1462240 852
1462250 852
1462260 852
1462270 853
1462280 855
1462290 855
1462300 856
1462310 858
1462320 858
1462330 860
1462340 865
1462350 872
1462360 872
1462370 875
1462380 878
1462390 878
1462400 881
1462410 883
1462420 883
1462430 886
1462440 889
1462450 889
1462460 889
1462470 890
1462480 890
1462490 891
1462500 891
1462510 891
1462520 891
1462530 890
1462540 890
1462550 890
1462560 889
1462570 889
1462580 889
1462590 890
1462600 890
1462610 890
1462620 891
1462630 891
1462640 891
1462650 892
1462660 892
1462670 892
1462680 893
1462690 894
1462700 894
1462710 894
1462720 896
1462730 897
1462740 897
1462750 899
1462760 900
1462770 900
1462780 902
1462790 904
1462800 904
1462810 906
1462820 908
1462830 908
1462840 910
1462850 911
1462860 913
1462870 913
1462880 914
1462890 916
1462900 916
1462910 918
1462920 920
1462930 920
1462940 922
1462950 923
1462960 923
1462970 925
1462980 926
1462990 926
1463000 927
1463010 928
1463020 929
1463030 929
1463040 930
1463050 930
1463060 930
1463070 931
1463080 934
1463090 934
1463100 938
1463110 942
1463120 942
1463130 945
1463140 948
1463150 948
1463160 950
1463170 952
1463180 953
1463190 953
1463200 956
1463210 959
1463220 959
1463230 961
1463240 962
1463250 962
1463260 961
1463270 961
1463280 961
1463290 967
1463300 969
1463310 969
1463320 971
1463330 975
1463340 979
1463350 979
1463360 983
1463370 985
1463380 985
1463390 988
1463400 991
1463410 991
1463420 994
1463430 997
1463440 997
1463450 999
1463460 1001
1463470 1001
1463480 1002
1463490 1003
1463500 1005
1463510 1005
1463520 1006
1463530 1008
1463540 1008
1463550 1010
1463560 1013
1463570 1013
1463580 1015
1463590 1019
1463600 1019
1463610 1024
1463620 1031
1463630 1031
1463640 1040
1463650 1050
1463660 1057
1463670 1057
1463680 1060
1463690 1062
1463700 1062
1463710 1062
1463720 1061
1463730 1061
1463740 1058
1463750 1054
1463760 1054
1463770 1050
1463780 1044
1463790 1044
1463800 1039
1463810 1032
1463820 1024
1463830 1024
1463840 1016
1463850 1007
1463860 1007
1463870 999
1463880 992
1463890 992
1463900 996
1463910 1006
1463920 1006
1463930 1012
1463940 1018
1463950 1018
1463960 1024
1463970 1033
1463980 1042
1463990 1042
1464000 1048
1464010 1051
1464020 1051
1464030 1053
1464040 1055
1464050 1055
1464060 1058
1464070 1061
1464080 1061
1464090 1065
1464100 1068
1464110 1068
1464120 1069
1464130 1069
1464140 1070
1464150 1070
1464160 1073
1464170 1075
1464180 1075
1464190 1078
1464200 1081
1464210 1081
1464220 1083
1464230 1086
1464240 1086
1464250 1089
1464260 1092
1464270 1092
1464280 1095
1464290 1097
1464300 1100
1464310 1100
1464320 1103
1464330 1106
1464340 1106
1464350 1110
1464360 1114
1464370 1114
1464380 1116
1464390 1119
1464400 1119
1464410 1121
1464420 1123
1464430 1123
1464440 1126
1464450 1128
1464460 1131
1464470 1131
1464480 1132
1464490 1132
1464500 1132
1464510 1133
1464520 1134
1464530 1134
1464540 1135
1464550 1135
1464560 1135
1464570 1134
1464580 1134
1464590 1134
1464600 1132
1464610 1131
1464620 1128
1464630 1128
1464640 1126
1464650 1124
1464660 1124
1464670 1122
1464680 1121
1464690 1121
1464700 1119
1464710 1117
1464720 1117
1464730 1115
1464740 1111
1464750 1111
1464760 1104
1464770 1092
1464780 1087
1464790 1087
1464800 1086
1464810 1089
1464820 1089
1464830 1098
1464840 1108
1464850 1108
1464860 1118
1464870 1126
1464880 1126
1464890 1135
1464900 1145
1464910 1145
1464920 1153
1464930 1159
1464940 1164
1464950 1164
1464960 1170
1464970 1176
1464980 1176
1464990 1183
1465000 1190
1465010 1190
1465020 1197
1465030 1202
1465040 1202
1465050 1206
1465060 1209
1465070 1209
1465080 1211
1465090 1214
1465100 1215
1465110 1215
1465120 1217
1465130 1218
1465140 1218
1465150 1220
1465160 1222
1465170 1222
1465180 1223
1465190 1225
1465200 1225
1465210 1226
1465220 1227
1465230 1227
1465240 1230
1465250 1231
1465260 1233
1465270 1233
1465280 1235
1465290 1237
1465300 1237
1465310 1239
1465320 1241
1465330 1241
1465340 1243
1465350 1245
1465360 1245
1465370 1246
1465380 1248
1465390 1248
1465400 1249
1465410 1249
1465420 1250
1465430 1250
1465440 1250
1465450 1251
1465460 1251
1465470 1251
1465480 1251
1465490 1251
1465500 1251
1465510 1250
1465520 1250
1465530 1247
1465540 1245
1465550 1245
1465560 1243
1465570 1238
1465580 1233
1465590 1233
1465600 1228
1465610 1223
1465620 1223
1465630 1218
1465640 1213
1465650 1213
1465660 1207
1465670 1204
1465680 1204
1465690 1200
1465700 1203
1465710 1203
1465720 1208
1465730 1214
1465740 1221
1465750 1221
1465760 1225
1465770 1228
1465780 1228
1465790 1232
1465800 1236
1465810 1236
1465820 1240
1465830 1244
1465840 1244
1465850 1248
1465860 1251
1465870 1251
1465880 1254
1465890 1258
1465900 1260
1465910 1260
1465920 1263
1465930 1266
1465940 1266
1465950 1270
1465960 1275
1465970 1275
1465980 1283
1465990 1290
1466000 1290
1466010 1297
1466020 1303
1466030 1303
1466040 1309
1466050 1313
1466060 1318
1466070 1318
1466080 1323
1466090 1325
1466100 1325
1466110 1329
1466120 1332
1466130 1332
1466140 1336
1466150 1339
1466160 1339
1466170 1341
1466180 1345
1466190 1345
1466200 1347
1466210 1350
1466220 1353
1466230 1353
1466240 1356
1466250 1358
1466260 1358
1466270 1360
1466280 1362
1466290 1362
1466300 1364
1466310 1365
1466320 1365
1466330 1366
1466340 1367
1466350 1367
1466360 1367
1466370 1367
1466380 1367
1466390 1367
1466400 1366
1466410 1364
1466420 1364
1466430 1363
1466440 1359
1466450 1359
1466460 1358
1466470 1355
1466480 1355
1466490 1353
1466500 1351
1466510 1351
1466520 1349
1466530 1345
1466540 1341
1466550 1341
1466560 1340
1466570 1338
1466580 1338
1466590 1337
1466600 1334
1466610 1334
1466620 1331
1466630 1328
1466640 1328
1466650 1327
1466660 1325
1466670 1325
1466680 1323
1466690 1323
1466700 1322
1466710 1322
1466720 1321
1466730 1320
1466740 1320
1466750 1318
1466760 1317
1466770 1317
1466780 1314
1466790 1311
1466800 1311
1466810 1308
1466820 1305
1466830 1305
1466840 1302
1466850 1298
1466860 1296
1466870 1296
1466880 1294
1466890 1290
1466900 1290
1466910 1288
1466920 1286
1466930 1286
1466940 1281
1466950 1275
1466960 1275
1466970 1274
1466980 1273
1466990 1273
1467000 1270
1467010 1266
1467020 1261
1467030 1261
1467040 1256
1467050 1253
1467060 1253
1467070 1252
1467080 1250
1467090 1250
1467100 1247
1467110 1243
1467120 1243
1467130 1238
1467140 1232
1467150 1232
1467160 1225
1467170 1219
1467180 1212
1467190 1212
1467200 1204
1467210 1197
1467220 1197
1467230 1190
1467240 1183
1467250 1183
1467260 1176
1467270 1168
1467280 1168
1467290 1161
1467300 1155
1467310 1155
1467320 1147
1467330 1141
1467340 1135
1467350 1135
1467360 1130
1467370 1124
1467380 1124
1467390 1118
1467400 1112
1467410 1112
1467420 1106
1467430 1099
1467440 1099
1467450 1092
1467460 1085
1467470 1085
1467480 1078
1467490 1071
1467500 1065
1467510 1065
1467520 1059
1467530 1051
1467540 1051
1467550 1044
1467560 1040
1467570 1040
1467580 1036
1467590 1033
1467600 1033
1467610 1031
1467620 1028
1467630 1028
1467640 1020
1467650 1012
1467660 1003
1467670 1003
1467680 993
1467690 984
1467700 984
1467710 977
1467720 973
1467730 973
1467740 969
1467750 971
1467760 971
1467770 974
1467780 977
1467790 977
1467800 974
1467810 967
1467820 967
1467830 965
1467840 968
1467850 972
1467860 972
1467870 973
1467880 973
1467890 973
1467900 974
1467910 973
1467920 973
1467930 971
1467940 966
1467950 966
1467960 961
1467970 956
1467980 956
1467990 951
1468000 946
1468010 941
1468020 941
1468030 937
1468040 933
1468050 933
1468060 931
1468070 928
1468080 928
1468090 921
1468100 914
1468110 914
1468120 912
1468130 912
1468140 912
1468150 911
1468160 911
1468170 911
1468180 911
1468190 908
1468200 902
1468210 902
1468220 891
1468230 878
1468240 878
1468250 868
1468260 861
1468270 861
1468280 861
1468290 870
1468300 870
1468310 880
1468320 891
1468330 905
1468340 905
1468350 910
1468360 917
1468370 917
1468380 921
1468390 922
1468400 922
1468410 925
1468420 930
1468430 930
1468440 935
1468450 941
1468460 941
1468470 948
1468480 954
1468490 959
1468500 959
1468510 965
1468520 974
1468530 974
1468540 983
1468550 991
1468560 991
1468570 1000
1468580 1009
1468590 1009
1468600 1018
1468610 1026
1468620 1026
1468630 1033
1468640 1039
1468650 1045
1468660 1045
1468670 1050
1468680 1056
1468690 1056
1468700 1062
1468710 1068
1468720 1068
1468730 1073
1468740 1079
1468750 1079
1468760 1086
1468770 1093
1468780 1093
1468790 1099
1468800 1105
1468810 1110
1468820 1110
1468830 1115
1468840 1121
1468850 1121
1468860 1126
1468870 1131
1468880 1131
1468890 1136
1468900 1140
1468910 1140
1468920 1144
1468930 1148
1468940 1148
1468950 1153
1468960 1157
1468970 1160
1468980 1160
1468990 1161
1469000 1167
1469010 1167
1469020 1175
1469030 1182
1469040 1182
1469050 1187
1469060 1193
1469070 1193
1469080 1199
1469090 1203
1469100 1203
1469110 1206
1469120 1210
1469130 1213
1469140 1213
1469150 1217
1469160 1221
1469170 1221
1469180 1225
1469190 1230
1469200 1230
1469210 1234
1469220 1239
1469230 1239
1469240 1242
1469250 1246
1469260 1246
1469270 1252
1469280 1259
1469290 1265
1469300 1265
1469310 1270
1469320 1276
1469330 1276
1469340 1283
1469350 1287
1469360 1287
1469370 1293
1469380 1299
1469390 1299
1469400 1305
1469410 1310
1469420 1310
1469430 1315
1469440 1320
1469450 1325
1469460 1325
1469470 1331
1469480 1336
1469490 1336
1469500 1339
1469510 1344
1469520 1344
1469530 1351
1469540 1358
1469550 1358
1469560 1366
1469570 1372
1469580 1372
1469590 1378
1469600 1385
1469610 1391
1469620 1391
1469630 1397
1469640 1403
1469650 1403
1469660 1410
1469670 1417
1469680 1417
1469690 1423
1469700 1428
1469710 1428
1469720 1433
1469730 1438
1469740 1438
1469750 1444
1469760 1449
1469770 1455
1469780 1455
1469790 1461
1469800 1466
1469810 1466
1469820 1472
1469830 1478
1469840 1478
1469850 1483
1469860 1487
1469870 1487
1469880 1491
1469890 1494
1469900 1494
1469910 1496
1469920 1498
1469930 1499
1469940 1499
1469950 1499
1469960 1500
1469970 1500
1469980 1501
1469990 1502
1470000 1502
1470010 1503
1470020 1503
1470030 1503
1470040 1504
1470050 1504
1470060 1504
1470070 1504
1470080 1504
1470090 1503
1470100 1503
1470110 1503
1470120 1502
1470130 1502
1470140 1501
1470150 1498
1470160 1498
1470170 1495
1470180 1496
1470190 1496
1470200 1497
1470210 1498
1470220 1498
1470230 1500
1470240 1504
1470250 1506
1470260 1506
1470270 1507
1470280 1508
1470290 1508
1470300 1510
1470310 1511
1470320 1511
1470330 1512
1470340 1513
1470350 1513
1470360 1514
1470370 1515
1470380 1515
1470390 1516
1470400 1515
1470410 1514
1470420 1514
1470430 1513
1470440 1513
1470450 1513
1470460 1515
1470470 1518
1470480 1518
1470490 1520
1470500 1521
1470510 1521
1470520 1522
1470530 1523
1470540 1523
1470550 1525
1470560 1526
1470570 1528
1470580 1528
1470590 1529
1470600 1531
1470610 1531
1470620 1532
1470630 1533
1470640 1533
1470650 1533
1470660 1533
1470670 1533
1470680 1531
1470690 1533
1470700 1533
1470710 1534
1470720 1534
1470730 1533
1470740 1533
1470750 1532
1470760 1532
1470770 1532
1470780 1531
1470790 1530
1470800 1530
1470810 1528
1470820 1527
1470830 1527
1470840 1527
1470850 1533
1470860 1533
1470870 1539
1470880 1543
1470890 1549
1470900 1549
1470910 1554
1470920 1559
1470930 1559
1470940 1563
1470950 1566
1470960 1566
1470970 1569
1470980 1572
1470990 1572
1471000 1575
1471010 1578
1471020 1578
1471030 1581
1471040 1584
1471050 1588
1471060 1588
1471070 1592
1471080 1596
1471090 1596
1471100 1600
1471110 1604
1471120 1604
1471130 1606
1471140 1610
1471150 1610
1471160 1615
1471170 1620
1471180 1620
1471190 1624
1471200 1630
1471210 1636
1471220 1636
1471230 1640
1471240 1644
1471250 1644
1471260 1646
1471270 1647
1471280 1647
1471290 1648
1471300 1648
1471310 1648
1471320 1647
1471330 1647
1471340 1647
1471350 1646
1471360 1645
1471370 1644
1471380 1644
1471390 1644
1471400 1645
1471410 1645
1471420 1645
1471430 1643
1471440 1643
1471450 1641
1471460 1640
1471470 1640
1471480 1639
1471490 1636
1471500 1636
1471510 1634
1471520 1633
1471530 1631
1471540 1631
1471550 1628
1471560 1625
1471570 1625
1471580 1625
1471590 1628
1471600 1628
1471610 1630
1471620 1632
1471630 1632
1471640 1634
1471650 1636
1471660 1636
1471670 1638
1471680 1639
1471690 1639
1471700 1639
1471710 1638
1471720 1636
1471730 1636
1471740 1639
1471750 1641
1471760 1641
1471770 1642
1471780 1642
1471790 1642
1471800 1643
1471810 1643
1471820 1643
1471830 1643
1471840 1642
1471850 1642
1471860 1642
1471870 1642
1471880 1641
1471890 1641
1471900 1640
1471910 1639
1471920 1639
1471930 1638
1471940 1636
1471950 1636
1471960 1635
1471970 1633
1471980 1633
1471990 1630
1472000 1628
1472010 1625
1472020 1625
1472030 1622
1472040 1619
1472050 1619
1472060 1616
1472070 1613
1472080 1613
1472090 1609
1472100 1605
1472110 1605
1472120 1601
1472130 1597
1472140 1597
1472150 1593
1472160 1588
1472170 1584
1472180 1584
1472190 1580
1472200 1576
1472210 1576
1472220 1572
1472230 1569
1472240 1569
1472250 1567
1472260 1565
1472270 1565
1472280 1563
1472290 1561
1472300 1561
1472310 1560
1472320 1559
1472330 1559
1472340 1559
1472350 1558
1472360 1557
1472370 1557
1472380 1555
1472390 1554
1472400 1554
1472410 1553
1472420 1552
1472430 1552
1472440 1552
1472450 1552
1472460 1552
1472470 1552
1472480 1553
1472490 1554
1472500 1554
1472510 1559
1472520 1562
1472530 1562
1472540 1562
1472550 1563
1472560 1563
1472570 1563
1472580 1562
1472590 1562
1472600 1560
1472610 1560
1472620 1560
1472630 1562
1472640 1563
1472650 1563
1472660 1563
1472670 1560
1472680 1561
1472690 1561
1472700 1566
1472710 1567
1472720 1567
1472730 1566
1472740 1566
1472750 1566
1472760 1566
1472770 1567
1472780 1567
1472790 1570
1472800 1573
1472810 1575
1472820 1575
1472830 1577
1472840 1577
1472850 1577
1472860 1577
1472870 1577
1472880 1577
1472890 1576
1472900 1577
1472910 1577
1472920 1578
1472930 1580
1472940 1580
1472950 1582
1472960 1582
1472970 1583
1472980 1583
1472990 1583
1473000 1582
1473010 1582
1473020 1582
1473030 1581
1473040 1581
1473050 1581
1473060 1580
1473070 1580
1473080 1578
1473090 1574
1473100 1574
1473110 1571
1473120 1571
1473130 1570
1473140 1570
1473150 1570
1473160 1568
1473170 1568
1473180 1567
1473190 1565
1473200 1565
1473210 1563
1473220 1561
1473230 1561
1473240 1559
1473250 1556
1473260 1556
1473270 1552
1473280 1548
1473290 1544
1473300 1544
1473310 1540
1473320 1536
1473330 1536
1473340 1532
1473350 1528
1473360 1528
1473370 1525
1473380 1522
1473390 1522
1473400 1517
1473410 1512
1473420 1512
1473430 1507
1473440 1504
1473450 1501
1473460 1501
1473470 1498
1473480 1496
1473490 1496
1473500 1493
1473510 1491
1473520 1491
1473530 1489
1473540 1489
1473550 1489
1473560 1489
1473570 1488
1473580 1488
1473590 1487
1473600 1486
1473610 1484
1473620 1484
1473630 1483
1473640 1481
1473650 1481
1473660 1480
1473670 1479
1473680 1479
1473690 1478
1473700 1478
1473710 1478
1473720 1477
1473730 1477
1473740 1477
1473750 1477
1473760 1477
1473770 1477
1473780 1478
1473790 1477
1473800 1476
1473810 1476
1473820 1474
1473830 1473
1473840 1473
1473850 1471
1473860 1470
1473870 1470
1473880 1468
1473890 1467
1473900 1467
1473910 1467
1473920 1467
1473930 1467
1473940 1467
1473950 1467
1473960 1467
1473970 1467
1473980 1467
1473990 1466
1474000 1466
1474010 1464
1474020 1462
1474030 1462
1474040 1459
1474050 1459
1474060 1459
1474070 1458
1474080 1457
1474090 1457
1474100 1455
1474110 1452
1474120 1449
1474130 1449
1474140 1447
1474150 1444
1474160 1444
1474170 1441
1474180 1438
1474190 1438
1474200 1434
1474210 1428
1474220 1428
1474230 1422
1474240 1417
1474250 1417
1474260 1412
1474270 1406
1474280 1401
1474290 1401
1474300 1396
1474310 1392
1474320 1392
1474330 1387
1474340 1383
1474350 1383
1474360 1378
1474370 1373
1474380 1373
1474390 1368
1474400 1362
1474410 1362
1474420 1356
1474430 1349
1474440 1343
1474450 1343
1474460 1337
1474470 1330
1474480 1330
1474490 1323
1474500 1317
1474510 1317
1474520 1312
1474530 1305
1474540 1305
1474550 1299
1474560 1292
1474570 1292
1474580 1285
1474590 1284
1474600 1288
1474610 1288
1474620 1289
1474630 1289
1474640 1289
1474650 1288
1474660 1286
1474670 1286
1474680 1287
1474690 1286
1474700 1286
1474710 1285
1474720 1284
1474730 1284
1474740 1283
1474750 1279
1474760 1278
1474770 1278
1474780 1280
1474790 1280
1474800 1280
1474810 1278
1474820 1277
1474830 1277
1474840 1276
1474850 1276
1474860 1276
1474870 1274
1474880 1272
1474890 1272
1474900 1270
1474910 1266
1474920 1261
1474930 1261
1474940 1256
1474950 1250
1474960 1250
1474970 1244
1474980 1239
1474990 1239
1475000 1234
1475010 1229
1475020 1229
1475030 1228
1475040 1235
1475050 1235
1475060 1243
1475070 1250
1475080 1257
1475090 1257
1475100 1263
1475110 1269
1475120 1269
1475130 1274
1475140 1279
1475150 1279
1475160 1283
1475170 1287
1475180 1287
1475190 1288
1475200 1290
1475210 1290
1475220 1292
1475230 1295
1475240 1297
1475250 1297
1475260 1299
1475270 1302
1475280 1302
1475290 1305
1475300 1307
1475310 1307
1475320 1309
1475330 1310
1475340 1310
1475350 1312
1475360 1313
1475370 1313
1475380 1314
1475390 1315
1475400 1316
1475410 1316
1475420 1318
1475430 1320
1475440 1320
1475450 1322
1475460 1323
1475470 1323
1475480 1326
1475490 1328
1475500 1328
1475510 1330
1475520 1332
1475530 1332
1475540 1334
1475550 1335
1475560 1336
1475570 1336
1475580 1337
1475590 1338
1475600 1338
1475610 1339
1475620 1340
1475630 1340
1475640 1341
1475650 1342
1475660 1342
1475670 1341
1475680 1339
1475690 1339
1475700 1336
1475710 1333
1475720 1330
1475730 1330
1475740 1328
1475750 1329
1475760 1329
1475770 1328
1475780 1328
1475790 1328
1475800 1328
1475810 1328
1475820 1328
1475830 1327
1475840 1327
1475850 1327
1475860 1326
1475870 1325
1475880 1325
1475890 1325
1475900 1324
1475910 1324
1475920 1324
1475930 1323
1475940 1322
1475950 1322
1475960 1322
1475970 1321
1475980 1321
1475990 1321
1476000 1321
1476010 1321
1476020 1321
1476030 1321
1476040 1321
1476050 1321
1476060 1321
1476070 1321
1476080 1321
1476090 1320
1476100 1320
1476110 1320
1476120 1319
1476130 1318
1476140 1318
1476150 1317
1476160 1317
1476170 1317
1476180 1316
1476190 1315
1476200 1314
1476210 1314
1476220 1313
1476230 1312
1476240 1312
1476250 1312
1476260 1311
1476270 1311
1476280 1310
1476290 1309
1476300 1309
1476310 1309
1476320 1309
1476330 1309
1476340 1308
1476350 1308
1476360 1308
1476370 1308
1476380 1308
1476390 1307
1476400 1307
1476410 1307
1476420 1307
1476430 1307
1476440 1307
1476450 1308
1476460 1308
1476470 1308
1476480 1308
1476490 1308
1476500 1307
1476510 1307
1476520 1307
1476530 1307
1476540 1307
1476550 1307
1476560 1307
1476570 1308
1476580 1308
1476590 1308
1476600 1309
1476610 1309
1476620 1309
1476630 1309
1476640 1309
1476650 1309
1476660 1308
1476670 1308
1476680 1307
1476690 1307
1476700 1306
1476710 1305
1476720 1305
1476730 1304
1476740 1302
1476750 1302
1476760 1301
1476770 1299
1476780 1299
1476790 1297
1476800 1296
1476810 1296
1476820 1294
1476830 1293
1476840 1293
1476850 1293
1476860 1291
1476870 1289
1476880 1289
1476890 1287
1476900 1285
1476910 1285
1476920 1283
1476930 1282
1476940 1282
1476950 1280
1476960 1279
1476970 1279
1476980 1279
1476990 1276
1477000 1273
1477010 1273
1477020 1270
1477030 1267
1477040 1267
1477050 1264
1477060 1262
1477070 1262
1477080 1258
1477090 1253
1477100 1253
1477110 1250
1477120 1247
1477130 1247
1477140 1244
1477150 1240
1477160 1236
1477170 1236
1477180 1231
1477190 1226
1477200 1226
1477210 1223
1477220 1219
1477230 1219
1477240 1214
1477250 1208
1477260 1208
1477270 1199
1477280 1191
1477290 1191
1477300 1184
1477310 1178
1477320 1169
1477330 1169
1477340 1159
1477350 1150
1477360 1150
1477370 1141
1477380 1131
1477390 1131
1477400 1132
1477410 1132
1477420 1132
1477430 1131
1477440 1127
1477450 1127
1477460 1123
1477470 1122
1477480 1118
1477490 1118
1477500 1114
1477510 1117
1477520 1117
1477530 1122
1477540 1123
1477550 1123
1477560 1119
1477570 1114
1477580 1114
1477590 1109
1477600 1102
1477610 1102
1477620 1095
1477630 1087
1477640 1084
1477650 1084
1477660 1084
1477670 1086
1477680 1086
1477690 1093
1477700 1101
1477710 1101
1477720 1109
1477730 1116
1477740 1116
1477750 1123
1477760 1129
1477770 1129
1477780 1135
1477790 1141
1477800 1146
1477810 1146
1477820 1148
1477830 1151
1477840 1151
1477850 1153
1477860 1156
1477870 1156
1477880 1159
1477890 1162
1477900 1162
1477910 1163
1477920 1164
1477930 1164
1477940 1164
1477950 1165
1477960 1165
1477970 1165
1477980 1165
1477990 1165
1478000 1165
1478010 1165
1478020 1165
1478030 1165
1478040 1167
1478050 1167
1478060 1167
1478070 1167
1478080 1167
1478090 1167
1478100 1165
1478110 1165
1478120 1164
1478130 1164
1478140 1162
1478150 1161
1478160 1161
1478170 1160
1478180 1159
1478190 1159
1478200 1158
1478210 1157
1478220 1157
1478230 1157
1478240 1158
1478250 1158
1478260 1157
1478270 1153
1478280 1154
1478290 1154
1478300 1156
1478310 1155
1478320 1155
1478330 1153
1478340 1152
1478350 1152
1478360 1151
1478370 1150
1478380 1150
1478390 1148
1478400 1148
1478410 1148
1478420 1147
1478430 1144
1478440 1137
1478450 1137
1478460 1137
1478470 1141
1478480 1141
1478490 1141
1478500 1140
1478510 1140
1478520 1138
1478530 1137
1478540 1137
1478550 1130
1478560 1123
1478570 1123
1478580 1125
1478590 1125
1478600 1126
1478610 1126
1478620 1124
1478630 1116
1478640 1116
1478650 1104
1478660 1092
1478670 1092
1478680 1087
1478690 1092
1478700 1092
1478710 1098
1478720 1102
1478730 1102
1478740 1105
1478750 1104
1478760 1102
1478770 1102
1478780 1102
1478790 1099
1478800 1099
1478810 1093
1478820 1086
1478830 1086
1478840 1080
1478850 1074
1478860 1074
1478870 1067
1478880 1056
1478890 1056
1478900 1044
1478910 1044
1478920 1052
1478930 1052
1478940 1062
1478950 1065
1478960 1065
1478970 1063
1478980 1060
1478990 1060
1479000 1057
1479010 1053
1479020 1053
1479030 1050
1479040 1048
1479050 1048
1479060 1044
1479070 1037
1479080 1032
1479090 1032
1479100 1030
1479110 1031
1479120 1031
1479130 1029
1479140 1026
1479150 1026
1479160 1019
1479170 1019
1479180 1019
1479190 1022
1479200 1020
1479210 1020
1479220 1018
1479230 1015
1479240 1013
1479250 1013
1479260 1008
1479270 998
1479280 998
1479290 998
1479300 1000
1479310 1000
1479320 999
1479330 998
1479340 998
1479350 996
1479360 995
1479370 995
1479380 994
1479390 993
1479400 992
1479410 992
1479420 990
1479430 988
1479440 988
1479450 985
1479460 983
1479470 983
1479480 980
1479490 978
1479500 978
1479510 976
1479520 973
1479530 973
1479540 970
1479550 966
1479560 966
1479570 958
1479580 956
1479590 956
1479600 956
1479610 953
1479620 949
1479630 949
1479640 946
1479650 943
1479660 943
1479670 939
1479680 935
1479690 935
1479700 932
1479710 929
1479720 929
1479730 926
1479740 925
1479750 922
1479760 922
1479770 920
1479780 918
1479790 918
1479800 915
1479810 911
1479820 911
1479830 907
1479840 902
1479850 902
1479860 899
1479870 902
1479880 902
1479890 904
1479900 903
1479910 902
1479920 902
1479930 900
1479940 899
1479950 899
1479960 897
1479970 896
1479980 896
1479990 895
