1460000 676
1460010 677
1460020 677
1460030 677
1460040 678
1460050 678
1460060 679
1460070 680
1460080 680
1460090 681
1460100 682
1460110 682
1460120 683
1460130 683
1460140 683
1460150 684
1460160 685
1460170 686
1460180 686
1460190 687
1460200 688
1460210 688
1460220 688
1460230 689
1460240 689
1460250 690
1460260 691
1460270 691
1460280 691
1460290 692
1460300 692
1460310 693
1460320 694
1460330 695
1460340 695
1460350 696
1460360 697
1460370 697
1460380 697
1460390 699
1460400 699
1460410 700
1460420 701
1460430 701
1460440 702
1460450 703
1460460 703
1460470 704
1460480 704
1460490 705
1460500 705
1460510 706
1460520 707
1460530 707
1460540 708
1460550 709
1460560 709
1460570 711
1460580 712
1460590 712
1460600 713
1460610 714
1460620 714
1460630 714
1460640 715
1460650 716
1460660 716
1460670 718
1460680 719
1460690 719
1460700 721
1460710 722
1460720 722
1460730 722
1460740 723
1460750 723
1460760 724
1460770 725
1460780 725
1460790 726
1460800 727
1460810 729
1460820 729
1460830 731
1460840 733
1460850 733
1460860 735
1460870 736
1460880 736
1460890 737
1460900 737
1460910 737
1460920 737
1460930 738
1460940 738
1460950 738
1460960 739
1460970 739
1460980 739
1460990 740
1461000 741
1461010 741
1461020 743
1461030 745
1461040 745
1461050 745
1461060 746
1461070 746
1461080 747
1461090 748
1461100 748
1461110 748
1461120 748
1461130 748
1461140 748
1461150 749
1461160 750
1461170 750
1461180 750
1461190 751
1461200 751
1461210 752
1461220 752
1461230 752
1461240 753
1461250 755
1461260 755
1461270 757
1461280 758
1461290 759
1461300 759
1461310 760
1461320 761
1461330 761
1461340 762
1461350 763
1461360 763
1461370 764
1461380 764
1461390 764
1461400 765
1461410 765
1461420 765
1461430 766
1461440 767
1461450 768
1461460 768
1461470 770
1461480 771
1461490 771
1461500 772
1461510 773
1461520 773
1461530 774
1461540 775
1461550 775
1461560 777
1461570 778
1461580 778
1461590 779
1461600 781
1461610 782
1461620 782
1461630 782
1461640 783
1461650 783
1461660 784
1461670 785
1461680 785
1461690 786
1461700 787
1461710 787
1461720 788
1461730 789
1461740 789
1461750 789
1461760 790
1461770 791
1461780 791
1461790 791
1461800 791
1461810 791
1461820 792
1461830 795
1461840 795
1461850 796
1461860 797
1461870 797
1461880 796
1461890 797
1461900 797
1461910 797
1461920 797
1461930 797
1461940 797
1461950 798
1461960 798
1461970 798
1461980 797
1461990 798
1462000 798
1462010 798
1462020 799
1462030 799
1462040 799
1462050 799
1462060 799
1462070 799
1462080 799
1462090 799
1462100 799
1462110 799
1462120 799
1462130 799
1462140 800
1462150 799
1462160 799
1462170 798
1462180 798
1462190 798
1462200 798
1462210 798
1462220 798
1462230 799
1462240 799
1462250 800
1462260 800
1462270 800
1462280 800
1462290 800
1462300 800
1462310 800
1462320 800
1462330 801
1462340 801
1462350 801
1462360 800
1462370 798
1462380 798
1462390 798
1462400 797
1462410 797
1462420 797
1462430 798
1462440 797
1462450 797
1462460 796
1462470 794
1462480 794
1462490 794
1462500 793
1462510 793
1462520 793
1462530 792
1462540 792
1462550 791
1462560 790
1462570 790
1462580 790
1462590 789
1462600 788
1462610 788
1462620 788
1462630 787
1462640 787
1462650 787
1462660 785
1462670 785
1462680 783
1462690 782
1462700 782
1462710 780
1462720 781
1462730 781
1462740 781
1462750 780
1462760 779
1462770 779
1462780 779
1462790 779
1462800 779
1462810 778
1462820 776
1462830 776
1462840 775
1462850 774
1462860 774
1462870 773
1462880 772
1462890 772
1462900 772
1462910 771
1462920 769
1462930 769
1462940 768
1462950 767
1462960 767
1462970 766
1462980 765
1462990 765
1463000 764
1463010 763
1463020 763
1463030 762
1463040 761
1463050 761
1463060 761
1463070 760
1463080 760
1463090 760
1463100 760
1463110 760
1463120 760
1463130 761
1463140 761
1463150 761
1463160 759
1463170 758
1463180 758
1463190 757
1463200 758
1463210 758
1463220 758
1463230 759
1463240 760
1463250 760
1463260 761
1463270 762
1463280 762
1463290 765
1463300 767
1463310 767
1463320 768
1463330 768
1463340 768
1463350 769
1463360 770
1463370 772
1463380 772
1463390 774
1463400 777
1463410 777
1463420 780
1463430 783
1463440 783
1463450 787
1463460 790
1463470 790
1463480 792
1463490 797
1463500 797
1463510 798
1463520 802
1463530 806
1463540 806
1463550 806
1463560 806
1463570 806
1463580 806
1463590 806
1463600 806
1463610 806
1463620 807
1463630 807
1463640 807
1463650 808
1463660 808
1463670 809
1463680 811
1463690 813
1463700 813
1463710 816
1463720 819
1463730 819
1463740 822
1463750 825
1463760 825
1463770 828
1463780 832
1463790 832
1463800 835
1463810 838
1463820 838
1463830 843
1463840 847
1463850 849
1463860 849
1463870 847
1463880 842
1463890 842
1463900 835
1463910 839
1463920 839
1463930 846
1463940 849
1463950 849
1463960 851
1463970 853
1463980 853
1463990 856
1464000 858
1464010 853
1464020 853
1464030 856
1464040 858
1464050 858
1464060 860
1464070 862
1464080 862
1464090 865
1464100 868
1464110 868
1464120 871
1464130 874
1464140 874
1464150 876
1464160 879
1464170 881
1464180 881
1464190 883
1464200 884
1464210 884
1464220 887
1464230 888
1464240 888
1464250 889
1464260 890
1464270 890
1464280 890
1464290 890
1464300 890
1464310 889
1464320 877
1464330 873
1464340 873
1464350 887
1464360 895
1464370 895
1464380 899
1464390 901
1464400 901
1464410 904
1464420 905
1464430 905
1464440 906
1464450 908
1464460 908
1464470 913
1464480 918
1464490 923
1464500 923
1464510 926
1464520 926
1464530 926
1464540 925
1464550 923
1464560 923
1464570 921
1464580 920
1464590 920
1464600 920
1464610 920
1464620 920
1464630 919
1464640 919
1464650 921
1464660 921
1464670 923
1464680 925
1464690 925
1464700 926
1464710 927
1464720 927
1464730 929
1464740 930
1464750 930
1464760 932
1464770 934
1464780 934
1464790 934
1464800 938
1464810 940
1464820 940
1464830 941
1464840 942
1464850 942
1464860 945
1464870 948
1464880 948
1464890 951
1464900 953
1464910 953
1464920 955
1464930 958
1464940 958
1464950 960
1464960 964
1464970 967
1464980 967
1464990 971
1465000 976
1465010 976
1465020 980
1465030 984
1465040 984
1465050 989
1465060 994
1465070 994
1465080 999
1465090 1003
1465100 1003
1465110 1008
1465120 1012
1465130 1016
1465140 1016
1465150 1020
1465160 1022
1465170 1022
1465180 1019
1465190 1011
1465200 1011
1465210 1003
1465220 995
1465230 995
1465240 983
1465250 976
1465260 976
1465270 972
1465280 971
1465290 976
1465300 976
1465310 984
1465320 992
1465330 992
1465340 1001
1465350 1009
1465360 1009
1465370 1018
1465380 1025
1465390 1025
1465400 1032
1465410 1038
1465420 1038
1465430 1043
1465440 1050
1465450 1056
1465460 1056
1465470 1062
1465480 1070
1465490 1070
1465500 1078
1465510 1084
1465520 1084
1465530 1091
1465540 1097
1465550 1097
1465560 1104
1465570 1108
1465580 1108
1465590 1112
1465600 1114
1465610 1119
1465620 1119
1465630 1125
1465640 1129
1465650 1129
1465660 1132
1465670 1136
1465680 1136
1465690 1140
1465700 1142
1465710 1142
1465720 1144
1465730 1146
1465740 1146
1465750 1150
1465760 1153
1465770 1156
1465780 1156
1465790 1159
1465800 1163
1465810 1163
1465820 1166
1465830 1170
1465840 1170
1465850 1173
1465860 1177
1465870 1177
1465880 1180
1465890 1182
1465900 1182
1465910 1184
1465920 1187
1465930 1190
1465940 1190
1465950 1193
1465960 1196
1465970 1196
1465980 1199
1465990 1202
1466000 1202
1466010 1205
1466020 1207
1466030 1207
1466040 1209
1466050 1212
1466060 1212
1466070 1214
1466080 1217
1466090 1217
1466100 1219
1466110 1221
1466120 1223
1466130 1223
1466140 1225
1466150 1227
1466160 1227
1466170 1229
1466180 1231
1466190 1231
1466200 1233
1466210 1235
1466220 1235
1466230 1237
1466240 1238
1466250 1238
1466260 1239
1466270 1239
1466280 1238
1466290 1238
1466300 1237
1466310 1234
1466320 1234
1466330 1234
1466340 1237
1466350 1237
1466360 1242
1466370 1246
1466380 1246
1466390 1249
1466400 1252
1466410 1252
1466420 1254
1466430 1255
1466440 1257
1466450 1257
1466460 1258
1466470 1259
1466480 1259
1466490 1260
1466500 1262
1466510 1262
1466520 1263
1466530 1264
1466540 1264
1466550 1265
1466560 1266
1466570 1266
1466580 1266
1466590 1266
1466600 1266
1466610 1266
1466620 1266
1466630 1265
1466640 1265
1466650 1263
1466660 1262
1466670 1262
1466680 1260
1466690 1257
1466700 1257
1466710 1254
1466720 1251
1466730 1251
1466740 1246
1466750 1243
1466760 1238
1466770 1238
1466780 1234
1466790 1229
1466800 1229
1466810 1225
1466820 1221
1466830 1221
1466840 1216
1466850 1210
1466860 1210
1466870 1203
1466880 1197
1466890 1197
1466900 1193
1466910 1190
1466920 1187
1466930 1187
1466940 1186
1466950 1184
1466960 1184
1466970 1182
1466980 1180
1466990 1180
1467000 1176
1467010 1170
1467020 1170
1467030 1166
1467040 1160
1467050 1160
1467060 1154
1467070 1148
1467080 1142
1467090 1142
1467100 1135
1467110 1129
1467120 1129
1467130 1121
1467140 1115
1467150 1115
1467160 1106
1467170 1096
1467180 1096
1467190 1087
1467200 1077
1467210 1077
1467220 1068
1467230 1057
1467240 1046
1467250 1046
1467260 1041
1467270 1039
1467280 1039
1467290 1039
1467300 1040
1467310 1040
1467320 1037
1467330 1033
1467340 1033
1467350 1027
1467360 1022
1467370 1022
1467380 1017
1467390 1011
1467400 1004
1467410 1004
1467420 995
1467430 986
1467440 986
1467450 978
1467460 969
1467470 969
1467480 960
1467490 955
1467500 955
1467510 948
1467520 939
1467530 939
1467540 935
1467550 931
1467560 930
1467570 930
1467580 926
1467590 922
1467600 922
1467610 920
1467620 918
1467630 918
1467640 919
1467650 922
1467660 922
1467670 924
1467680 923
1467690 923
1467700 917
1467710 909
1467720 905
1467730 905
1467740 898
1467750 895
1467760 895
1467770 897
1467780 899
1467790 899
1467800 888
1467810 871
1467820 871
1467830 856
1467840 840
1467850 840
1467860 831
1467870 826
1467880 832
1467890 832
1467900 839
1467910 848
1467920 848
1467930 856
1467940 865
1467950 865
1467960 872
1467970 877
1467980 877
1467990 882
1468000 887
1468010 887
1468020 893
1468030 900
1468040 907
1468050 907
1468060 913
1468070 919
1468080 919
1468090 923
1468100 927
1468110 927
1468120 930
1468130 933
1468140 933
1468150 936
1468160 939
1468170 939
1468180 944
1468190 950
1468200 958
1468210 958
1468220 962
1468230 966
1468240 966
1468250 969
1468260 972
1468270 972
1468280 974
1468290 977
1468300 977
1468310 979
1468320 982
1468330 982
1468340 989
1468350 994
1468360 998
1468370 998
1468380 1000
1468390 1002
1468400 1002
1468410 1006
1468420 1011
1468430 1011
1468440 1015
1468450 1018
1468460 1018
1468470 1021
1468480 1023
1468490 1023
1468500 1024
1468510 1026
1468520 1027
1468530 1027
1468540 1029
1468550 1033
1468560 1033
1468570 1036
1468580 1040
1468590 1040
1468600 1043
1468610 1044
1468620 1044
1468630 1043
1468640 1044
1468650 1044
1468660 1047
1468670 1050
1468680 1053
1468690 1053
1468700 1056
1468710 1059
1468720 1059
1468730 1066
1468740 1072
1468750 1072
1468760 1076
1468770 1081
1468780 1081
1468790 1085
1468800 1089
1468810 1089
1468820 1094
1468830 1098
1468840 1101
1468850 1101
1468860 1104
1468870 1107
1468880 1107
1468890 1111
1468900 1114
1468910 1114
1468920 1119
1468930 1124
1468940 1124
1468950 1128
1468960 1132
1468970 1132
1468980 1136
1468990 1140
1469000 1144
1469010 1144
1469020 1147
1469030 1152
1469040 1152
1469050 1157
1469060 1162
1469070 1162
1469080 1167
1469090 1172
1469100 1172
1469110 1176
1469120 1181
1469130 1181
1469140 1186
1469150 1190
1469160 1195
1469170 1195
1469180 1200
1469190 1204
1469200 1204
1469210 1207
1469220 1207
1469230 1207
1469240 1210
1469250 1214
1469260 1214
1469270 1218
1469280 1222
1469290 1222
1469300 1226
1469310 1231
1469320 1235
1469330 1235
1469340 1241
1469350 1247
1469360 1247
1469370 1253
1469380 1259
1469390 1259
1469400 1264
1469410 1269
1469420 1269
1469430 1273
1469440 1279
1469450 1279
1469460 1285
1469470 1293
1469480 1301
1469490 1301
1469500 1308
1469510 1314
1469520 1314
1469530 1318
1469540 1324
1469550 1324
1469560 1329
1469570 1332
1469580 1332
1469590 1336
1469600 1340
1469610 1340
1469620 1344
1469630 1349
1469640 1352
1469650 1352
1469660 1355
1469670 1358
1469680 1358
1469690 1360
1469700 1363
1469710 1363
1469720 1365
1469730 1367
1469740 1367
1469750 1369
1469760 1371
1469770 1371
1469780 1372
1469790 1373
1469800 1374
1469810 1374
1469820 1374
1469830 1374
1469840 1374
1469850 1373
1469860 1373
1469870 1373
1469880 1373
1469890 1371
1469900 1371
1469910 1370
1469920 1367
1469930 1367
1469940 1365
1469950 1362
1469960 1359
1469970 1359
1469980 1356
1469990 1352
1470000 1352
1470010 1348
1470020 1343
1470030 1343
1470040 1338
1470050 1333
1470060 1333
1470070 1326
1470080 1320
1470090 1320
1470100 1312
1470110 1305
1470120 1301
1470130 1301
1470140 1297
1470150 1293
1470160 1293
1470170 1289
1470180 1283
1470190 1283
1470200 1275
1470210 1279
1470220 1279
1470230 1291
1470240 1299
1470250 1299
1470260 1303
1470270 1305
1470280 1306
1470290 1306
1470300 1307
1470310 1309
1470320 1309
1470330 1309
1470340 1310
1470350 1310
1470360 1310
1470370 1308
1470380 1308
1470390 1306
1470400 1300
1470410 1300
1470420 1293
1470430 1288
1470440 1283
1470450 1283
1470460 1285
1470470 1291
1470480 1291
1470490 1297
1470500 1304
1470510 1304
1470520 1312
1470530 1322
1470540 1322
1470550 1331
1470560 1341
1470570 1341
1470580 1352
1470590 1359
1470600 1365
1470610 1365
1470620 1370
1470630 1375
1470640 1375
1470650 1380
1470660 1385
1470670 1385
1470680 1390
1470690 1396
1470700 1396
1470710 1400
1470720 1405
1470730 1405
1470740 1410
1470750 1414
1470760 1418
1470770 1418
1470780 1422
1470790 1425
1470800 1425
1470810 1427
1470820 1430
1470830 1430
1470840 1433
1470850 1436
1470860 1436
1470870 1440
1470880 1444
1470890 1444
1470900 1448
1470910 1452
1470920 1456
1470930 1456
1470940 1460
1470950 1463
1470960 1463
1470970 1466
1470980 1468
1470990 1468
1471000 1470
1471010 1471
1471020 1471
1471030 1472
1471040 1474
1471050 1474
1471060 1476
1471070 1478
1471080 1479
1471090 1479
1471100 1481
1471110 1483
1471120 1483
1471130 1485
1471140 1488
1471150 1488
1471160 1490
1471170 1493
1471180 1493
1471190 1495
1471200 1497
1471210 1497
1471220 1499
1471230 1501
1471240 1502
1471250 1502
1471260 1503
1471270 1504
1471280 1504
1471290 1505
1471300 1506
1471310 1506
1471320 1507
1471330 1508
1471340 1508
1471350 1508
1471360 1504
1471370 1504
1471380 1499
1471390 1493
1471400 1489
1471410 1489
1471420 1485
1471430 1481
1471440 1481
1471450 1476
1471460 1471
1471470 1471
1471480 1469
1471490 1476
1471500 1476
1471510 1483
1471520 1489
1471530 1489
1471540 1493
1471550 1499
1471560 1505
1471570 1505
1471580 1510
1471590 1513
1471600 1513
1471610 1516
1471620 1519
1471630 1519
1471640 1521
1471650 1524
1471660 1524
1471670 1526
1471680 1527
1471690 1527
1471700 1528
1471710 1528
1471720 1528
1471730 1528
1471740 1528
1471750 1527
1471760 1527
1471770 1527
1471780 1527
1471790 1527
1471800 1526
1471810 1526
1471820 1526
1471830 1526
1471840 1525
1471850 1525
1471860 1525
1471870 1524
1471880 1523
1471890 1523
1471900 1522
1471910 1520
1471920 1520
1471930 1519
1471940 1516
1471950 1516
1471960 1512
1471970 1509
1471980 1509
1471990 1505
1472000 1500
1472010 1500
1472020 1496
1472030 1491
1472040 1485
1472050 1485
1472060 1480
1472070 1474
1472080 1474
1472090 1468
1472100 1463
1472110 1463
1472120 1457
1472130 1452
1472140 1452
1472150 1446
1472160 1440
1472170 1440
1472180 1434
1472190 1428
1472200 1422
1472210 1422
1472220 1416
1472230 1408
1472240 1408
1472250 1402
1472260 1396
1472270 1396
1472280 1393
1472290 1389
1472300 1389
1472310 1383
1472320 1373
1472330 1373
1472340 1371
1472350 1376
1472360 1376
1472370 1376
1472380 1373
1472390 1367
1472400 1367
1472410 1359
1472420 1350
1472430 1350
1472440 1349
1472450 1354
1472460 1354
1472470 1362
1472480 1371
1472490 1371
1472500 1377
1472510 1383
1472520 1386
1472530 1386
1472540 1387
1472550 1388
1472560 1388
1472570 1394
1472580 1396
1472590 1396
1472600 1400
1472610 1405
1472620 1405
1472630 1410
1472640 1415
1472650 1415
1472660 1419
1472670 1422
1472680 1424
1472690 1424
1472700 1427
1472710 1430
1472720 1430
1472730 1434
1472740 1437
1472750 1437
1472760 1440
1472770 1443
1472780 1443
1472790 1445
1472800 1447
1472810 1447
1472820 1449
1472830 1451
1472840 1453
1472850 1453
1472860 1455
1472870 1458
1472880 1458
1472890 1459
1472900 1461
1472910 1461
1472920 1462
1472930 1464
1472940 1464
1472950 1465
1472960 1466
1472970 1466
1472980 1466
1472990 1467
1473000 1469
1473010 1469
1473020 1470
1473030 1470
1473040 1470
1473050 1471
1473060 1472
1473070 1472
1473080 1473
1473090 1473
1473100 1473
1473110 1474
1473120 1474
1473130 1474
1473140 1475
1473150 1475
1473160 1476
1473170 1476
1473180 1475
1473190 1475
1473200 1475
1473210 1474
1473220 1474
1473230 1474
1473240 1473
1473250 1472
1473260 1472
1473270 1470
1473280 1468
1473290 1468
1473300 1468
1473310 1467
1473320 1466
1473330 1466
1473340 1463
1473350 1460
1473360 1460
1473370 1456
1473380 1449
1473390 1449
1473400 1443
1473410 1437
1473420 1437
1473430 1434
1473440 1432
1473450 1432
1473460 1430
1473470 1426
1473480 1421
1473490 1421
1473500 1417
1473510 1414
1473520 1414
1473530 1409
1473540 1407
1473550 1407
1473560 1405
1473570 1403
1473580 1403
1473590 1400
1473600 1397
1473610 1397
1473620 1392
1473630 1387
1473640 1384
1473650 1384
1473660 1382
1473670 1381
1473680 1381
1473690 1380
1473700 1379
1473710 1379
1473720 1375
1473730 1370
1473740 1370
1473750 1362
1473760 1357
1473770 1357
1473780 1353
1473790 1350
1473800 1347
1473810 1347
1473820 1345
1473830 1343
1473840 1343
1473850 1340
1473860 1338
1473870 1338
1473880 1337
1473890 1338
1473900 1338
1473910 1337
1473920 1331
1473930 1331
1473940 1324
1473950 1320
1473960 1316
1473970 1316
1473980 1313
1473990 1311
1474000 1311
1474010 1311
1474020 1307
1474030 1307
1474040 1302
1474050 1296
1474060 1296
1474070 1294
1474080 1294
1474090 1294
1474100 1292
1474110 1292
1474120 1288
1474130 1288
1474140 1284
1474150 1281
1474160 1281
1474170 1279
1474180 1279
1474190 1279
1474200 1277
1474210 1273
1474220 1273
1474230 1270
1474240 1267
1474250 1267
1474260 1266
1474270 1261
1474280 1256
1474290 1256
1474300 1256
1474310 1257
1474320 1257
1474330 1254
1474340 1251
1474350 1251
1474360 1250
1474370 1246
1474380 1246
1474390 1244
1474400 1244
1474410 1244
1474420 1246
1474430 1249
1474440 1250
1474450 1250
1474460 1250
1474470 1250
1474480 1250
1474490 1249
1474500 1251
1474510 1251
1474520 1252
1474530 1252
1474540 1252
1474550 1252
1474560 1252
1474570 1252
1474580 1253
1474590 1252
1474600 1250
1474610 1250
1474620 1245
1474630 1240
1474640 1240
1474650 1235
1474660 1229
1474670 1229
1474680 1223
1474690 1218
1474700 1218
1474710 1213
1474720 1207
1474730 1207
1474740 1201
1474750 1196
1474760 1193
1474770 1193
1474780 1188
1474790 1184
1474800 1184
1474810 1182
1474820 1177
1474830 1177
1474840 1174
1474850 1175
1474860 1175
1474870 1172
1474880 1170
1474890 1170
1474900 1166
1474910 1165
1474920 1162
1474930 1162
1474940 1158
1474950 1156
1474960 1156
1474970 1154
1474980 1152
1474990 1152
1475000 1150
1475010 1148
1475020 1148
1475030 1149
1475040 1153
1475050 1153
1475060 1155
1475070 1156
1475080 1156
1475090 1156
1475100 1156
1475110 1151
1475120 1151
1475130 1144
1475140 1137
1475150 1137
1475160 1142
1475170 1154
1475180 1154
1475190 1163
1475200 1167
1475210 1167
1475220 1170
1475230 1173
1475240 1174
1475250 1174
1475260 1173
1475270 1174
1475280 1174
1475290 1175
1475300 1173
1475310 1173
1475320 1174
1475330 1175
1475340 1175
1475350 1176
1475360 1176
1475370 1176
1475380 1182
1475390 1183
1475400 1180
1475410 1180
1475420 1179
1475430 1178
1475440 1178
1475450 1180
1475460 1183
1475470 1183
1475480 1189
1475490 1198
1475500 1198
1475510 1207
1475520 1214
1475530 1214
1475540 1219
1475550 1220
1475560 1226
1475570 1226
1475580 1234
1475590 1241
1475600 1241
1475610 1248
1475620 1252
1475630 1252
1475640 1256
1475650 1260
1475660 1260
1475670 1263
1475680 1266
1475690 1266
1475700 1272
1475710 1278
1475720 1284
1475730 1284
1475740 1291
1475750 1296
1475760 1296
1475770 1301
1475780 1305
1475790 1305
1475800 1310
1475810 1315
1475820 1315
1475830 1321
1475840 1326
1475850 1326
1475860 1331
1475870 1335
1475880 1335
1475890 1339
1475900 1341
1475910 1343
1475920 1343
1475930 1345
1475940 1348
1475950 1348
1475960 1351
1475970 1353
1475980 1353
1475990 1355
1476000 1356
1476010 1356
1476020 1356
1476030 1357
1476040 1357
1476050 1357
1476060 1358
1476070 1359
1476080 1359
1476090 1360
1476100 1362
1476110 1362
1476120 1363
1476130 1363
1476140 1363
1476150 1363
1476160 1364
1476170 1364
1476180 1364
1476190 1364
1476200 1364
1476210 1364
1476220 1365
1476230 1366
1476240 1366
1476250 1366
1476260 1367
1476270 1367
1476280 1367
1476290 1367
1476300 1367
1476310 1368
1476320 1368
1476330 1368
1476340 1369
1476350 1370
1476360 1370
1476370 1371
1476380 1372
1476390 1374
1476400 1374
1476410 1376
1476420 1377
1476430 1377
1476440 1379
1476450 1379
1476460 1379
1476470 1380
1476480 1380
1476490 1380
1476500 1380
1476510 1380
1476520 1380
1476530 1379
1476540 1378
1476550 1377
1476560 1377
1476570 1376
1476580 1375
1476590 1375
1476600 1374
1476610 1373
1476620 1373
1476630 1372
1476640 1371
1476650 1371
1476660 1370
1476670 1369
1476680 1369
1476690 1369
1476700 1369
1476710 1369
1476720 1369
1476730 1369
1476740 1369
1476750 1369
1476760 1369
1476770 1368
1476780 1368
1476790 1368
1476800 1367
1476810 1367
1476820 1365
1476830 1364
1476840 1364
1476850 1363
1476860 1362
1476870 1361
1476880 1361
1476890 1359
1476900 1358
1476910 1358
1476920 1356
1476930 1356
1476940 1356
1476950 1355
1476960 1355
1476970 1355
1476980 1354
1476990 1354
1477000 1354
1477010 1354
1477020 1353
1477030 1352
1477040 1352
1477050 1350
1477060 1350
1477070 1350
1477080 1349
1477090 1348
1477100 1348
1477110 1347
1477120 1346
1477130 1346
1477140 1345
1477150 1343
1477160 1343
1477170 1342
1477180 1342
1477190 1341
1477200 1341
1477210 1340
1477220 1340
1477230 1340
1477240 1340
1477250 1339
1477260 1339
1477270 1339
1477280 1338
1477290 1338
1477300 1336
1477310 1335
1477320 1335
1477330 1333
1477340 1331
1477350 1330
1477360 1330
1477370 1328
1477380 1326
1477390 1326
1477400 1324
1477410 1322
1477420 1322
1477430 1321
1477440 1319
1477450 1319
1477460 1316
1477470 1314
1477480 1314
1477490 1313
1477500 1313
1477510 1312
1477520 1312
1477530 1309
1477540 1307
1477550 1307
1477560 1305
1477570 1304
1477580 1304
1477590 1303
1477600 1302
1477610 1302
1477620 1300
1477630 1299
1477640 1299
1477650 1298
1477660 1297
1477670 1296
1477680 1296
1477690 1294
1477700 1292
1477710 1292
1477720 1292
1477730 1291
1477740 1291
1477750 1289
1477760 1287
1477770 1287
1477780 1285
1477790 1284
1477800 1284
1477810 1283
1477820 1280
1477830 1276
1477840 1276
1477850 1274
1477860 1273
1477870 1273
1477880 1271
1477890 1269
1477900 1269
1477910 1268
1477920 1267
1477930 1267
1477940 1265
1477950 1263
1477960 1263
1477970 1262
1477980 1262
1477990 1261
1478000 1261
1478010 1261
1478020 1261
1478030 1261
1478040 1262
1478050 1262
1478060 1262
1478070 1262
1478080 1262
1478090 1262
1478100 1262
1478110 1262
1478120 1262
1478130 1261
1478140 1261
1478150 1260
1478160 1260
1478170 1259
1478180 1258
1478190 1258
1478200 1256
1478210 1255
1478220 1255
1478230 1253
1478240 1252
1478250 1252
1478260 1250
1478270 1249
1478280 1249
1478290 1248
1478300 1247
1478310 1246
1478320 1246
1478330 1245
1478340 1244
1478350 1244
1478360 1243
1478370 1242
1478380 1242
1478390 1241
1478400 1240
1478410 1240
1478420 1239
1478430 1238
1478440 1238
1478450 1237
1478460 1237
1478470 1236
1478480 1236
1478490 1236
1478500 1235
1478510 1235
1478520 1235
1478530 1235
1478540 1235
1478550 1234
1478560 1233
1478570 1233
1478580 1233
1478590 1232
1478600 1232
1478610 1231
1478620 1230
1478630 1229
1478640 1229
1478650 1228
1478660 1227
1478670 1227
1478680 1225
1478690 1224
1478700 1224
1478710 1222
1478720 1221
1478730 1221
1478740 1219
1478750 1217
1478760 1217
1478770 1214
1478780 1213
1478790 1212
1478800 1212
1478810 1211
1478820 1209
1478830 1209
1478840 1208
1478850 1204
1478860 1204
1478870 1202
1478880 1200
1478890 1200
1478900 1199
1478910 1197
1478920 1197
1478930 1195
1478940 1193
1478950 1192
1478960 1192
1478970 1191
1478980 1190
1478990 1190
1479000 1189
1479010 1188
1479020 1188
1479030 1187
1479040 1185
1479050 1185
1479060 1183
1479070 1180
1479080 1180
1479090 1179
1479100 1178
1479110 1178
1479120 1178
1479130 1177
1479140 1176
1479150 1176
1479160 1174
1479170 1170
1479180 1170
1479190 1163
1479200 1157
1479210 1157
1479220 1152
1479230 1151
1479240 1151
1479250 1150
1479260 1146
1479270 1139
1479280 1139
1479290 1131
1479300 1125
1479310 1125
1479320 1124
1479330 1121
1479340 1121
1479350 1122
1479360 1125
1479370 1125
1479380 1126
1479390 1124
1479400 1124
1479410 1120
1479420 1121
1479430 1121
1479440 1121
1479450 1119
1479460 1116
1479470 1116
1479480 1112
1479490 1107
1479500 1107
1479510 1103
1479520 1102
1479530 1102
1479540 1100
1479550 1097
1479560 1097
1479570 1094
1479580 1092
1479590 1088
1479600 1088
1479610 1085
1479620 1082
1479630 1082
1479640 1081
1479650 1078
1479660 1078
1479670 1076
1479680 1071
1479690 1071
1479700 1067
1479710 1065
1479720 1065
1479730 1062
1479740 1058
1479750 1053
1479760 1053
1479770 1044
1479780 1037
1479790 1037
1479800 1033
1479810 1025
1479820 1025
1479830 1017
1479840 1009
1479850 1009
1479860 1000
1479870 993
1479880 993
1479890 984
1479900 974
1479910 964
1479920 964
1479930 952
1479940 942
1479950 942
1479960 932
1479970 919
1479980 919
1479990 909
