1460000 791
1460010 802
1460020 802
1460030 809
1460040 812
1460050 813
1460060 813
1460070 814
1460080 814
1460090 814
1460100 815
1460110 815
1460120 815
1460130 815
1460140 815
1460150 815
1460160 814
1460170 814
1460180 814
1460190 816
1460200 816
1460210 818
1460220 818
1460230 819
1460240 819
1460250 819
1460260 820
1460270 823
1460280 823
1460290 825
1460300 826
1460310 826
1460320 825
1460330 826
1460340 826
1460350 826
1460360 828
1460370 829
1460380 829
1460390 829
1460400 829
1460410 829
1460420 829
1460430 830
1460440 830
1460450 830
1460460 830
1460470 830
1460480 830
1460490 830
1460500 830
1460510 830
1460520 831
1460530 831
1460540 831
1460550 831
1460560 834
1460570 834
1460580 836
1460590 840
1460600 840
1460610 844
1460620 848
1460630 848
1460640 851
1460650 854
1460660 854
1460670 859
1460680 863
1460690 865
1460700 865
1460710 865
1460720 864
1460730 864
1460740 865
1460750 868
1460760 868
1460770 869
1460780 871
1460790 871
1460800 876
1460810 880
1460820 880
1460830 884
1460840 888
1460850 890
1460860 890
1460870 892
1460880 894
1460890 894
1460900 897
1460910 899
1460920 899
1460930 902
1460940 905
1460950 905
1460960 908
1460970 910
1460980 910
1460990 911
1461000 913
1461010 914
1461020 914
1461030 914
1461040 914
1461050 914
1461060 921
1461070 928
1461080 928
1461090 935
1461100 943
1461110 943
1461120 949
1461130 952
1461140 952
1461150 954
1461160 955
1461170 957
1461180 957
1461190 959
1461200 960
1461210 960
1461220 961
1461230 963
1461240 963
1461250 965
1461260 966
1461270 966
1461280 967
1461290 968
1461300 968
1461310 969
1461320 970
1461330 971
1461340 971
1461350 973
1461360 976
1461370 976
1461380 978
1461390 976
1461400 976
1461410 977
1461420 977
1461430 977
1461440 977
1461450 978
1461460 978
1461470 978
1461480 979
1461490 979
1461500 980
1461510 982
1461520 985
1461530 985
1461540 985
1461550 986
1461560 986
1461570 986
1461580 986
1461590 986
1461600 988
1461610 988
1461620 988
1461630 988
1461640 987
1461650 987
1461660 983
1461670 979
1461680 978
1461690 978
1461700 979
1461710 983
1461720 983
1461730 987
1461740 991
1461750 991
1461760 995
1461770 999
1461780 999
1461790 1003
1461800 1004
1461810 1004
1461820 1004
1461830 1003
1461840 1002
1461850 1002
1461860 1002
1461870 1002
1461880 1002
1461890 1001
1461900 1001
1461910 1001
1461920 1001
1461930 1001
1461940 1001
1461950 1000
1461960 1000
1461970 1000
1461980 999
1461990 998
1462000 996
1462010 996
1462020 995
1462030 994
1462040 994
1462050 992
1462060 986
1462070 986
1462080 976
1462090 966
1462100 966
1462110 958
1462120 950
1462130 950
1462140 942
1462150 934
1462160 926
1462170 926
1462180 919
1462190 916
1462200 916
1462210 916
1462220 916
1462230 916
1462240 916
1462250 916
1462260 916
1462270 916
1462280 916
1462290 916
1462300 916
1462310 915
1462320 916
1462330 916
1462340 918
1462350 919
1462360 919
1462370 919
1462380 920
1462390 920
1462400 921
1462410 922
1462420 922
1462430 923
1462440 924
1462450 924
1462460 924
1462470 924
1462480 925
1462490 925
1462500 925
1462510 926
1462520 926
1462530 926
1462540 926
1462550 926
1462560 925
1462570 925
1462580 925
1462590 925
1462600 926
1462610 926
1462620 926
1462630 925
1462640 924
1462650 924
1462660 924
1462670 927
1462680 927
1462690 928
1462700 929
1462710 929
1462720 932
1462730 938
1462740 938
1462750 945
1462760 950
1462770 950
1462780 956
1462790 963
1462800 970
1462810 970
1462820 979
1462830 987
1462840 987
1462850 992
1462860 995
1462870 995
1462880 996
1462890 997
1462900 997
1462910 1003
1462920 1009
1462930 1009
1462940 1015
1462950 1019
1462960 1024
1462970 1024
1462980 1031
1462990 1039
1463000 1039
1463010 1045
1463020 1050
1463030 1050
1463040 1057
1463050 1064
1463060 1064
1463070 1070
1463080 1075
1463090 1075
1463100 1079
1463110 1083
1463120 1088
1463130 1088
1463140 1091
1463150 1094
1463160 1094
1463170 1098
1463180 1104
1463190 1104
1463200 1110
1463210 1116
1463220 1116
1463230 1122
1463240 1127
1463250 1127
1463260 1130
1463270 1135
1463280 1138
1463290 1138
1463300 1143
1463310 1150
1463320 1150
1463330 1156
1463340 1161
1463350 1161
1463360 1168
1463370 1173
1463380 1173
1463390 1175
1463400 1178
1463410 1178
1463420 1181
1463430 1182
1463440 1182
1463450 1182
1463460 1182
1463470 1183
1463480 1183
1463490 1184
1463500 1185
1463510 1185
1463520 1185
1463530 1185
1463540 1185
1463550 1185
1463560 1185
1463570 1185
1463580 1186
1463590 1186
1463600 1186
1463610 1186
1463620 1185
1463630 1184
1463640 1184
1463650 1186
1463660 1187
1463670 1187
1463680 1185
1463690 1185
1463700 1185
1463710 1189
1463720 1193
1463730 1193
1463740 1197
1463750 1200
1463760 1203
1463770 1203
1463780 1204
1463790 1205
1463800 1205
1463810 1206
1463820 1208
1463830 1208
1463840 1209
1463850 1209
1463860 1209
1463870 1210
1463880 1212
1463890 1212
1463900 1214
1463910 1216
1463920 1217
1463930 1217
1463940 1220
1463950 1222
1463960 1222
1463970 1224
1463980 1226
1463990 1226
1464000 1228
1464010 1232
1464020 1232
1464030 1236
1464040 1240
1464050 1240
1464060 1244
1464070 1249
1464080 1254
1464090 1254
1464100 1258
1464110 1263
1464120 1263
1464130 1267
1464140 1270
1464150 1270
1464160 1274
1464170 1277
1464180 1277
1464190 1280
1464200 1282
1464210 1282
1464220 1285
1464230 1288
1464240 1290
1464250 1290
1464260 1293
1464270 1295
1464280 1295
1464290 1297
1464300 1299
1464310 1299
1464320 1300
1464330 1302
1464340 1302
1464350 1304
1464360 1307
1464370 1307
1464380 1311
1464390 1315
1464400 1317
1464410 1317
1464420 1319
1464430 1321
1464440 1321
1464450 1322
1464460 1324
1464470 1324
1464480 1326
1464490 1330
1464500 1330
1464510 1333
1464520 1336
1464530 1336
1464540 1339
1464550 1341
1464560 1343
1464570 1343
1464580 1345
1464590 1347
1464600 1347
1464610 1350
1464620 1352
1464630 1352
1464640 1354
1464650 1356
1464660 1356
1464670 1358
1464680 1359
1464690 1359
1464700 1361
1464710 1362
1464720 1362
1464730 1362
1464740 1362
1464750 1361
1464760 1361
1464770 1360
1464780 1360
1464790 1360
1464800 1360
1464810 1359
1464820 1359
1464830 1357
1464840 1352
1464850 1352
1464860 1352
1464870 1352
1464880 1353
1464890 1353
1464900 1352
1464910 1351
1464920 1351
1464930 1348
1464940 1347
1464950 1347
1464960 1349
1464970 1352
1464980 1352
1464990 1355
1465000 1355
1465010 1355
1465020 1356
1465030 1362
1465040 1364
1465050 1364
1465060 1366
1465070 1368
1465080 1368
1465090 1370
1465100 1370
1465110 1370
1465120 1371
1465130 1374
1465140 1374
1465150 1377
1465160 1379
1465170 1379
1465180 1381
1465190 1384
1465200 1384
1465210 1384
1465220 1386
1465230 1390
1465240 1390
1465250 1392
1465260 1392
1465270 1392
1465280 1397
1465290 1401
1465300 1401
1465310 1404
1465320 1404
1465330 1404
1465340 1404
1465350 1411
1465360 1411
1465370 1418
1465380 1422
1465390 1424
1465400 1424
1465410 1429
1465420 1434
1465430 1434
1465440 1439
1465450 1443
1465460 1443
1465470 1447
1465480 1451
1465490 1451
1465500 1454
1465510 1458
1465520 1458
1465530 1462
1465540 1466
1465550 1469
1465560 1469
1465570 1472
1465580 1475
1465590 1475
1465600 1477
1465610 1480
1465620 1480
1465630 1484
1465640 1487
1465650 1487
1465660 1491
1465670 1495
1465680 1495
1465690 1498
1465700 1501
1465710 1505
1465720 1505
1465730 1508
1465740 1510
1465750 1510
1465760 1513
1465770 1515
1465780 1515
1465790 1516
1465800 1518
1465810 1518
1465820 1519
1465830 1520
1465840 1520
1465850 1520
1465860 1519
1465870 1518
1465880 1518
1465890 1518
1465900 1517
1465910 1517
1465920 1517
1465930 1516
1465940 1516
1465950 1516
1465960 1515
1465970 1515
1465980 1513
1465990 1513
1466000 1513
1466010 1513
1466020 1516
1466030 1518
1466040 1518
1466050 1518
1466060 1518
1466070 1518
1466080 1519
1466090 1521
1466100 1521
1466110 1523
1466120 1525
1466130 1525
1466140 1525
1466150 1525
1466160 1525
1466170 1524
1466180 1524
1466190 1525
1466200 1525
1466210 1525
1466220 1525
1466230 1525
1466240 1525
1466250 1525
1466260 1525
1466270 1525
1466280 1525
1466290 1525
1466300 1525
1466310 1525
1466320 1525
1466330 1526
1466340 1526
1466350 1525
1466360 1525
1466370 1525
1466380 1524
1466390 1524
1466400 1523
1466410 1523
1466420 1523
1466430 1523
1466440 1522
1466450 1522
1466460 1522
1466470 1521
1466480 1521
1466490 1519
1466500 1517
1466510 1514
1466520 1514
1466530 1512
1466540 1509
1466550 1509
1466560 1506
1466570 1503
1466580 1503
1466590 1500
1466600 1497
1466610 1497
1466620 1493
1466630 1489
1466640 1489
1466650 1484
1466660 1479
1466670 1472
1466680 1472
1466690 1465
1466700 1457
1466710 1457
1466720 1449
1466730 1443
1466740 1443
1466750 1436
1466760 1433
1466770 1433
1466780 1430
1466790 1427
1466800 1427
1466810 1425
1466820 1424
1466830 1422
1466840 1422
1466850 1420
1466860 1417
1466870 1417
1466880 1416
1466890 1414
1466900 1414
1466910 1411
1466920 1407
1466930 1407
1466940 1404
1466950 1400
1466960 1400
1466970 1397
1466980 1393
1466990 1391
1467000 1391
1467010 1387
1467020 1382
1467030 1382
1467040 1377
1467050 1373
1467060 1373
1467070 1369
1467080 1365
1467090 1365
1467100 1360
1467110 1355
1467120 1355
1467130 1352
1467140 1349
1467150 1346
1467160 1346
1467170 1344
1467180 1342
1467190 1342
1467200 1338
1467210 1335
1467220 1335
1467230 1331
1467240 1328
1467250 1328
1467260 1326
1467270 1322
1467280 1322
1467290 1317
1467300 1312
1467310 1307
1467320 1307
1467330 1303
1467340 1298
1467350 1298
1467360 1293
1467370 1288
1467380 1288
1467390 1284
1467400 1280
1467410 1280
1467420 1276
1467430 1271
1467440 1271
1467450 1264
1467460 1257
1467470 1251
1467480 1251
1467490 1244
1467500 1236
1467510 1236
1467520 1229
1467530 1222
1467540 1222
1467550 1215
1467560 1208
1467570 1208
1467580 1199
1467590 1191
1467600 1191
1467610 1182
1467620 1173
1467630 1164
1467640 1164
1467650 1158
1467660 1150
1467670 1150
1467680 1142
1467690 1134
1467700 1134
1467710 1126
1467720 1117
1467730 1117
1467740 1109
1467750 1102
1467760 1102
1467770 1094
1467780 1087
1467790 1080
1467800 1080
1467810 1074
1467820 1067
1467830 1067
1467840 1061
1467850 1053
1467860 1053
1467870 1041
1467880 1035
1467890 1035
1467900 1033
1467910 1030
1467920 1030
1467930 1027
1467940 1021
1467950 1016
1467960 1016
1467970 1011
1467980 1005
1467990 1005
1468000 997
1468010 987
1468020 987
1468030 973
1468040 964
1468050 964
1468060 956
1468070 948
1468080 948
1468090 942
1468100 939
1468110 937
1468120 937
1468130 936
1468140 936
1468150 936
1468160 938
1468170 937
1468180 937
1468190 932
1468200 922
1468210 922
1468220 907
1468230 902
1468240 902
1468250 909
1468260 919
1468270 926
1468280 926
1468290 933
1468300 938
1468310 938
1468320 947
1468330 953
1468340 953
1468350 962
1468360 971
1468370 971
1468380 980
1468390 988
1468400 988
1468410 995
1468420 1002
1468430 1009
1468440 1009
1468450 1014
1468460 1019
1468470 1019
1468480 1023
1468490 1026
1468500 1026
1468510 1030
1468520 1035
1468530 1035
1468540 1040
1468550 1044
1468560 1044
1468570 1048
1468580 1052
1468590 1059
1468600 1059
1468610 1061
1468620 1063
1468630 1063
1468640 1067
1468650 1070
1468660 1070
1468670 1074
1468680 1078
1468690 1078
1468700 1081
1468710 1085
1468720 1085
1468730 1089
1468740 1093
1468750 1097
1468760 1097
1468770 1101
1468780 1105
1468790 1105
1468800 1108
1468810 1114
1468820 1114
1468830 1119
1468840 1123
1468850 1123
1468860 1128
1468870 1133
1468880 1133
1468890 1138
1468900 1142
1468910 1147
1468920 1147
1468930 1153
1468940 1156
1468950 1156
1468960 1162
1468970 1167
1468980 1167
1468990 1171
1469000 1175
1469010 1175
1469020 1178
1469030 1181
1469040 1181
1469050 1184
1469060 1188
1469070 1192
1469080 1192
1469090 1196
1469100 1203
1469110 1203
1469120 1210
1469130 1218
1469140 1218
1469150 1225
1469160 1234
1469170 1234
1469180 1239
1469190 1245
1469200 1245
1469210 1251
1469220 1257
1469230 1257
1469240 1263
1469250 1267
1469260 1271
1469270 1271
1469280 1275
1469290 1279
1469300 1279
1469310 1286
1469320 1294
1469330 1294
1469340 1300
1469350 1306
1469360 1306
1469370 1311
1469380 1317
1469390 1317
1469400 1324
1469410 1329
1469420 1335
1469430 1335
1469440 1342
1469450 1349
1469460 1349
1469470 1357
1469480 1364
1469490 1364
1469500 1372
1469510 1380
1469520 1380
1469530 1387
1469540 1394
1469550 1394
1469560 1400
1469570 1405
1469580 1409
1469590 1409
1469600 1413
1469610 1418
1469620 1418
1469630 1422
1469640 1426
1469650 1426
1469660 1430
1469670 1434
1469680 1434
1469690 1440
1469700 1444
1469710 1444
1469720 1450
1469730 1454
1469740 1457
1469750 1457
1469760 1460
1469770 1464
1469780 1464
1469790 1468
1469800 1472
1469810 1472
1469820 1476
1469830 1480
1469840 1480
1469850 1485
1469860 1489
1469870 1489
1469880 1491
1469890 1494
1469900 1497
1469910 1497
1469920 1500
1469930 1503
1469940 1503
1469950 1506
1469960 1510
1469970 1510
1469980 1513
1469990 1516
1470000 1516
1470010 1518
1470020 1520
1470030 1520
1470040 1521
1470050 1522
1470060 1523
1470070 1523
1470080 1525
1470090 1527
1470100 1527
1470110 1529
1470120 1531
1470130 1531
1470140 1532
1470150 1533
1470160 1533
1470170 1533
1470180 1533
1470190 1533
1470200 1534
1470210 1536
1470220 1538
1470230 1538
1470240 1542
1470250 1545
1470260 1545
1470270 1546
1470280 1547
1470290 1547
1470300 1547
1470310 1547
1470320 1547
1470330 1549
1470340 1552
1470350 1552
1470360 1554
1470370 1557
1470380 1560
1470390 1560
1470400 1563
1470410 1567
1470420 1567
1470430 1571
1470440 1575
1470450 1575
1470460 1578
1470470 1580
1470480 1580
1470490 1583
1470500 1585
1470510 1585
1470520 1588
1470530 1591
1470540 1595
1470550 1595
1470560 1598
1470570 1600
1470580 1600
1470590 1602
1470600 1604
1470610 1604
1470620 1608
1470630 1610
1470640 1610
1470650 1613
1470660 1615
1470670 1615
1470680 1616
1470690 1617
1470700 1620
1470710 1620
1470720 1623
1470730 1625
1470740 1625
1470750 1627
1470760 1631
1470770 1631
1470780 1635
1470790 1640
1470800 1640
1470810 1643
1470820 1647
1470830 1647
1470840 1651
1470850 1654
1470860 1657
1470870 1657
1470880 1659
1470890 1661
1470900 1661
1470910 1663
1470920 1665
1470930 1665
1470940 1667
1470950 1670
1470960 1670
1470970 1672
1470980 1674
1470990 1674
1471000 1677
1471010 1678
1471020 1679
1471030 1679
1471040 1680
1471050 1681
1471060 1681
1471070 1683
1471080 1684
1471090 1684
1471100 1684
1471110 1684
1471120 1684
1471130 1684
1471140 1683
1471150 1683
1471160 1683
1471170 1683
1471180 1682
1471190 1682
1471200 1681
1471210 1680
1471220 1680
1471230 1680
1471240 1679
1471250 1679
1471260 1678
1471270 1678
1471280 1678
1471290 1677
1471300 1675
1471310 1675
1471320 1674
1471330 1672
1471340 1670
1471350 1670
1471360 1669
1471370 1669
1471380 1669
1471390 1668
1471400 1667
1471410 1667
1471420 1666
1471430 1665
1471440 1665
1471450 1663
1471460 1661
1471470 1661
1471480 1658
1471490 1656
1471500 1654
1471510 1654
1471520 1651
1471530 1649
1471540 1649
1471550 1648
1471560 1646
1471570 1646
1471580 1645
1471590 1644
1471600 1644
1471610 1643
1471620 1642
1471630 1642
1471640 1640
1471650 1639
1471660 1638
1471670 1638
1471680 1636
1471690 1636
1471700 1636
1471710 1635
1471720 1633
1471730 1633
1471740 1631
1471750 1629
1471760 1629
1471770 1626
1471780 1623
1471790 1623
1471800 1620
1471810 1618
1471820 1616
1471830 1616
1471840 1615
1471850 1614
1471860 1614
1471870 1614
1471880 1613
1471890 1613
1471900 1613
1471910 1613
1471920 1613
1471930 1612
1471940 1610
1471950 1610
1471960 1608
1471970 1606
1471980 1604
1471990 1604
1472000 1601
1472010 1598
1472020 1598
1472030 1596
1472040 1594
1472050 1594
1472060 1593
1472070 1592
1472080 1592
1472090 1590
1472100 1588
1472110 1588
1472120 1586
1472130 1584
1472140 1583
1472150 1583
1472160 1582
1472170 1582
1472180 1582
1472190 1581
1472200 1579
1472210 1579
1472220 1578
1472230 1576
1472240 1576
1472250 1574
1472260 1569
1472270 1569
1472280 1566
1472290 1566
1472300 1564
1472310 1564
1472320 1562
1472330 1562
1472340 1562
1472350 1562
1472360 1561
1472370 1561
1472380 1559
1472390 1557
1472400 1557
1472410 1555
1472420 1553
1472430 1553
1472440 1552
1472450 1551
1472460 1551
1472470 1551
1472480 1552
1472490 1553
1472500 1553
1472510 1553
1472520 1553
1472530 1553
1472540 1552
1472550 1551
1472560 1551
1472570 1550
1472580 1550
1472590 1550
1472600 1549
1472610 1548
1472620 1547
1472630 1547
1472640 1546
1472650 1545
1472660 1545
1472670 1544
1472680 1544
1472690 1544
1472700 1543
1472710 1543
1472720 1543
1472730 1542
1472740 1541
1472750 1541
1472760 1543
1472770 1543
1472780 1543
1472790 1543
1472800 1541
1472810 1540
1472820 1540
1472830 1538
1472840 1536
1472850 1536
1472860 1534
1472870 1531
1472880 1531
1472890 1529
1472900 1528
1472910 1528
1472920 1525
1472930 1526
1472940 1528
1472950 1528
1472960 1528
1472970 1527
1472980 1527
1472990 1526
1473000 1525
1473010 1525
1473020 1524
1473030 1522
1473040 1522
1473050 1520
1473060 1517
1473070 1517
1473080 1514
1473090 1509
1473100 1505
1473110 1505
1473120 1502
1473130 1500
1473140 1500
1473150 1498
1473160 1496
1473170 1496
1473180 1493
1473190 1490
1473200 1490
1473210 1489
1473220 1489
1473230 1489
1473240 1489
1473250 1489
1473260 1488
1473270 1488
1473280 1486
1473290 1487
1473300 1487
1473310 1487
1473320 1488
1473330 1488
1473340 1489
1473350 1489
1473360 1489
1473370 1489
1473380 1488
1473390 1488
1473400 1487
1473410 1486
1473420 1486
1473430 1484
1473440 1482
1473450 1479
1473460 1479
1473470 1478
1473480 1476
1473490 1476
1473500 1475
1473510 1474
1473520 1474
1473530 1473
1473540 1473
1473550 1473
1473560 1473
1473570 1473
1473580 1473
1473590 1473
1473600 1474
1473610 1475
1473620 1475
1473630 1477
1473640 1480
1473650 1480
1473660 1480
1473670 1480
1473680 1480
1473690 1481
1473700 1481
1473710 1481
1473720 1480
1473730 1481
1473740 1481
1473750 1481
1473760 1484
1473770 1489
1473780 1489
1473790 1494
1473800 1501
1473810 1501
1473820 1507
1473830 1507
1473840 1507
1473850 1505
1473860 1506
1473870 1506
1473880 1506
1473890 1506
1473900 1506
1473910 1506
1473920 1506
1473930 1507
1473940 1507
1473950 1507
1473960 1507
1473970 1507
1473980 1508
1473990 1507
1474000 1507
1474010 1506
1474020 1504
1474030 1504
1474040 1502
1474050 1499
1474060 1499
1474070 1497
1474080 1495
1474090 1493
1474100 1493
1474110 1490
1474120 1486
1474130 1486
1474140 1482
1474150 1480
1474160 1480
1474170 1479
1474180 1477
1474190 1477
1474200 1476
1474210 1474
1474220 1474
1474230 1471
1474240 1469
1474250 1466
1474260 1466
1474270 1462
1474280 1459
1474290 1459
1474300 1457
1474310 1455
1474320 1455
1474330 1454
1474340 1453
1474350 1453
1474360 1451
1474370 1449
1474380 1449
1474390 1449
1474400 1448
1474410 1448
1474420 1448
1474430 1447
1474440 1445
1474450 1445
1474460 1442
1474470 1439
1474480 1439
1474490 1436
1474500 1433
1474510 1433
1474520 1431
1474530 1429
1474540 1429
1474550 1427
1474560 1425
1474570 1422
1474580 1422
1474590 1419
1474600 1416
1474610 1416
1474620 1413
1474630 1410
1474640 1410
1474650 1407
1474660 1403
1474670 1403
1474680 1399
1474690 1393
1474700 1393
1474710 1388
1474720 1382
1474730 1376
1474740 1376
1474750 1372
1474760 1367
1474770 1367
1474780 1364
1474790 1360
1474800 1360
1474810 1357
1474820 1354
1474830 1354
1474840 1351
1474850 1349
1474860 1349
1474870 1346
1474880 1342
1474890 1339
1474900 1339
1474910 1337
1474920 1334
1474930 1334
1474940 1331
1474950 1331
1474960 1331
1474970 1332
1474980 1332
1474990 1332
1475000 1330
1475010 1327
1475020 1327
1475030 1322
1475040 1318
1475050 1315
1475060 1315
1475070 1313
1475080 1312
1475090 1312
1475100 1310
1475110 1307
1475120 1307
1475130 1304
1475140 1303
1475150 1303
1475160 1304
1475170 1303
1475180 1303
1475190 1302
1475200 1299
1475210 1298
1475220 1298
1475230 1296
1475240 1294
1475250 1294
1475260 1293
1475270 1291
1475280 1291
1475290 1290
1475300 1289
1475310 1289
1475320 1288
1475330 1286
1475340 1286
1475350 1284
1475360 1283
1475370 1281
1475380 1281
1475390 1281
1475400 1280
1475410 1280
1475420 1278
1475430 1276
1475440 1276
1475450 1273
1475460 1271
1475470 1271
1475480 1269
1475490 1269
1475500 1269
1475510 1268
1475520 1266
1475530 1264
1475540 1264
1475550 1261
1475560 1257
1475570 1257
1475580 1252
1475590 1248
1475600 1248
1475610 1246
1475620 1244
1475630 1244
1475640 1243
1475650 1244
1475660 1244
1475670 1245
1475680 1246
1475690 1246
1475700 1246
1475710 1243
1475720 1242
1475730 1242
1475740 1241
1475750 1240
1475760 1240
1475770 1239
1475780 1237
1475790 1237
1475800 1237
1475810 1236
1475820 1236
1475830 1235
1475840 1234
1475850 1236
1475860 1236
1475870 1236
1475880 1236
1475890 1236
1475900 1236
1475910 1235
1475920 1235
1475930 1235
1475940 1235
1475950 1235
1475960 1235
1475970 1234
1475980 1234
1475990 1233
1476000 1233
1476010 1233
1476020 1233
1476030 1234
1476040 1234
1476050 1234
1476060 1234
1476070 1232
1476080 1232
1476090 1230
1476100 1227
1476110 1227
1476120 1226
1476130 1225
1476140 1225
1476150 1226
1476160 1226
1476170 1226
1476180 1226
1476190 1226
1476200 1225
1476210 1225
1476220 1222
1476230 1221
1476240 1221
1476250 1220
1476260 1218
1476270 1218
1476280 1215
1476290 1211
1476300 1211
1476310 1207
1476320 1203
1476330 1196
1476340 1196
1476350 1187
1476360 1179
1476370 1179
1476380 1170
1476390 1172
1476400 1172
1476410 1178
1476420 1183
1476430 1183
1476440 1187
1476450 1188
1476460 1188
1476470 1187
1476480 1186
1476490 1185
1476500 1185
1476510 1184
1476520 1184
1476530 1184
1476540 1183
1476550 1181
1476560 1181
1476570 1179
1476580 1175
1476590 1175
1476600 1173
1476610 1172
1476620 1172
1476630 1171
1476640 1169
1476650 1168
1476660 1168
1476670 1165
1476680 1161
1476690 1161
1476700 1156
1476710 1149
1476720 1149
1476730 1145
1476740 1148
1476750 1148
1476760 1150
1476770 1151
1476780 1151
1476790 1151
1476800 1149
1476810 1147
1476820 1147
1476830 1146
1476840 1144
1476850 1144
1476860 1142
1476870 1141
1476880 1141
1476890 1139
1476900 1137
1476910 1137
1476920 1135
1476930 1134
1476940 1134
1476950 1131
1476960 1130
1476970 1129
1476980 1129
1476990 1128
1477000 1127
1477010 1127
1477020 1126
1477030 1125
1477040 1125
1477050 1125
1477060 1125
1477070 1125
1477080 1125
1477090 1124
1477100 1124
1477110 1124
1477120 1123
1477130 1121
1477140 1121
1477150 1118
1477160 1117
1477170 1117
1477180 1116
1477190 1114
1477200 1114
1477210 1113
1477220 1112
1477230 1112
1477240 1110
1477250 1107
1477260 1107
1477270 1104
1477280 1102
1477290 1102
1477300 1102
1477310 1100
1477320 1098
1477330 1098
1477340 1096
1477350 1094
1477360 1094
1477370 1091
1477380 1089
1477390 1089
1477400 1087
1477410 1086
1477420 1086
1477430 1084
1477440 1081
1477450 1081
1477460 1078
1477470 1073
1477480 1069
1477490 1069
1477500 1065
1477510 1060
1477520 1060
1477530 1054
1477540 1048
1477550 1048
1477560 1042
1477570 1038
1477580 1038
1477590 1034
1477600 1031
1477610 1031
1477620 1027
1477630 1024
1477640 1021
1477650 1021
1477660 1019
1477670 1017
1477680 1017
1477690 1015
1477700 1013
1477710 1013
1477720 1007
1477730 1001
1477740 1001
1477750 994
1477760 987
1477770 987
1477780 982
1477790 975
1477800 968
1477810 968
1477820 961
1477830 952
1477840 952
1477850 945
1477860 940
1477870 940
1477880 936
1477890 932
1477900 932
1477910 931
1477920 931
1477930 931
1477940 929
1477950 927
1477960 929
1477970 929
1477980 931
1477990 935
1478000 935
1478010 940
1478020 944
1478030 944
1478040 950
1478050 958
1478060 958
1478070 964
1478080 972
1478090 972
1478100 978
1478110 977
1478120 975
1478130 975
1478140 974
1478150 974
1478160 974
1478170 974
1478180 973
1478190 973
1478200 972
1478210 970
1478220 970
1478230 961
1478240 955
1478250 955
1478260 958
1478270 962
1478280 961
1478290 961
1478300 959
1478310 957
1478320 957
1478330 955
1478340 954
1478350 954
1478360 953
1478370 951
1478380 951
1478390 949
1478400 947
1478410 947
1478420 944
1478430 943
1478440 941
1478450 941
1478460 940
1478470 939
1478480 939
1478490 936
1478500 932
1478510 932
1478520 930
1478530 928
1478540 928
1478550 927
1478560 925
1478570 928
1478580 926
1478590 925
1478600 924
1478610 924
1478620 923
1478630 922
1478640 922
1478650 922
1478660 921
1478670 921
1478680 921
1478690 920
1478700 920
1478710 919
1478720 918
1478730 918
1478740 918
1478750 917
1478760 917
1478770 917
1478780 916
1478790 915
1478800 915
1478810 914
1478820 913
1478830 913
1478840 911
1478850 907
1478860 907
1478870 906
1478880 908
1478890 908
1478900 909
1478910 910
1478920 910
1478930 910
1478940 909
1478950 908
1478960 908
1478970 907
1478980 907
1478990 907
1479000 906
1479010 906
1479020 906
1479030 904
1479040 902
1479050 902
1479060 898
1479070 896
1479080 895
1479090 895
1479100 894
1479110 893
1479120 893
1479130 893
1479140 891
1479150 891
1479160 890
1479170 889
1479180 889
1479190 888
1479200 887
1479210 887
1479220 885
1479230 883
1479240 881
1479250 881
1479260 872
1479270 856
1479280 856
1479290 839
1479300 828
1479310 828
1479320 820
1479330 818
1479340 818
1479350 817
1479360 819
1479370 819
1479380 821
1479390 822
1479400 825
1479410 825
1479420 831
1479430 836
1479440 836
1479450 835
1479460 834
1479470 834
1479480 833
1479490 831
1479500 831
1479510 828
1479520 825
1479530 825
1479540 823
1479550 820
1479560 811
1479570 811
1479580 806
1479590 809
1479600 809
1479610 813
1479620 813
1479630 813
1479640 812
1479650 811
1479660 811
1479670 808
1479680 803
1479690 803
1479700 798
1479710 795
1479720 792
1479730 792
1479740 794
1479750 797
1479760 797
1479770 798
1479780 795
1479790 795
1479800 791
1479810 789
1479820 789
1479830 787
1479840 786
1479850 786
1479860 784
1479870 781
1479880 779
1479890 779
1479900 773
1479910 769
1479920 769
1479930 774
1479940 777
1479950 777
1479960 776
1479970 777
1479980 777
1479990 775
