1460000 1080
1460010 1079
1460020 1078
1460030 1078
1460040 1078
1460050 1078
1460060 1078
1460070 1078
1460080 1078
1460090 1078
1460100 1078
1460110 1079
1460120 1081
1460130 1081
1460140 1083
1460150 1085
1460160 1085
1460170 1088
1460180 1092
1460190 1092
1460200 1096
1460210 1098
1460220 1098
1460230 1099
1460240 1100
1460250 1100
1460260 1102
1460270 1103
1460280 1102
1460290 1102
1460300 1103
1460310 1105
1460320 1105
1460330 1106
1460340 1109
1460350 1109
1460360 1112
1460370 1116
1460380 1116
1460390 1121
1460400 1123
1460410 1123
1460420 1124
1460430 1128
1460440 1131
1460450 1131
1460460 1133
1460470 1134
1460480 1134
1460490 1136
1460500 1137
1460510 1137
1460520 1138
1460530 1140
1460540 1140
1460550 1143
1460560 1147
1460570 1147
1460580 1151
1460590 1156
1460600 1161
1460610 1161
1460620 1166
1460630 1171
1460640 1171
1460650 1177
1460660 1182
1460670 1182
1460680 1186
1460690 1190
1460700 1190
1460710 1194
1460720 1198
1460730 1198
1460740 1201
1460750 1204
1460760 1207
1460770 1207
1460780 1209
1460790 1213
1460800 1213
1460810 1215
1460820 1217
1460830 1217
1460840 1219
1460850 1220
1460860 1220
1460870 1221
1460880 1222
1460890 1222
1460900 1223
1460910 1223
1460920 1224
1460930 1224
1460940 1225
1460950 1225
1460960 1225
1460970 1226
1460980 1228
1460990 1228
1461000 1229
1461010 1230
1461020 1230
1461030 1231
1461040 1232
1461050 1232
1461060 1233
1461070 1235
1461080 1237
1461090 1237
1461100 1239
1461110 1241
1461120 1241
1461130 1242
1461140 1243
1461150 1243
1461160 1245
1461170 1247
1461180 1247
1461190 1250
1461200 1255
1461210 1255
1461220 1259
1461230 1263
1461240 1267
1461250 1267
1461260 1269
1461270 1271
1461280 1271
1461290 1273
1461300 1275
1461310 1275
1461320 1277
1461330 1279
1461340 1279
1461350 1281
1461360 1283
1461370 1283
1461380 1284
1461390 1286
1461400 1287
1461410 1287
1461420 1288
1461430 1288
1461440 1288
1461450 1288
1461460 1287
1461470 1287
1461480 1285
1461490 1282
1461500 1282
1461510 1282
1461520 1283
1461530 1283
1461540 1284
1461550 1284
1461560 1285
1461570 1285
1461580 1285
1461590 1286
1461600 1286
1461610 1287
1461620 1288
1461630 1288
1461640 1289
1461650 1290
1461660 1290
1461670 1291
1461680 1291
1461690 1291
1461700 1291
1461710 1290
1461720 1290
1461730 1290
1461740 1288
1461750 1287
1461760 1287
1461770 1285
1461780 1283
1461790 1283
1461800 1280
1461810 1278
1461820 1278
1461830 1275
1461840 1274
1461850 1274
1461860 1272
1461870 1270
1461880 1266
1461890 1266
1461900 1263
1461910 1260
1461920 1260
1461930 1257
1461940 1254
1461950 1254
1461960 1247
1461970 1241
1461980 1241
1461990 1235
1462000 1229
1462010 1229
1462020 1224
1462030 1217
1462040 1212
1462050 1212
1462060 1208
1462070 1205
1462080 1205
1462090 1202
1462100 1199
1462110 1199
1462120 1193
1462130 1188
1462140 1188
1462150 1188
1462160 1192
1462170 1192
1462180 1196
1462190 1200
1462200 1205
1462210 1205
1462220 1211
1462230 1218
1462240 1218
1462250 1222
1462260 1219
1462270 1219
1462280 1213
1462290 1206
1462300 1206
1462310 1201
1462320 1197
1462330 1197
1462340 1193
1462350 1190
1462360 1189
1462370 1189
1462380 1188
1462390 1187
1462400 1187
1462410 1179
1462420 1169
1462430 1169
1462440 1160
1462450 1154
1462460 1154
1462470 1148
1462480 1143
1462490 1143
1462500 1141
1462510 1139
1462520 1139
1462530 1136
1462540 1133
1462550 1130
1462560 1130
1462570 1126
1462580 1122
1462590 1122
1462600 1114
1462610 1106
1462620 1106
1462630 1099
1462640 1092
1462650 1092
1462660 1086
1462670 1085
1462680 1085
1462690 1086
1462700 1085
1462710 1084
1462720 1084
1462730 1083
1462740 1083
1462750 1083
1462760 1084
1462770 1085
1462780 1085
1462790 1086
1462800 1087
1462810 1087
1462820 1087
1462830 1089
1462840 1089
1462850 1091
1462860 1092
1462870 1094
1462880 1094
1462890 1094
1462900 1095
1462910 1095
1462920 1096
1462930 1096
1462940 1096
1462950 1097
1462960 1097
1462970 1097
1462980 1096
1462990 1097
1463000 1097
1463010 1097
1463020 1098
1463030 1100
1463040 1100
1463050 1101
1463060 1101
1463070 1101
1463080 1101
1463090 1102
1463100 1102
1463110 1102
1463120 1103
1463130 1103
1463140 1103
1463150 1100
1463160 1100
1463170 1098
1463180 1101
1463190 1101
1463200 1101
1463210 1099
1463220 1096
1463230 1096
1463240 1091
1463250 1088
1463260 1088
1463270 1088
1463280 1090
1463290 1090
1463300 1091
1463310 1098
1463320 1098
1463330 1109
1463340 1114
1463350 1117
1463360 1117
1463370 1120
1463380 1123
1463390 1123
1463400 1126
1463410 1129
1463420 1129
1463430 1133
1463440 1138
1463450 1138
1463460 1143
1463470 1149
1463480 1149
1463490 1153
1463500 1158
1463510 1163
1463520 1163
1463530 1171
1463540 1180
1463550 1180
1463560 1187
1463570 1194
1463580 1194
1463590 1200
1463600 1206
1463610 1206
1463620 1212
1463630 1219
1463640 1219
1463650 1225
1463660 1232
1463670 1238
1463680 1238
1463690 1242
1463700 1247
1463710 1247
1463720 1252
1463730 1257
1463740 1257
1463750 1262
1463760 1266
1463770 1266
1463780 1270
1463790 1274
1463800 1274
1463810 1278
1463820 1282
1463830 1286
1463840 1286
1463850 1290
1463860 1295
1463870 1295
1463880 1300
1463890 1305
1463900 1305
1463910 1309
1463920 1313
1463930 1313
1463940 1316
1463950 1318
1463960 1318
1463970 1323
1463980 1328
1463990 1333
1464000 1333
1464010 1338
1464020 1344
1464030 1344
1464040 1349
1464050 1355
1464060 1355
1464070 1362
1464080 1370
1464090 1370
1464100 1377
1464110 1381
1464120 1373
1464130 1373
1464140 1374
1464150 1376
1464160 1376
1464170 1377
1464180 1379
1464190 1379
1464200 1380
1464210 1380
1464220 1380
1464230 1378
1464240 1374
1464250 1374
1464260 1371
1464270 1366
1464280 1366
1464290 1364
1464300 1361
1464310 1358
1464320 1358
1464330 1364
1464340 1370
1464350 1370
1464360 1375
1464370 1381
1464380 1381
1464390 1387
1464400 1393
1464410 1393
1464420 1400
1464430 1405
1464440 1405
1464450 1413
1464460 1419
1464470 1424
1464480 1424
1464490 1429
1464500 1435
1464510 1435
1464520 1441
1464530 1446
1464540 1446
1464550 1450
1464560 1455
1464570 1455
1464580 1461
1464590 1466
1464600 1466
1464610 1471
1464620 1475
1464630 1479
1464640 1479
1464650 1483
1464660 1487
1464670 1487
1464680 1490
1464690 1493
1464700 1493
1464710 1497
1464720 1501
1464730 1501
1464740 1505
1464750 1509
1464760 1509
1464770 1513
1464780 1517
1464790 1521
1464800 1521
1464810 1524
1464820 1527
1464830 1527
1464840 1531
1464850 1534
1464860 1534
1464870 1536
1464880 1539
1464890 1539
1464900 1543
1464910 1546
1464920 1546
1464930 1548
1464940 1550
1464950 1550
1464960 1552
1464970 1553
1464980 1553
1464990 1553
1465000 1553
1465010 1550
1465020 1550
1465030 1550
1465040 1550
1465050 1550
1465060 1550
1465070 1549
1465080 1549
1465090 1549
1465100 1548
1465110 1548
1465120 1544
1465130 1539
1465140 1537
1465150 1537
1465160 1535
1465170 1534
1465180 1534
1465190 1534
1465200 1533
1465210 1533
1465220 1529
1465230 1522
1465240 1522
1465250 1518
1465260 1515
1465270 1515
1465280 1510
1465290 1507
1465300 1505
1465310 1505
1465320 1504
1465330 1502
1465340 1502
1465350 1502
1465360 1501
1465370 1501
1465380 1500
1465390 1499
1465400 1499
1465410 1499
1465420 1499
1465430 1499
1465440 1496
1465450 1496
1465460 1498
1465470 1498
1465480 1499
1465490 1499
1465500 1499
1465510 1499
1465520 1497
1465530 1497
1465540 1497
1465550 1497
1465560 1497
1465570 1497
1465580 1496
1465590 1496
1465600 1494
1465610 1494
1465620 1493
1465630 1493
1465640 1492
1465650 1491
1465660 1491
1465670 1490
1465680 1489
1465690 1489
1465700 1488
1465710 1487
1465720 1487
1465730 1485
1465740 1481
1465750 1481
1465760 1478
1465770 1473
1465780 1472
1465790 1472
1465800 1472
1465810 1469
1465820 1469
1465830 1465
1465840 1461
1465850 1461
1465860 1457
1465870 1452
1465880 1452
1465890 1447
1465900 1443
1465910 1443
1465920 1438
1465930 1434
1465940 1430
1465950 1430
1465960 1426
1465970 1422
1465980 1422
1465990 1418
1466000 1416
1466010 1416
1466020 1412
1466030 1411
1466040 1411
1466050 1413
1466060 1413
1466070 1413
1466080 1412
1466090 1412
1466100 1414
1466110 1414
1466120 1417
1466130 1418
1466140 1418
1466150 1418
1466160 1418
1466170 1418
1466180 1417
1466190 1416
1466200 1416
1466210 1413
1466220 1410
1466230 1410
1466240 1407
1466250 1403
1466260 1398
1466270 1398
1466280 1395
1466290 1391
1466300 1391
1466310 1387
1466320 1382
1466330 1382
1466340 1378
1466350 1373
1466360 1373
1466370 1369
1466380 1365
1466390 1365
1466400 1361
1466410 1357
1466420 1353
1466430 1353
1466440 1349
1466450 1345
1466460 1345
1466470 1341
1466480 1337
1466490 1337
1466500 1332
1466510 1326
1466520 1326
1466530 1319
1466540 1314
1466550 1314
1466560 1310
1466570 1306
1466580 1302
1466590 1302
1466600 1296
1466610 1292
1466620 1292
1466630 1286
1466640 1282
1466650 1282
1466660 1277
1466670 1271
1466680 1271
1466690 1267
1466700 1261
1466710 1261
1466720 1258
1466730 1254
1466740 1248
1466750 1248
1466760 1241
1466770 1233
1466780 1233
1466790 1224
1466800 1218
1466810 1218
1466820 1213
1466830 1209
1466840 1209
1466850 1203
1466860 1196
1466870 1196
1466880 1189
1466890 1183
1466900 1174
1466910 1174
1466920 1169
1466930 1165
1466940 1165
1466950 1161
1466960 1159
1466970 1159
1466980 1158
1466990 1156
1467000 1156
1467010 1153
1467020 1151
1467030 1151
1467040 1148
1467050 1145
1467060 1140
1467070 1140
1467080 1137
1467090 1133
1467100 1133
1467110 1130
1467120 1126
1467130 1126
1467140 1122
1467150 1118
1467160 1118
1467170 1114
1467180 1110
1467190 1110
1467200 1107
1467210 1105
1467220 1104
1467230 1104
1467240 1101
1467250 1098
1467260 1098
1467270 1094
1467280 1090
1467290 1090
1467300 1086
1467310 1084
1467320 1084
1467330 1082
1467340 1079
1467350 1079
1467360 1076
1467370 1071
1467380 1071
1467390 1064
1467400 1059
1467410 1052
1467420 1052
1467430 1045
1467440 1042
1467450 1042
1467460 1039
1467470 1037
1467480 1037
1467490 1036
1467500 1033
1467510 1033
1467520 1027
1467530 1019
1467540 1019
1467550 1016
1467560 1013
1467570 1009
1467580 1009
1467590 1010
1467600 1014
1467610 1014
1467620 1017
1467630 1015
1467640 1015
1467650 1013
1467660 1012
1467670 1012
1467680 1012
1467690 1012
1467700 1012
1467710 1011
1467720 1010
1467730 1008
1467740 1008
1467750 1005
1467760 1004
1467770 1004
1467780 1002
1467790 1000
1467800 1000
1467810 997
1467820 994
1467830 994
1467840 991
1467850 990
1467860 990
1467870 990
1467880 993
1467890 995
1467900 995
1467910 995
1467920 1000
1467930 1000
1467940 1006
1467950 1010
1467960 1010
1467970 1014
1467980 1020
1467990 1020
1468000 1027
1468010 1035
1468020 1035
1468030 1040
1468040 1043
1468050 1046
1468060 1046
1468070 1046
1468080 1045
1468090 1045
1468100 1043
1468110 1041
1468120 1041
1468130 1044
1468140 1048
1468150 1048
1468160 1049
1468170 1050
1468180 1050
1468190 1050
1468200 1050
1468210 1049
1468220 1049
1468230 1047
1468240 1046
1468250 1046
1468260 1047
1468270 1048
1468280 1048
1468290 1050
1468300 1053
1468310 1053
1468320 1055
1468330 1055
1468340 1055
1468350 1052
1468360 1047
1468370 1041
1468380 1041
1468390 1036
1468400 1030
1468410 1030
1468420 1021
1468430 1012
1468440 1012
1468450 1007
1468460 1007
1468470 1007
1468480 1008
1468490 1008
1468500 1008
1468510 1007
1468520 1005
1468530 1000
1468540 1000
1468550 994
1468560 988
1468570 988
1468580 982
1468590 978
1468600 978
1468610 980
1468620 982
1468630 982
1468640 985
1468650 993
1468660 993
1468670 1000
1468680 1007
1468690 1012
1468700 1012
1468710 1017
1468720 1022
1468730 1022
1468740 1027
1468750 1029
1468760 1029
1468770 1031
1468780 1033
1468790 1033
1468800 1035
1468810 1038
1468820 1038
1468830 1040
1468840 1044
1468850 1047
1468860 1047
1468870 1043
1468880 1041
1468890 1041
1468900 1041
1468910 1040
1468920 1040
1468930 1043
1468940 1047
1468950 1047
1468960 1050
1468970 1054
1468980 1054
1468990 1057
1469000 1061
1469010 1064
1469020 1064
1469030 1064
1469040 1065
1469050 1065
1469060 1069
1469070 1075
1469080 1075
1469090 1080
1469100 1086
1469110 1086
1469120 1088
1469130 1090
1469140 1090
1469150 1090
1469160 1092
1469170 1095
1469180 1095
1469190 1102
1469200 1109
1469210 1109
1469220 1116
1469230 1122
1469240 1122
1469250 1127
1469260 1134
1469270 1134
1469280 1140
1469290 1144
1469300 1144
1469310 1142
1469320 1140
1469330 1138
1469340 1138
1469350 1138
1469360 1140
1469370 1140
1469380 1144
1469390 1147
1469400 1147
1469410 1148
1469420 1150
1469430 1150
1469440 1151
1469450 1151
1469460 1151
1469470 1148
1469480 1150
1469490 1149
1469500 1149
1469510 1148
1469520 1148
1469530 1148
1469540 1147
1469550 1148
1469560 1148
1469570 1151
1469580 1153
1469590 1153
1469600 1156
1469610 1159
1469620 1159
1469630 1165
1469640 1170
1469650 1171
1469660 1171
1469670 1174
1469680 1180
1469690 1180
1469700 1185
1469710 1188
1469720 1188
1469730 1193
1469740 1197
1469750 1197
1469760 1201
1469770 1205
1469780 1205
1469790 1207
1469800 1207
1469810 1207
1469820 1207
1469830 1209
1469840 1213
1469850 1213
1469860 1215
1469870 1221
1469880 1221
1469890 1228
1469900 1232
1469910 1232
1469920 1238
1469930 1243
1469940 1243
1469950 1245
1469960 1247
1469970 1247
1469980 1250
1469990 1254
1470000 1257
1470010 1257
1470020 1261
1470030 1264
1470040 1264
1470050 1267
1470060 1271
1470070 1271
1470080 1275
1470090 1277
1470100 1277
1470110 1281
1470120 1286
1470130 1286
1470140 1289
1470150 1293
1470160 1297
1470170 1297
1470180 1301
1470190 1307
1470200 1307
1470210 1311
1470220 1317
1470230 1317
1470240 1322
1470250 1327
1470260 1327
1470270 1333
1470280 1338
1470290 1338
1470300 1345
1470310 1352
1470320 1358
1470330 1358
1470340 1363
1470350 1368
1470360 1368
1470370 1372
1470380 1377
1470390 1377
1470400 1382
1470410 1386
1470420 1386
1470430 1390
1470440 1393
1470450 1393
1470460 1395
1470470 1397
1470480 1400
1470490 1400
1470500 1404
1470510 1410
1470520 1410
1470530 1418
1470540 1425
1470550 1425
1470560 1431
1470570 1436
1470580 1436
1470590 1439
1470600 1445
1470610 1445
1470620 1450
1470630 1455
1470640 1460
1470650 1460
1470660 1465
1470670 1471
1470680 1471
1470690 1480
1470700 1489
1470710 1489
1470720 1497
1470730 1506
1470740 1506
1470750 1515
1470760 1522
1470770 1522
1470780 1529
1470790 1535
1470800 1541
1470810 1541
1470820 1547
1470830 1553
1470840 1553
1470850 1560
1470860 1569
1470870 1569
1470880 1577
1470890 1582
1470900 1582
1470910 1586
1470920 1588
1470930 1588
1470940 1589
1470950 1588
1470960 1585
1470970 1585
1470980 1577
1470990 1570
1471000 1570
1471010 1567
1471020 1562
1471030 1562
1471040 1553
1471050 1545
1471060 1545
1471070 1540
1471080 1533
1471090 1533
1471100 1525
1471110 1519
1471120 1514
1471130 1514
1471140 1509
1471150 1504
1471160 1504
1471170 1499
1471180 1496
1471190 1496
1471200 1493
1471210 1489
1471220 1489
1471230 1485
1471240 1482
1471250 1482
1471260 1477
1471270 1473
1471280 1471
1471290 1471
1471300 1468
1471310 1466
1471320 1466
1471330 1463
1471340 1458
1471350 1458
1471360 1454
1471370 1449
1471380 1449
1471390 1445
1471400 1442
1471410 1442
1471420 1439
1471430 1436
1471440 1432
1471450 1432
1471460 1428
1471470 1425
1471480 1425
1471490 1421
1471500 1417
1471510 1417
1471520 1412
1471530 1407
1471540 1407
1471550 1403
1471560 1400
1471570 1400
1471580 1396
1471590 1394
1471600 1390
1471610 1390
1471620 1385
1471630 1381
1471640 1381
1471650 1379
1471660 1376
1471670 1376
1471680 1371
1471690 1366
1471700 1366
1471710 1361
1471720 1355
1471730 1355
1471740 1349
1471750 1345
1471760 1342
1471770 1342
1471780 1340
1471790 1336
1471800 1336
1471810 1332
1471820 1328
1471830 1328
1471840 1325
1471850 1323
1471860 1323
1471870 1320
1471880 1316
1471890 1316
1471900 1314
1471910 1312
1471920 1308
1471930 1308
1471940 1306
1471950 1305
1471960 1305
1471970 1304
1471980 1302
1471990 1302
1472000 1298
1472010 1295
1472020 1295
1472030 1292
1472040 1288
1472050 1288
1472060 1284
1472070 1281
1472080 1281
1472090 1281
1472100 1281
1472110 1282
1472120 1282
1472130 1282
1472140 1279
1472150 1279
1472160 1274
1472170 1271
1472180 1271
1472190 1269
1472200 1270
1472210 1270
1472220 1273
1472230 1277
1472240 1278
1472250 1278
1472260 1274
1472270 1270
1472280 1270
1472290 1275
1472300 1279
1472310 1279
1472320 1279
1472330 1279
1472340 1279
1472350 1278
1472360 1271
1472370 1271
1472380 1256
1472390 1253
1472400 1260
1472410 1260
1472420 1269
1472430 1277
1472440 1277
1472450 1278
1472460 1279
1472470 1279
1472480 1279
1472490 1276
1472500 1276
1472510 1275
1472520 1276
1472530 1276
1472540 1277
1472550 1279
1472560 1279
1472570 1280
1472580 1279
1472590 1279
1472600 1279
1472610 1278
1472620 1277
1472630 1277
1472640 1276
1472650 1274
1472660 1274
1472670 1272
1472680 1271
1472690 1271
1472700 1270
1472710 1270
1472720 1270
1472730 1269
1472740 1269
1472750 1269
1472760 1269
1472770 1269
1472780 1268
1472790 1268
1472800 1265
1472810 1262
1472820 1262
1472830 1258
1472840 1255
1472850 1255
1472860 1253
1472870 1252
1472880 1252
1472890 1249
1472900 1246
1472910 1243
1472920 1243
1472930 1241
1472940 1238
1472950 1238
1472960 1236
1472970 1233
1472980 1233
1472990 1232
1473000 1228
1473010 1228
1473020 1224
1473030 1220
1473040 1220
1473050 1217
1473060 1213
1473070 1208
1473080 1208
1473090 1205
1473100 1203
1473110 1203
1473120 1200
1473130 1195
1473140 1195
1473150 1191
1473160 1188
1473170 1188
1473180 1184
1473190 1178
1473200 1178
1473210 1173
1473220 1168
1473230 1166
1473240 1166
1473250 1166
1473260 1164
1473270 1164
1473280 1162
1473290 1161
1473300 1161
1473310 1160
1473320 1158
1473330 1158
1473340 1153
1473350 1146
1473360 1146
1473370 1139
1473380 1132
1473390 1134
1473400 1134
1473410 1141
1473420 1146
1473430 1146
1473440 1150
1473450 1149
1473460 1149
1473470 1144
1473480 1144
1473490 1144
1473500 1150
1473510 1157
1473520 1157
1473530 1163
1473540 1167
1473550 1169
1473560 1169
1473570 1169
1473580 1172
1473590 1172
1473600 1176
1473610 1180
1473620 1180
1473630 1182
1473640 1187
1473650 1187
1473660 1189
1473670 1189
1473680 1189
1473690 1190
1473700 1191
1473710 1192
1473720 1192
1473730 1192
1473740 1191
1473750 1191
1473760 1191
1473770 1191
1473780 1191
1473790 1192
1473800 1192
1473810 1192
1473820 1190
1473830 1188
1473840 1188
1473850 1187
1473860 1186
1473870 1185
1473880 1185
1473890 1183
1473900 1182
1473910 1182
1473920 1181
1473930 1180
1473940 1180
1473950 1177
1473960 1177
1473970 1177
1473980 1177
1473990 1182
1474000 1182
1474010 1184
1474020 1185
1474030 1185
1474040 1185
1474050 1186
1474060 1185
1474070 1185
1474080 1185
1474090 1185
1474100 1185
1474110 1185
1474120 1186
1474130 1186
1474140 1185
1474150 1184
1474160 1184
1474170 1183
1474180 1184
1474190 1185
1474200 1185
1474210 1184
1474220 1183
1474230 1183
1474240 1181
1474250 1179
1474260 1179
1474270 1178
1474280 1179
1474290 1179
1474300 1179
1474310 1177
1474320 1177
1474330 1177
1474340 1178
1474350 1178
1474360 1178
1474370 1178
1474380 1177
1474390 1177
1474400 1177
1474410 1177
1474420 1177
1474430 1176
1474440 1174
1474450 1174
1474460 1168
1474470 1163
1474480 1163
1474490 1158
1474500 1154
1474510 1148
1474520 1148
1474530 1141
1474540 1137
1474550 1137
1474560 1133
1474570 1126
1474580 1126
1474590 1117
1474600 1108
1474610 1108
1474620 1113
1474630 1121
1474640 1121
1474650 1128
1474660 1130
1474670 1130
1474680 1130
1474690 1128
1474700 1124
1474710 1124
1474720 1118
1474730 1112
1474740 1112
1474750 1108
1474760 1105
1474770 1105
1474780 1103
1474790 1101
1474800 1101
1474810 1099
1474820 1096
1474830 1096
1474840 1096
1474850 1097
1474860 1096
1474870 1096
1474880 1097
1474890 1099
1474900 1099
1474910 1095
1474920 1086
1474930 1086
1474940 1087
1474950 1095
1474960 1095
1474970 1100
1474980 1100
1474990 1100
1475000 1098
1475010 1094
1475020 1089
1475030 1089
1475040 1085
1475050 1083
1475060 1083
1475070 1080
1475080 1079
1475090 1079
1475100 1076
1475110 1073
1475120 1073
1475130 1072
1475140 1072
1475150 1072
1475160 1070
1475170 1068
1475180 1068
1475190 1068
1475200 1065
1475210 1064
1475220 1064
1475230 1062
1475240 1060
1475250 1060
1475260 1059
1475270 1058
1475280 1058
1475290 1057
1475300 1055
1475310 1055
1475320 1053
1475330 1053
1475340 1052
1475350 1052
1475360 1049
1475370 1047
1475380 1047
1475390 1045
1475400 1044
1475410 1044
1475420 1042
1475430 1040
1475440 1040
1475450 1036
1475460 1032
1475470 1032
1475480 1026
1475490 1022
1475500 1020
1475510 1020
1475520 1019
1475530 1017
1475540 1017
1475550 1015
1475560 1014
1475570 1014
1475580 1013
1475590 1011
1475600 1011
1475610 1010
1475620 1010
1475630 1010
1475640 1011
1475650 1011
1475660 1011
1475670 1011
1475680 1010
1475690 1008
1475700 1008
1475710 1003
1475720 998
1475730 998
1475740 995
1475750 993
1475760 993
1475770 986
1475780 976
1475790 976
1475800 968
1475810 961
1475820 953
1475830 953
1475840 944
1475850 937
1475860 937
1475870 931
1475880 926
1475890 926
1475900 922
1475910 918
1475920 918
1475930 915
1475940 911
1475950 911
1475960 907
1475970 904
1475980 899
1475990 899
1476000 896
1476010 891
1476020 891
1476030 888
1476040 886
1476050 886
1476060 882
1476070 877
1476080 877
1476090 876
1476100 882
1476110 882
1476120 884
1476130 886
1476140 888
1476150 888
1476160 889
1476170 889
1476180 889
1476190 889
1476200 888
1476210 888
1476220 886
1476230 885
1476240 885
1476250 887
1476260 891
1476270 891
1476280 893
1476290 896
1476300 900
1476310 900
1476320 900
1476330 897
1476340 897
1476350 894
1476360 890
1476370 890
1476380 886
1476390 882
1476400 882
1476410 882
1476420 884
1476430 884
1476440 886
1476450 884
1476460 880
1476470 880
1476480 876
1476490 872
1476500 872
1476510 870
1476520 870
1476530 870
1476540 870
1476550 869
1476560 869
1476570 868
1476580 867
1476590 867
1476600 866
1476610 866
1476620 867
1476630 867
1476640 864
1476650 860
1476660 860
1476670 857
1476680 853
1476690 853
1476700 849
1476710 846
1476720 846
1476730 843
1476740 840
1476750 840
1476760 839
1476770 837
1476780 835
1476790 835
1476800 834
1476810 834
1476820 834
1476830 832
1476840 830
1476850 830
1476860 829
1476870 828
1476880 828
1476890 829
1476900 829
1476910 829
1476920 828
1476930 826
1476940 826
1476950 826
1476960 825
1476970 824
1476980 824
1476990 824
1477000 824
1477010 824
1477020 823
1477030 822
1477040 822
1477050 820
1477060 818
1477070 818
1477080 817
1477090 817
1477100 816
1477110 816
1477120 814
1477130 814
1477140 814
1477150 813
1477160 811
1477170 811
1477180 809
1477190 809
1477200 809
1477210 811
1477220 811
1477230 811
1477240 809
1477250 804
1477260 801
1477270 801
1477280 801
1477290 800
1477300 800
1477310 799
1477320 798
1477330 798
1477340 797
1477350 797
1477360 797
1477370 797
1477380 798
1477390 798
1477400 797
1477410 797
1477420 796
1477430 796
1477440 794
1477450 791
1477460 791
1477470 789
1477480 788
1477490 788
1477500 787
1477510 786
1477520 786
1477530 784
1477540 782
1477550 782
1477560 780
1477570 779
1477580 779
1477590 777
1477600 776
1477610 774
1477620 774
1477630 773
1477640 770
1477650 770
1477660 769
1477670 769
1477680 769
1477690 767
1477700 764
1477710 764
1477720 762
1477730 762
1477740 762
1477750 761
1477760 759
1477770 757
1477780 757
1477790 757
1477800 756
1477810 756
1477820 755
1477830 754
1477840 754
1477850 753
1477860 753
1477870 753
1477880 753
1477890 754
1477900 754
1477910 754
1477920 754
1477930 754
1477940 754
1477950 753
1477960 753
1477970 753
1477980 752
1477990 751
1478000 751
1478010 751
1478020 752
1478030 752
1478040 753
1478050 753
1478060 753
1478070 754
1478080 754
1478090 755
1478100 755
1478110 755
1478120 755
1478130 755
1478140 756
1478150 756
1478160 756
1478170 756
1478180 756
1478190 756
1478200 757
1478210 758
1478220 758
1478230 758
1478240 758
1478250 758
1478260 758
1478270 758
1478280 759
1478290 759
1478300 759
1478310 759
1478320 759
1478330 759
1478340 759
1478350 759
1478360 760
1478370 760
1478380 760
1478390 760
1478400 761
1478410 760
1478420 760
1478430 759
1478440 760
1478450 760
1478460 759
1478470 758
1478480 758
1478490 757
1478500 756
1478510 756
1478520 755
1478530 754
1478540 754
1478550 753
1478560 752
1478570 751
1478580 751
1478590 751
1478600 750
1478610 750
1478620 750
1478630 749
1478640 749
1478650 748
1478660 747
1478670 747
1478680 746
1478690 745
1478700 745
1478710 745
1478720 744
1478730 744
1478740 744
1478750 743
1478760 742
1478770 742
1478780 741
1478790 741
1478800 741
1478810 740
1478820 739
1478830 739
1478840 738
1478850 738
1478860 738
1478870 737
1478880 736
1478890 735
1478900 735
1478910 735
1478920 734
1478930 734
1478940 734
1478950 733
1478960 733
1478970 732
1478980 732
1478990 732
1479000 732
1479010 731
1479020 731
1479030 730
1479040 729
1479050 729
1479060 729
1479070 728
1479080 727
1479090 727
1479100 727
1479110 726
1479120 726
1479130 726
1479140 725
1479150 725
1479160 724
1479170 724
1479180 724
1479190 724
1479200 723
1479210 723
1479220 723
1479230 723
1479240 723
1479250 723
1479260 722
1479270 721
1479280 721
1479290 721
1479300 721
1479310 721
1479320 721
1479330 720
1479340 720
1479350 720
1479360 720
1479370 720
1479380 720
1479390 719
1479400 719
1479410 719
1479420 719
1479430 718
1479440 718
1479450 718
1479460 718
1479470 718
1479480 718
1479490 717
1479500 717
1479510 717
1479520 717
1479530 717
1479540 717
1479550 716
1479560 716
1479570 716
1479580 715
1479590 713
1479600 713
1479610 713
1479620 712
1479630 712
1479640 712
1479650 712
1479660 712
1479670 712
1479680 712
1479690 712
1479700 712
1479710 712
1479720 712
1479730 712
1479740 712
1479750 711
1479760 711
1479770 711
1479780 711
1479790 711
1479800 711
1479810 711
1479820 711
1479830 711
1479840 710
1479850 710
1479860 710
1479870 710
1479880 710
1479890 710
1479900 709
1479910 709
1479920 709
1479930 709
1479940 709
1479950 709
1479960 709
1479970 708
1479980 708
1479990 708
