1460000 1244
1460010 1244
1460020 1240
1460030 1237
1460040 1237
1460050 1234
1460060 1234
1460070 1234
1460080 1240
1460090 1249
1460100 1249
1460110 1257
1460120 1264
1460130 1270
1460140 1270
1460150 1276
1460160 1281
1460170 1281
1460180 1287
1460190 1293
1460200 1293
1460210 1301
1460220 1309
1460230 1309
1460240 1316
1460250 1323
1460260 1323
1460270 1330
1460280 1334
1460290 1338
1460300 1338
1460310 1343
1460320 1347
1460330 1347
1460340 1349
1460350 1352
1460360 1352
1460370 1356
1460380 1360
1460390 1360
1460400 1364
1460410 1369
1460420 1369
1460430 1373
1460440 1378
1460450 1382
1460460 1382
1460470 1387
1460480 1391
1460490 1391
1460500 1395
1460510 1398
1460520 1398
1460530 1402
1460540 1405
1460550 1405
1460560 1409
1460570 1413
1460580 1413
1460590 1417
1460600 1421
1460610 1421
1460620 1426
1460630 1431
1460640 1435
1460650 1435
1460660 1438
1460670 1441
1460680 1441
1460690 1444
1460700 1447
1460710 1447
1460720 1447
1460730 1448
1460740 1448
1460750 1450
1460760 1452
1460770 1452
1460780 1458
1460790 1463
1460800 1463
1460810 1463
1460820 1462
1460830 1462
1460840 1462
1460850 1463
1460860 1466
1460870 1466
1460880 1472
1460890 1477
1460900 1477
1460910 1480
1460920 1482
1460930 1482
1460940 1487
1460950 1494
1460960 1504
1460970 1504
1460980 1515
1460990 1522
1461000 1522
1461010 1530
1461020 1537
1461030 1537
1461040 1541
1461050 1545
1461060 1545
1461070 1548
1461080 1556
1461090 1556
1461100 1570
1461110 1579
1461120 1582
1461130 1582
1461140 1588
1461150 1586
1461160 1586
1461170 1592
1461180 1606
1461190 1606
1461200 1617
1461210 1623
1461220 1623
1461230 1624
1461240 1625
1461250 1625
1461260 1630
1461270 1634
1461280 1639
1461290 1639
1461300 1648
1461310 1661
1461320 1661
1461330 1670
1461340 1672
1461350 1672
1461360 1674
1461370 1679
1461380 1679
1461390 1684
1461400 1686
1461410 1686
1461420 1688
1461430 1690
1461440 1690
1461450 1685
1461460 1684
1461470 1681
1461480 1681
1461490 1679
1461500 1676
1461510 1676
1461520 1675
1461530 1674
1461540 1674
1461550 1673
1461560 1672
1461570 1672
1461580 1671
1461590 1669
1461600 1667
1461610 1667
1461620 1664
1461630 1661
1461640 1661
1461650 1657
1461660 1655
1461670 1655
1461680 1658
1461690 1659
1461700 1659
1461710 1658
1461720 1657
1461730 1657
1461740 1658
1461750 1660
1461760 1661
1461770 1661
1461780 1660
1461790 1655
1461800 1655
1461810 1650
1461820 1640
1461830 1640
1461840 1633
1461850 1631
1461860 1631
1461870 1621
1461880 1607
1461890 1607
1461900 1600
1461910 1599
1461920 1594
1461930 1594
1461940 1583
1461950 1572
1461960 1572
1461970 1563
1461980 1555
1461990 1555
1462000 1548
1462010 1541
1462020 1541
1462030 1535
1462040 1530
1462050 1530
1462060 1528
1462070 1523
1462080 1517
1462090 1517
1462100 1510
1462110 1505
1462120 1505
1462130 1502
1462140 1499
1462150 1499
1462160 1499
1462170 1498
1462180 1498
1462190 1496
1462200 1495
1462210 1495
1462220 1495
1462230 1497
1462240 1497
1462250 1494
1462260 1491
1462270 1491
1462280 1491
1462290 1493
1462300 1494
1462310 1494
1462320 1493
1462330 1493
1462340 1493
1462350 1491
1462360 1490
1462370 1490
1462380 1492
1462390 1493
1462400 1493
1462410 1494
1462420 1493
1462430 1491
1462440 1491
1462450 1491
1462460 1489
1462470 1489
1462480 1483
1462490 1479
1462500 1479
1462510 1485
1462520 1491
1462530 1491
1462540 1492
1462550 1491
1462560 1491
1462570 1492
1462580 1493
1462590 1495
1462600 1495
1462610 1498
1462620 1500
1462630 1500
1462640 1498
1462650 1495
1462660 1495
1462670 1498
1462680 1507
1462690 1507
1462700 1517
1462710 1529
1462720 1529
1462730 1533
1462740 1527
1462750 1524
1462760 1524
1462770 1528
1462780 1532
1462790 1532
1462800 1529
1462810 1531
1462820 1531
1462830 1538
1462840 1536
1462850 1536
1462860 1529
1462870 1525
1462880 1525
1462890 1525
1462900 1532
1462910 1538
1462920 1538
1462930 1541
1462940 1536
1462950 1536
1462960 1531
1462970 1525
1462980 1525
1462990 1527
1463000 1538
1463010 1538
1463020 1541
1463030 1542
1463040 1542
1463050 1543
1463060 1544
1463070 1542
1463080 1542
1463090 1544
1463100 1548
1463110 1548
1463120 1553
1463130 1553
1463140 1553
1463150 1548
1463160 1544
1463170 1544
1463180 1542
1463190 1540
1463200 1540
1463210 1541
1463220 1543
1463230 1545
1463240 1545
1463250 1546
1463260 1545
1463270 1545
1463280 1543
1463290 1541
1463300 1541
1463310 1533
1463320 1525
1463330 1525
1463340 1519
1463350 1523
1463360 1523
1463370 1533
1463380 1538
1463390 1539
1463400 1539
1463410 1538
1463420 1538
1463430 1538
1463440 1534
1463450 1528
1463460 1528
1463470 1520
1463480 1507
1463490 1507
1463500 1500
1463510 1500
1463520 1500
1463530 1504
1463540 1511
1463550 1524
1463560 1524
1463570 1536
1463580 1544
1463590 1544
1463600 1552
1463610 1559
1463620 1559
1463630 1562
1463640 1564
1463650 1564
1463660 1568
1463670 1572
1463680 1572
1463690 1575
1463700 1580
1463710 1587
1463720 1587
1463730 1590
1463740 1593
1463750 1593
1463760 1600
1463770 1607
1463780 1607
1463790 1612
1463800 1618
1463810 1618
1463820 1626
1463830 1633
1463840 1633
1463850 1639
1463860 1644
1463870 1650
1463880 1650
1463890 1656
1463900 1658
1463910 1658
1463920 1665
1463930 1673
1463940 1673
1463950 1682
1463960 1691
1463970 1691
1463980 1700
1463990 1701
1464000 1701
1464010 1700
1464020 1708
1464030 1708
1464040 1720
1464050 1723
1464060 1729
1464070 1729
1464080 1734
1464090 1726
1464100 1726
1464110 1719
1464120 1722
1464130 1722
1464140 1726
1464150 1729
1464160 1729
1464170 1735
1464180 1736
1464190 1736
1464200 1733
1464210 1730
1464220 1731
1464230 1731
1464240 1734
1464250 1736
1464260 1736
1464270 1737
1464280 1739
1464290 1739
1464300 1740
1464310 1740
1464320 1740
1464330 1740
1464340 1741
1464350 1741
1464360 1741
1464370 1741
1464380 1741
1464390 1741
1464400 1739
1464410 1738
1464420 1738
1464430 1735
1464440 1732
1464450 1732
1464460 1728
1464470 1724
1464480 1724
1464490 1719
1464500 1714
1464510 1714
1464520 1710
1464530 1706
1464540 1702
1464550 1702
1464560 1696
1464570 1690
1464580 1690
1464590 1682
1464600 1675
1464610 1675
1464620 1668
1464630 1662
1464640 1662
1464650 1657
1464660 1651
1464670 1651
1464680 1644
1464690 1638
1464700 1630
1464710 1630
1464720 1623
1464730 1616
1464740 1616
1464750 1609
1464760 1603
1464770 1603
1464780 1594
1464790 1585
1464800 1585
1464810 1576
1464820 1567
1464830 1567
1464840 1558
1464850 1544
1464860 1531
1464870 1531
1464880 1522
1464890 1515
1464900 1515
1464910 1514
1464920 1517
1464930 1517
1464940 1518
1464950 1517
1464960 1517
1464970 1517
1464980 1518
1464990 1518
1465000 1519
1465010 1520
1465020 1521
1465030 1521
1465040 1524
1465050 1527
1465060 1527
1465070 1526
1465080 1524
1465090 1524
1465100 1522
1465110 1520
1465120 1520
1465130 1517
1465140 1516
1465150 1516
1465160 1515
1465170 1513
1465180 1511
1465190 1511
1465200 1508
1465210 1508
1465220 1508
1465230 1510
1465240 1511
1465250 1511
1465260 1509
1465270 1508
1465280 1508
1465290 1505
1465300 1503
1465310 1503
1465320 1501
1465330 1498
1465340 1495
1465350 1495
1465360 1491
1465370 1488
1465380 1488
1465390 1484
1465400 1481
1465410 1481
1465420 1476
1465430 1470
1465440 1470
1465450 1463
1465460 1457
1465470 1457
1465480 1452
1465490 1447
1465500 1440
1465510 1440
1465520 1432
1465530 1425
1465540 1425
1465550 1417
1465560 1409
1465570 1409
1465580 1402
1465590 1396
1465600 1396
1465610 1397
1465620 1401
1465630 1401
1465640 1406
1465650 1412
1465660 1415
1465670 1415
1465680 1413
1465690 1410
1465700 1410
1465710 1407
1465720 1404
1465730 1404
1465740 1401
1465750 1398
1465760 1398
1465770 1396
1465780 1394
1465790 1394
1465800 1392
1465810 1390
1465820 1390
1465830 1387
1465840 1384
1465850 1382
1465860 1382
1465870 1379
1465880 1376
1465890 1376
1465900 1372
1465910 1363
1465920 1363
1465930 1354
1465940 1346
1465950 1346
1465960 1339
1465970 1332
1465980 1332
1465990 1324
1466000 1313
1466010 1303
1466020 1303
1466030 1295
1466040 1292
1466050 1292
1466060 1296
1466070 1303
1466080 1303
1466090 1310
1466100 1312
1466110 1312
1466120 1314
1466130 1319
1466140 1319
1466150 1324
1466160 1330
1466170 1334
1466180 1334
1466190 1337
1466200 1340
1466210 1340
1466220 1340
1466230 1340
1466240 1340
1466250 1336
1466260 1330
1466270 1330
1466280 1323
1466290 1325
1466300 1325
1466310 1330
1466320 1333
1466330 1338
1466340 1338
1466350 1344
1466360 1347
1466370 1347
1466380 1348
1466390 1349
1466400 1349
1466410 1351
1466420 1351
1466430 1351
1466440 1352
1466450 1353
1466460 1353
1466470 1353
1466480 1352
1466490 1352
1466500 1352
1466510 1351
1466520 1350
1466530 1350
1466540 1349
1466550 1347
1466560 1347
1466570 1345
1466580 1343
1466590 1343
1466600 1341
1466610 1337
1466620 1337
1466630 1335
1466640 1333
1466650 1331
1466660 1331
1466670 1330
1466680 1328
1466690 1328
1466700 1326
1466710 1324
1466720 1324
1466730 1322
1466740 1319
1466750 1319
1466760 1316
1466770 1312
1466780 1312
1466790 1309
1466800 1301
1466810 1291
1466820 1291
1466830 1281
1466840 1266
1466850 1266
1466860 1253
1466870 1246
1466880 1246
1466890 1240
1466900 1234
1466910 1234
1466920 1228
1466930 1219
1466940 1219
1466950 1212
1466960 1207
1466970 1202
1466980 1202
1466990 1196
1467000 1187
1467010 1187
1467020 1181
1467030 1185
1467040 1185
1467050 1195
1467060 1201
1467070 1201
1467080 1205
1467090 1213
1467100 1213
1467110 1223
1467120 1231
1467130 1237
1467140 1237
1467150 1242
1467160 1247
1467170 1247
1467180 1255
1467190 1264
1467200 1264
1467210 1272
1467220 1281
1467230 1281
1467240 1287
1467250 1292
1467260 1292
1467270 1296
1467280 1300
1467290 1304
1467300 1304
1467310 1307
1467320 1310
1467330 1310
1467340 1312
1467350 1313
1467360 1313
1467370 1315
1467380 1319
1467390 1319
1467400 1323
1467410 1325
1467420 1325
1467430 1326
1467440 1326
1467450 1326
1467460 1325
1467470 1325
1467480 1326
1467490 1326
1467500 1324
1467510 1327
1467520 1327
1467530 1335
1467540 1344
1467550 1344
1467560 1351
1467570 1354
1467580 1354
1467590 1358
1467600 1363
1467610 1363
1467620 1368
1467630 1372
1467640 1377
1467650 1377
1467660 1381
1467670 1385
1467680 1385
1467690 1389
1467700 1388
1467710 1388
1467720 1392
1467730 1394
1467740 1394
1467750 1395
1467760 1396
1467770 1396
1467780 1396
1467790 1396
1467800 1395
1467810 1395
1467820 1393
1467830 1391
1467840 1391
1467850 1389
1467860 1385
1467870 1385
1467880 1380
1467890 1375
1467900 1375
1467910 1370
1467920 1365
1467930 1365
1467940 1360
1467950 1357
1467960 1353
1467970 1353
1467980 1351
1467990 1348
1468000 1348
1468010 1345
1468020 1342
1468030 1342
1468040 1339
1468050 1337
1468060 1337
1468070 1334
1468080 1331
1468090 1331
1468100 1327
1468110 1324
1468120 1321
1468130 1321
1468140 1319
1468150 1317
1468160 1317
1468170 1315
1468180 1311
1468190 1311
1468200 1306
1468210 1305
1468220 1305
1468230 1303
1468240 1301
1468250 1301
1468260 1299
1468270 1297
1468280 1297
1468290 1297
1468300 1294
1468310 1293
1468320 1293
1468330 1293
1468340 1292
1468350 1292
1468360 1289
1468370 1287
1468380 1287
1468390 1284
1468400 1280
1468410 1280
1468420 1276
1468430 1275
1468440 1273
1468450 1273
1468460 1270
1468470 1267
1468480 1267
1468490 1264
1468500 1261
1468510 1261
1468520 1258
1468530 1255
1468540 1255
1468550 1252
1468560 1249
1468570 1249
1468580 1247
1468590 1244
1468600 1241
1468610 1241
1468620 1238
1468630 1235
1468640 1235
1468650 1232
1468660 1229
1468670 1229
1468680 1226
1468690 1220
1468700 1220
1468710 1206
1468720 1193
1468730 1193
1468740 1184
1468750 1176
1468760 1171
1468770 1171
1468780 1167
1468790 1161
1468800 1161
1468810 1153
1468820 1144
1468830 1144
1468840 1134
1468850 1126
1468860 1126
1468870 1119
1468880 1118
1468890 1118
1468900 1119
1468910 1126
1468920 1131
1468930 1131
1468940 1136
1468950 1140
1468960 1140
1468970 1143
1468980 1146
1468990 1146
1469000 1146
1469010 1146
1469020 1146
1469030 1147
1469040 1149
1469050 1149
1469060 1150
1469070 1150
1469080 1148
1469090 1148
1469100 1146
1469110 1146
1469120 1146
1469130 1148
1469140 1152
1469150 1152
1469160 1153
1469170 1152
1469180 1152
1469190 1152
1469200 1153
1469210 1153
1469220 1153
1469230 1150
1469240 1150
1469250 1150
1469260 1151
1469270 1150
1469280 1150
1469290 1150
1469300 1152
1469310 1152
1469320 1154
1469330 1155
1469340 1155
1469350 1156
1469360 1161
1469370 1161
1469380 1167
1469390 1168
1469400 1168
1469410 1167
1469420 1165
1469430 1161
1469440 1161
1469450 1155
1469460 1148
1469470 1148
1469480 1151
1469490 1151
1469500 1151
1469510 1152
1469520 1152
1469530 1152
1469540 1153
1469550 1154
1469560 1154
1469570 1156
1469580 1156
1469590 1155
1469600 1155
1469610 1152
1469620 1148
1469630 1148
1469640 1146
1469650 1143
1469660 1143
1469670 1141
1469680 1140
1469690 1140
1469700 1136
1469710 1131
1469720 1131
1469730 1122
1469740 1114
1469750 1108
1469760 1108
1469770 1105
1469780 1105
1469790 1105
1469800 1108
1469810 1115
1469820 1115
1469830 1122
1469840 1129
1469850 1129
1469860 1132
1469870 1136
1469880 1136
1469890 1140
1469900 1142
1469910 1142
1469920 1142
1469930 1141
1469940 1142
1469950 1142
1469960 1141
1469970 1141
1469980 1141
1469990 1141
1470000 1142
1470010 1142
1470020 1145
1470030 1148
1470040 1148
1470050 1152
1470060 1154
1470070 1157
1470080 1157
1470090 1160
1470100 1163
1470110 1163
1470120 1163
1470130 1160
1470140 1160
1470150 1161
1470160 1165
1470170 1165
1470180 1168
1470190 1170
1470200 1170
1470210 1171
1470220 1173
1470230 1173
1470240 1173
1470250 1174
1470260 1175
1470270 1175
1470280 1175
1470290 1176
1470300 1176
1470310 1176
1470320 1176
1470330 1176
1470340 1177
1470350 1178
1470360 1178
1470370 1178
1470380 1179
1470390 1179
1470400 1179
1470410 1180
1470420 1180
1470430 1180
1470440 1181
1470450 1182
1470460 1182
1470470 1182
1470480 1182
1470490 1182
1470500 1181
1470510 1182
1470520 1182
1470530 1182
1470540 1183
1470550 1184
1470560 1184
1470570 1184
1470580 1185
1470590 1185
1470600 1188
1470610 1191
1470620 1191
1470630 1195
1470640 1199
1470650 1199
1470660 1199
1470670 1199
1470680 1199
1470690 1201
1470700 1205
1470710 1208
1470720 1208
1470730 1210
1470740 1211
1470750 1211
1470760 1213
1470770 1213
1470780 1213
1470790 1213
1470800 1211
1470810 1211
1470820 1209
1470830 1207
1470840 1207
1470850 1205
1470860 1203
1470870 1201
1470880 1201
1470890 1200
1470900 1198
1470910 1198
1470920 1194
1470930 1188
1470940 1188
1470950 1185
1470960 1183
1470970 1183
1470980 1180
1470990 1181
1471000 1181
1471010 1182
1471020 1182
1471030 1182
1471040 1175
1471050 1167
1471060 1161
1471070 1161
1471080 1160
1471090 1164
1471100 1164
1471110 1168
1471120 1169
1471130 1169
1471140 1169
1471150 1172
1471160 1172
1471170 1174
1471180 1174
1471190 1174
1471200 1170
1471210 1167
1471220 1168
1471230 1168
1471240 1170
1471250 1170
1471260 1170
1471270 1168
1471280 1167
1471290 1167
1471300 1169
1471310 1170
1471320 1170
1471330 1169
1471340 1167
1471350 1167
1471360 1165
1471370 1164
1471380 1165
1471390 1165
1471400 1165
1471410 1165
1471420 1165
1471430 1164
1471440 1161
1471450 1161
1471460 1157
1471470 1155
1471480 1155
1471490 1153
1471500 1151
1471510 1151
1471520 1150
1471530 1146
1471540 1141
1471550 1141
1471560 1139
1471570 1138
1471580 1138
1471590 1137
1471600 1132
1471610 1132
1471620 1127
1471630 1123
1471640 1123
1471650 1119
1471660 1112
1471670 1112
1471680 1107
1471690 1103
1471700 1100
1471710 1100
1471720 1098
1471730 1097
1471740 1097
1471750 1097
1471760 1100
1471770 1100
1471780 1101
1471790 1096
1471800 1096
1471810 1092
1471820 1087
1471830 1087
1471840 1081
1471850 1076
1471860 1073
1471870 1073
1471880 1070
1471890 1068
1471900 1068
1471910 1064
1471920 1060
1471930 1060
1471940 1054
1471950 1051
1471960 1051
1471970 1048
1471980 1045
1471990 1045
1472000 1040
1472010 1038
1472020 1035
1472030 1035
1472040 1030
1472050 1024
1472060 1024
1472070 1022
1472080 1021
1472090 1021
1472100 1020
1472110 1020
1472120 1020
1472130 1018
1472140 1019
1472150 1019
1472160 1015
1472170 1010
1472180 1005
1472190 1005
1472200 1002
1472210 998
1472220 998
1472230 996
1472240 1000
1472250 1000
1472260 1006
1472270 1012
1472280 1012
1472290 1017
1472300 1022
1472310 1022
1472320 1022
1472330 1020
1472340 1018
1472350 1018
1472360 1013
1472370 1011
1472380 1011
1472390 1011
1472400 1013
1472410 1013
1472420 1011
1472430 1008
1472440 1008
1472450 1002
1472460 996
1472470 996
1472480 994
1472490 995
1472500 995
1472510 995
1472520 994
1472530 996
1472540 996
1472550 996
1472560 996
1472570 996
1472580 993
1472590 991
1472600 991
1472610 989
1472620 986
1472630 986
1472640 985
1472650 983
1472660 979
1472670 979
1472680 976
1472690 973
1472700 973
1472710 970
1472720 968
1472730 968
1472740 966
1472750 961
1472760 961
1472770 956
1472780 950
1472790 950
1472800 941
1472810 932
1472820 932
1472830 927
1472840 929
1472850 932
1472860 932
1472870 938
1472880 947
1472890 947
1472900 956
1472910 964
1472920 964
1472930 970
1472940 978
1472950 978
1472960 984
1472970 985
1472980 985
1472990 985
1473000 984
1473010 983
1473020 983
1473030 983
1473040 982
1473050 982
1473060 981
1473070 980
1473080 980
1473090 979
1473100 978
1473110 978
1473120 976
1473130 975
1473140 975
1473150 974
1473160 973
1473170 972
1473180 972
1473190 967
1473200 959
1473210 959
1473220 952
1473230 946
1473240 946
1473250 939
1473260 931
1473270 931
1473280 932
1473290 941
1473300 941
1473310 949
1473320 951
1473330 949
1473340 949
1473350 951
1473360 955
1473370 955
1473380 958
1473390 960
1473400 960
1473410 962
1473420 962
1473430 962
1473440 962
1473450 962
1473460 962
1473470 962
1473480 962
1473490 962
1473500 962
1473510 961
1473520 960
1473530 960
1473540 957
1473550 957
1473560 957
1473570 957
1473580 958
1473590 958
1473600 958
1473610 958
1473620 958
1473630 956
1473640 955
1473650 952
1473660 952
1473670 948
1473680 944
1473690 944
1473700 942
1473710 941
1473720 941
1473730 939
1473740 938
1473750 938
1473760 937
1473770 936
1473780 936
1473790 935
1473800 935
1473810 935
1473820 935
1473830 933
1473840 929
1473850 929
1473860 921
1473870 912
1473880 912
1473890 903
1473900 893
1473910 893
1473920 883
1473930 876
1473940 876
1473950 872
1473960 872
1473970 871
1473980 871
1473990 870
1474000 868
1474010 868
1474020 867
1474030 865
1474040 865
1474050 864
1474060 865
1474070 865
1474080 868
1474090 872
1474100 872
1474110 879
1474120 886
1474130 890
1474140 890
1474150 897
1474160 900
1474170 900
1474180 896
1474190 898
1474200 898
1474210 896
1474220 894
1474230 894
1474240 893
1474250 892
1474260 892
1474270 889
1474280 885
1474290 883
1474300 883
1474310 880
1474320 878
1474330 878
1474340 876
1474350 875
1474360 875
1474370 873
1474380 871
1474390 871
1474400 867
1474410 867
1474420 867
1474430 867
1474440 869
1474450 870
1474460 870
1474470 871
1474480 870
1474490 870
1474500 865
1474510 860
1474520 860
1474530 856
1474540 855
1474550 855
1474560 855
1474570 855
1474580 855
1474590 857
1474600 859
1474610 859
1474620 861
1474630 861
1474640 860
1474650 860
1474660 859
1474670 857
1474680 857
1474690 856
1474700 856
1474710 856
1474720 856
1474730 857
1474740 857
1474750 855
1474760 853
1474770 853
1474780 851
1474790 849
1474800 847
1474810 847
1474820 845
1474830 843
1474840 843
1474850 842
1474860 842
1474870 842
1474880 841
1474890 838
1474900 838
1474910 836
1474920 835
1474930 835
1474940 831
1474950 826
1474960 823
1474970 823
1474980 823
1474990 822
1475000 822
1475010 824
1475020 825
1475030 825
1475040 825
1475050 824
1475060 824
1475070 823
1475080 822
1475090 822
1475100 821
1475110 821
1475120 820
1475130 820
1475140 820
1475150 819
1475160 819
1475170 818
1475180 818
1475190 818
1475200 817
1475210 816
1475220 816
1475230 815
1475240 815
1475250 815
1475260 814
1475270 815
1475280 815
1475290 815
1475300 814
1475310 813
1475320 813
1475330 812
1475340 811
1475350 811
1475360 811
1475370 810
1475380 810
1475390 809
1475400 809
1475410 809
1475420 808
1475430 807
1475440 807
1475450 807
1475460 807
1475470 807
1475480 807
1475490 806
1475500 806
1475510 806
1475520 805
1475530 805
1475540 805
1475550 804
1475560 803
1475570 803
1475580 803
1475590 802
1475600 802
1475610 802
1475620 801
1475630 800
1475640 800
1475650 799
1475660 798
1475670 798
1475680 797
1475690 797
1475700 797
1475710 796
1475720 795
1475730 795
1475740 795
1475750 794
1475760 793
1475770 793
1475780 793
1475790 792
1475800 792
1475810 791
1475820 790
1475830 790
1475840 790
1475850 789
1475860 789
1475870 788
1475880 787
1475890 787
1475900 786
1475910 785
1475920 785
1475930 785
1475940 784
1475950 783
1475960 783
1475970 782
1475980 781
1475990 781
1476000 781
1476010 780
1476020 780
1476030 779
1476040 778
1476050 778
1476060 778
1476070 777
1476080 776
1476090 776
1476100 775
1476110 775
1476120 775
1476130 773
1476140 772
1476150 772
1476160 772
1476170 772
1476180 772
1476190 772
1476200 771
1476210 771
1476220 771
1476230 770
1476240 770
1476250 770
1476260 769
1476270 769
1476280 769
1476290 768
1476300 768
1476310 768
1476320 767
1476330 767
1476340 767
1476350 767
1476360 766
1476370 766
1476380 766
1476390 766
1476400 766
1476410 766
1476420 765
1476430 765
1476440 765
1476450 765
1476460 764
1476470 764
1476480 764
1476490 763
1476500 763
1476510 763
1476520 763
1476530 763
1476540 762
1476550 762
1476560 762
1476570 761
1476580 761
1476590 761
1476600 761
1476610 760
1476620 760
1476630 760
1476640 760
1476650 760
1476660 760
1476670 760
1476680 759
1476690 759
1476700 759
1476710 759
1476720 759
1476730 759
1476740 759
1476750 759
1476760 759
1476770 759
1476780 758
1476790 758
1476800 758
1476810 758
1476820 758
1476830 758
1476840 757
1476850 757
1476860 757
1476870 756
1476880 756
1476890 756
1476900 756
1476910 756
1476920 756
1476930 755
1476940 755
1476950 755
1476960 754
1476970 754
1476980 754
1476990 753
1477000 752
1477010 752
1477020 751
1477030 751
1477040 751
1477050 750
1477060 750
1477070 749
1477080 749
1477090 749
1477100 749
1477110 749
1477120 749
1477130 749
1477140 749
1477150 748
1477160 748
1477170 748
1477180 748
1477190 748
1477200 748
1477210 747
1477220 747
1477230 747
1477240 747
1477250 747
1477260 746
1477270 746
1477280 745
1477290 744
1477300 744
1477310 744
1477320 744
1477330 744
1477340 745
1477350 746
1477360 746
1477370 747
1477380 747
1477390 747
1477400 747
1477410 748
1477420 748
1477430 748
1477440 748
1477450 747
1477460 747
1477470 747
1477480 747
1477490 747
1477500 747
1477510 747
1477520 747
1477530 746
1477540 746
1477550 746
1477560 746
1477570 746
1477580 746
1477590 746
1477600 745
1477610 745
1477620 745
1477630 745
1477640 745
1477650 745
1477660 745
1477670 744
1477680 744
1477690 744
1477700 744
1477710 744
1477720 744
1477730 743
1477740 743
1477750 743
1477760 743
1477770 742
1477780 742
1477790 742
1477800 742
1477810 742
1477820 741
1477830 741
1477840 741
1477850 741
1477860 741
1477870 740
1477880 740
1477890 740
1477900 740
1477910 740
1477920 740
1477930 739
1477940 739
1477950 739
1477960 739
1477970 739
1477980 739
1477990 738
1478000 738
1478010 738
1478020 738
1478030 738
1478040 738
1478050 737
1478060 737
1478070 737
1478080 737
1478090 737
1478100 737
1478110 737
1478120 739
1478130 739
1478140 740
1478150 742
1478160 742
1478170 743
1478180 744
1478190 744
1478200 745
1478210 746
1478220 747
1478230 747
1478240 749
1478250 749
1478260 749
1478270 750
1478280 751
1478290 751
1478300 752
1478310 753
1478320 753
1478330 753
1478340 754
1478350 754
1478360 754
1478370 755
1478380 755
1478390 755
1478400 756
1478410 757
1478420 757
1478430 758
1478440 759
1478450 759
1478460 760
1478470 761
1478480 761
1478490 762
1478500 763
1478510 763
1478520 764
1478530 765
1478540 766
1478550 766
1478560 767
1478570 769
1478580 769
1478590 770
1478600 772
1478610 772
1478620 773
1478630 774
1478640 774
1478650 775
1478660 775
1478670 775
1478680 776
1478690 776
1478700 776
1478710 776
1478720 772
1478730 772
1478740 772
1478750 772
1478760 773
1478770 773
1478780 773
1478790 772
1478800 772
1478810 773
1478820 775
1478830 775
1478840 776
1478850 778
1478860 779
1478870 779
1478880 780
1478890 781
1478900 781
1478910 783
1478920 785
1478930 785
1478940 787
1478950 789
1478960 789
1478970 792
1478980 795
1478990 795
1479000 798
1479010 800
1479020 802
1479030 802
1479040 805
1479050 808
1479060 808
1479070 810
1479080 813
1479090 813
1479100 815
1479110 817
1479120 817
1479130 819
1479140 822
1479150 822
1479160 826
1479170 829
1479180 831
1479190 831
1479200 833
1479210 833
1479220 833
1479230 835
1479240 834
1479250 834
1479260 838
1479270 843
1479280 843
1479290 848
1479300 852
1479310 852
1479320 857
1479330 863
1479340 867
1479350 867
1479360 871
1479370 873
1479380 873
1479390 875
1479400 877
1479410 877
1479420 875
1479430 874
1479440 874
1479450 877
1479460 879
1479470 879
1479480 875
1479490 875
1479500 883
1479510 883
1479520 890
1479530 896
1479540 896
1479550 899
1479560 904
1479570 904
1479580 903
1479590 902
1479600 902
1479610 899
1479620 906
1479630 906
1479640 916
1479650 930
1479660 939
1479670 939
1479680 943
1479690 947
1479700 947
1479710 951
1479720 949
1479730 949
1479740 939
1479750 931
1479760 931
1479770 929
1479780 932
1479790 932
1479800 941
1479810 944
1479820 944
1479830 941
1479840 937
1479850 932
1479860 932
1479870 928
1479880 924
1479890 924
1479900 920
1479910 915
1479920 915
1479930 908
1479940 905
1479950 905
1479960 904
1479970 898
1479980 898
1479990 902
