1460000 1125
1460010 1117
1460020 1108
1460030 1099
1460040 1099
1460050 1097
1460060 1106
1460070 1106
1460080 1116
1460090 1126
1460100 1126
1460110 1131
1460120 1137
1460130 1137
1460140 1144
1460150 1153
1460160 1153
1460170 1167
1460180 1173
1460190 1177
1460200 1177
1460210 1179
1460220 1180
1460230 1180
1460240 1179
1460250 1177
1460260 1177
1460270 1176
1460280 1177
1460290 1177
1460300 1179
1460310 1179
1460320 1179
1460330 1179
1460340 1180
1460350 1183
1460360 1183
1460370 1185
1460380 1188
1460390 1188
1460400 1190
1460410 1193
1460420 1193
1460430 1195
1460440 1198
1460450 1198
1460460 1202
1460470 1206
1460480 1206
1460490 1209
1460500 1212
1460510 1216
1460520 1216
1460530 1219
1460540 1222
1460550 1222
1460560 1224
1460570 1229
1460580 1229
1460590 1231
1460600 1234
1460610 1234
1460620 1236
1460630 1239
1460640 1239
1460650 1242
1460660 1246
1460670 1251
1460680 1251
1460690 1256
1460700 1261
1460710 1261
1460720 1266
1460730 1272
1460740 1272
1460750 1276
1460760 1282
1460770 1282
1460780 1288
1460790 1295
1460800 1295
1460810 1301
1460820 1305
1460830 1309
1460840 1309
1460850 1311
1460860 1311
1460870 1311
1460880 1313
1460890 1316
1460900 1316
1460910 1319
1460920 1321
1460930 1321
1460940 1321
1460950 1321
1460960 1321
1460970 1322
1460980 1323
1460990 1327
1461000 1327
1461010 1330
1461020 1334
1461030 1334
1461040 1343
1461050 1350
1461060 1350
1461070 1358
1461080 1362
1461090 1362
1461100 1362
1461110 1361
1461120 1361
1461130 1360
1461140 1362
1461150 1367
1461160 1367
1461170 1371
1461180 1375
1461190 1375
1461200 1379
1461210 1383
1461220 1383
1461230 1386
1461240 1390
1461250 1390
1461260 1396
1461270 1400
1461280 1400
1461290 1403
1461300 1407
1461310 1407
1461320 1411
1461330 1417
1461340 1422
1461350 1422
1461360 1428
1461370 1433
1461380 1433
1461390 1436
1461400 1440
1461410 1440
1461420 1444
1461430 1448
1461440 1448
1461450 1450
1461460 1451
1461470 1451
1461480 1451
1461490 1451
1461500 1448
1461510 1448
1461520 1449
1461530 1450
1461540 1450
1461550 1451
1461560 1452
1461570 1452
1461580 1454
1461590 1456
1461600 1456
1461610 1457
1461620 1458
1461630 1458
1461640 1459
1461650 1458
1461660 1460
1461670 1460
1461680 1461
1461690 1461
1461700 1461
1461710 1459
1461720 1456
1461730 1456
1461740 1455
1461750 1458
1461760 1458
1461770 1464
1461780 1465
1461790 1465
1461800 1466
1461810 1463
1461820 1459
1461830 1459
1461840 1457
1461850 1459
1461860 1459
1461870 1461
1461880 1457
1461890 1457
1461900 1451
1461910 1445
1461920 1445
1461930 1441
1461940 1437
1461950 1437
1461960 1430
1461970 1418
1461980 1400
1461990 1400
1462000 1391
1462010 1384
1462020 1384
1462030 1377
1462040 1370
1462050 1370
1462060 1359
1462070 1348
1462080 1348
1462090 1339
1462100 1330
1462110 1330
1462120 1319
1462130 1309
1462140 1303
1462150 1303
1462160 1300
1462170 1296
1462180 1296
1462190 1293
1462200 1293
1462210 1293
1462220 1295
1462230 1296
1462240 1296
1462250 1298
1462260 1297
1462270 1297
1462280 1296
1462290 1294
1462300 1293
1462310 1293
1462320 1293
1462330 1292
1462340 1292
1462350 1291
1462360 1289
1462370 1289
1462380 1288
1462390 1287
1462400 1287
1462410 1286
1462420 1284
1462430 1284
1462440 1283
1462450 1284
1462460 1284
1462470 1284
1462480 1286
1462490 1287
1462500 1287
1462510 1287
1462520 1284
1462530 1284
1462540 1282
1462550 1286
1462560 1286
1462570 1287
1462580 1285
1462590 1285
1462600 1283
1462610 1282
1462620 1281
1462630 1281
1462640 1279
1462650 1280
1462660 1280
1462670 1280
1462680 1279
1462690 1279
1462700 1277
1462710 1276
1462720 1276
1462730 1280
1462740 1281
1462750 1281
1462760 1282
1462770 1286
1462780 1293
1462790 1293
1462800 1302
1462810 1310
1462820 1310
1462830 1312
1462840 1311
1462850 1311
1462860 1310
1462870 1310
1462880 1310
1462890 1311
1462900 1311
1462910 1311
1462920 1310
1462930 1309
1462940 1306
1462950 1306
1462960 1305
1462970 1304
1462980 1304
1462990 1302
1463000 1301
1463010 1301
1463020 1300
1463030 1302
1463040 1302
1463050 1300
1463060 1297
1463070 1297
1463080 1296
1463090 1299
1463100 1306
1463110 1306
1463120 1308
1463130 1307
1463140 1307
1463150 1301
1463160 1294
1463170 1294
1463180 1289
1463190 1288
1463200 1288
1463210 1291
1463220 1297
1463230 1297
1463240 1297
1463250 1300
1463260 1300
1463270 1298
1463280 1294
1463290 1294
1463300 1294
1463310 1293
1463320 1299
1463330 1299
1463340 1308
1463350 1317
1463360 1317
1463370 1323
1463380 1328
1463390 1328
1463400 1335
1463410 1341
1463420 1341
1463430 1348
1463440 1355
1463450 1362
1463460 1362
1463470 1369
1463480 1373
1463490 1373
1463500 1376
1463510 1379
1463520 1379
1463530 1382
1463540 1384
1463550 1384
1463560 1386
1463570 1390
1463580 1390
1463590 1392
1463600 1396
1463610 1399
1463620 1399
1463630 1402
1463640 1404
1463650 1404
1463660 1403
1463670 1400
1463680 1400
1463690 1396
1463700 1392
1463710 1392
1463720 1392
1463730 1393
1463740 1393
1463750 1392
1463760 1393
1463770 1397
1463780 1397
1463790 1399
1463800 1398
1463810 1398
1463820 1398
1463830 1400
1463840 1400
1463850 1402
1463860 1405
1463870 1405
1463880 1408
1463890 1412
1463900 1412
1463910 1416
1463920 1421
1463930 1427
1463940 1427
1463950 1435
1463960 1443
1463970 1443
1463980 1453
1463990 1461
1464000 1461
1464010 1464
1464020 1467
1464030 1467
1464040 1471
1464050 1475
1464060 1475
1464070 1480
1464080 1487
1464090 1492
1464100 1492
1464110 1498
1464120 1505
1464130 1505
1464140 1514
1464150 1521
1464160 1521
1464170 1527
1464180 1534
1464190 1534
1464200 1542
1464210 1548
1464220 1548
1464230 1548
1464240 1546
1464250 1544
1464260 1544
1464270 1542
1464280 1543
1464290 1543
1464300 1545
1464310 1544
1464320 1544
1464330 1540
1464340 1537
1464350 1537
1464360 1533
1464370 1533
1464380 1533
1464390 1537
1464400 1541
1464410 1542
1464420 1542
1464430 1542
1464440 1543
1464450 1543
1464460 1544
1464470 1543
1464480 1543
1464490 1540
1464500 1534
1464510 1534
1464520 1526
1464530 1517
1464540 1517
1464550 1509
1464560 1502
1464570 1498
1464580 1498
1464590 1492
1464600 1486
1464610 1486
1464620 1483
1464630 1481
1464640 1481
1464650 1478
1464660 1476
1464670 1476
1464680 1476
1464690 1477
1464700 1477
1464710 1479
1464720 1484
1464730 1488
1464740 1488
1464750 1491
1464760 1491
1464770 1491
1464780 1490
1464790 1491
1464800 1491
1464810 1488
1464820 1483
1464830 1483
1464840 1480
1464850 1478
1464860 1478
1464870 1477
1464880 1479
1464890 1480
1464900 1480
1464910 1479
1464920 1478
1464930 1478
1464940 1474
1464950 1469
1464960 1469
1464970 1465
1464980 1462
1464990 1462
1465000 1457
1465010 1453
1465020 1453
1465030 1450
1465040 1447
1465050 1445
1465060 1445
1465070 1441
1465080 1437
1465090 1437
1465100 1432
1465110 1428
1465120 1428
1465130 1423
1465140 1419
1465150 1419
1465160 1416
1465170 1413
1465180 1413
1465190 1411
1465200 1409
1465210 1409
1465220 1408
1465230 1405
1465240 1398
1465250 1398
1465260 1394
1465270 1389
1465280 1389
1465290 1384
1465300 1378
1465310 1378
1465320 1372
1465330 1367
1465340 1367
1465350 1363
1465360 1361
1465370 1361
1465380 1358
1465390 1356
1465400 1357
1465410 1357
1465420 1360
1465430 1362
1465440 1362
1465450 1361
1465460 1361
1465470 1361
1465480 1360
1465490 1357
1465500 1357
1465510 1350
1465520 1346
1465530 1346
1465540 1345
1465550 1344
1465560 1345
1465570 1345
1465580 1343
1465590 1339
1465600 1339
1465610 1336
1465620 1333
1465630 1333
1465640 1330
1465650 1327
1465660 1327
1465670 1325
1465680 1321
1465690 1321
1465700 1315
1465710 1309
1465720 1305
1465730 1305
1465740 1300
1465750 1296
1465760 1296
1465770 1292
1465780 1288
1465790 1288
1465800 1283
1465810 1277
1465820 1277
1465830 1274
1465840 1273
1465850 1273
1465860 1272
1465870 1269
1465880 1265
1465890 1265
1465900 1263
1465910 1262
1465920 1262
1465930 1261
1465940 1265
1465950 1265
1465960 1267
1465970 1264
1465980 1264
1465990 1262
1466000 1261
1466010 1261
1466020 1259
1466030 1261
1466040 1260
1466050 1260
1466060 1258
1466070 1256
1466080 1256
1466090 1251
1466100 1242
1466110 1242
1466120 1229
1466130 1219
1466140 1219
1466150 1218
1466160 1222
1466170 1222
1466180 1225
1466190 1223
1466200 1225
1466210 1225
1466220 1228
1466230 1231
1466240 1231
1466250 1230
1466260 1230
1466270 1230
1466280 1228
1466290 1225
1466300 1225
1466310 1223
1466320 1220
1466330 1220
1466340 1217
1466350 1210
1466360 1202
1466370 1202
1466380 1197
1466390 1192
1466400 1192
1466410 1190
1466420 1187
1466430 1187
1466440 1184
1466450 1182
1466460 1182
1466470 1182
1466480 1182
1466490 1182
1466500 1181
1466510 1184
1466520 1185
1466530 1185
1466540 1179
1466550 1175
1466560 1175
1466570 1175
1466580 1179
1466590 1179
1466600 1185
1466610 1189
1466620 1189
1466630 1193
1466640 1195
1466650 1195
1466660 1194
1466670 1192
1466680 1190
1466690 1190
1466700 1186
1466710 1180
1466720 1180
1466730 1173
1466740 1167
1466750 1167
1466760 1159
1466770 1155
1466780 1155
1466790 1148
1466800 1143
1466810 1143
1466820 1140
1466830 1137
1466840 1135
1466850 1135
1466860 1131
1466870 1132
1466880 1132
1466890 1136
1466900 1137
1466910 1137
1466920 1137
1466930 1129
1466940 1129
1466950 1122
1466960 1118
1466970 1118
1466980 1118
1466990 1118
1467000 1117
1467010 1117
1467020 1124
1467030 1135
1467040 1135
1467050 1144
1467060 1152
1467070 1152
1467080 1156
1467090 1160
1467100 1160
1467110 1164
1467120 1166
1467130 1166
1467140 1167
1467150 1169
1467160 1169
1467170 1175
1467180 1181
1467190 1183
1467200 1183
1467210 1185
1467220 1190
1467230 1190
1467240 1196
1467250 1203
1467260 1203
1467270 1206
1467280 1207
1467290 1207
1467300 1208
1467310 1213
1467320 1213
1467330 1219
1467340 1224
1467350 1228
1467360 1228
1467370 1231
1467380 1233
1467390 1233
1467400 1233
1467410 1234
1467420 1234
1467430 1238
1467440 1241
1467450 1241
1467460 1243
1467470 1245
1467480 1245
1467490 1247
1467500 1249
1467510 1251
1467520 1251
1467530 1253
1467540 1255
1467550 1255
1467560 1257
1467570 1259
1467580 1259
1467590 1261
1467600 1263
1467610 1263
1467620 1266
1467630 1267
1467640 1267
1467650 1269
1467660 1271
1467670 1272
1467680 1272
1467690 1272
1467700 1274
1467710 1274
1467720 1276
1467730 1279
1467740 1279
1467750 1281
1467760 1283
1467770 1283
1467780 1283
1467790 1284
1467800 1284
1467810 1285
1467820 1286
1467830 1286
1467840 1286
1467850 1287
1467860 1287
1467870 1287
1467880 1287
1467890 1287
1467900 1287
1467910 1287
1467920 1286
1467930 1286
1467940 1285
1467950 1285
1467960 1285
1467970 1284
1467980 1283
1467990 1282
1468000 1282
1468010 1281
1468020 1280
1468030 1280
1468040 1279
1468050 1277
1468060 1277
1468070 1274
1468080 1273
1468090 1273
1468100 1272
1468110 1270
1468120 1270
1468130 1268
1468140 1266
1468150 1263
1468160 1263
1468170 1260
1468180 1258
1468190 1258
1468200 1255
1468210 1251
1468220 1251
1468230 1247
1468240 1244
1468250 1244
1468260 1241
1468270 1238
1468280 1238
1468290 1236
1468300 1233
1468310 1230
1468320 1230
1468330 1225
1468340 1221
1468350 1221
1468360 1218
1468370 1215
1468380 1215
1468390 1213
1468400 1212
1468410 1212
1468420 1210
1468430 1209
1468440 1209
1468450 1207
1468460 1204
1468470 1203
1468480 1203
1468490 1199
1468500 1194
1468510 1194
1468520 1188
1468530 1182
1468540 1182
1468550 1177
1468560 1171
1468570 1171
1468580 1166
1468590 1172
1468600 1172
1468610 1179
1468620 1184
1468630 1189
1468640 1189
1468650 1194
1468660 1199
1468670 1199
1468680 1204
1468690 1208
1468700 1208
1468710 1212
1468720 1215
1468730 1215
1468740 1218
1468750 1220
1468760 1220
1468770 1222
1468780 1224
1468790 1225
1468800 1225
1468810 1226
1468820 1226
1468830 1226
1468840 1226
1468850 1225
1468860 1225
1468870 1224
1468880 1222
1468890 1222
1468900 1220
1468910 1217
1468920 1217
1468930 1214
1468940 1210
1468950 1205
1468960 1205
1468970 1200
1468980 1195
1468990 1195
1469000 1188
1469010 1183
1469020 1183
1469030 1178
1469040 1172
1469050 1172
1469060 1168
1469070 1163
1469080 1163
1469090 1158
1469100 1154
1469110 1154
1469120 1149
1469130 1146
1469140 1142
1469150 1142
1469160 1138
1469170 1133
1469180 1133
1469190 1128
1469200 1122
1469210 1122
1469220 1108
1469230 1095
1469240 1095
1469250 1084
1469260 1072
1469270 1072
1469280 1061
1469290 1055
1469300 1064
1469310 1064
1469320 1078
1469330 1090
1469340 1090
1469350 1095
1469360 1097
1469370 1097
1469380 1105
1469390 1116
1469400 1116
1469410 1121
1469420 1127
1469430 1127
1469440 1134
1469450 1141
1469460 1145
1469470 1145
1469480 1149
1469490 1153
1469500 1153
1469510 1158
1469520 1162
1469530 1162
1469540 1166
1469550 1169
1469560 1169
1469570 1172
1469580 1175
1469590 1175
1469600 1179
1469610 1182
1469620 1185
1469630 1185
1469640 1189
1469650 1193
1469660 1193
1469670 1197
1469680 1200
1469690 1200
1469700 1202
1469710 1205
1469720 1205
1469730 1208
1469740 1211
1469750 1211
1469760 1214
1469770 1217
1469780 1219
1469790 1219
1469800 1221
1469810 1221
1469820 1221
1469830 1222
1469840 1224
1469850 1224
1469860 1227
1469870 1229
1469880 1229
1469890 1230
1469900 1233
1469910 1233
1469920 1236
1469930 1239
1469940 1243
1469950 1243
1469960 1244
1469970 1244
1469980 1244
1469990 1246
1470000 1248
1470010 1248
1470020 1250
1470030 1253
1470040 1253
1470050 1255
1470060 1256
1470070 1256
1470080 1260
1470090 1265
1470100 1269
1470110 1269
1470120 1274
1470130 1277
1470140 1277
1470150 1281
1470160 1285
1470170 1285
1470180 1289
1470190 1292
1470200 1292
1470210 1295
1470220 1296
1470230 1296
1470240 1298
1470250 1302
1470260 1305
1470270 1305
1470280 1311
1470290 1316
1470300 1316
1470310 1321
1470320 1324
1470330 1324
1470340 1328
1470350 1333
1470360 1333
1470370 1337
1470380 1340
1470390 1340
1470400 1343
1470410 1347
1470420 1352
1470430 1352
1470440 1357
1470450 1361
1470460 1361
1470470 1365
1470480 1367
1470490 1367
1470500 1367
1470510 1369
1470520 1369
1470530 1371
1470540 1372
1470550 1372
1470560 1373
1470570 1374
1470580 1374
1470590 1374
1470600 1375
1470610 1375
1470620 1375
1470630 1376
1470640 1377
1470650 1377
1470660 1378
1470670 1378
1470680 1378
1470690 1379
1470700 1379
1470710 1379
1470720 1380
1470730 1380
1470740 1381
1470750 1381
1470760 1382
1470770 1382
1470780 1382
1470790 1383
1470800 1383
1470810 1383
1470820 1382
1470830 1380
1470840 1380
1470850 1377
1470860 1376
1470870 1376
1470880 1375
1470890 1374
1470900 1371
1470910 1371
1470920 1370
1470930 1371
1470940 1371
1470950 1373
1470960 1376
1470970 1376
1470980 1378
1470990 1378
1471000 1378
1471010 1375
1471020 1371
1471030 1371
1471040 1366
1471050 1361
1471060 1358
1471070 1358
1471080 1354
1471090 1349
1471100 1349
1471110 1346
1471120 1344
1471130 1344
1471140 1344
1471150 1346
1471160 1346
1471170 1348
1471180 1348
1471190 1348
1471200 1348
1471210 1347
1471220 1347
1471230 1345
1471240 1343
1471250 1340
1471260 1340
1471270 1338
1471280 1337
1471290 1337
1471300 1336
1471310 1334
1471320 1334
1471330 1331
1471340 1327
1471350 1327
1471360 1324
1471370 1325
1471380 1325
1471390 1326
1471400 1324
1471410 1319
1471420 1319
1471430 1317
1471440 1316
1471450 1316
1471460 1313
1471470 1311
1471480 1311
1471490 1307
1471500 1304
1471510 1304
1471520 1303
1471530 1302
1471540 1302
1471550 1302
1471560 1302
1471570 1300
1471580 1300
1471590 1297
1471600 1292
1471610 1292
1471620 1289
1471630 1288
1471640 1288
1471650 1287
1471660 1286
1471670 1286
1471680 1283
1471690 1280
1471700 1280
1471710 1276
1471720 1271
1471730 1266
1471740 1266
1471750 1262
1471760 1260
1471770 1260
1471780 1257
1471790 1254
1471800 1254
1471810 1251
1471820 1247
1471830 1247
1471840 1242
1471850 1237
1471860 1237
1471870 1233
1471880 1229
1471890 1226
1471900 1226
1471910 1223
1471920 1220
1471930 1220
1471940 1217
1471950 1215
1471960 1215
1471970 1211
1471980 1208
1471990 1208
1472000 1205
1472010 1202
1472020 1202
1472030 1199
1472040 1196
1472050 1192
1472060 1192
1472070 1189
1472080 1185
1472090 1185
1472100 1181
1472110 1176
1472120 1176
1472130 1171
1472140 1165
1472150 1165
1472160 1158
1472170 1152
1472180 1152
1472190 1145
1472200 1137
1472210 1129
1472220 1129
1472230 1120
1472240 1110
1472250 1110
1472260 1102
1472270 1097
1472280 1097
1472290 1095
1472300 1093
1472310 1093
1472320 1089
1472330 1081
1472340 1081
1472350 1077
1472360 1075
1472370 1071
1472380 1071
1472390 1065
1472400 1060
1472410 1060
1472420 1055
1472430 1046
1472440 1046
1472450 1034
1472460 1023
1472470 1023
1472480 1020
1472490 1025
1472500 1025
1472510 1029
1472520 1034
1472530 1041
1472540 1041
1472550 1049
1472560 1048
1472570 1048
1472580 1048
1472590 1050
1472600 1050
1472610 1054
1472620 1060
1472630 1060
1472640 1067
1472650 1068
1472660 1068
1472670 1064
1472680 1061
1472690 1061
1472700 1061
1472710 1062
1472720 1065
1472730 1065
1472740 1070
1472750 1076
1472760 1076
1472770 1075
1472780 1069
1472790 1069
1472800 1059
1472810 1051
1472820 1051
1472830 1042
1472840 1033
1472850 1034
1472860 1034
1472870 1040
1472880 1049
1472890 1049
1472900 1056
1472910 1064
1472920 1064
1472930 1071
1472940 1073
1472950 1073
1472960 1073
1472970 1070
1472980 1070
1472990 1068
1473000 1065
1473010 1061
1473020 1061
1473030 1058
1473040 1054
1473050 1054
1473060 1052
1473070 1050
1473080 1050
1473090 1048
1473100 1045
1473110 1045
1473120 1043
1473130 1041
1473140 1041
1473150 1040
1473160 1038
1473170 1038
1473180 1037
1473190 1035
1473200 1033
1473210 1033
1473220 1031
1473230 1029
1473240 1029
1473250 1028
1473260 1026
1473270 1026
1473280 1026
1473290 1026
1473300 1026
1473310 1026
1473320 1025
1473330 1025
1473340 1024
1473350 1023
1473360 1023
1473370 1023
1473380 1023
1473390 1022
1473400 1022
1473410 1020
1473420 1018
1473430 1018
1473440 1016
1473450 1015
1473460 1015
1473470 1013
1473480 1012
1473490 1012
1473500 1010
1473510 1008
1473520 1003
1473530 1003
1473540 999
1473550 991
1473560 991
1473570 982
1473580 974
1473590 974
1473600 965
1473610 955
1473620 955
1473630 957
1473640 968
1473650 968
1473660 979
1473670 986
1473680 991
1473690 991
1473700 993
1473710 993
1473720 993
1473730 992
1473740 991
1473750 991
1473760 990
1473770 988
1473780 988
1473790 985
1473800 983
1473810 983
1473820 979
1473830 971
1473840 970
1473850 970
1473860 971
1473870 972
1473880 972
1473890 971
1473900 968
1473910 968
1473920 972
1473930 981
1473940 981
1473950 987
1473960 991
1473970 991
1473980 992
1473990 993
1474000 994
1474010 994
1474020 995
1474030 996
1474040 996
1474050 997
1474060 999
1474070 999
1474080 1000
1474090 1000
1474100 1000
1474110 1001
1474120 1001
1474130 1001
1474140 1002
1474150 1001
1474160 998
1474170 998
1474180 996
1474190 993
1474200 993
1474210 992
1474220 990
1474230 990
1474240 989
1474250 989
1474260 989
1474270 988
1474280 987
1474290 987
1474300 986
1474310 986
1474320 986
1474330 986
1474340 985
1474350 984
1474360 984
1474370 984
1474380 984
1474390 984
1474400 982
1474410 980
1474420 980
1474430 978
1474440 973
1474450 973
1474460 973
1474470 971
1474480 969
1474490 969
1474500 967
1474510 964
1474520 964
1474530 961
1474540 958
1474550 958
1474560 956
1474570 957
1474580 957
1474590 957
1474600 956
1474610 956
1474620 954
1474630 949
1474640 944
1474650 944
1474660 946
1474670 947
1474680 947
1474690 945
1474700 944
1474710 944
1474720 942
1474730 941
1474740 941
1474750 939
1474760 938
1474770 938
1474780 938
1474790 937
1474800 935
1474810 935
1474820 933
1474830 932
1474840 932
1474850 931
1474860 929
1474870 929
1474880 927
1474890 926
1474900 926
1474910 924
1474920 923
1474930 923
1474940 922
1474950 920
1474960 918
1474970 918
1474980 916
1474990 913
1475000 913
1475010 910
1475020 906
1475030 906
1475040 901
1475050 896
1475060 896
1475070 892
1475080 888
1475090 888
1475100 883
1475110 877
1475120 877
1475130 872
1475140 867
1475150 865
1475160 865
1475170 865
1475180 864
1475190 864
1475200 864
1475210 867
1475220 867
1475230 869
1475240 867
1475250 867
1475260 864
1475270 862
1475280 862
1475290 861
1475300 860
1475310 860
1475320 860
1475330 858
1475340 856
1475350 856
1475360 855
1475370 854
1475380 854
1475390 853
1475400 852
1475410 852
1475420 850
1475430 849
1475440 849
1475450 847
1475460 846
1475470 844
1475480 844
1475490 842
1475500 840
1475510 840
1475520 839
1475530 837
1475540 837
1475550 836
1475560 835
1475570 835
1475580 833
1475590 830
1475600 830
1475610 828
1475620 827
1475630 825
1475640 825
1475650 825
1475660 824
1475670 824
1475680 824
1475690 823
1475700 823
1475710 823
1475720 823
1475730 823
1475740 823
1475750 823
1475760 823
1475770 821
1475780 820
1475790 819
1475800 819
1475810 818
1475820 817
1475830 817
1475840 816
1475850 815
1475860 815
1475870 814
1475880 813
1475890 813
1475900 811
1475910 810
1475920 810
1475930 808
1475940 806
1475950 804
1475960 804
1475970 802
1475980 801
1475990 801
1476000 799
1476010 796
1476020 796
1476030 795
1476040 791
1476050 791
1476060 789
1476070 788
1476080 788
1476090 787
1476100 785
1476110 782
1476120 782
1476130 781
1476140 781
1476150 781
1476160 780
1476170 780
1476180 780
1476190 780
1476200 780
1476210 780
1476220 780
1476230 780
1476240 780
1476250 780
1476260 779
1476270 775
1476280 775
1476290 770
1476300 769
1476310 769
1476320 766
1476330 764
1476340 764
1476350 762
1476360 761
1476370 761
1476380 760
1476390 760
1476400 760
1476410 759
1476420 758
1476430 758
1476440 758
1476450 757
1476460 757
1476470 757
1476480 757
1476490 757
1476500 757
1476510 757
1476520 757
1476530 757
1476540 757
1476550 757
1476560 757
1476570 757
1476580 757
1476590 757
1476600 757
1476610 757
1476620 757
1476630 757
1476640 757
1476650 757
1476660 757
1476670 757
1476680 757
1476690 757
1476700 757
1476710 757
1476720 757
1476730 758
1476740 758
1476750 758
1476760 758
1476770 758
1476780 758
1476790 758
1476800 758
1476810 758
1476820 758
1476830 758
1476840 759
1476850 759
1476860 759
1476870 760
1476880 760
1476890 760
1476900 760
1476910 759
1476920 759
1476930 758
1476940 758
1476950 758
1476960 758
1476970 758
1476980 758
1476990 758
1477000 757
1477010 757
1477020 757
1477030 757
1477040 757
1477050 757
1477060 757
1477070 756
1477080 756
1477090 756
1477100 756
1477110 756
1477120 756
1477130 755
1477140 755
1477150 755
1477160 755
1477170 755
1477180 754
1477190 754
1477200 754
1477210 754
1477220 754
1477230 754
1477240 754
1477250 754
1477260 753
1477270 753
1477280 752
1477290 752
1477300 752
1477310 751
1477320 751
1477330 751
1477340 750
1477350 749
1477360 749
1477370 749
1477380 748
1477390 748
1477400 748
1477410 747
1477420 747
1477430 747
1477440 746
1477450 746
1477460 746
1477470 745
1477480 745
1477490 745
1477500 744
1477510 744
1477520 744
1477530 743
1477540 743
1477550 743
1477560 742
1477570 742
1477580 741
1477590 741
1477600 741
1477610 740
1477620 740
1477630 740
1477640 740
1477650 740
1477660 740
1477670 739
1477680 739
1477690 739
1477700 739
1477710 739
1477720 738
1477730 738
1477740 738
1477750 738
1477760 738
1477770 737
1477780 737
1477790 737
1477800 737
1477810 737
1477820 737
1477830 736
1477840 736
1477850 736
1477860 735
1477870 735
1477880 734
1477890 734
1477900 734
1477910 734
1477920 734
1477930 734
1477940 734
1477950 734
1477960 734
1477970 734
1477980 734
1477990 733
1478000 733
1478010 733
1478020 733
1478030 733
1478040 733
1478050 735
1478060 736
1478070 736
1478080 735
1478090 734
1478100 734
1478110 735
1478120 736
1478130 736
1478140 735
1478150 735
1478160 735
1478170 735
1478180 735
1478190 735
1478200 735
1478210 735
1478220 734
1478230 734
1478240 734
1478250 734
1478260 734
1478270 733
1478280 733
1478290 733
1478300 733
1478310 732
1478320 732
1478330 732
1478340 732
1478350 732
1478360 732
1478370 732
1478380 731
1478390 731
1478400 731
1478410 731
1478420 731
1478430 731
1478440 731
1478450 731
1478460 730
1478470 730
1478480 730
1478490 730
1478500 730
1478510 730
1478520 729
1478530 729
1478540 729
1478550 729
1478560 729
1478570 728
1478580 728
1478590 728
1478600 728
1478610 728
1478620 728
1478630 728
1478640 728
1478650 728
1478660 728
1478670 728
1478680 728
1478690 728
1478700 727
1478710 727
1478720 727
1478730 727
1478740 727
1478750 727
1478760 727
1478770 727
1478780 727
1478790 726
1478800 726
1478810 726
1478820 726
1478830 726
1478840 726
1478850 726
1478860 725
1478870 725
1478880 725
1478890 725
1478900 725
1478910 725
1478920 725
1478930 725
1478940 724
1478950 724
1478960 724
1478970 724
1478980 724
1478990 724
1479000 723
1479010 723
1479020 723
1479030 723
1479040 723
1479050 723
1479060 723
1479070 722
1479080 722
1479090 722
1479100 722
1479110 722
1479120 722
1479130 721
1479140 721
1479150 721
1479160 721
1479170 721
1479180 721
1479190 721
1479200 721
1479210 721
1479220 721
1479230 721
1479240 722
1479250 722
1479260 722
1479270 722
1479280 722
1479290 723
1479300 724
1479310 724
1479320 725
1479330 725
1479340 725
1479350 725
1479360 725
1479370 726
1479380 726
1479390 726
1479400 727
1479410 727
1479420 728
1479430 729
1479440 729
1479450 729
1479460 730
1479470 730
1479480 730
1479490 731
1479500 731
1479510 732
1479520 733
1479530 734
1479540 734
1479550 735
1479560 735
1479570 735
1479580 736
1479590 737
1479600 737
1479610 738
1479620 739
1479630 739
1479640 740
1479650 740
1479660 740
1479670 741
1479680 742
1479690 742
1479700 742
1479710 741
1479720 741
1479730 741
1479740 742
1479750 742
1479760 742
1479770 742
1479780 741
1479790 741
1479800 741
1479810 740
1479820 740
1479830 740
1479840 740
1479850 740
1479860 740
1479870 739
1479880 737
1479890 737
1479900 738
1479910 739
1479920 739
1479930 740
1479940 741
1479950 741
1479960 743
1479970 746
1479980 746
1479990 748
