1460000 1613
1460010 1613
1460020 1619
1460030 1626
1460040 1626
1460050 1630
1460060 1632
1460070 1634
1460080 1634
1460090 1636
1460100 1637
1460110 1637
1460120 1638
1460130 1639
1460140 1639
1460150 1641
1460160 1644
1460170 1644
1460180 1648
1460190 1651
1460200 1651
1460210 1648
1460220 1643
1460230 1639
1460240 1639
1460250 1635
1460260 1632
1460270 1632
1460280 1629
1460290 1627
1460300 1627
1460310 1624
1460320 1621
1460330 1621
1460340 1618
1460350 1615
1460360 1615
1460370 1613
1460380 1609
1460390 1604
1460400 1604
1460410 1599
1460420 1599
1460430 1599
1460440 1607
1460450 1616
1460460 1616
1460470 1625
1460480 1632
1460490 1632
1460500 1638
1460510 1646
1460520 1646
1460530 1650
1460540 1656
1460550 1662
1460560 1662
1460570 1668
1460580 1674
1460590 1674
1460600 1681
1460610 1686
1460620 1686
1460630 1689
1460640 1692
1460650 1692
1460660 1695
1460670 1700
1460680 1700
1460690 1706
1460700 1712
1460710 1715
1460720 1715
1460730 1716
1460740 1716
1460750 1716
1460760 1717
1460770 1720
1460780 1720
1460790 1724
1460800 1728
1460810 1728
1460820 1733
1460830 1737
1460840 1737
1460850 1742
1460860 1746
1460870 1751
1460880 1751
1460890 1756
1460900 1760
1460910 1760
1460920 1766
1460930 1776
1460940 1776
1460950 1783
1460960 1788
1460970 1788
1460980 1793
1460990 1793
1461000 1793
1461010 1794
1461020 1801
1461030 1813
1461040 1813
1461050 1820
1461060 1824
1461070 1824
1461080 1824
1461090 1822
1461100 1822
1461110 1818
1461120 1815
1461130 1815
1461140 1811
1461150 1811
1461160 1811
1461170 1812
1461180 1818
1461190 1825
1461200 1825
1461210 1830
1461220 1833
1461230 1833
1461240 1835
1461250 1834
1461260 1834
1461270 1836
1461280 1838
1461290 1838
1461300 1844
1461310 1848
1461320 1848
1461330 1851
1461340 1854
1461350 1857
1461360 1857
1461370 1859
1461380 1860
1461390 1860
1461400 1862
1461410 1864
1461420 1864
1461430 1866
1461440 1869
1461450 1869
1461460 1872
1461470 1877
1461480 1877
1461490 1882
1461500 1887
1461510 1887
1461520 1890
1461530 1893
1461540 1897
1461550 1897
1461560 1901
1461570 1906
1461580 1906
1461590 1910
1461600 1913
1461610 1913
1461620 1917
1461630 1921
1461640 1921
1461650 1926
1461660 1929
1461670 1929
1461680 1931
1461690 1935
1461700 1941
1461710 1941
1461720 1947
1461730 1955
1461740 1955
1461750 1965
1461760 1972
1461770 1972
1461780 1978
1461790 1983
1461800 1983
1461810 1989
1461820 1996
1461830 1996
1461840 2003
1461850 2010
1461860 2015
1461870 2015
1461880 2020
1461890 2024
1461900 2024
1461910 2028
1461920 2034
1461930 2034
1461940 2039
1461950 2040
1461960 2040
1461970 2039
1461980 2038
1461990 2038
1462000 2040
1462010 2042
1462020 2042
1462030 2042
1462040 2041
1462050 2042
1462060 2042
1462070 2044
1462080 2039
1462090 2039
1462100 2034
1462110 2029
1462120 2029
1462130 2024
1462140 2017
1462150 2017
1462160 2009
1462170 2002
1462180 1998
1462190 1998
1462200 1996
1462210 2001
1462220 2001
1462230 2003
1462240 2004
1462250 2004
1462260 2000
1462270 1999
1462280 1999
1462290 2000
1462300 1986
1462310 1986
1462320 1962
1462330 1951
1462340 1958
1462350 1958
1462360 1967
1462370 1976
1462380 1976
1462390 1986
1462400 2008
1462410 2008
1462420 2049
1462430 2056
1462440 2056
1462450 2052
1462460 2084
1462470 2084
1462480 2100
1462490 2103
1462500 2105
1462510 2105
1462520 2105
1462530 2105
1462540 2105
1462550 2102
1462560 2100
1462570 2100
1462580 2107
1462590 2115
1462600 2115
1462610 2119
1462620 2123
1462630 2123
1462640 2123
1462650 2123
1462660 2124
1462670 2124
1462680 2134
1462690 2144
1462700 2144
1462710 2155
1462720 2176
1462730 2176
1462740 2213
1462750 2232
1462760 2232
1462770 2235
1462780 2234
1462790 2234
1462800 2219
1462810 2195
1462820 2178
1462830 2178
1462840 2165
1462850 2158
1462860 2158
1462870 2150
1462880 2139
1462890 2139
1462900 2129
1462910 2121
1462920 2121
1462930 2120
1462940 2118
1462950 2118
1462960 2122
1462970 2127
1462980 2127
1462990 2122
1463000 2125
1463010 2121
1463020 2121
1463030 2118
1463040 2118
1463050 2118
1463060 2113
1463070 2099
1463080 2099
1463090 2103
1463100 2118
1463110 2118
1463120 2131
1463130 2149
1463140 2149
1463150 2166
1463160 2179
1463170 2190
1463180 2190
1463190 2202
1463200 2216
1463210 2216
1463220 2222
1463230 2227
1463240 2227
1463250 2234
1463260 2239
1463270 2239
1463280 2244
1463290 2246
1463300 2246
1463310 2233
1463320 2218
1463330 2209
1463340 2209
1463350 2198
1463360 2192
1463370 2192
1463380 2195
1463390 2195
1463400 2195
1463410 2189
1463420 2178
1463430 2178
1463440 2167
1463450 2162
1463460 2162
1463470 2170
1463480 2179
1463490 2188
1463500 2188
1463510 2198
1463520 2206
1463530 2206
1463540 2216
1463550 2223
1463560 2223
1463570 2230
1463580 2233
1463590 2233
1463600 2229
1463610 2219
1463620 2219
1463630 2202
1463640 2166
1463650 2176
1463660 2176
1463670 2188
1463680 2194
1463690 2194
1463700 2191
1463710 2201
1463720 2201
1463730 2209
1463740 2213
1463750 2213
1463760 2215
1463770 2220
1463780 2220
1463790 2221
1463800 2210
1463810 2197
1463820 2197
1463830 2194
1463840 2188
1463850 2188
1463860 2179
1463870 2171
1463880 2171
1463890 2161
1463900 2159
1463910 2159
1463920 2162
1463930 2164
1463940 2164
1463950 2166
1463960 2164
1463970 2151
1463980 2151
1463990 2140
1464000 2131
1464010 2131
1464020 2135
1464030 2143
1464040 2143
1464050 2132
1464060 2123
1464070 2123
1464080 2116
1464090 2108
1464100 2108
1464110 2093
1464120 2083
1464130 2071
1464140 2071
1464150 2067
1464160 2063
1464170 2063
1464180 2057
1464190 2053
1464200 2053
1464210 2067
1464220 2075
1464230 2075
1464240 2066
1464250 2056
1464260 2056
1464270 2046
1464280 2035
1464290 2022
1464300 2022
1464310 2014
1464320 2007
1464330 2007
1464340 2001
1464350 1995
1464360 1995
1464370 1993
1464380 1993
1464390 1993
1464400 1991
1464410 1988
1464420 1988
1464430 1982
1464440 1973
1464450 1973
1464460 1964
1464470 1956
1464480 1948
1464490 1948
1464500 1940
1464510 1932
1464520 1932
1464530 1923
1464540 1918
1464550 1918
1464560 1918
1464570 1915
1464580 1915
1464590 1909
1464600 1893
1464610 1893
1464620 1887
1464630 1884
1464640 1878
1464650 1878
1464660 1867
1464670 1860
1464680 1860
1464690 1865
1464700 1868
1464710 1868
1464720 1866
1464730 1866
1464740 1866
1464750 1869
1464760 1873
1464770 1873
1464780 1876
1464790 1874
1464800 1870
1464810 1870
1464820 1870
1464830 1875
1464840 1875
1464850 1873
1464860 1872
1464870 1872
1464880 1872
1464890 1870
1464900 1870
1464910 1873
1464920 1876
1464930 1876
1464940 1874
1464950 1861
1464960 1846
1464970 1846
1464980 1834
1464990 1820
1465000 1820
1465010 1807
1465020 1796
1465030 1796
1465040 1786
1465050 1777
1465060 1777
1465070 1769
1465080 1757
1465090 1757
1465100 1746
1465110 1743
1465120 1732
1465130 1732
1465140 1723
1465150 1726
1465160 1726
1465170 1738
1465180 1751
1465190 1751
1465200 1753
1465210 1750
1465220 1750
1465230 1754
1465240 1755
1465250 1755
1465260 1752
1465270 1738
1465280 1732
1465290 1732
1465300 1731
1465310 1722
1465320 1722
1465330 1709
1465340 1694
1465350 1694
1465360 1681
1465370 1671
1465380 1671
1465390 1663
1465400 1653
1465410 1653
1465420 1635
1465430 1622
1465440 1620
1465450 1620
1465460 1615
1465470 1617
1465480 1617
1465490 1627
1465500 1635
1465510 1635
1465520 1641
1465530 1645
1465540 1645
1465550 1641
1465560 1636
1465570 1636
1465580 1639
1465590 1638
1465600 1634
1465610 1634
1465620 1631
1465630 1628
1465640 1628
1465650 1621
1465660 1622
1465670 1622
1465680 1620
1465690 1633
1465700 1633
1465710 1666
1465720 1688
1465730 1688
1465740 1698
1465750 1701
1465760 1704
1465770 1704
1465780 1706
1465790 1709
1465800 1709
1465810 1714
1465820 1713
1465830 1713
1465840 1707
1465850 1705
1465860 1705
1465870 1714
1465880 1722
1465890 1722
1465900 1721
1465910 1712
1465920 1712
1465930 1697
1465940 1686
1465950 1681
1465960 1681
1465970 1671
1465980 1661
1465990 1661
1466000 1657
1466010 1657
1466020 1657
1466030 1658
1466040 1658
1466050 1658
1466060 1659
1466070 1659
1466080 1659
1466090 1659
1466100 1664
1466110 1668
1466120 1668
1466130 1671
1466140 1673
1466150 1673
1466160 1674
1466170 1675
1466180 1675
1466190 1675
1466200 1674
1466210 1674
1466220 1671
1466230 1667
1466240 1667
1466250 1663
1466260 1658
1466270 1652
1466280 1652
1466290 1646
1466300 1641
1466310 1641
1466320 1636
1466330 1629
1466340 1629
1466350 1623
1466360 1618
1466370 1618
1466380 1613
1466390 1608
1466400 1608
1466410 1604
1466420 1599
1466430 1594
1466440 1594
1466450 1589
1466460 1582
1466470 1582
1466480 1576
1466490 1569
1466500 1569
1466510 1563
1466520 1557
1466530 1557
1466540 1550
1466550 1544
1466560 1544
1466570 1537
1466580 1529
1466590 1519
1466600 1519
1466610 1512
1466620 1505
1466630 1505
1466640 1500
1466650 1493
1466660 1493
1466670 1488
1466680 1482
1466690 1482
1466700 1474
1466710 1467
1466720 1467
1466730 1462
1466740 1457
1466750 1455
1466760 1455
1466770 1452
1466780 1447
1466790 1447
1466800 1440
1466810 1431
1466820 1431
1466830 1420
1466840 1410
1466850 1410
1466860 1402
1466870 1397
1466880 1397
1466890 1391
1466900 1383
1466910 1377
1466920 1377
1466930 1373
1466940 1373
1466950 1373
1466960 1381
1466970 1388
1466980 1388
1466990 1393
1467000 1393
1467010 1393
1467020 1385
1467030 1377
1467040 1377
1467050 1375
1467060 1381
1467070 1388
1467080 1388
1467090 1393
1467100 1397
1467110 1397
1467120 1402
1467130 1407
1467140 1407
1467150 1412
1467160 1418
1467170 1418
1467180 1423
1467190 1426
1467200 1426
1467210 1426
1467220 1423
1467230 1423
1467240 1423
1467250 1421
1467260 1418
1467270 1418
1467280 1422
1467290 1427
1467300 1427
1467310 1435
1467320 1443
1467330 1443
1467340 1451
1467350 1459
1467360 1459
1467370 1468
1467380 1475
1467390 1475
1467400 1482
1467410 1488
1467420 1496
1467430 1496
1467440 1503
1467450 1510
1467460 1510
1467470 1515
1467480 1521
1467490 1521
1467500 1526
1467510 1531
1467520 1531
1467530 1536
1467540 1540
1467550 1540
1467560 1545
1467570 1550
1467580 1555
1467590 1555
1467600 1559
1467610 1561
1467620 1561
1467630 1562
1467640 1562
1467650 1562
1467660 1562
1467670 1560
1467680 1560
1467690 1557
1467700 1551
1467710 1551
1467720 1545
1467730 1537
1467740 1530
1467750 1530
1467760 1523
1467770 1515
1467780 1515
1467790 1508
1467800 1501
1467810 1501
1467820 1495
1467830 1490
1467840 1490
1467850 1484
1467860 1477
1467870 1477
1467880 1471
1467890 1466
1467900 1462
1467910 1462
1467920 1457
1467930 1452
1467940 1452
1467950 1445
1467960 1442
1467970 1442
1467980 1437
1467990 1430
1468000 1430
1468010 1425
1468020 1420
1468030 1420
1468040 1415
1468050 1409
1468060 1402
1468070 1402
1468080 1395
1468090 1388
1468100 1388
1468110 1383
1468120 1379
1468130 1379
1468140 1373
1468150 1367
1468160 1367
1468170 1361
1468180 1355
1468190 1355
1468200 1349
1468210 1343
1468220 1332
1468230 1332
1468240 1323
1468250 1316
1468260 1316
1468270 1307
1468280 1299
1468290 1299
1468300 1296
1468310 1298
1468320 1298
1468330 1301
1468340 1305
1468350 1305
1468360 1312
1468370 1318
1468380 1325
1468390 1325
1468400 1334
1468410 1343
1468420 1343
1468430 1350
1468440 1351
1468450 1351
1468460 1355
1468470 1359
1468480 1359
1468490 1363
1468500 1367
1468510 1367
1468520 1370
1468530 1373
1468540 1376
1468550 1376
1468560 1381
1468570 1386
1468580 1386
1468590 1389
1468600 1391
1468610 1391
1468620 1396
1468630 1398
1468640 1398
1468650 1404
1468660 1409
1468670 1409
1468680 1413
1468690 1416
1468700 1419
1468710 1419
1468720 1422
1468730 1424
1468740 1424
1468750 1426
1468760 1428
1468770 1428
1468780 1429
1468790 1429
1468800 1429
1468810 1429
1468820 1429
1468830 1429
1468840 1430
1468850 1431
1468860 1431
1468870 1432
1468880 1433
1468890 1432
1468900 1432
1468910 1431
1468920 1428
1468930 1428
1468940 1425
1468950 1422
1468960 1422
1468970 1418
1468980 1413
1468990 1413
1469000 1408
1469010 1401
1469020 1401
1469030 1395
1469040 1389
1469050 1383
1469060 1383
1469070 1378
1469080 1372
1469090 1372
1469100 1366
1469110 1360
1469120 1360
1469130 1354
1469140 1348
1469150 1348
1469160 1343
1469170 1337
1469180 1337
1469190 1331
1469200 1325
1469210 1320
1469220 1320
1469230 1317
1469240 1314
1469250 1314
1469260 1311
1469270 1307
1469280 1307
1469290 1303
1469300 1298
1469310 1298
1469320 1293
1469330 1289
1469340 1289
1469350 1286
1469360 1282
1469370 1278
1469380 1278
1469390 1275
1469400 1272
1469410 1272
1469420 1268
1469430 1262
1469440 1262
1469450 1256
1469460 1250
1469470 1250
1469480 1245
1469490 1240
1469500 1240
1469510 1234
1469520 1229
1469530 1225
1469540 1225
1469550 1219
1469560 1219
1469570 1219
1469580 1220
1469590 1221
1469600 1221
1469610 1223
1469620 1226
1469630 1226
1469640 1228
1469650 1232
1469660 1232
1469670 1237
1469680 1239
1469690 1242
1469700 1242
1469710 1246
1469720 1250
1469730 1250
1469740 1253
1469750 1255
1469760 1255
1469770 1258
1469780 1260
1469790 1260
1469800 1262
1469810 1265
1469820 1265
1469830 1268
1469840 1271
1469850 1275
1469860 1274
1469870 1280
1469880 1284
1469890 1284
1469900 1289
1469910 1295
1469920 1295
1469930 1302
1469940 1308
1469950 1308
1469960 1313
1469970 1317
1469980 1317
1469990 1324
1470000 1329
1470010 1336
1470020 1336
1470030 1339
1470040 1339
1470050 1339
1470060 1340
1470070 1341
1470080 1341
1470090 1343
1470100 1347
1470110 1347
1470120 1352
1470130 1361
1470140 1361
1470150 1370
1470160 1380
1470170 1389
1470180 1389
1470190 1396
1470200 1405
1470210 1405
1470220 1413
1470230 1420
1470240 1420
1470250 1425
1470260 1430
1470270 1430
1470280 1433
1470290 1436
1470300 1436
1470310 1439
1470320 1442
1470330 1442
1470340 1445
1470350 1449
1470360 1452
1470370 1452
1470380 1455
1470390 1456
1470400 1456
1470410 1457
1470420 1458
1470430 1458
1470440 1458
1470450 1459
1470460 1459
1470470 1459
1470480 1458
1470490 1458
1470500 1457
1470510 1457
1470520 1456
1470530 1456
1470540 1455
1470550 1454
1470560 1454
1470570 1452
1470580 1449
1470590 1449
1470600 1446
1470610 1442
1470620 1442
1470630 1438
1470640 1434
1470650 1434
1470660 1429
1470670 1424
1470680 1419
1470690 1419
1470700 1412
1470710 1408
1470720 1408
1470730 1402
1470740 1395
1470750 1395
1470760 1389
1470770 1383
1470780 1383
1470790 1377
1470800 1370
1470810 1370
1470820 1363
1470830 1356
1470840 1350
1470850 1350
1470860 1344
1470870 1338
1470880 1338
1470890 1335
1470900 1335
1470910 1335
1470920 1333
1470930 1330
1470940 1330
1470950 1329
1470960 1330
1470970 1330
1470980 1333
1470990 1337
1471000 1340
1471010 1340
1471020 1342
1471030 1342
1471040 1342
1471050 1333
1471060 1326
1471070 1326
1471080 1321
1471090 1315
1471100 1315
1471110 1310
1471120 1299
1471130 1299
1471140 1288
1471150 1280
1471160 1279
1471170 1279
1471180 1276
1471190 1270
1471200 1270
1471210 1264
1471220 1259
1471230 1259
1471240 1260
1471250 1265
1471260 1265
1471270 1267
1471280 1266
1471290 1266
1471300 1259
1471310 1252
1471320 1248
1471330 1248
1471340 1242
1471350 1232
1471360 1232
1471370 1229
1471380 1234
1471390 1234
1471400 1243
1471410 1240
1471420 1240
1471430 1233
1471440 1235
1471450 1235
1471460 1237
1471470 1240
1471480 1246
1471490 1246
1471500 1248
1471510 1247
1471520 1247
1471530 1244
1471540 1238
1471550 1238
1471560 1237
1471570 1237
1471580 1237
1471590 1234
1471600 1240
1471610 1240
1471620 1243
1471630 1243
1471640 1246
1471650 1246
1471660 1248
1471670 1249
1471680 1249
1471690 1249
1471700 1250
1471710 1250
1471720 1249
1471730 1246
1471740 1246
1471750 1241
1471760 1238
1471770 1238
1471780 1236
1471790 1231
1471800 1231
1471810 1225
1471820 1222
1471830 1224
1471840 1224
1471850 1224
1471860 1227
1471870 1227
1471880 1231
1471890 1234
1471900 1234
1471910 1235
1471920 1236
1471930 1236
1471940 1237
1471950 1237
1471960 1237
1471970 1236
1471980 1234
1471990 1233
1472000 1233
1472010 1230
1472020 1228
1472030 1228
1472040 1227
1472050 1225
1472060 1225
1472070 1224
1472080 1222
1472090 1222
1472100 1219
1472110 1214
1472120 1214
1472130 1210
1472140 1206
1472150 1202
1472160 1202
1472170 1198
1472180 1192
1472190 1192
1472200 1186
1472210 1184
1472220 1184
1472230 1179
1472240 1176
1472250 1176
1472260 1174
1472270 1171
1472280 1171
1472290 1166
1472300 1161
1472310 1160
1472320 1160
1472330 1157
1472340 1152
1472350 1152
1472360 1150
1472370 1152
1472380 1152
1472390 1153
1472400 1151
1472410 1151
1472420 1147
1472430 1146
1472440 1146
1472450 1145
1472460 1143
1472470 1141
1472480 1141
1472490 1138
1472500 1134
1472510 1134
1472520 1133
1472530 1133
1472540 1133
1472550 1131
1472560 1128
1472570 1128
1472580 1124
1472590 1120
1472600 1120
1472610 1117
1472620 1116
1472630 1116
1472640 1116
1472650 1115
1472660 1113
1472670 1113
1472680 1112
1472690 1110
1472700 1110
1472710 1108
1472720 1105
1472730 1105
1472740 1102
1472750 1100
1472760 1100
1472770 1098
1472780 1095
1472790 1093
1472800 1093
1472810 1095
1472820 1095
1472830 1095
1472840 1094
1472850 1092
1472860 1092
1472870 1091
1472880 1088
1472890 1088
1472900 1085
1472910 1081
1472920 1081
1472930 1078
1472940 1074
1472950 1071
1472960 1071
1472970 1068
1472980 1064
1472990 1064
1473000 1059
1473010 1054
1473020 1054
1473030 1049
1473040 1044
1473050 1044
1473060 1039
1473070 1036
1473080 1036
1473090 1036
1473100 1036
1473110 1033
1473120 1033
1473130 1031
1473140 1031
1473150 1031
1473160 1031
1473170 1027
1473180 1027
1473190 1022
1473200 1019
1473210 1019
1473220 1017
1473230 1015
1473240 1015
1473250 1012
1473260 1008
1473270 1008
1473280 1006
1473290 1004
1473300 1001
1473310 1001
1473320 997
1473330 993
1473340 993
1473350 990
1473360 987
1473370 987
1473380 984
1473390 982
1473400 982
1473410 979
1473420 976
1473430 976
1473440 973
1473450 970
1473460 966
1473470 966
1473480 963
1473490 958
1473500 958
1473510 956
1473520 955
1473530 955
1473540 953
1473550 949
1473560 949
1473570 944
1473580 941
1473590 941
1473600 938
1473610 935
1473620 931
1473630 931
1473640 926
1473650 921
1473660 921
1473670 918
1473680 913
1473690 913
1473700 910
1473710 908
1473720 908
1473730 905
1473740 900
1473750 900
1473760 898
1473770 896
1473780 895
1473790 895
1473800 893
1473810 889
1473820 889
1473830 886
1473840 884
1473850 884
1473860 881
1473870 878
1473880 878
1473890 875
1473900 873
1473910 873
1473920 870
1473930 866
1473940 863
1473950 863
1473960 859
1473970 855
1473980 855
1473990 851
1474000 849
1474010 849
1474020 845
1474030 842
1474040 842
1474050 841
1474060 841
1474070 841
1474080 840
1474090 839
1474100 839
1474110 839
1474120 839
1474130 838
1474140 838
1474150 838
1474160 837
1474170 837
1474180 836
1474190 835
1474200 835
1474210 834
1474220 833
1474230 833
1474240 833
1474250 832
1474260 832
1474270 832
1474280 832
1474290 831
1474300 831
1474310 830
1474320 829
1474330 829
1474340 829
1474350 828
1474360 828
1474370 827
1474380 826
1474390 826
1474400 825
1474410 825
1474420 824
1474430 824
1474440 823
1474450 824
1474460 824
1474470 824
1474480 823
1474490 823
1474500 821
1474510 820
1474520 820
1474530 819
1474540 818
1474550 818
1474560 817
1474570 817
1474580 816
1474590 816
1474600 815
1474610 814
1474620 814
1474630 814
1474640 813
1474650 813
1474660 813
1474670 812
1474680 812
1474690 812
1474700 811
1474710 811
1474720 811
1474730 810
1474740 810
1474750 809
1474760 809
1474770 808
1474780 808
1474790 808
1474800 807
1474810 807
1474820 807
1474830 806
1474840 806
1474850 806
1474860 806
1474870 806
1474880 806
1474890 805
1474900 805
1474910 804
1474920 804
1474930 804
1474940 804
1474950 804
1474960 802
1474970 802
1474980 801
1474990 801
1475000 801
1475010 800
1475020 800
1475030 800
1475040 799
1475050 799
1475060 799
1475070 799
1475080 798
1475090 798
1475100 798
1475110 798
1475120 798
1475130 798
1475140 797
1475150 797
1475160 797
1475170 796
1475180 795
1475190 795
1475200 795
1475210 794
1475220 794
1475230 794
1475240 793
1475250 793
1475260 793
1475270 793
1475280 793
1475290 793
1475300 793
1475310 792
1475320 792
1475330 792
1475340 792
1475350 792
1475360 791
1475370 790
1475380 790
1475390 791
1475400 791
1475410 790
1475420 790
1475430 790
1475440 790
1475450 790
1475460 789
1475470 789
1475480 789
1475490 788
1475500 788
1475510 788
1475520 788
1475530 787
1475540 787
1475550 787
1475560 786
1475570 786
1475580 786
1475590 786
1475600 786
1475610 786
1475620 785
1475630 785
1475640 785
1475650 784
1475660 784
1475670 784
1475680 783
1475690 783
1475700 783
1475710 783
1475720 783
1475730 782
1475740 782
1475750 782
1475760 782
1475770 782
1475780 781
1475790 781
1475800 781
1475810 781
1475820 780
1475830 780
1475840 780
1475850 780
1475860 780
1475870 780
1475880 779
1475890 779
1475900 779
1475910 778
1475920 778
1475930 778
1475940 777
1475950 777
1475960 777
1475970 776
1475980 776
1475990 776
1476000 775
1476010 775
1476020 775
1476030 774
1476040 774
1476050 773
1476060 773
1476070 771
1476080 771
1476090 771
1476100 770
1476110 770
1476120 770
1476130 770
1476140 769
1476150 769
1476160 769
1476170 769
1476180 769
1476190 768
1476200 768
1476210 768
1476220 768
1476230 767
1476240 767
1476250 767
1476260 767
1476270 767
1476280 767
1476290 767
1476300 767
1476310 767
1476320 767
1476330 767
1476340 767
1476350 767
1476360 767
1476370 767
1476380 768
1476390 767
1476400 766
1476410 766
1476420 765
1476430 765
1476440 765
1476450 765
1476460 765
1476470 765
1476480 764
1476490 763
1476500 763
1476510 763
1476520 763
1476530 763
1476540 763
1476550 763
1476560 764
1476570 764
1476580 766
1476590 767
1476600 767
1476610 767
1476620 767
1476630 767
1476640 766
1476650 766
1476660 766
1476670 765
1476680 765
1476690 765
1476700 766
1476710 766
1476720 766
1476730 766
1476740 766
1476750 765
1476760 765
1476770 765
1476780 765
1476790 765
1476800 764
1476810 764
1476820 764
1476830 764
1476840 764
1476850 764
1476860 763
1476870 763
1476880 763
1476890 763
1476900 763
1476910 763
1476920 763
1476930 763
1476940 763
1476950 763
1476960 763
1476970 764
1476980 764
1476990 765
1477000 766
1477010 766
1477020 766
1477030 767
1477040 768
1477050 768
1477060 769
1477070 770
1477080 770
1477090 771
1477100 774
1477110 774
1477120 778
1477130 783
1477140 783
1477150 789
1477160 791
1477170 791
1477180 789
1477190 793
1477200 803
1477210 803
1477220 809
1477230 816
1477240 816
1477250 820
1477260 823
1477270 823
1477280 826
1477290 829
1477300 829
1477310 833
1477320 836
1477330 836
1477340 838
1477350 838
1477360 838
1477370 838
1477380 839
1477390 841
1477400 841
1477410 842
1477420 842
1477430 842
1477440 838
1477450 836
1477460 836
1477470 843
1477480 847
1477490 847
1477500 851
1477510 856
1477520 860
1477530 860
1477540 865
1477550 870
1477560 870
1477570 875
1477580 881
1477590 881
1477600 885
1477610 890
1477620 890
1477630 894
1477640 899
1477650 899
1477660 904
1477670 910
1477680 910
1477690 915
1477700 919
1477710 923
1477720 923
1477730 927
1477740 932
1477750 932
1477760 935
1477770 937
1477780 937
1477790 937
1477800 942
1477810 942
1477820 947
1477830 946
1477840 946
1477850 947
1477860 949
1477870 953
1477880 953
1477890 954
1477900 953
1477910 953
1477920 954
1477930 956
1477940 956
1477950 959
1477960 962
1477970 962
1477980 966
1477990 973
1478000 973
1478010 979
1478020 980
1478030 980
1478040 980
1478050 981
1478060 983
1478070 983
1478080 984
1478090 984
1478100 984
1478110 986
1478120 987
1478130 987
1478140 989
1478150 993
1478160 993
1478170 995
1478180 997
1478190 1003
1478200 1003
1478210 1008
1478220 1014
1478230 1014
1478240 1022
1478250 1026
1478260 1026
1478270 1031
1478280 1035
1478290 1035
1478300 1041
1478310 1045
1478320 1045
1478330 1052
1478340 1063
1478350 1070
1478360 1070
1478370 1074
1478380 1077
1478390 1077
1478400 1081
1478410 1085
1478420 1085
1478430 1088
1478440 1092
1478450 1092
1478460 1097
1478470 1101
1478480 1101
1478490 1106
1478500 1111
1478510 1116
1478520 1116
1478530 1119
1478540 1121
1478550 1121
1478560 1123
1478570 1128
1478580 1128
1478590 1133
1478600 1139
1478610 1139
1478620 1145
1478630 1148
1478640 1148
1478650 1149
1478660 1154
1478670 1160
1478680 1160
1478690 1167
1478700 1173
1478710 1173
1478720 1179
1478730 1186
1478740 1186
1478750 1191
1478760 1193
1478770 1193
1478780 1194
1478790 1198
1478800 1198
1478810 1205
1478820 1210
1478830 1211
1478840 1211
1478850 1214
1478860 1220
1478870 1220
1478880 1226
1478890 1233
1478900 1233
1478910 1240
1478920 1241
1478930 1241
1478940 1240
1478950 1234
1478960 1234
1478970 1227
1478980 1219
1478990 1211
1479000 1211
1479010 1208
1479020 1208
1479030 1208
1479040 1209
1479050 1210
1479060 1210
1479070 1213
1479080 1216
1479090 1216
1479100 1220
1479110 1224
1479120 1224
1479130 1229
1479140 1234
1479150 1234
1479160 1239
1479170 1241
1479180 1243
1479190 1243
1479200 1246
1479210 1249
1479220 1249
1479230 1248
1479240 1248
1479250 1248
1479260 1251
1479270 1253
1479280 1253
1479290 1250
1479300 1245
1479310 1245
1479320 1241
1479330 1242
1479340 1246
1479350 1246
1479360 1250
1479370 1249
1479380 1249
1479390 1244
1479400 1239
1479410 1239
1479420 1237
1479430 1235
1479440 1235
1479450 1231
1479460 1226
1479470 1226
1479480 1220
1479490 1218
1479500 1217
1479510 1217
1479520 1213
1479530 1206
1479540 1206
1479550 1195
1479560 1173
1479570 1173
1479580 1158
1479590 1150
1479600 1150
1479610 1141
1479620 1133
1479630 1133
1479640 1125
1479650 1117
1479660 1110
1479670 1110
1479680 1104
1479690 1101
1479700 1101
1479710 1101
1479720 1104
1479730 1104
1479740 1104
1479750 1106
1479760 1106
1479770 1105
1479780 1099
1479790 1099
1479800 1092
1479810 1093
1479820 1103
1479830 1103
1479840 1111
1479850 1124
1479860 1124
1479870 1129
1479880 1130
1479890 1130
1479900 1131
1479910 1132
1479920 1132
1479930 1136
1479940 1141
1479950 1141
1479960 1151
1479970 1158
1479980 1159
1479990 1159
