1460000 1276
1460010 1272
1460020 1267
1460030 1267
1460040 1262
1460050 1256
1460060 1256
1460070 1248
1460080 1238
1460090 1238
1460100 1232
1460110 1227
1460120 1227
1460130 1220
1460140 1214
1460150 1214
1460160 1207
1460170 1201
1460180 1193
1460190 1193
1460200 1186
1460210 1186
1460220 1186
1460230 1191
1460240 1200
1460250 1200
1460260 1199
1460270 1193
1460280 1193
1460290 1188
1460300 1171
1460310 1171
1460320 1150
1460330 1141
1460340 1141
1460350 1134
1460360 1146
1460370 1156
1460380 1156
1460390 1160
1460400 1164
1460410 1164
1460420 1168
1460430 1170
1460440 1170
1460450 1170
1460460 1173
1460470 1173
1460480 1175
1460490 1174
1460500 1174
1460510 1171
1460520 1168
1460530 1163
1460540 1163
1460550 1157
1460560 1159
1460570 1159
1460580 1158
1460590 1155
1460600 1155
1460610 1159
1460620 1161
1460630 1161
1460640 1160
1460650 1153
1460660 1153
1460670 1144
1460680 1140
1460690 1144
1460700 1144
1460710 1153
1460720 1162
1460730 1162
1460740 1169
1460750 1176
1460760 1176
1460770 1185
1460780 1196
1460790 1196
1460800 1206
1460810 1212
1460820 1212
1460830 1217
1460840 1223
1460850 1229
1460860 1229
1460870 1235
1460880 1239
1460890 1239
1460900 1241
1460910 1244
1460920 1244
1460930 1242
1460940 1246
1460950 1246
1460960 1253
1460970 1261
1460980 1261
1460990 1269
1461000 1275
1461010 1280
1461020 1280
1461030 1289
1461040 1297
1461050 1297
1461060 1303
1461070 1310
1461080 1310
1461090 1317
1461100 1324
1461110 1324
1461120 1329
1461130 1335
1461140 1335
1461150 1340
1461160 1345
1461170 1351
1461180 1351
1461190 1357
1461200 1361
1461210 1361
1461220 1364
1461230 1369
1461240 1369
1461250 1377
1461260 1383
1461270 1383
1461280 1389
1461290 1395
1461300 1395
1461310 1398
1461320 1393
1461330 1393
1461340 1388
1461350 1385
1461360 1382
1461370 1382
1461380 1380
1461390 1378
1461400 1378
1461410 1373
1461420 1371
1461430 1371
1461440 1368
1461450 1368
1461460 1368
1461470 1373
1461480 1378
1461490 1378
1461500 1379
1461510 1376
1461520 1368
1461530 1368
1461540 1362
1461550 1365
1461560 1365
1461570 1372
1461580 1372
1461590 1372
1461600 1368
1461610 1364
1461620 1364
1461630 1359
1461640 1361
1461650 1361
1461660 1369
1461670 1380
1461680 1389
1461690 1389
1461700 1399
1461710 1405
1461720 1405
1461730 1410
1461740 1407
1461750 1407
1461760 1399
1461770 1397
1461780 1397
1461790 1397
1461800 1389
1461810 1389
1461820 1381
1461830 1376
1461840 1367
1461850 1367
1461860 1360
1461870 1354
1461880 1354
1461890 1347
1461900 1346
1461910 1346
1461920 1350
1461930 1352
1461940 1352
1461950 1356
1461960 1370
1461970 1370
1461980 1380
1461990 1380
1462000 1386
1462010 1386
1462020 1383
1462030 1385
1462040 1385
1462050 1392
1462060 1393
1462070 1393
1462080 1392
1462090 1396
1462100 1396
1462110 1401
1462120 1406
1462130 1406
1462140 1419
1462150 1440
1462160 1442
1462170 1442
1462180 1441
1462190 1445
1462200 1445
1462210 1450
1462220 1452
1462230 1452
1462240 1453
1462250 1454
1462260 1454
1462270 1456
1462280 1462
1462290 1462
1462300 1465
1462310 1473
1462320 1488
1462330 1488
1462340 1501
1462350 1509
1462360 1509
1462370 1513
1462380 1515
1462390 1515
1462400 1512
1462410 1510
1462420 1510
1462430 1510
1462440 1509
1462450 1509
1462460 1507
1462470 1501
1462480 1501
1462490 1494
1462500 1487
1462510 1479
1462520 1479
1462530 1473
1462540 1466
1462550 1466
1462560 1458
1462570 1448
1462580 1448
1462590 1440
1462600 1433
1462610 1433
1462620 1425
1462630 1419
1462640 1419
1462650 1415
1462660 1409
1462670 1403
1462680 1403
1462690 1397
1462700 1391
1462710 1391
1462720 1388
1462730 1386
1462740 1386
1462750 1386
1462760 1385
1462770 1385
1462780 1385
1462790 1384
1462800 1384
1462810 1381
1462820 1377
1462830 1371
1462840 1371
1462850 1364
1462860 1357
1462870 1357
1462880 1348
1462890 1342
1462900 1342
1462910 1336
1462920 1331
1462930 1331
1462940 1326
1462950 1322
1462960 1322
1462970 1318
1462980 1313
1462990 1308
1463000 1308
1463010 1305
1463020 1303
1463030 1303
1463040 1299
1463050 1290
1463060 1290
1463070 1290
1463080 1299
1463090 1299
1463100 1304
1463110 1308
1463120 1308
1463130 1313
1463140 1318
1463150 1321
1463160 1321
1463170 1324
1463180 1328
1463190 1328
1463200 1333
1463210 1338
1463220 1338
1463230 1345
1463240 1353
1463250 1353
1463260 1361
1463270 1367
1463280 1367
1463290 1376
1463300 1406
1463310 1425
1463320 1425
1463330 1434
1463340 1437
1463350 1437
1463360 1436
1463370 1433
1463380 1433
1463390 1432
1463400 1430
1463410 1430
1463420 1425
1463430 1423
1463440 1423
1463450 1420
1463460 1418
1463470 1418
1463480 1417
1463490 1415
1463500 1413
1463510 1413
1463520 1406
1463530 1397
1463540 1397
1463550 1392
1463560 1396
1463570 1396
1463580 1398
1463590 1393
1463600 1393
1463610 1394
1463620 1396
1463630 1396
1463640 1404
1463650 1412
1463660 1419
1463670 1419
1463680 1427
1463690 1432
1463700 1432
1463710 1436
1463720 1438
1463730 1438
1463740 1437
1463750 1443
1463760 1443
1463770 1451
1463780 1457
1463790 1457
1463800 1460
1463810 1464
1463820 1471
1463830 1471
1463840 1483
1463850 1492
1463860 1492
1463870 1489
1463880 1493
1463890 1493
1463900 1515
1463910 1532
1463920 1532
1463930 1542
1463940 1552
1463950 1552
1463960 1558
1463970 1561
1463980 1562
1463990 1562
1464000 1561
1464010 1556
1464020 1556
1464030 1550
1464040 1545
1464050 1545
1464060 1547
1464070 1552
1464080 1552
1464090 1556
1464100 1556
1464110 1556
1464120 1554
1464130 1555
1464140 1553
1464150 1553
1464160 1552
1464170 1546
1464180 1546
1464190 1550
1464200 1552
1464210 1552
1464220 1550
1464230 1546
1464240 1546
1464250 1545
1464260 1548
1464270 1548
1464280 1553
1464290 1558
1464300 1558
1464310 1558
1464320 1561
1464330 1567
1464340 1567
1464350 1575
1464360 1580
1464370 1580
1464380 1585
1464390 1588
1464400 1588
1464410 1590
1464420 1592
1464430 1592
1464440 1592
1464450 1594
1464460 1594
1464470 1594
1464480 1593
1464490 1590
1464500 1590
1464510 1588
1464520 1587
1464530 1587
1464540 1586
1464550 1586
1464560 1586
1464570 1585
1464580 1584
1464590 1584
1464600 1581
1464610 1576
1464620 1576
1464630 1578
1464640 1582
1464650 1582
1464660 1582
1464670 1583
1464680 1584
1464690 1584
1464700 1583
1464710 1583
1464720 1583
1464730 1585
1464740 1586
1464750 1586
1464760 1587
1464770 1588
1464780 1588
1464790 1589
1464800 1589
1464810 1589
1464820 1589
1464830 1590
1464840 1591
1464850 1591
1464860 1592
1464870 1593
1464880 1593
1464890 1595
1464900 1597
1464910 1597
1464920 1599
1464930 1601
1464940 1601
1464950 1603
1464960 1604
1464970 1606
1464980 1606
1464990 1608
1465000 1610
1465010 1610
1465020 1612
1465030 1615
1465040 1615
1465050 1619
1465060 1622
1465070 1622
1465080 1625
1465090 1627
1465100 1627
1465110 1629
1465120 1629
1465130 1630
1465140 1630
1465150 1633
1465160 1637
1465170 1637
1465180 1639
1465190 1639
1465200 1639
1465210 1640
1465220 1645
1465230 1645
1465240 1649
1465250 1653
1465260 1653
1465270 1655
1465280 1658
1465290 1661
1465300 1661
1465310 1664
1465320 1667
1465330 1667
1465340 1671
1465350 1676
1465360 1676
1465370 1681
1465380 1687
1465390 1687
1465400 1693
1465410 1700
1465420 1700
1465430 1706
1465440 1710
1465450 1712
1465460 1712
1465470 1714
1465480 1715
1465490 1715
1465500 1716
1465510 1715
1465520 1715
1465530 1715
1465540 1714
1465550 1714
1465560 1712
1465570 1708
1465580 1708
1465590 1705
1465600 1702
1465610 1702
1465620 1698
1465630 1696
1465640 1693
1465650 1693
1465660 1691
1465670 1688
1465680 1688
1465690 1685
1465700 1682
1465710 1682
1465720 1678
1465730 1673
1465740 1673
1465750 1668
1465760 1664
1465770 1664
1465780 1662
1465790 1664
1465800 1665
1465810 1665
1465820 1665
1465830 1663
1465840 1663
1465850 1662
1465860 1660
1465870 1660
1465880 1657
1465890 1652
1465900 1652
1465910 1648
1465920 1647
1465930 1647
1465940 1645
1465950 1644
1465960 1642
1465970 1642
1465980 1639
1465990 1637
1466000 1637
1466010 1633
1466020 1630
1466030 1630
1466040 1629
1466050 1627
1466060 1627
1466070 1625
1466080 1624
1466090 1624
1466100 1624
1466110 1624
1466120 1623
1466130 1623
1466140 1621
1466150 1620
1466160 1620
1466170 1618
1466180 1618
1466190 1618
1466200 1617
1466210 1616
1466220 1616
1466230 1616
1466240 1615
1466250 1615
1466260 1613
1466270 1612
1466280 1611
1466290 1611
1466300 1610
1466310 1609
1466320 1609
1466330 1608
1466340 1607
1466350 1607
1466360 1607
1466370 1607
1466380 1607
1466390 1607
1466400 1607
1466410 1607
1466420 1607
1466430 1607
1466440 1608
1466450 1608
1466460 1610
1466470 1612
1466480 1612
1466490 1614
1466500 1617
1466510 1617
1466520 1620
1466530 1623
1466540 1623
1466550 1625
1466560 1626
1466570 1626
1466580 1628
1466590 1631
1466600 1634
1466610 1634
1466620 1634
1466630 1634
1466640 1634
1466650 1633
1466660 1632
1466670 1632
1466680 1631
1466690 1631
1466700 1631
1466710 1631
1466720 1630
1466730 1630
1466740 1630
1466750 1630
1466760 1630
1466770 1630
1466780 1630
1466790 1628
1466800 1628
1466810 1628
1466820 1627
1466830 1627
1466840 1626
1466850 1624
1466860 1624
1466870 1622
1466880 1620
1466890 1620
1466900 1618
1466910 1616
1466920 1616
1466930 1613
1466940 1614
1466950 1617
1466960 1617
1466970 1620
1466980 1624
1466990 1624
1467000 1627
1467010 1630
1467020 1630
1467030 1632
1467040 1631
1467050 1631
1467060 1626
1467070 1630
1467080 1630
1467090 1637
1467100 1644
1467110 1646
1467120 1646
1467130 1647
1467140 1647
1467150 1647
1467160 1646
1467170 1646
1467180 1646
1467190 1648
1467200 1651
1467210 1651
1467220 1654
1467230 1658
1467240 1658
1467250 1663
1467260 1667
1467270 1673
1467280 1673
1467290 1679
1467300 1686
1467310 1686
1467320 1690
1467330 1698
1467340 1698
1467350 1708
1467360 1720
1467370 1720
1467380 1730
1467390 1736
1467400 1736
1467410 1741
1467420 1746
1467430 1748
1467440 1748
1467450 1752
1467460 1754
1467470 1754
1467480 1754
1467490 1752
1467500 1752
1467510 1752
1467520 1752
1467530 1752
1467540 1754
1467550 1756
1467560 1756
1467570 1757
1467580 1759
1467590 1758
1467600 1758
1467610 1759
1467620 1761
1467630 1761
1467640 1765
1467650 1765
1467660 1765
1467670 1765
1467680 1764
1467690 1764
1467700 1768
1467710 1772
1467720 1772
1467730 1775
1467740 1776
1467750 1776
1467760 1778
1467770 1781
1467780 1783
1467790 1783
1467800 1783
1467810 1783
1467820 1783
1467830 1783
1467840 1783
1467850 1783
1467860 1783
1467870 1784
1467880 1784
1467890 1783
1467900 1784
1467910 1784
1467920 1788
1467930 1793
1467940 1797
1467950 1797
1467960 1802
1467970 1809
1467980 1809
1467990 1817
1468000 1825
1468010 1825
1468020 1835
1468030 1845
1468040 1845
1468050 1854
1468060 1860
1468070 1860
1468080 1865
1468090 1870
1468100 1870
1468110 1870
1468120 1868
1468130 1864
1468140 1864
1468150 1858
1468160 1853
1468170 1853
1468180 1852
1468190 1849
1468200 1849
1468210 1848
1468220 1845
1468230 1845
1468240 1844
1468250 1846
1468260 1848
1468270 1848
1468280 1847
1468290 1843
1468300 1843
1468310 1837
1468320 1833
1468330 1833
1468340 1832
1468350 1828
1468360 1828
1468370 1825
1468380 1829
1468390 1829
1468400 1837
1468410 1843
1468420 1852
1468430 1852
1468440 1861
1468450 1865
1468460 1865
1468470 1864
1468480 1861
1468490 1861
1468500 1856
1468510 1853
1468520 1853
1468530 1850
1468540 1847
1468550 1847
1468560 1845
1468570 1849
1468580 1851
1468590 1851
1468600 1851
1468610 1851
1468620 1851
1468630 1851
1468640 1850
1468650 1850
1468660 1849
1468670 1847
1468680 1847
1468690 1844
1468700 1845
1468710 1845
1468720 1845
1468730 1844
1468740 1843
1468750 1843
1468760 1840
1468770 1838
1468780 1838
1468790 1837
1468800 1835
1468810 1835
1468820 1834
1468830 1832
1468840 1832
1468850 1831
1468860 1830
1468870 1830
1468880 1829
1468890 1827
1468900 1827
1468910 1827
1468920 1828
1468930 1829
1468940 1829
1468950 1829
1468960 1832
1468970 1832
1468980 1838
1468990 1844
1469000 1844
1469010 1850
1469020 1858
1469030 1858
1469040 1866
1469050 1874
1469060 1874
1469070 1881
1469080 1883
1469090 1884
1469100 1884
1469110 1883
1469120 1880
1469130 1880
1469140 1879
1469150 1877
1469160 1877
1469170 1876
1469180 1875
1469190 1875
1469200 1873
1469210 1871
1469220 1871
1469230 1869
1469240 1867
1469250 1866
1469260 1866
1469270 1863
1469280 1861
1469290 1861
1469300 1857
1469310 1851
1469320 1851
1469330 1846
1469340 1839
1469350 1839
1469360 1834
1469370 1830
1469380 1830
1469390 1825
1469400 1820
1469410 1814
1469420 1814
1469430 1808
1469440 1802
1469450 1802
1469460 1797
1469470 1794
1469480 1794
1469490 1790
1469500 1787
1469510 1787
1469520 1788
1469530 1790
1469540 1790
1469550 1789
1469560 1785
1469570 1784
1469580 1784
1469590 1780
1469600 1777
1469610 1777
1469620 1781
1469630 1784
1469640 1784
1469650 1784
1469660 1781
1469670 1781
1469680 1776
1469690 1771
1469700 1771
1469710 1770
1469720 1768
1469730 1761
1469740 1761
1469750 1753
1469760 1748
1469770 1748
1469780 1741
1469790 1734
1469800 1734
1469810 1727
1469820 1724
1469830 1724
1469840 1720
1469850 1715
1469860 1715
1469870 1713
1469880 1711
1469890 1711
1469900 1707
1469910 1703
1469920 1698
1469930 1698
1469940 1692
1469950 1686
1469960 1686
1469970 1680
1469980 1675
1469990 1675
1470000 1672
1470010 1670
1470020 1670
1470030 1667
1470040 1663
1470050 1663
1470060 1660
1470070 1656
1470080 1651
1470090 1651
1470100 1646
1470110 1641
1470120 1641
1470130 1634
1470140 1629
1470150 1629
1470160 1623
1470170 1616
1470180 1616
1470190 1608
1470200 1600
1470210 1600
1470220 1595
1470230 1588
1470240 1577
1470250 1577
1470260 1566
1470270 1559
1470280 1559
1470290 1547
1470300 1538
1470310 1538
1470320 1534
1470330 1529
1470340 1529
1470350 1531
1470360 1538
1470370 1538
1470380 1537
1470390 1531
1470400 1526
1470410 1526
1470420 1523
1470430 1511
1470440 1511
1470450 1497
1470460 1489
1470470 1489
1470480 1479
1470490 1468
1470500 1468
1470510 1459
1470520 1462
1470530 1462
1470540 1472
1470550 1473
1470560 1475
1470570 1475
1470580 1472
1470590 1475
1470600 1475
1470610 1474
1470620 1468
1470630 1468
1470640 1473
1470650 1478
1470660 1478
1470670 1474
1470680 1476
1470690 1476
1470700 1483
1470710 1488
1470720 1489
1470730 1489
1470740 1493
1470750 1492
1470760 1492
1470770 1493
1470780 1488
1470790 1488
1470800 1485
1470810 1491
1470820 1491
1470830 1495
1470840 1492
1470850 1492
1470860 1481
1470870 1467
1470880 1457
1470890 1457
1470900 1462
1470910 1470
1470920 1470
1470930 1484
1470940 1491
1470950 1491
1470960 1495
1470970 1492
1470980 1492
1470990 1489
1471000 1487
1471010 1487
1471020 1486
1471030 1486
1471040 1486
1471050 1485
1471060 1482
1471070 1477
1471080 1477
1471090 1472
1471100 1467
1471110 1467
1471120 1461
1471130 1455
1471140 1455
1471150 1449
1471160 1442
1471170 1442
1471180 1435
1471190 1428
1471200 1428
1471210 1420
1471220 1417
1471230 1413
1471240 1413
1471250 1410
1471260 1408
1471270 1408
1471280 1409
1471290 1408
1471300 1408
1471310 1408
1471320 1406
1471330 1406
1471340 1405
1471350 1404
1471360 1404
1471370 1399
1471380 1393
1471390 1389
1471400 1389
1471410 1385
1471420 1380
1471430 1380
1471440 1375
1471450 1368
1471460 1368
1471470 1362
1471480 1356
1471490 1356
1471500 1350
1471510 1343
1471520 1343
1471530 1338
1471540 1335
1471550 1330
1471560 1330
1471570 1325
1471580 1320
1471590 1320
1471600 1315
1471610 1308
1471620 1308
1471630 1301
1471640 1294
1471650 1294
1471660 1286
1471670 1277
1471680 1277
1471690 1268
1471700 1260
1471710 1257
1471720 1257
1471730 1257
1471740 1255
1471750 1255
1471760 1249
1471770 1239
1471780 1239
1471790 1232
1471800 1227
1471810 1227
1471820 1226
1471830 1225
1471840 1225
1471850 1216
1471860 1215
1471870 1216
1471880 1216
1471890 1216
1471900 1216
1471910 1216
1471920 1209
1471930 1201
1471940 1201
1471950 1207
1471960 1213
1471970 1213
1471980 1214
1471990 1211
1472000 1211
1472010 1200
1472020 1189
1472030 1189
1472040 1186
1472050 1192
1472060 1198
1472070 1198
1472080 1203
1472090 1210
1472100 1210
1472110 1216
1472120 1220
1472130 1220
1472140 1221
1472150 1219
1472160 1219
1472170 1215
1472180 1211
1472190 1211
1472200 1206
1472210 1201
1472220 1195
1472230 1195
1472240 1190
1472250 1185
1472260 1185
1472270 1181
1472280 1177
1472290 1177
1472300 1173
1472310 1169
1472320 1169
1472330 1164
1472340 1159
1472350 1159
1472360 1155
1472370 1151
1472380 1146
1472390 1146
1472400 1142
1472410 1137
1472420 1137
1472430 1134
1472440 1130
1472450 1130
1472460 1125
1472470 1120
1472480 1126
1472490 1120
1472500 1114
1472510 1114
1472520 1108
1472530 1103
1472540 1100
1472550 1100
1472560 1095
1472570 1087
1472580 1087
1472590 1080
1472600 1074
1472610 1074
1472620 1070
1472630 1065
1472640 1065
1472650 1060
1472660 1055
1472670 1055
1472680 1051
1472690 1045
1472700 1038
1472710 1038
1472720 1033
1472730 1028
1472740 1028
1472750 1022
1472760 1015
1472770 1015
1472780 1009
1472790 1005
1472800 1005
1472810 1000
1472820 995
1472830 995
1472840 991
1472850 993
1472860 992
1472870 992
1472880 991
1472890 988
1472900 988
1472910 984
1472920 980
1472930 980
1472940 976
1472950 972
1472960 972
1472970 968
1472980 963
1472990 963
1473000 958
1473010 954
1473020 952
1473030 952
1473040 950
1473050 948
1473060 948
1473070 940
1473080 933
1473090 933
1473100 930
1473110 926
1473120 926
1473130 920
1473140 910
1473150 910
1473160 902
1473170 898
1473180 898
1473190 897
1473200 895
1473210 893
1473220 893
1473230 891
1473240 889
1473250 889
1473260 886
1473270 883
1473280 883
1473290 883
1473300 881
1473310 881
1473320 873
1473330 864
1473340 864
1473350 860
1473360 856
1473370 856
1473380 856
1473390 858
1473400 859
1473410 859
1473420 862
1473430 865
1473440 865
1473450 866
1473460 867
1473470 867
1473480 872
1473490 877
1473500 877
1473510 881
1473520 887
1473530 893
1473540 893
1473550 897
1473560 904
1473570 904
1473580 911
1473590 914
1473600 914
1473610 916
1473620 918
1473630 918
1473640 920
1473650 921
1473660 921
1473670 923
1473680 926
1473690 930
1473700 930
1473710 933
1473720 936
1473730 936
1473740 937
1473750 937
1473760 937
1473770 936
1473780 936
1473790 936
1473800 936
1473810 937
1473820 937
1473830 938
1473840 941
1473850 942
1473860 942
1473870 944
1473880 947
1473890 947
1473900 950
1473910 953
1473920 953
1473930 956
1473940 959
1473950 959
1473960 964
1473970 968
1473980 968
1473990 971
1474000 974
1474010 973
1474020 973
1474030 975
1474040 976
1474050 976
1474060 975
1474070 975
1474080 975
1474090 975
1474100 974
1474110 974
1474120 973
1474130 974
1474140 974
1474150 976
1474160 975
1474170 975
1474180 972
1474190 969
1474200 966
1474210 966
1474220 960
1474230 955
1474240 955
1474250 950
1474260 946
1474270 946
1474280 944
1474290 942
1474300 942
1474310 942
1474320 942
1474330 942
1474340 940
1474350 940
1474360 940
1474370 940
1474380 939
1474390 939
1474400 939
1474410 934
1474420 928
1474430 928
1474440 926
1474450 923
1474460 923
1474470 917
1474480 915
1474490 915
1474500 913
1474510 913
1474520 912
1474530 912
1474540 910
1474550 908
1474560 908
1474570 905
1474580 903
1474590 903
1474600 904
1474610 901
1474620 901
1474630 899
1474640 897
1474650 897
1474660 896
1474670 894
1474680 894
1474690 894
1474700 895
1474710 898
1474720 898
1474730 900
1474740 901
1474750 901
1474760 905
1474770 905
1474780 905
1474790 902
1474800 900
1474810 900
1474820 900
1474830 901
1474840 901
1474850 901
1474860 901
1474870 901
1474880 901
1474890 899
1474900 897
1474910 897
1474920 897
1474930 896
1474940 896
1474950 896
1474960 895
1474970 895
1474980 895
1474990 895
1475000 894
1475010 894
1475020 895
1475030 896
1475040 896
1475050 896
1475060 896
1475070 896
1475080 896
1475090 896
1475100 896
1475110 896
1475120 899
1475130 899
1475140 901
1475150 902
1475160 903
1475170 903
1475180 902
1475190 905
1475200 905
1475210 910
1475220 912
1475230 912
1475240 914
1475250 916
1475260 916
1475270 918
1475280 920
1475290 920
1475300 921
1475310 922
1475320 922
1475330 922
1475340 925
1475350 928
1475360 928
1475370 930
1475380 932
1475390 932
1475400 933
1475410 936
1475420 936
1475430 939
1475440 940
1475450 940
1475460 940
1475470 941
1475480 941
1475490 940
1475500 940
1475510 939
1475520 939
1475530 938
1475540 939
1475550 939
1475560 941
1475570 944
1475580 944
1475590 948
1475600 951
1475610 951
1475620 953
1475630 955
1475640 955
1475650 959
1475660 962
1475670 965
1475680 965
1475690 969
1475700 973
1475710 973
1475720 975
1475730 976
1475740 976
1475750 979
1475760 983
1475770 983
1475780 985
1475790 989
1475800 989
1475810 994
1475820 1000
1475830 1006
1475840 1006
1475850 1013
1475860 1020
1475870 1020
1475880 1027
1475890 1034
1475900 1034
1475910 1041
1475920 1046
1475930 1046
1475940 1049
1475950 1051
1475960 1051
1475970 1053
1475980 1054
1475990 1056
1476000 1056
1476010 1058
1476020 1061
1476030 1061
1476040 1066
1476050 1070
1476060 1070
1476070 1074
1476080 1078
1476090 1078
1476100 1082
1476110 1083
1476120 1083
1476130 1083
1476140 1082
1476150 1082
1476160 1082
1476170 1083
1476180 1084
1476190 1084
1476200 1085
1476210 1086
1476220 1086
1476230 1087
1476240 1089
1476250 1089
1476260 1090
1476270 1091
1476280 1091
1476290 1093
1476300 1094
1476310 1094
1476320 1095
1476330 1097
1476340 1099
1476350 1099
1476360 1101
1476370 1103
1476380 1103
1476390 1106
1476400 1111
1476410 1111
1476420 1117
1476430 1123
1476440 1123
1476450 1129
1476460 1136
1476470 1136
1476480 1142
1476490 1146
1476500 1148
1476510 1148
1476520 1151
1476530 1155
1476540 1155
1476550 1158
1476560 1163
1476570 1163
1476580 1168
1476590 1175
1476600 1175
1476610 1182
1476620 1189
1476630 1189
1476640 1196
1476650 1203
1476660 1210
1476670 1210
1476680 1215
1476690 1219
1476700 1219
1476710 1222
1476720 1225
1476730 1225
1476740 1228
1476750 1230
1476760 1230
1476770 1233
1476780 1235
1476790 1235
1476800 1236
1476810 1236
1476820 1236
1476830 1236
1476840 1237
1476850 1238
1476860 1238
1476870 1238
1476880 1240
1476890 1240
1476900 1245
1476910 1254
1476920 1254
1476930 1260
1476940 1266
1476950 1266
1476960 1271
1476970 1276
1476980 1282
1476990 1282
1477000 1290
1477010 1299
1477020 1299
1477030 1309
1477040 1322
1477050 1322
1477060 1333
1477070 1339
1477080 1339
1477090 1344
1477100 1348
1477110 1348
1477120 1350
1477130 1349
1477140 1349
1477150 1349
1477160 1352
1477170 1354
1477180 1354
1477190 1356
1477200 1358
1477210 1358
1477220 1360
1477230 1363
1477240 1363
1477250 1367
1477260 1371
1477270 1371
1477280 1375
1477290 1379
1477300 1382
1477310 1382
1477320 1386
1477330 1388
1477340 1388
1477350 1390
1477360 1393
1477370 1393
1477380 1397
1477390 1400
1477400 1400
1477410 1404
1477420 1406
1477430 1406
1477440 1406
1477450 1406
1477460 1406
1477470 1406
1477480 1406
1477490 1406
1477500 1406
1477510 1407
1477520 1408
1477530 1408
1477540 1408
1477550 1406
1477560 1406
1477570 1404
1477580 1401
1477590 1401
1477600 1403
1477610 1408
1477620 1408
1477630 1413
1477640 1418
1477650 1423
1477660 1423
1477670 1428
1477680 1431
1477690 1431
1477700 1433
1477710 1435
1477720 1435
1477730 1437
1477740 1439
1477750 1439
1477760 1439
1477770 1439
1477780 1439
1477790 1438
1477800 1436
1477810 1433
1477820 1433
1477830 1430
1477840 1427
1477850 1427
1477860 1425
1477870 1426
1477880 1426
1477890 1426
1477900 1424
1477910 1424
1477920 1424
1477930 1427
1477940 1427
1477950 1428
1477960 1430
1477970 1434
1477980 1434
1477990 1436
1478000 1435
1478010 1435
1478020 1435
1478030 1432
1478040 1432
1478050 1431
1478060 1434
1478070 1434
1478080 1437
1478090 1439
1478100 1439
1478110 1438
1478120 1436
1478130 1433
1478140 1433
1478150 1430
1478160 1428
1478170 1428
1478180 1424
1478190 1418
1478200 1418
1478210 1413
1478220 1407
1478230 1407
1478240 1401
1478250 1395
1478260 1395
1478270 1390
1478280 1384
1478290 1378
1478300 1378
1478310 1371
1478320 1365
1478330 1365
1478340 1360
1478350 1357
1478360 1357
1478370 1354
1478380 1352
1478390 1352
1478400 1350
1478410 1345
1478420 1345
1478430 1339
1478440 1333
1478450 1333
1478460 1326
1478470 1321
1478480 1318
1478490 1318
1478500 1317
1478510 1314
1478520 1314
1478530 1310
1478540 1314
1478550 1314
1478560 1316
1478570 1317
1478580 1317
1478590 1316
1478600 1310
1478610 1310
1478620 1304
1478630 1297
1478640 1293
1478650 1293
1478660 1296
1478670 1304
1478680 1304
1478690 1308
1478700 1313
1478710 1313
1478720 1317
1478730 1317
1478740 1317
1478750 1317
1478760 1314
1478770 1314
1478780 1310
1478790 1306
1478800 1301
1478810 1301
1478820 1296
1478830 1292
1478840 1292
1478850 1287
1478860 1281
1478870 1281
1478880 1275
1478890 1268
1478900 1268
1478910 1261
1478920 1255
1478930 1255
1478940 1252
1478950 1248
1478960 1244
1478970 1244
1478980 1238
1478990 1233
1479000 1233
1479010 1229
1479020 1225
1479030 1225
1479040 1221
1479050 1216
1479060 1216
1479070 1211
1479080 1205
1479090 1205
1479100 1199
1479110 1192
1479120 1184
1479130 1184
1479140 1178
1479150 1175
1479160 1175
1479170 1184
1479180 1194
1479190 1194
1479200 1196
1479210 1195
1479220 1195
1479230 1191
1479240 1196
1479250 1196
1479260 1201
1479270 1206
1479280 1212
1479290 1212
1479300 1217
1479310 1217
1479320 1217
1479330 1215
1479340 1213
1479350 1213
1479360 1211
1479370 1210
1479380 1210
1479390 1208
1479400 1203
1479410 1203
1479420 1198
1479430 1194
1479440 1190
1479450 1190
1479460 1187
1479470 1184
1479480 1184
1479490 1181
1479500 1177
1479510 1177
1479520 1172
1479530 1165
1479540 1165
1479550 1158
1479560 1150
1479570 1150
1479580 1143
1479590 1137
1479600 1137
1479610 1133
1479620 1139
1479630 1150
1479640 1150
1479650 1159
1479660 1167
1479670 1167
1479680 1170
1479690 1172
1479700 1172
1479710 1172
1479720 1172
1479730 1172
1479740 1176
1479750 1182
1479760 1182
1479770 1189
1479780 1196
1479790 1203
1479800 1203
1479810 1217
1479820 1240
1479830 1240
1479840 1248
1479850 1269
1479860 1269
1479870 1270
1479880 1272
1479890 1272
1479900 1272
1479910 1271
1479920 1271
1479930 1280
1479940 1291
1479950 1301
1479960 1301
1479970 1307
1479980 1310
1479990 1310
