1460000 940
1460010 941
1460020 941
1460030 942
1460040 943
1460050 943
1460060 944
1460070 944
1460080 944
1460090 945
1460100 946
1460110 946
1460120 947
1460130 949
1460140 950
1460150 950
1460160 952
1460170 953
1460180 953
1460190 953
1460200 954
1460210 954
1460220 954
1460230 954
1460240 954
1460250 954
1460260 953
1460270 953
1460280 953
1460290 953
1460300 953
1460310 953
1460320 953
1460330 954
1460340 954
1460350 954
1460360 954
1460370 954
1460380 954
1460390 955
1460400 955
1460410 955
1460420 954
1460430 954
1460440 954
1460450 954
1460460 954
1460470 953
1460480 953
1460490 950
1460500 950
1460510 949
1460520 951
1460530 951
1460540 951
1460550 951
1460560 951
1460570 950
1460580 949
1460590 949
1460600 948
1460610 947
1460620 947
1460630 946
1460640 946
1460650 946
1460660 946
1460670 948
1460680 950
1460690 950
1460700 953
1460710 956
1460720 956
1460730 958
1460740 959
1460750 959
1460760 960
1460770 960
1460780 960
1460790 960
1460800 960
1460810 960
1460820 960
1460830 960
1460840 960
1460850 960
1460860 961
1460870 961
1460880 961
1460890 961
1460900 961
1460910 961
1460920 962
1460930 961
1460940 961
1460950 961
1460960 961
1460970 961
1460980 960
1460990 959
1461000 958
1461010 958
1461020 958
1461030 957
1461040 957
1461050 956
1461060 955
1461070 955
1461080 953
1461090 952
1461100 952
1461110 950
1461120 948
1461130 948
1461140 946
1461150 945
1461160 945
1461170 945
1461180 944
1461190 944
1461200 944
1461210 942
1461220 941
1461230 941
1461240 939
1461250 938
1461260 938
1461270 936
1461280 935
1461290 935
1461300 930
1461310 929
1461320 929
1461330 929
1461340 929
1461350 928
1461360 928
1461370 926
1461380 926
1461390 926
1461400 926
1461410 925
1461420 925
1461430 923
1461440 921
1461450 921
1461460 921
1461470 920
1461480 920
1461490 920
1461500 919
1461510 918
1461520 918
1461530 918
1461540 918
1461550 918
1461560 917
1461570 915
1461580 915
1461590 913
1461600 910
1461610 910
1461620 909
1461630 908
1461640 908
1461650 907
1461660 906
1461670 904
1461680 904
1461690 902
1461700 900
1461710 900
1461720 898
1461730 895
1461740 895
1461750 892
1461760 889
1461770 889
1461780 887
1461790 888
1461800 888
1461810 887
1461820 886
1461830 885
1461840 885
1461850 883
1461860 881
1461870 881
1461880 879
1461890 878
1461900 878
1461910 876
1461920 876
1461930 876
1461940 877
1461950 880
1461960 880
1461970 882
1461980 885
1461990 885
1462000 885
1462010 881
1462020 883
1462030 883
1462040 884
1462050 884
1462060 884
1462070 883
1462080 883
1462090 883
1462100 883
1462110 882
1462120 882
1462130 881
1462140 878
1462150 878
1462160 874
1462170 869
1462180 864
1462190 864
1462200 859
1462210 855
1462220 855
1462230 849
1462240 842
1462250 842
1462260 835
1462270 828
1462280 828
1462290 823
1462300 819
1462310 819
1462320 814
1462330 806
1462340 797
1462350 797
1462360 789
1462370 781
1462380 781
1462390 774
1462400 772
1462410 772
1462420 772
1462430 774
1462440 774
1462450 775
1462460 775
1462470 775
1462480 778
1462490 778
1462500 778
1462510 778
1462520 778
1462530 778
1462540 778
1462550 776
1462560 780
1462570 780
1462580 788
1462590 798
1462600 798
1462610 806
1462620 813
1462630 813
1462640 821
1462650 827
1462660 827
1462670 834
1462680 839
1462690 846
1462700 846
1462710 852
1462720 859
1462730 859
1462740 865
1462750 870
1462760 870
1462770 871
1462780 870
1462790 870
1462800 870
1462810 869
1462820 869
1462830 867
1462840 865
1462850 865
1462860 863
1462870 861
1462880 860
1462890 860
1462900 861
1462910 862
1462920 862
1462930 864
1462940 868
1462950 868
1462960 870
1462970 871
1462980 871
1462990 872
1463000 872
1463010 872
1463020 871
1463030 870
1463040 869
1463050 869
1463060 869
1463070 869
1463080 869
1463090 869
1463100 868
1463110 868
1463120 865
1463130 862
1463140 862
1463150 860
1463160 859
1463170 859
1463180 858
1463190 857
1463200 857
1463210 857
1463220 857
1463230 857
1463240 857
1463250 857
1463260 858
1463270 858
1463280 858
1463290 859
1463300 859
1463310 859
1463320 860
1463330 860
1463340 860
1463350 859
1463360 859
1463370 859
1463380 858
1463390 857
1463400 857
1463410 854
1463420 851
1463430 851
1463440 848
1463450 846
1463460 846
1463470 846
1463480 846
1463490 846
1463500 846
1463510 845
1463520 845
1463530 844
1463540 843
1463550 842
1463560 842
1463570 842
1463580 842
1463590 842
1463600 842
1463610 842
1463620 842
1463630 842
1463640 840
1463650 840
1463660 838
1463670 836
1463680 836
1463690 833
1463700 831
1463710 829
1463720 829
1463730 824
1463740 820
1463750 820
1463760 817
1463770 809
1463780 809
1463790 806
1463800 813
1463810 813
1463820 821
1463830 824
1463840 824
1463850 825
1463860 827
1463870 827
1463880 828
1463890 830
1463900 831
1463910 831
1463920 833
1463930 834
1463940 834
1463950 835
1463960 835
1463970 835
1463980 836
1463990 835
1464000 835
1464010 831
1464020 834
1464030 834
1464040 837
1464050 839
1464060 840
1464070 840
1464080 840
1464090 841
1464100 841
1464110 841
1464120 841
1464130 841
1464140 841
1464150 841
1464160 841
1464170 844
1464180 844
1464190 844
1464200 845
1464210 846
1464220 847
1464230 847
1464240 848
1464250 848
1464260 848
1464270 849
1464280 850
1464290 850
1464300 851
1464310 852
1464320 852
1464330 853
1464340 852
1464350 852
1464360 852
1464370 851
1464380 851
1464390 849
1464400 848
1464410 848
1464420 848
1464430 850
1464440 851
1464450 851
1464460 851
1464470 850
1464480 850
1464490 851
1464500 851
1464510 851
1464520 851
1464530 851
1464540 851
1464550 851
1464560 850
1464570 850
1464580 850
1464590 849
1464600 849
1464610 849
1464620 849
1464630 849
1464640 849
1464650 849
1464660 848
1464670 848
1464680 848
1464690 848
1464700 848
1464710 848
1464720 848
1464730 848
1464740 848
1464750 847
1464760 846
1464770 846
1464780 844
1464790 842
1464800 842
1464810 839
1464820 836
1464830 836
1464840 833
1464850 832
1464860 832
1464870 831
1464880 830
1464890 830
1464900 827
1464910 823
1464920 822
1464930 822
1464940 822
1464950 823
1464960 823
1464970 822
1464980 820
1464990 820
1465000 817
1465010 817
1465020 817
1465030 818
1465040 819
1465050 819
1465060 820
1465070 821
1465080 822
1465090 822
1465100 824
1465110 823
1465120 823
1465130 822
1465140 821
1465150 821
1465160 821
1465170 820
1465180 820
1465190 819
1465200 819
1465210 819
1465220 817
1465230 816
1465240 816
1465250 815
1465260 815
1465270 815
1465280 815
1465290 815
1465300 815
1465310 815
1465320 814
1465330 813
1465340 813
1465350 812
1465360 812
1465370 812
1465380 811
1465390 811
1465400 811
1465410 811
1465420 811
1465430 811
1465440 811
1465450 810
1465460 808
1465470 808
1465480 806
1465490 803
1465500 803
1465510 801
1465520 800
1465530 800
1465540 799
1465550 798
1465560 798
1465570 796
1465580 795
1465590 796
1465600 796
1465610 796
1465620 795
1465630 795
1465640 794
1465650 792
1465660 792
1465670 790
1465680 787
1465690 787
1465700 786
1465710 788
1465720 788
1465730 787
1465740 784
1465750 784
1465760 778
1465770 773
1465780 770
1465790 770
1465800 768
1465810 767
1465820 767
1465830 768
1465840 769
1465850 769
1465860 766
1465870 759
1465880 759
1465890 755
1465900 753
1465910 753
1465920 750
1465930 750
1465940 750
1465950 750
1465960 751
1465970 751
1465980 751
1465990 750
1466000 747
1466010 747
1466020 744
1466030 741
1466040 741
1466050 738
1466060 736
1466070 736
1466080 736
1466090 735
1466100 733
1466110 733
1466120 732
1466130 732
1466140 732
1466150 730
1466160 729
1466170 729
1466180 727
1466190 727
1466200 727
1466210 726
1466220 726
1466230 726
1466240 725
1466250 725
1466260 725
1466270 724
1466280 723
1466290 722
1466300 722
1466310 722
1466320 722
1466330 722
1466340 721
1466350 719
1466360 719
1466370 717
1466380 716
1466390 716
1466400 715
1466410 714
1466420 714
1466430 713
1466440 712
1466450 711
1466460 711
1466470 710
1466480 710
1466490 710
1466500 710
1466510 710
1466520 710
1466530 710
1466540 710
1466550 710
1466560 710
1466570 710
1466580 710
1466590 708
1466600 707
1466610 706
1466620 706
1466630 704
1466640 702
1466650 702
1466660 701
1466670 702
1466680 702
1466690 703
1466700 704
1466710 704
1466720 705
1466730 705
1466740 705
1466750 705
1466760 704
1466770 704
1466780 702
1466790 700
1466800 699
1466810 699
1466820 700
1466830 702
1466840 702
1466850 705
1466860 707
1466870 707
1466880 709
1466890 710
1466900 710
1466910 709
1466920 706
1466930 706
1466940 700
1466950 693
1466960 682
1466970 682
1466980 669
1466990 662
1467000 662
1467010 661
1467020 659
1467030 659
1467040 659
1467050 661
1467060 661
1467070 664
1467080 666
1467090 666
1467100 669
1467110 678
1467120 688
1467130 688
1467140 696
1467150 703
1467160 703
1467170 706
1467180 705
1467190 705
1467200 704
1467210 704
1467220 704
1467230 704
1467240 704
1467250 704
1467260 705
1467270 706
1467280 706
1467290 708
1467300 712
1467310 714
1467320 714
1467330 715
1467340 715
1467350 715
1467360 714
1467370 715
1467380 715
1467390 715
1467400 715
1467410 715
1467420 714
1467430 714
1467440 714
1467450 714
1467460 714
1467470 714
1467480 714
1467490 713
1467500 713
1467510 713
1467520 713
1467530 713
1467540 713
1467550 713
1467560 713
1467570 713
1467580 713
1467590 712
1467600 712
1467610 712
1467620 711
1467630 711
1467640 711
1467650 710
1467660 709
1467670 709
1467680 708
1467690 708
1467700 708
1467710 707
1467720 706
1467730 706
1467740 706
1467750 705
1467760 705
1467770 705
1467780 704
1467790 704
1467800 703
1467810 703
1467820 702
1467830 702
1467840 702
1467850 701
1467860 701
1467870 698
1467880 691
1467890 691
1467900 684
1467910 681
1467920 681
1467930 682
1467940 688
1467950 688
1467960 694
1467970 695
1467980 697
1467990 697
1468000 695
1468010 697
1468020 697
1468030 698
1468040 697
1468050 697
1468060 696
1468070 694
1468080 694
1468090 692
1468100 689
1468110 689
1468120 685
1468130 679
1468140 679
1468150 678
1468160 681
1468170 685
1468180 685
1468190 685
1468200 685
1468210 685
1468220 685
1468230 684
1468240 684
1468250 684
1468260 683
1468270 683
1468280 682
1468290 681
1468300 681
1468310 681
1468320 681
1468330 680
1468340 680
1468350 675
1468360 671
1468370 671
1468380 673
1468390 673
1468400 673
1468410 673
1468420 673
1468430 673
1468440 670
1468450 666
1468460 666
1468470 663
1468480 660
1468490 658
1468500 658
1468510 657
1468520 657
1468530 657
1468540 658
1468550 659
1468560 659
1468570 658
1468580 654
1468590 654
1468600 650
1468610 645
1468620 645
1468630 641
1468640 640
1468650 640
1468660 641
1468670 642
1468680 641
1468690 641
1468700 640
1468710 640
1468720 640
1468730 638
1468740 638
1468750 638
1468760 638
1468770 638
1468780 638
1468790 637
1468800 636
1468810 636
1468820 637
1468830 638
1468840 639
1468850 639
1468860 641
1468870 644
1468880 644
1468890 647
1468900 650
1468910 650
1468920 653
1468930 655
1468940 655
1468950 657
1468960 658
1468970 658
1468980 658
1468990 659
1469000 659
1469010 659
1469020 659
1469030 658
1469040 658
1469050 657
1469060 657
1469070 657
1469080 657
1469090 657
1469100 657
1469110 658
1469120 658
1469130 658
1469140 658
1469150 658
1469160 658
1469170 659
1469180 658
1469190 659
1469200 659
1469210 659
1469220 659
1469230 659
1469240 659
1469250 660
1469260 660
1469270 660
1469280 658
1469290 658
1469300 655
1469310 653
1469320 653
1469330 651
1469340 650
1469350 649
1469360 649
1469370 646
1469380 641
1469390 641
1469400 634
1469410 630
1469420 630
1469430 636
1469440 646
1469450 646
1469460 650
1469470 650
1469480 650
1469490 649
1469500 645
1469510 645
1469520 646
1469530 647
1469540 647
1469550 640
1469560 640
1469570 639
1469580 639
1469590 636
1469600 634
1469610 634
1469620 632
1469630 629
1469640 629
1469650 628
1469660 624
1469670 624
1469680 625
1469690 628
1469700 630
1469710 630
1469720 632
1469730 634
1469740 634
1469750 635
1469760 634
1469770 634
1469780 632
1469790 632
1469800 632
1469810 630
1469820 629
1469830 629
1469840 628
1469850 625
1469860 623
1469870 623
1469880 621
1469890 620
1469900 620
1469910 618
1469920 616
1469930 616
1469940 613
1469950 613
1469960 613
1469970 612
1469980 610
1469990 610
1470000 609
1470010 610
1470020 610
1470030 608
1470040 607
1470050 604
1470060 604
1470070 601
1470080 599
1470090 599
1470100 599
1470110 599
1470120 599
1470130 598
1470140 597
1470150 597
1470160 597
1470170 596
1470180 596
1470190 595
1470200 595
1470210 594
1470220 594
1470230 594
1470240 593
1470250 593
1470260 592
1470270 592
1470280 592
1470290 592
1470300 592
1470310 592
1470320 592
1470330 592
1470340 592
1470350 592
1470360 592
1470370 592
1470380 592
1470390 592
1470400 592
1470410 592
1470420 593
1470430 593
1470440 593
1470450 593
1470460 593
1470470 593
1470480 593
1470490 594
1470500 594
1470510 595
1470520 594
1470530 594
1470540 592
1470550 592
1470560 593
1470570 593
1470580 593
1470590 594
1470600 594
1470610 594
1470620 595
1470630 595
1470640 595
1470650 596
1470660 596
1470670 597
1470680 597
1470690 597
1470700 598
1470710 599
1470720 600
1470730 600
1470740 600
1470750 601
1470760 601
1470770 602
1470780 603
1470790 603
1470800 603
1470810 604
1470820 604
1470830 605
1470840 606
1470850 606
1470860 607
1470870 608
1470880 609
1470890 609
1470900 610
1470910 611
1470920 611
1470930 612
1470940 612
1470950 612
1470960 613
1470970 614
1470980 614
1470990 614
1471000 614
1471010 614
1471020 615
1471030 617
1471040 617
1471050 617
1471060 618
1471070 619
1471080 619
1471090 620
1471100 620
1471110 620
1471120 621
1471130 622
1471140 622
1471150 622
1471160 623
1471170 623
1471180 623
1471190 623
1471200 623
1471210 624
1471220 624
1471230 625
1471240 625
1471250 626
1471260 626
1471270 626
1471280 626
1471290 626
1471300 626
1471310 626
1471320 626
1471330 626
1471340 626
1471350 626
1471360 626
1471370 626
1471380 626
1471390 626
1471400 627
1471410 628
1471420 629
1471430 629
1471440 629
1471450 628
1471460 628
1471470 628
1471480 629
1471490 629
1471500 629
1471510 630
1471520 630
1471530 630
1471540 629
1471550 629
1471560 629
1471570 630
1471580 630
1471590 630
1471600 631
1471610 631
1471620 631
1471630 630
1471640 630
1471650 630
1471660 629
1471670 629
1471680 629
1471690 629
1471700 629
1471710 629
1471720 628
1471730 627
1471740 627
1471750 627
1471760 627
1471770 626
1471780 626
1471790 626
1471800 625
1471810 625
1471820 625
1471830 624
1471840 624
1471850 624
1471860 623
1471870 623
1471880 621
1471890 620
1471900 620
1471910 619
1471920 619
1471930 618
1471940 618
1471950 617
1471960 615
1471970 615
1471980 613
1471990 611
1472000 611
1472010 610
1472020 609
1472030 609
1472040 609
1472050 608
1472060 608
1472070 608
1472080 607
1472090 607
1472100 607
1472110 606
1472120 606
1472130 606
1472140 606
1472150 605
1472160 605
1472170 606
1472180 605
1472190 605
1472200 605
1472210 604
1472220 604
1472230 603
1472240 602
1472250 601
1472260 601
1472270 600
1472280 599
1472290 599
1472300 599
1472310 598
1472320 598
1472330 597
1472340 595
1472350 595
1472360 595
1472370 595
1472380 595
1472390 595
1472400 594
1472410 594
1472420 593
1472430 593
1472440 592
1472450 592
1472460 591
1472470 591
1472480 591
1472490 591
1472500 590
1472510 590
1472520 590
1472530 589
1472540 589
1472550 588
1472560 588
1472570 588
1472580 588
1472590 587
1472600 587
1472610 587
1472620 587
1472630 586
1472640 586
1472650 586
1472660 586
1472670 586
1472680 586
1472690 587
1472700 587
1472710 588
1472720 588
1472730 588
1472740 587
1472750 586
1472760 586
1472770 586
1472780 586
1472790 586
1472800 586
1472810 586
1472820 586
1472830 586
1472840 585
1472850 585
1472860 585
1472870 585
1472880 585
1472890 585
1472900 585
1472910 585
1472920 585
1472930 585
1472940 585
1472950 585
1472960 585
1472970 584
1472980 584
1472990 584
1473000 584
1473010 584
1473020 584
1473030 584
1473040 583
1473050 583
1473060 583
1473070 583
1473080 583
1473090 583
1473100 583
1473110 583
1473120 583
1473130 583
1473140 583
1473150 583
1473160 583
1473170 583
1473180 583
1473190 583
1473200 583
1473210 583
1473220 583
1473230 583
1473240 583
1473250 583
1473260 583
1473270 583
1473280 583
1473290 582
1473300 582
1473310 582
1473320 582
1473330 582
1473340 582
1473350 582
1473360 582
1473370 582
1473380 582
1473390 582
1473400 582
1473410 582
1473420 582
1473430 582
1473440 582
1473450 582
1473460 582
1473470 582
1473480 582
1473490 583
1473500 583
1473510 583
1473520 583
1473530 583
1473540 583
1473550 583
1473560 583
1473570 583
1473580 583
1473590 583
1473600 583
1473610 583
1473620 583
1473630 583
1473640 583
1473650 583
1473660 583
1473670 583
1473680 583
1473690 583
1473700 583
1473710 583
1473720 583
1473730 583
1473740 583
1473750 583
1473760 583
1473770 584
1473780 584
1473790 584
1473800 584
1473810 584
1473820 584
1473830 584
1473840 584
1473850 584
1473860 584
1473870 585
1473880 585
1473890 585
1473900 585
1473910 585
1473920 585
1473930 585
1473940 585
1473950 585
1473960 585
1473970 586
1473980 586
1473990 586
1474000 586
1474010 586
1474020 586
1474030 586
1474040 586
1474050 586
1474060 586
1474070 586
1474080 586
1474090 586
1474100 586
1474110 586
1474120 586
1474130 586
1474140 586
1474150 586
1474160 586
1474170 586
1474180 586
1474190 586
1474200 586
1474210 586
1474220 587
1474230 587
1474240 587
1474250 587
1474260 587
1474270 587
1474280 587
1474290 587
1474300 587
1474310 587
1474320 587
1474330 587
1474340 587
1474350 587
1474360 587
1474370 587
1474380 587
1474390 587
1474400 588
1474410 588
1474420 588
1474430 588
1474440 588
1474450 588
1474460 588
1474470 588
1474480 588
1474490 588
1474500 588
1474510 588
1474520 588
1474530 588
1474540 588
1474550 588
1474560 588
1474570 588
1474580 588
1474590 588
1474600 587
1474610 587
1474620 587
1474630 588
1474640 588
1474650 588
1474660 588
1474670 588
1474680 588
1474690 588
1474700 588
1474710 588
1474720 588
1474730 588
1474740 588
1474750 588
1474760 588
1474770 588
1474780 588
1474790 588
1474800 588
1474810 588
1474820 588
1474830 588
1474840 588
1474850 588
1474860 588
1474870 588
1474880 588
1474890 588
1474900 588
1474910 588
1474920 588
1474930 588
1474940 588
1474950 588
1474960 588
1474970 588
1474980 587
1474990 587
1475000 587
1475010 587
1475020 587
1475030 587
1475040 586
1475050 586
1475060 586
1475070 587
1475080 587
1475090 587
1475100 587
1475110 587
1475120 587
1475130 588
1475140 588
1475150 588
1475160 588
1475170 587
1475180 588
1475190 588
1475200 588
1475210 588
1475220 588
1475230 588
1475240 588
1475250 588
1475260 588
1475270 588
1475280 588
1475290 588
1475300 588
1475310 588
1475320 588
1475330 588
1475340 588
1475350 588
1475360 588
1475370 588
1475380 588
1475390 588
1475400 588
1475410 588
1475420 588
1475430 588
1475440 588
1475450 587
1475460 588
1475470 588
1475480 588
1475490 587
1475500 587
1475510 587
1475520 587
1475530 587
1475540 587
1475550 588
1475560 588
1475570 588
1475580 587
1475590 586
1475600 586
1475610 587
1475620 588
1475630 588
1475640 587
1475650 586
1475660 586
1475670 584
1475680 583
1475690 583
1475700 583
1475710 583
1475720 583
1475730 583
1475740 582
1475750 582
1475760 582
1475770 582
1475780 582
1475790 582
1475800 582
1475810 581
1475820 581
1475830 581
1475840 581
1475850 581
1475860 581
1475870 580
1475880 580
1475890 580
1475900 580
1475910 580
1475920 580
1475930 580
1475940 580
1475950 580
1475960 579
1475970 579
1475980 579
1475990 579
1476000 579
1476010 579
1476020 579
1476030 579
1476040 579
1476050 579
1476060 579
1476070 579
1476080 579
1476090 579
1476100 579
1476110 579
1476120 580
1476130 579
1476140 579
1476150 578
1476160 579
1476170 579
1476180 580
1476190 580
1476200 580
1476210 580
1476220 579
1476230 577
1476240 577
1476250 577
1476260 578
1476270 578
1476280 578
1476290 578
1476300 578
1476310 576
1476320 574
1476330 574
1476340 574
1476350 574
1476360 574
1476370 574
1476380 576
1476390 578
1476400 578
1476410 579
1476420 579
1476430 579
1476440 578
1476450 578
1476460 578
1476470 578
1476480 577
1476490 577
1476500 577
1476510 577
1476520 577
1476530 577
1476540 577
1476550 577
1476560 577
1476570 577
1476580 577
1476590 577
1476600 577
1476610 577
1476620 577
1476630 577
1476640 577
1476650 577
1476660 577
1476670 577
1476680 577
1476690 577
1476700 577
1476710 577
1476720 577
1476730 577
1476740 577
1476750 577
1476760 577
1476770 577
1476780 577
1476790 577
1476800 577
1476810 577
1476820 577
1476830 577
1476840 577
1476850 577
1476860 577
1476870 577
1476880 577
1476890 577
1476900 577
1476910 577
1476920 577
1476930 577
1476940 577
1476950 577
1476960 577
1476970 577
1476980 577
1476990 577
1477000 577
1477010 577
1477020 577
1477030 577
1477040 577
1477050 577
1477060 577
1477070 577
1477080 577
1477090 577
1477100 577
1477110 577
1477120 576
1477130 576
1477140 577
1477150 577
1477160 577
1477170 577
1477180 576
1477190 576
1477200 576
1477210 576
1477220 574
1477230 574
1477240 573
1477250 573
1477260 573
1477270 573
1477280 573
1477290 573
1477300 573
1477310 573
1477320 573
1477330 574
1477340 576
1477350 576
1477360 576
1477370 576
1477380 577
1477390 577
1477400 577
1477410 576
1477420 576
1477430 576
1477440 576
1477450 576
1477460 576
1477470 576
1477480 576
1477490 576
1477500 576
1477510 576
1477520 576
1477530 576
1477540 576
1477550 576
1477560 576
1477570 576
1477580 576
1477590 576
1477600 576
1477610 576
1477620 576
1477630 576
1477640 576
1477650 576
1477660 576
1477670 576
1477680 576
1477690 576
1477700 576
1477710 576
1477720 576
1477730 576
1477740 576
1477750 576
1477760 576
1477770 576
1477780 576
1477790 576
1477800 576
1477810 576
1477820 576
1477830 576
1477840 576
1477850 576
1477860 576
1477870 575
1477880 575
1477890 575
1477900 575
1477910 575
1477920 575
1477930 575
1477940 575
1477950 575
1477960 575
1477970 575
1477980 575
1477990 575
1478000 575
1478010 575
1478020 575
1478030 575
1478040 575
1478050 575
1478060 575
1478070 575
1478080 575
1478090 575
1478100 575
1478110 575
1478120 575
1478130 575
1478140 575
1478150 575
1478160 575
1478170 575
1478180 575
1478190 575
1478200 575
1478210 575
1478220 575
1478230 575
1478240 575
1478250 575
1478260 575
1478270 575
1478280 575
1478290 575
1478300 575
1478310 575
1478320 575
1478330 575
1478340 575
1478350 575
1478360 575
1478370 575
1478380 575
1478390 575
1478400 575
1478410 575
1478420 575
1478430 575
1478440 575
1478450 575
1478460 575
1478470 575
1478480 575
1478490 575
1478500 575
1478510 575
1478520 575
1478530 575
1478540 575
1478550 575
1478560 575
1478570 575
1478580 575
1478590 575
1478600 575
1478610 575
1478620 575
1478630 575
1478640 575
1478650 575
1478660 575
1478670 575
1478680 575
1478690 575
1478700 575
1478710 575
1478720 575
1478730 575
1478740 575
1478750 575
1478760 575
1478770 575
1478780 575
1478790 575
1478800 575
1478810 575
1478820 575
1478830 575
1478840 575
1478850 575
1478860 575
1478870 575
1478880 575
1478890 575
1478900 575
1478910 575
1478920 575
1478930 575
1478940 575
1478950 575
1478960 575
1478970 575
1478980 575
1478990 575
1479000 575
1479010 575
1479020 575
1479030 575
1479040 575
1479050 574
1479060 573
1479070 573
1479080 572
1479090 571
1479100 571
1479110 571
1479120 571
1479130 571
1479140 571
1479150 571
1479160 571
1479170 571
1479180 571
1479190 571
1479200 571
1479210 572
1479220 573
1479230 573
1479240 574
1479250 575
1479260 575
1479270 575
1479280 575
1479290 575
1479300 575
1479310 575
1479320 574
1479330 574
1479340 574
1479350 574
1479360 574
1479370 574
1479380 574
1479390 574
1479400 574
1479410 574
1479420 574
1479430 574
1479440 574
1479450 574
1479460 574
1479470 574
1479480 574
1479490 574
1479500 574
1479510 574
1479520 574
1479530 574
1479540 574
1479550 574
1479560 573
1479570 572
1479580 572
1479590 571
1479600 571
1479610 571
1479620 571
1479630 571
1479640 571
1479650 571
1479660 571
1479670 571
1479680 571
1479690 571
1479700 571
1479710 571
1479720 572
1479730 573
1479740 573
1479750 574
1479760 574
1479770 574
1479780 574
1479790 574
1479800 574
1479810 574
1479820 574
1479830 574
1479840 574
1479850 574
1479860 574
1479870 574
1479880 574
1479890 574
1479900 574
1479910 574
1479920 574
1479930 574
1479940 574
1479950 574
1479960 574
1479970 574
1479980 574
1479990 573
