1460000 1383
1460010 1382
1460020 1382
1460030 1382
1460040 1382
1460050 1381
1460060 1381
1460070 1380
1460080 1380
1460090 1380
1460100 1380
1460110 1380
1460120 1380
1460130 1380
1460140 1381
1460150 1381
1460160 1381
1460170 1382
1460180 1381
1460190 1381
1460200 1381
1460210 1383
1460220 1383
1460230 1385
1460240 1385
1460250 1385
1460260 1386
1460270 1386
1460280 1386
1460290 1387
1460300 1389
1460310 1391
1460320 1391
1460330 1392
1460340 1393
1460350 1393
1460360 1395
1460370 1397
1460380 1397
1460390 1399
1460400 1399
1460410 1399
1460420 1399
1460430 1400
1460440 1400
1460450 1400
1460460 1400
1460470 1400
1460480 1400
1460490 1400
1460500 1399
1460510 1399
1460520 1399
1460530 1398
1460540 1398
1460550 1397
1460560 1396
1460570 1396
1460580 1395
1460590 1395
1460600 1395
1460610 1397
1460620 1396
1460630 1396
1460640 1395
1460650 1393
1460660 1391
1460670 1391
1460680 1393
1460690 1394
1460700 1394
1460710 1395
1460720 1394
1460730 1394
1460740 1394
1460750 1393
1460760 1393
1460770 1390
1460780 1386
1460790 1386
1460800 1385
1460810 1385
1460820 1384
1460830 1384
1460840 1382
1460850 1381
1460860 1381
1460870 1381
1460880 1380
1460890 1380
1460900 1379
1460910 1378
1460920 1378
1460930 1376
1460940 1374
1460950 1374
1460960 1373
1460970 1373
1460980 1372
1460990 1372
1461000 1372
1461010 1372
1461020 1372
1461030 1372
1461040 1367
1461050 1367
1461060 1365
1461070 1364
1461080 1364
1461090 1364
1461100 1365
1461110 1365
1461120 1364
1461130 1363
1461140 1363
1461150 1362
1461160 1360
1461170 1359
1461180 1359
1461190 1357
1461200 1356
1461210 1356
1461220 1354
1461230 1353
1461240 1353
1461250 1351
1461260 1350
1461270 1350
1461280 1348
1461290 1345
1461300 1345
1461310 1343
1461320 1341
1461330 1338
1461340 1338
1461350 1335
1461360 1332
1461370 1332
1461380 1329
1461390 1325
1461400 1325
1461410 1322
1461420 1318
1461430 1318
1461440 1314
1461450 1310
1461460 1310
1461470 1305
1461480 1302
1461490 1302
1461500 1298
1461510 1293
1461520 1285
1461530 1285
1461540 1278
1461550 1272
1461560 1272
1461570 1264
1461580 1257
1461590 1257
1461600 1254
1461610 1250
1461620 1250
1461630 1246
1461640 1244
1461650 1244
1461660 1242
1461670 1236
1461680 1229
1461690 1229
1461700 1224
1461710 1220
1461720 1220
1461730 1214
1461740 1207
1461750 1207
1461760 1200
1461770 1188
1461780 1188
1461790 1175
1461800 1159
1461810 1159
1461820 1149
1461830 1140
1461840 1132
1461850 1132
1461860 1126
1461870 1121
1461880 1121
1461890 1117
1461900 1112
1461910 1112
1461920 1103
1461930 1100
1461940 1100
1461950 1097
1461960 1091
1461970 1091
1461980 1085
1461990 1075
1462000 1075
1462010 1068
1462020 1066
1462030 1067
1462040 1067
1462050 1065
1462060 1058
1462070 1058
1462080 1053
1462090 1055
1462100 1055
1462110 1058
1462120 1054
1462130 1054
1462140 1053
1462150 1053
1462160 1053
1462170 1058
1462180 1061
1462190 1064
1462200 1064
1462210 1067
1462220 1070
1462230 1070
1462240 1073
1462250 1075
1462260 1075
1462270 1078
1462280 1080
1462290 1080
1462300 1084
1462310 1086
1462320 1086
1462330 1087
1462340 1089
1462350 1089
1462360 1093
1462370 1096
1462380 1099
1462390 1099
1462400 1101
1462410 1105
1462420 1105
1462430 1108
1462440 1111
1462450 1111
1462460 1113
1462470 1114
1462480 1114
1462490 1114
1462500 1114
1462510 1114
1462520 1115
1462530 1117
1462540 1118
1462550 1118
1462560 1117
1462570 1120
1462580 1120
1462590 1121
1462600 1127
1462610 1127
1462620 1135
1462630 1142
1462640 1142
1462650 1147
1462660 1153
1462670 1153
1462680 1159
1462690 1165
1462700 1171
1462710 1171
1462720 1177
1462730 1182
1462740 1182
1462750 1188
1462760 1195
1462770 1195
1462780 1203
1462790 1212
1462800 1212
1462810 1220
1462820 1228
1462830 1228
1462840 1236
1462850 1242
1462860 1242
1462870 1246
1462880 1251
1462890 1255
1462900 1255
1462910 1257
1462920 1260
1462930 1260
1462940 1262
1462950 1265
1462960 1265
1462970 1266
1462980 1269
1462990 1269
1463000 1270
1463010 1270
1463020 1270
1463030 1270
1463040 1266
1463050 1257
1463060 1257
1463070 1249
1463080 1242
1463090 1242
1463100 1246
1463110 1250
1463120 1250
1463130 1251
1463140 1242
1463150 1242
1463160 1238
1463170 1249
1463180 1249
1463190 1260
1463200 1268
1463210 1268
1463220 1278
1463230 1287
1463240 1297
1463250 1297
1463260 1300
1463270 1302
1463280 1302
1463290 1304
1463300 1306
1463310 1306
1463320 1308
1463330 1310
1463340 1310
1463350 1312
1463360 1313
1463370 1313
1463380 1315
1463390 1315
1463400 1316
1463410 1316
1463420 1317
1463430 1320
1463440 1320
1463450 1322
1463460 1323
1463470 1323
1463480 1325
1463490 1328
1463500 1328
1463510 1330
1463520 1331
1463530 1331
1463540 1333
1463550 1335
1463560 1337
1463570 1337
1463580 1338
1463590 1339
1463600 1339
1463610 1339
1463620 1339
1463630 1339
1463640 1341
1463650 1342
1463660 1342
1463670 1344
1463680 1344
1463690 1344
1463700 1345
1463710 1347
1463720 1347
1463730 1349
1463740 1351
1463750 1353
1463760 1353
1463770 1354
1463780 1354
1463790 1354
1463800 1353
1463810 1354
1463820 1354
1463830 1353
1463840 1352
1463850 1352
1463860 1354
1463870 1358
1463880 1358
1463890 1362
1463900 1365
1463910 1367
1463920 1367
1463930 1368
1463940 1369
1463950 1369
1463960 1371
1463970 1372
1463980 1372
1463990 1373
1464000 1375
1464010 1375
1464020 1375
1464030 1377
1464040 1377
1464050 1379
1464060 1381
1464070 1381
1464080 1383
1464090 1385
1464100 1386
1464110 1386
1464120 1387
1464130 1387
1464140 1387
1464150 1389
1464160 1391
1464170 1391
1464180 1392
1464190 1391
1464200 1391
1464210 1392
1464220 1393
1464230 1393
1464240 1394
1464250 1395
1464260 1395
1464270 1395
1464280 1395
1464290 1394
1464300 1394
1464310 1392
1464320 1391
1464330 1391
1464340 1393
1464350 1397
1464360 1397
1464370 1397
1464380 1395
1464390 1395
1464400 1394
1464410 1394
1464420 1396
1464430 1396
1464440 1398
1464450 1398
1464460 1398
1464470 1398
1464480 1397
1464490 1397
1464500 1397
1464510 1397
1464520 1397
1464530 1394
1464540 1391
1464550 1391
1464560 1391
1464570 1394
1464580 1394
1464590 1396
1464600 1397
1464610 1396
1464620 1396
1464630 1394
1464640 1396
1464650 1396
1464660 1398
1464670 1397
1464680 1397
1464690 1395
1464700 1397
1464710 1397
1464720 1398
1464730 1399
1464740 1399
1464750 1399
1464760 1400
1464770 1400
1464780 1400
1464790 1400
1464800 1400
1464810 1400
1464820 1400
1464830 1400
1464840 1400
1464850 1400
1464860 1400
1464870 1400
1464880 1399
1464890 1399
1464900 1399
1464910 1399
1464920 1397
1464930 1397
1464940 1396
1464950 1395
1464960 1394
1464970 1394
1464980 1393
1464990 1392
1465000 1392
1465010 1391
1465020 1390
1465030 1390
1465040 1389
1465050 1389
1465060 1389
1465070 1388
1465080 1387
1465090 1387
1465100 1386
1465110 1386
1465120 1386
1465130 1386
1465140 1385
1465150 1384
1465160 1384
1465170 1384
1465180 1384
1465190 1384
1465200 1384
1465210 1384
1465220 1384
1465230 1385
1465240 1385
1465250 1385
1465260 1385
1465270 1385
1465280 1384
1465290 1384
1465300 1383
1465310 1382
1465320 1382
1465330 1381
1465340 1380
1465350 1380
1465360 1378
1465370 1377
1465380 1377
1465390 1376
1465400 1376
1465410 1376
1465420 1376
1465430 1374
1465440 1374
1465450 1373
1465460 1371
1465470 1369
1465480 1369
1465490 1367
1465500 1365
1465510 1365
1465520 1364
1465530 1366
1465540 1366
1465550 1370
1465560 1376
1465570 1376
1465580 1377
1465590 1375
1465600 1375
1465610 1371
1465620 1368
1465630 1364
1465640 1364
1465650 1359
1465660 1355
1465670 1355
1465680 1352
1465690 1349
1465700 1349
1465710 1345
1465720 1341
1465730 1341
1465740 1336
1465750 1330
1465760 1330
1465770 1325
1465780 1320
1465790 1320
1465800 1315
1465810 1310
1465820 1305
1465830 1305
1465840 1302
1465850 1298
1465860 1298
1465870 1291
1465880 1282
1465890 1282
1465900 1275
1465910 1266
1465920 1266
1465930 1258
1465940 1250
1465950 1250
1465960 1243
1465970 1236
1465980 1228
1465990 1228
1466000 1223
1466010 1217
1466020 1217
1466030 1213
1466040 1208
1466050 1208
1466060 1204
1466070 1199
1466080 1199
1466090 1192
1466100 1184
1466110 1184
1466120 1175
1466130 1166
1466140 1157
1466150 1157
1466160 1149
1466170 1141
1466180 1141
1466190 1134
1466200 1127
1466210 1127
1466220 1120
1466230 1114
1466240 1114
1466250 1105
1466260 1097
1466270 1097
1466280 1088
1466290 1080
1466300 1080
1466310 1074
1466320 1068
1466330 1062
1466340 1062
1466350 1056
1466360 1050
1466370 1050
1466380 1045
1466390 1041
1466400 1041
1466410 1037
1466420 1033
1466430 1033
1466440 1029
1466450 1024
1466460 1024
1466470 1018
1466480 1010
1466490 1003
1466500 1003
1466510 996
1466520 990
1466530 990
1466540 983
1466550 977
1466560 977
1466570 970
1466580 963
1466590 963
1466600 956
1466610 949
1466620 949
1466630 942
1466640 935
1466650 935
1466660 928
1466670 919
1466680 910
1466690 910
1466700 902
1466710 894
1466720 894
1466730 887
1466740 881
1466750 881
1466760 873
1466770 863
1466780 863
1466790 855
1466800 844
1466810 844
1466820 835
1466830 825
1466840 816
1466850 816
1466860 810
1466870 807
1466880 807
1466890 814
1466900 825
1466910 825
1466920 834
1466930 843
1466940 843
1466950 848
1466960 849
1466970 849
1466980 849
1466990 852
1467000 859
1467010 859
1467020 864
1467030 868
1467040 868
1467050 878
1467060 883
1467070 883
1467080 890
1467090 896
1467100 896
1467110 901
1467120 906
1467130 906
1467140 912
1467150 920
1467160 920
1467170 929
1467180 935
1467190 942
1467200 942
1467210 949
1467220 956
1467230 956
1467240 963
1467250 968
1467260 968
1467270 975
1467280 983
1467290 983
1467300 990
1467310 998
1467320 998
1467330 1005
1467340 1014
1467350 1022
1467360 1022
1467370 1028
1467380 1034
1467390 1034
1467400 1040
1467410 1045
1467420 1045
1467430 1051
1467440 1057
1467450 1057
1467460 1061
1467470 1066
1467480 1066
1467490 1072
1467500 1078
1467510 1078
1467520 1081
1467530 1084
1467540 1087
1467550 1087
1467560 1091
1467570 1095
1467580 1095
1467590 1099
1467600 1102
1467610 1102
1467620 1105
1467630 1108
1467640 1108
1467650 1112
1467660 1115
1467670 1115
1467680 1119
1467690 1124
1467700 1126
1467710 1126
1467720 1127
1467730 1128
1467740 1128
1467750 1129
1467760 1132
1467770 1132
1467780 1136
1467790 1139
1467800 1139
1467810 1141
1467820 1144
1467830 1144
1467840 1147
1467850 1149
1467860 1152
1467870 1152
1467880 1155
1467890 1157
1467900 1157
1467910 1158
1467920 1161
1467930 1161
1467940 1162
1467950 1163
1467960 1163
1467970 1165
1467980 1167
1467990 1167
1468000 1170
1468010 1172
1468020 1172
1468030 1175
1468040 1179
1468050 1184
1468060 1184
1468070 1189
1468080 1192
1468090 1192
1468100 1195
1468110 1198
1468120 1198
1468130 1200
1468140 1201
1468150 1201
1468160 1201
1468170 1200
1468180 1200
1468190 1201
1468200 1203
1468210 1205
1468220 1205
1468230 1207
1468240 1210
1468250 1210
1468260 1214
1468270 1218
1468280 1218
1468290 1221
1468300 1223
1468310 1223
1468320 1225
1468330 1227
1468340 1227
1468350 1229
1468360 1232
1468370 1232
1468380 1235
1468390 1238
1468400 1241
1468410 1241
1468420 1244
1468430 1247
1468440 1247
1468450 1250
1468460 1252
1468470 1252
1468480 1256
1468490 1258
1468500 1258
1468510 1260
1468520 1262
1468530 1262
1468540 1264
1468550 1268
1468560 1271
1468570 1271
1468580 1274
1468590 1276
1468600 1276
1468610 1277
1468620 1278
1468630 1278
1468640 1278
1468650 1279
1468660 1279
1468670 1281
1468680 1282
1468690 1282
1468700 1284
1468710 1285
1468720 1284
1468730 1284
1468740 1284
1468750 1284
1468760 1284
1468770 1284
1468780 1284
1468790 1284
1468800 1283
1468810 1282
1468820 1282
1468830 1281
1468840 1280
1468850 1280
1468860 1279
1468870 1277
1468880 1277
1468890 1276
1468900 1276
1468910 1276
1468920 1276
1468930 1275
1468940 1273
1468950 1273
1468960 1268
1468970 1263
1468980 1263
1468990 1263
1469000 1263
1469010 1263
1469020 1261
1469030 1260
1469040 1260
1469050 1259
1469060 1258
1469070 1258
1469080 1258
1469090 1259
1469100 1260
1469110 1260
1469120 1260
1469130 1260
1469140 1260
1469150 1258
1469160 1258
1469170 1258
1469180 1258
1469190 1258
1469200 1258
1469210 1257
1469220 1256
1469230 1256
1469240 1256
1469250 1256
1469260 1257
1469270 1257
1469280 1258
1469290 1259
1469300 1259
1469310 1260
1469320 1259
1469330 1259
1469340 1259
1469350 1260
1469360 1260
1469370 1260
1469380 1259
1469390 1259
1469400 1258
1469410 1258
1469420 1259
1469430 1259
1469440 1259
1469450 1258
1469460 1258
1469470 1258
1469480 1257
1469490 1257
1469500 1257
1469510 1259
1469520 1259
1469530 1260
1469540 1260
1469550 1260
1469560 1259
1469570 1259
1469580 1258
1469590 1258
1469600 1258
1469610 1257
1469620 1257
1469630 1256
1469640 1255
1469650 1255
1469660 1254
1469670 1253
1469680 1253
1469690 1254
1469700 1255
1469710 1255
1469720 1255
1469730 1255
1469740 1255
1469750 1254
1469760 1252
1469770 1250
1469780 1250
1469790 1249
1469800 1248
1469810 1248
1469820 1248
1469830 1249
1469840 1249
1469850 1251
1469860 1251
1469870 1251
1469880 1250
1469890 1249
1469900 1249
1469910 1248
1469920 1246
1469930 1244
1469940 1244
1469950 1241
1469960 1239
1469970 1239
1469980 1236
1469990 1233
1470000 1233
1470010 1230
1470020 1227
1470030 1227
1470040 1225
1470050 1224
1470060 1224
1470070 1222
1470080 1221
1470090 1221
1470100 1219
1470110 1218
1470120 1216
1470130 1216
1470140 1215
1470150 1214
1470160 1214
1470170 1214
1470180 1212
1470190 1212
1470200 1210
1470210 1208
1470220 1208
1470230 1205
1470240 1202
1470250 1202
1470260 1200
1470270 1197
1470280 1195
1470290 1195
1470300 1193
1470310 1191
1470320 1191
1470330 1189
1470340 1188
1470350 1188
1470360 1186
1470370 1183
1470380 1183
1470390 1181
1470400 1179
1470410 1179
1470420 1178
1470430 1175
1470440 1172
1470450 1172
1470460 1168
1470470 1163
1470480 1163
1470490 1158
1470500 1153
1470510 1153
1470520 1148
1470530 1145
1470540 1145
1470550 1144
1470560 1144
1470570 1144
1470580 1142
1470590 1139
1470600 1139
1470610 1136
1470620 1130
1470630 1123
1470640 1123
1470650 1116
1470660 1110
1470670 1110
1470680 1104
1470690 1097
1470700 1097
1470710 1092
1470720 1089
1470730 1089
1470740 1084
1470750 1079
1470760 1079
1470770 1074
1470780 1070
1470790 1065
1470800 1065
1470810 1055
1470820 1044
1470830 1044
1470840 1034
1470850 1026
1470860 1026
1470870 1019
1470880 1011
1470890 1011
1470900 1003
1470910 995
1470920 995
1470930 987
1470940 979
1470950 979
1470960 968
1470970 958
1470980 948
1470990 948
1471000 937
1471010 927
1471020 927
1471030 920
1471040 916
1471050 916
1471060 916
1471070 923
1471080 923
1471090 927
1471100 930
1471110 930
1471120 932
1471130 934
1471140 932
1471150 932
1471160 935
1471170 940
1471180 940
1471190 944
1471200 950
1471210 950
1471220 956
1471230 962
1471240 962
1471250 968
1471260 973
1471270 973
1471280 975
1471290 973
1471300 972
1471310 972
1471320 972
1471330 972
1471340 972
1471350 974
1471360 976
1471370 976
1471380 975
1471390 974
1471400 974
1471410 973
1471420 974
1471430 974
1471440 977
1471450 980
1471460 980
1471470 983
1471480 985
1471490 988
1471500 988
1471510 990
1471520 990
1471530 990
1471540 992
1471550 994
1471560 994
1471570 996
1471580 998
1471590 998
1471600 999
1471610 1001
1471620 1001
1471630 1002
1471640 1003
1471650 1004
1471660 1004
1471670 1007
1471680 1011
1471690 1011
1471700 1015
1471710 1021
1471720 1021
1471730 1027
1471740 1033
1471750 1033
1471760 1040
1471770 1046
1471780 1046
1471790 1054
1471800 1058
1471810 1058
1471820 1059
1471830 1059
1471840 1059
1471850 1059
1471860 1058
1471870 1057
1471880 1057
1471890 1056
1471900 1056
1471910 1056
1471920 1055
1471930 1055
1471940 1055
1471950 1055
1471960 1055
1471970 1055
1471980 1056
1471990 1056
1472000 1056
1472010 1056
1472020 1056
1472030 1056
1472040 1056
1472050 1056
1472060 1057
1472070 1057
1472080 1057
1472090 1058
1472100 1058
1472110 1058
1472120 1058
1472130 1058
1472140 1057
1472150 1057
1472160 1057
1472170 1057
1472180 1055
1472190 1053
1472200 1053
1472210 1051
1472220 1048
1472230 1048
1472240 1042
1472250 1035
1472260 1035
1472270 1028
1472280 1027
1472290 1027
1472300 1030
1472310 1031
1472320 1031
1472330 1031
1472340 1030
1472350 1029
1472360 1029
1472370 1029
1472380 1029
1472390 1029
1472400 1030
1472410 1029
1472420 1029
1472430 1029
1472440 1030
1472450 1030
1472460 1029
1472470 1027
1472480 1027
1472490 1025
1472500 1022
1472510 1020
1472520 1020
1472530 1020
1472540 1022
1472550 1022
1472560 1020
1472570 1018
1472580 1018
1472590 1020
1472600 1024
1472610 1024
1472620 1025
1472630 1024
1472640 1024
1472650 1017
1472660 1015
1472670 1015
1472680 1021
1472690 1027
1472700 1028
1472710 1028
1472720 1029
1472730 1029
1472740 1029
1472750 1029
1472760 1030
1472770 1030
1472780 1031
1472790 1032
1472800 1032
1472810 1031
1472820 1036
1472830 1036
1472840 1038
1472850 1038
1472860 1037
1472870 1037
1472880 1036
1472890 1035
1472900 1035
1472910 1032
1472920 1025
1472930 1025
1472940 1020
1472950 1018
1472960 1018
1472970 1018
1472980 1019
1472990 1019
1473000 1018
1473010 1015
1473020 1008
1473030 1008
1473040 1001
1473050 1008
1473060 1008
1473070 1015
1473080 1023
1473090 1023
1473100 1030
1473110 1035
1473120 1035
1473130 1039
1473140 1042
1473150 1042
1473160 1044
1473170 1048
1473180 1048
1473190 1053
1473200 1057
1473210 1059
1473220 1059
1473230 1060
1473240 1061
1473250 1061
1473260 1062
1473270 1063
1473280 1063
1473290 1063
1473300 1063
1473310 1063
1473320 1063
1473330 1063
1473340 1063
1473350 1063
1473360 1064
1473370 1064
1473380 1064
1473390 1065
1473400 1066
1473410 1066
1473420 1066
1473430 1065
1473440 1065
1473450 1065
1473460 1065
1473470 1065
1473480 1065
1473490 1064
1473500 1064
1473510 1063
1473520 1063
1473530 1063
1473540 1062
1473550 1061
1473560 1058
1473570 1058
1473580 1054
1473590 1051
1473600 1051
1473610 1044
1473620 1037
1473630 1037
1473640 1032
1473650 1026
1473660 1026
1473670 1022
1473680 1018
1473690 1018
1473700 1015
1473710 1012
1473720 1006
1473730 1006
1473740 999
1473750 994
1473760 994
1473770 990
1473780 987
1473790 987
1473800 983
1473810 979
1473820 979
1473830 975
1473840 972
1473850 972
1473860 971
1473870 969
1473880 968
1473890 968
1473900 967
1473910 961
1473920 961
1473930 952
1473940 945
1473950 945
1473960 941
1473970 936
1473980 936
1473990 933
1474000 929
1474010 929
1474020 923
1474030 918
1474040 918
1474050 914
1474060 911
1474070 907
1474080 907
1474090 903
1474100 899
1474110 899
1474120 895
1474130 893
1474140 893
1474150 890
1474160 888
1474170 888
1474180 886
1474190 883
1474200 883
1474210 880
1474220 876
1474230 873
1474240 873
1474250 869
1474260 867
1474270 867
1474280 865
1474290 863
1474300 863
1474310 861
1474320 858
1474330 858
1474340 856
1474350 853
1474360 853
1474370 851
1474380 848
1474390 848
1474400 846
1474410 844
1474420 841
1474430 841
1474440 838
1474450 836
1474460 836
1474470 835
1474480 832
1474490 832
1474500 828
1474510 823
1474520 823
1474530 819
1474540 816
1474550 816
1474560 815
1474570 814
1474580 814
1474590 814
1474600 810
1474610 805
1474620 805
1474630 799
1474640 795
1474650 795
1474660 791
1474670 787
1474680 787
1474690 782
1474700 776
1474710 776
1474720 769
1474730 762
1474740 754
1474750 754
1474760 737
1474770 711
1474780 711
1474790 696
1474800 696
1474810 696
1474820 706
1474830 734
1474840 734
1474850 750
1474860 763
1474870 763
1474880 774
1474890 784
1474900 784
1474910 791
1474920 796
1474930 798
1474940 798
1474950 798
1474960 799
1474970 799
1474980 799
1474990 798
1475000 798
1475010 798
1475020 798
1475030 798
1475040 797
1475050 797
1475060 797
1475070 797
1475080 797
1475090 796
1475100 796
1475110 796
1475120 796
1475130 796
1475140 797
1475150 797
1475160 797
1475170 798
1475180 797
1475190 797
1475200 794
1475210 793
1475220 793
1475230 793
1475240 795
1475250 795
1475260 795
1475270 795
1475280 793
1475290 793
1475300 790
1475310 788
1475320 788
1475330 785
1475340 783
1475350 783
1475360 780
1475370 778
1475380 778
1475390 775
1475400 771
1475410 771
1475420 767
1475430 764
1475440 760
1475450 760
1475460 756
1475470 752
1475480 752
1475490 747
1475500 740
1475510 740
1475520 733
1475530 728
1475540 728
1475550 722
1475560 715
1475570 715
1475580 712
1475590 711
1475600 710
1475610 710
1475620 711
1475630 710
1475640 710
1475650 710
1475660 708
1475670 708
1475680 707
1475690 705
1475700 705
1475710 704
1475720 704
1475730 704
1475740 704
1475750 703
1475760 703
1475770 703
1475780 702
1475790 701
1475800 701
1475810 699
1475820 697
1475830 697
1475840 695
1475850 694
1475860 694
1475870 693
1475880 692
1475890 692
1475900 691
1475910 691
1475920 691
1475930 690
1475940 688
1475950 685
1475960 685
1475970 682
1475980 681
1475990 681
1476000 681
1476010 681
1476020 681
1476030 679
1476040 672
1476050 672
1476060 662
1476070 656
1476080 656
1476090 658
1476100 657
1476110 657
1476120 659
1476130 662
1476140 659
1476150 659
1476160 651
1476170 645
1476180 645
1476190 644
1476200 650
1476210 650
1476220 658
1476230 658
1476240 658
1476250 658
1476260 658
1476270 658
1476280 659
1476290 657
1476300 655
1476310 655
1476320 656
1476330 658
1476340 658
1476350 658
1476360 657
1476370 657
1476380 655
1476390 653
1476400 653
1476410 652
1476420 650
1476430 650
1476440 649
1476450 647
1476460 647
1476470 647
1476480 646
1476490 645
1476500 645
1476510 644
1476520 643
1476530 643
1476540 637
1476550 632
1476560 632
1476570 630
1476580 630
1476590 630
1476600 629
1476610 630
1476620 630
1476630 631
1476640 633
1476650 633
1476660 633
1476670 633
1476680 632
1476690 632
1476700 629
1476710 625
1476720 625
1476730 621
1476740 617
1476750 617
1476760 614
1476770 615
1476780 615
1476790 615
1476800 616
1476810 619
1476820 619
1476830 622
1476840 623
1476850 623
1476860 623
1476870 621
1476880 621
1476890 616
1476900 610
1476910 610
1476920 607
1476930 605
1476940 605
1476950 607
1476960 607
1476970 607
1476980 608
1476990 610
1477000 612
1477010 612
1477020 613
1477030 612
1477040 612
1477050 610
1477060 609
1477070 609
1477080 608
1477090 608
1477100 608
1477110 608
1477120 608
1477130 608
1477140 609
1477150 611
1477160 612
1477170 612
1477180 612
1477190 612
1477200 612
1477210 612
1477220 612
1477230 612
1477240 612
1477250 613
1477260 613
1477270 614
1477280 614
1477290 614
1477300 614
1477310 614
1477320 615
1477330 615
1477340 615
1477350 615
1477360 613
1477370 613
1477380 613
1477390 613
1477400 613
1477410 613
1477420 613
1477430 613
1477440 613
1477450 613
1477460 614
1477470 615
1477480 615
1477490 616
1477500 616
1477510 616
1477520 616
1477530 616
1477540 617
1477550 617
1477560 618
1477570 618
1477580 618
1477590 618
1477600 618
1477610 618
1477620 618
1477630 618
1477640 618
1477650 617
1477660 616
1477670 615
1477680 615
1477690 615
1477700 614
1477710 614
1477720 613
1477730 613
1477740 613
1477750 612
1477760 611
1477770 611
1477780 612
1477790 612
1477800 612
1477810 613
1477820 613
1477830 613
1477840 614
1477850 615
1477860 615
1477870 615
1477880 615
1477890 615
1477900 615
1477910 616
1477920 615
1477930 615
1477940 615
1477950 615
1477960 615
1477970 615
1477980 615
1477990 615
1478000 615
1478010 615
1478020 614
1478030 614
1478040 613
1478050 613
1478060 613
1478070 612
1478080 611
1478090 611
1478100 610
1478110 609
1478120 609
1478130 609
1478140 608
1478150 608
1478160 606
1478170 605
1478180 604
1478190 604
1478200 603
1478210 603
1478220 603
1478230 602
1478240 600
1478250 600
1478260 599
1478270 598
1478280 598
1478290 597
1478300 596
1478310 596
1478320 595
1478330 594
1478340 594
1478350 594
1478360 593
1478370 592
1478380 592
1478390 591
1478400 590
1478410 590
1478420 590
1478430 589
1478440 589
1478450 589
1478460 588
1478470 588
1478480 588
1478490 587
1478500 587
1478510 587
1478520 586
1478530 586
1478540 586
1478550 585
1478560 584
1478570 584
1478580 584
1478590 584
1478600 584
1478610 584
1478620 584
1478630 584
1478640 583
1478650 583
1478660 583
1478670 583
1478680 583
1478690 583
1478700 583
1478710 583
1478720 583
1478730 583
1478740 584
1478750 584
1478760 584
1478770 584
1478780 585
1478790 585
1478800 585
1478810 586
1478820 586
1478830 587
1478840 587
1478850 587
1478860 587
1478870 588
1478880 588
1478890 588
1478900 588
1478910 588
1478920 588
1478930 588
1478940 587
1478950 587
1478960 587
1478970 587
1478980 587
1478990 587
1479000 587
1479010 587
1479020 587
1479030 587
1479040 587
1479050 587
1479060 586
1479070 586
1479080 586
1479090 586
1479100 586
1479110 586
1479120 585
1479130 585
1479140 585
1479150 584
1479160 584
1479170 584
1479180 583
1479190 583
1479200 583
1479210 583
1479220 583
1479230 582
1479240 582
1479250 582
1479260 582
1479270 582
1479280 582
1479290 582
1479300 582
1479310 582
1479320 582
1479330 582
1479340 581
1479350 581
1479360 581
1479370 581
1479380 581
1479390 581
1479400 581
1479410 580
1479420 580
1479430 580
1479440 580
1479450 579
1479460 579
1479470 579
1479480 579
1479490 579
1479500 579
1479510 579
1479520 579
1479530 579
1479540 578
1479550 578
1479560 578
1479570 578
1479580 578
1479590 578
1479600 578
1479610 578
1479620 578
1479630 578
1479640 578
1479650 578
1479660 578
1479670 578
1479680 578
1479690 578
1479700 577
1479710 577
1479720 577
1479730 577
1479740 577
1479750 577
1479760 577
1479770 577
1479780 577
1479790 577
1479800 577
1479810 577
1479820 578
1479830 578
1479840 578
1479850 578
1479860 578
1479870 578
1479880 578
1479890 578
1479900 579
1479910 579
1479920 579
1479930 579
1479940 579
1479950 579
1479960 579
1479970 579
1479980 579
1479990 580
