1460000 1514
1460010 1516
1460020 1518
1460030 1518
1460040 1519
1460050 1521
1460060 1521
1460070 1522
1460080 1522
1460090 1523
1460100 1523
1460110 1522
1460120 1522
1460130 1522
1460140 1521
1460150 1520
1460160 1520
1460170 1520
1460180 1517
1460190 1517
1460200 1515
1460210 1516
1460220 1516
1460230 1517
1460240 1517
1460250 1518
1460260 1518
1460270 1517
1460280 1515
1460290 1515
1460300 1514
1460310 1514
1460320 1514
1460330 1513
1460340 1513
1460350 1513
1460360 1512
1460370 1510
1460380 1510
1460390 1508
1460400 1506
1460410 1506
1460420 1505
1460430 1506
1460440 1505
1460450 1505
1460460 1506
1460470 1507
1460480 1507
1460490 1506
1460500 1504
1460510 1504
1460520 1502
1460530 1499
1460540 1499
1460550 1497
1460560 1496
1460570 1496
1460580 1495
1460590 1495
1460600 1495
1460610 1495
1460620 1495
1460630 1493
1460640 1493
1460650 1492
1460660 1490
1460670 1490
1460680 1489
1460690 1488
1460700 1488
1460710 1487
1460720 1486
1460730 1486
1460740 1487
1460750 1488
1460760 1488
1460770 1491
1460780 1493
1460790 1493
1460800 1493
1460810 1491
1460820 1488
1460830 1488
1460840 1486
1460850 1484
1460860 1484
1460870 1482
1460880 1481
1460890 1481
1460900 1481
1460910 1480
1460920 1480
1460930 1478
1460940 1475
1460950 1472
1460960 1472
1460970 1469
1460980 1466
1460990 1466
1461000 1462
1461010 1459
1461020 1459
1461030 1455
1461040 1452
1461050 1452
1461060 1448
1461070 1444
1461080 1444
1461090 1440
1461100 1436
1461110 1434
1461120 1434
1461130 1433
1461140 1430
1461150 1430
1461160 1428
1461170 1426
1461180 1426
1461190 1424
1461200 1421
1461210 1421
1461220 1418
1461230 1414
1461240 1414
1461250 1410
1461260 1407
1461270 1407
1461280 1404
1461290 1399
1461300 1394
1461310 1394
1461320 1389
1461330 1383
1461340 1383
1461350 1376
1461360 1371
1461370 1371
1461380 1366
1461390 1360
1461400 1360
1461410 1353
1461420 1343
1461430 1343
1461440 1334
1461450 1325
1461460 1318
1461470 1318
1461480 1313
1461490 1311
1461500 1311
1461510 1309
1461520 1302
1461530 1302
1461540 1293
1461550 1285
1461560 1285
1461570 1280
1461580 1278
1461590 1278
1461600 1273
1461610 1264
1461620 1264
1461630 1255
1461640 1247
1461650 1231
1461660 1231
1461670 1215
1461680 1214
1461690 1214
1461700 1222
1461710 1230
1461720 1230
1461730 1237
1461740 1239
1461750 1239
1461760 1236
1461770 1233
1461780 1233
1461790 1231
1461800 1232
1461810 1228
1461820 1228
1461830 1230
1461840 1236
1461850 1236
1461860 1234
1461870 1233
1461880 1233
1461890 1234
1461900 1238
1461910 1238
1461920 1245
1461930 1251
1461940 1251
1461950 1251
1461960 1245
1461970 1242
1461980 1242
1461990 1240
1462000 1238
1462010 1238
1462020 1240
1462030 1238
1462040 1238
1462050 1234
1462060 1231
1462070 1231
1462080 1231
1462090 1230
1462100 1230
1462110 1226
1462120 1223
1462130 1223
1462140 1214
1462150 1204
1462160 1189
1462170 1189
1462180 1177
1462190 1181
1462200 1181
1462210 1194
1462220 1202
1462230 1202
1462240 1206
1462250 1213
1462260 1213
1462270 1221
1462280 1227
1462290 1227
1462300 1234
1462310 1240
1462320 1247
1462330 1247
1462340 1256
1462350 1262
1462360 1262
1462370 1267
1462380 1273
1462390 1273
1462400 1277
1462410 1282
1462420 1282
1462430 1286
1462440 1290
1462450 1290
1462460 1296
1462470 1301
1462480 1301
1462490 1302
1462500 1302
1462510 1302
1462520 1302
1462530 1308
1462540 1315
1462550 1315
1462560 1322
1462570 1328
1462580 1328
1462590 1333
1462600 1338
1462610 1338
1462620 1343
1462630 1348
1462640 1348
1462650 1353
1462660 1357
1462670 1359
1462680 1359
1462690 1362
1462700 1364
1462710 1364
1462720 1365
1462730 1366
1462740 1366
1462750 1367
1462760 1366
1462770 1366
1462780 1367
1462790 1369
1462800 1369
1462810 1373
1462820 1378
1462830 1384
1462840 1384
1462850 1387
1462860 1387
1462870 1387
1462880 1386
1462890 1384
1462900 1384
1462910 1381
1462920 1377
1462930 1377
1462940 1377
1462950 1380
1462960 1380
1462970 1385
1462980 1391
1462990 1391
1463000 1395
1463010 1398
1463020 1402
1463030 1402
1463040 1407
1463050 1409
1463060 1409
1463070 1410
1463080 1410
1463090 1410
1463100 1408
1463110 1406
1463120 1406
1463130 1405
1463140 1404
1463150 1404
1463160 1400
1463170 1398
1463180 1404
1463190 1404
1463200 1410
1463210 1414
1463220 1414
1463230 1415
1463240 1415
1463250 1415
1463260 1414
1463270 1412
1463280 1412
1463290 1412
1463300 1413
1463310 1408
1463320 1411
1463330 1417
1463340 1417
1463350 1421
1463360 1422
1463370 1424
1463380 1424
1463390 1426
1463400 1428
1463410 1428
1463420 1431
1463430 1433
1463440 1433
1463450 1435
1463460 1437
1463470 1437
1463480 1439
1463490 1439
1463500 1439
1463510 1440
1463520 1442
1463530 1444
1463540 1444
1463550 1445
1463560 1446
1463570 1446
1463580 1449
1463590 1452
1463600 1452
1463610 1454
1463620 1456
1463630 1456
1463640 1457
1463650 1459
1463660 1459
1463670 1460
1463680 1460
1463690 1460
1463700 1461
1463710 1462
1463720 1462
1463730 1462
1463740 1465
1463750 1468
1463760 1468
1463770 1470
1463780 1473
1463790 1473
1463800 1474
1463810 1472
1463820 1472
1463830 1473
1463840 1477
1463850 1477
1463860 1479
1463870 1481
1463880 1483
1463890 1483
1463900 1480
1463910 1477
1463920 1477
1463930 1480
1463940 1482
1463950 1482
1463960 1482
1463970 1481
1463980 1481
1463990 1483
1464000 1484
1464010 1484
1464020 1483
1464030 1482
1464040 1484
1464050 1484
1464060 1487
1464070 1488
1464080 1488
1464090 1488
1464100 1489
1464110 1489
1464120 1489
1464130 1489
1464140 1489
1464150 1487
1464160 1485
1464170 1485
1464180 1485
1464190 1485
1464200 1485
1464210 1483
1464220 1483
1464230 1482
1464240 1482
1464250 1481
1464260 1482
1464270 1482
1464280 1483
1464290 1484
1464300 1484
1464310 1485
1464320 1486
1464330 1486
1464340 1488
1464350 1491
1464360 1491
1464370 1492
1464380 1492
1464390 1491
1464400 1491
1464410 1489
1464420 1487
1464430 1487
1464440 1487
1464450 1487
1464460 1487
1464470 1486
1464480 1487
1464490 1487
1464500 1489
1464510 1492
1464520 1492
1464530 1495
1464540 1497
1464550 1497
1464560 1498
1464570 1497
1464580 1496
1464590 1496
1464600 1494
1464610 1496
1464620 1496
1464630 1499
1464640 1501
1464650 1501
1464660 1502
1464670 1501
1464680 1501
1464690 1499
1464700 1500
1464710 1500
1464720 1500
1464730 1500
1464740 1499
1464750 1499
1464760 1500
1464770 1500
1464780 1500
1464790 1500
1464800 1500
1464810 1500
1464820 1500
1464830 1500
1464840 1500
1464850 1500
1464860 1500
1464870 1500
1464880 1500
1464890 1500
1464900 1500
1464910 1500
1464920 1501
1464930 1501
1464940 1501
1464950 1501
1464960 1501
1464970 1501
1464980 1500
1464990 1498
1465000 1498
1465010 1497
1465020 1495
1465030 1495
1465040 1494
1465050 1494
1465060 1494
1465070 1495
1465080 1494
1465090 1494
1465100 1494
1465110 1494
1465120 1497
1465130 1497
1465140 1501
1465150 1506
1465160 1506
1465170 1510
1465180 1510
1465190 1510
1465200 1511
1465210 1510
1465220 1510
1465230 1509
1465240 1509
1465250 1510
1465260 1510
1465270 1512
1465280 1512
1465290 1512
1465300 1511
1465310 1510
1465320 1510
1465330 1509
1465340 1508
1465350 1508
1465360 1507
1465370 1505
1465380 1505
1465390 1503
1465400 1500
1465410 1500
1465420 1497
1465430 1493
1465440 1489
1465450 1489
1465460 1485
1465470 1480
1465480 1480
1465490 1476
1465500 1472
1465510 1472
1465520 1468
1465530 1464
1465540 1464
1465550 1460
1465560 1455
1465570 1455
1465580 1450
1465590 1445
1465600 1439
1465610 1439
1465620 1432
1465630 1425
1465640 1425
1465650 1417
1465660 1410
1465670 1410
1465680 1403
1465690 1398
1465700 1398
1465710 1391
1465720 1384
1465730 1384
1465740 1376
1465750 1368
1465760 1361
1465770 1361
1465780 1354
1465790 1348
1465800 1348
1465810 1341
1465820 1334
1465830 1334
1465840 1327
1465850 1320
1465860 1320
1465870 1313
1465880 1305
1465890 1305
1465900 1298
1465910 1292
1465920 1292
1465930 1284
1465940 1276
1465950 1269
1465960 1269
1465970 1261
1465980 1253
1465990 1253
1466000 1244
1466010 1236
1466020 1236
1466030 1229
1466040 1223
1466050 1223
1466060 1216
1466070 1210
1466080 1210
1466090 1203
1466100 1196
1466110 1189
1466120 1189
1466130 1182
1466140 1176
1466150 1176
1466160 1169
1466170 1161
1466180 1161
1466190 1153
1466200 1147
1466210 1147
1466220 1139
1466230 1133
1466240 1133
1466250 1127
1466260 1120
1466270 1120
1466280 1114
1466290 1107
1466300 1101
1466310 1101
1466320 1094
1466330 1088
1466340 1088
1466350 1081
1466360 1075
1466370 1075
1466380 1069
1466390 1061
1466400 1061
1466410 1058
1466420 1051
1466430 1051
1466440 1042
1466450 1034
1466460 1026
1466470 1026
1466480 1018
1466490 1010
1466500 1010
1466510 999
1466520 988
1466530 988
1466540 978
1466550 970
1466560 970
1466570 969
1466580 977
1466590 977
1466600 982
1466610 984
1466620 979
1466630 979
1466640 964
1466650 953
1466660 953
1466670 947
1466680 943
1466690 943
1466700 938
1466710 924
1466720 924
1466730 908
1466740 896
1466750 896
1466760 884
1466770 876
1466780 876
1466790 868
1466800 859
1466810 851
1466820 851
1466830 844
1466840 841
1466850 841
1466860 842
1466870 848
1466880 848
1466890 855
1466900 862
1466910 862
1466920 871
1466930 881
1466940 881
1466950 890
1466960 901
1466970 910
1466980 910
1466990 919
1467000 928
1467010 928
1467020 937
1467030 946
1467040 946
1467050 955
1467060 964
1467070 964
1467080 974
1467090 981
1467100 981
1467110 985
1467120 989
1467130 989
1467140 994
1467150 1001
1467160 1007
1467170 1007
1467180 1014
1467190 1019
1467200 1019
1467210 1024
1467220 1031
1467230 1031
1467240 1037
1467250 1042
1467260 1042
1467270 1047
1467280 1051
1467290 1051
1467300 1055
1467310 1058
1467320 1062
1467330 1062
1467340 1065
1467350 1069
1467360 1069
1467370 1072
1467380 1074
1467390 1074
1467400 1078
1467410 1085
1467420 1085
1467430 1090
1467440 1095
1467450 1095
1467460 1101
1467470 1107
1467480 1107
1467490 1112
1467500 1116
1467510 1119
1467520 1119
1467530 1123
1467540 1126
1467550 1126
1467560 1128
1467570 1131
1467580 1131
1467590 1133
1467600 1134
1467610 1134
1467620 1134
1467630 1138
1467640 1138
1467650 1142
1467660 1146
1467670 1151
1467680 1151
1467690 1159
1467700 1167
1467710 1167
1467720 1175
1467730 1183
1467740 1183
1467750 1190
1467760 1196
1467770 1196
1467780 1201
1467790 1204
1467800 1204
1467810 1205
1467820 1207
1467830 1211
1467840 1211
1467850 1215
1467860 1221
1467870 1221
1467880 1227
1467890 1234
1467900 1234
1467910 1238
1467920 1241
1467930 1241
1467940 1246
1467950 1251
1467960 1251
1467970 1258
1467980 1263
1467990 1263
1468000 1269
1468010 1274
1468020 1278
1468030 1278
1468040 1282
1468050 1285
1468060 1285
1468070 1288
1468080 1291
1468090 1291
1468100 1295
1468110 1300
1468120 1300
1468130 1303
1468140 1306
1468150 1306
1468160 1308
1468170 1311
1468180 1315
1468190 1315
1468200 1318
1468210 1322
1468220 1322
1468230 1325
1468240 1328
1468250 1328
1468260 1331
1468270 1333
1468280 1333
1468290 1336
1468300 1338
1468310 1338
1468320 1341
1468330 1345
1468340 1345
1468350 1349
1468360 1353
1468370 1358
1468380 1358
1468390 1362
1468400 1366
1468410 1366
1468420 1370
1468430 1372
1468440 1372
1468450 1375
1468460 1378
1468470 1378
1468480 1380
1468490 1382
1468500 1382
1468510 1383
1468520 1385
1468530 1386
1468540 1386
1468550 1387
1468560 1387
1468570 1387
1468580 1386
1468590 1386
1468600 1386
1468610 1386
1468620 1387
1468630 1387
1468640 1390
1468650 1392
1468660 1392
1468670 1394
1468680 1396
1468690 1397
1468700 1397
1468710 1398
1468720 1400
1468730 1400
1468740 1401
1468750 1402
1468760 1402
1468770 1403
1468780 1404
1468790 1404
1468800 1404
1468810 1406
1468820 1406
1468830 1407
1468840 1409
1468850 1409
1468860 1410
1468870 1410
1468880 1411
1468890 1411
1468900 1411
1468910 1410
1468920 1410
1468930 1410
1468940 1410
1468950 1410
1468960 1410
1468970 1412
1468980 1412
1468990 1412
1469000 1411
1469010 1411
1469020 1411
1469030 1411
1469040 1410
1469050 1410
1469060 1408
1469070 1406
1469080 1406
1469090 1405
1469100 1405
1469110 1405
1469120 1404
1469130 1403
1469140 1403
1469150 1404
1469160 1404
1469170 1404
1469180 1404
1469190 1405
1469200 1405
1469210 1404
1469220 1402
1469230 1402
1469240 1402
1469250 1402
1469260 1404
1469270 1404
1469280 1407
1469290 1409
1469300 1409
1469310 1411
1469320 1412
1469330 1412
1469340 1413
1469350 1413
1469360 1413
1469370 1413
1469380 1413
1469390 1413
1469400 1413
1469410 1413
1469420 1411
1469430 1411
1469440 1412
1469450 1413
1469460 1413
1469470 1414
1469480 1415
1469490 1415
1469500 1416
1469510 1417
1469520 1417
1469530 1417
1469540 1416
1469550 1414
1469560 1414
1469570 1411
1469580 1409
1469590 1409
1469600 1407
1469610 1405
1469620 1405
1469630 1405
1469640 1403
1469650 1403
1469660 1402
1469670 1402
1469680 1402
1469690 1401
1469700 1400
1469710 1400
1469720 1399
1469730 1399
1469740 1399
1469750 1399
1469760 1399
1469770 1400
1469780 1400
1469790 1399
1469800 1399
1469810 1399
1469820 1398
1469830 1396
1469840 1396
1469850 1394
1469860 1392
1469870 1392
1469880 1391
1469890 1389
1469900 1386
1469910 1386
1469920 1383
1469930 1380
1469940 1380
1469950 1377
1469960 1373
1469970 1373
1469980 1369
1469990 1365
1470000 1365
1470010 1360
1470020 1356
1470030 1356
1470040 1353
1470050 1347
1470060 1347
1470070 1341
1470080 1337
1470090 1334
1470100 1334
1470110 1331
1470120 1329
1470130 1329
1470140 1328
1470150 1327
1470160 1327
1470170 1324
1470180 1318
1470190 1318
1470200 1313
1470210 1308
1470220 1308
1470230 1304
1470240 1302
1470250 1300
1470260 1300
1470270 1296
1470280 1291
1470290 1291
1470300 1286
1470310 1280
1470320 1280
1470330 1275
1470340 1268
1470350 1268
1470360 1263
1470370 1259
1470380 1259
1470390 1255
1470400 1250
1470410 1250
1470420 1243
1470430 1238
1470440 1231
1470450 1231
1470460 1225
1470470 1220
1470480 1220
1470490 1213
1470500 1208
1470510 1208
1470520 1204
1470530 1200
1470540 1200
1470550 1195
1470560 1193
1470570 1193
1470580 1189
1470590 1185
1470600 1178
1470610 1178
1470620 1171
1470630 1166
1470640 1166
1470650 1162
1470660 1158
1470670 1158
1470680 1152
1470690 1146
1470700 1146
1470710 1137
1470720 1126
1470730 1126
1470740 1117
1470750 1109
1470760 1102
1470770 1102
1470780 1098
1470790 1094
1470800 1094
1470810 1090
1470820 1083
1470830 1083
1470840 1076
1470850 1069
1470860 1069
1470870 1060
1470880 1050
1470890 1050
1470900 1041
1470910 1033
1470920 1033
1470930 1024
1470940 1016
1470950 1007
1470960 1007
1470970 999
1470980 991
1470990 991
1471000 994
1471010 1000
1471020 1000
1471030 1002
1471040 1007
1471050 1007
1471060 1012
1471070 1018
1471080 1018
1471090 1026
1471100 1034
1471110 1041
1471120 1041
1471130 1049
1471140 1057
1471150 1057
1471160 1064
1471170 1071
1471180 1071
1471190 1077
1471200 1082
1471210 1082
1471220 1089
1471230 1094
1471240 1094
1471250 1101
1471260 1107
1471270 1107
1471280 1111
1471290 1116
1471300 1122
1471310 1122
1471320 1126
1471330 1130
1471340 1130
1471350 1134
1471360 1138
1471370 1138
1471380 1141
1471390 1143
1471400 1143
1471410 1145
1471420 1146
1471430 1146
1471440 1148
1471450 1150
1471460 1151
1471470 1151
1471480 1153
1471490 1153
1471500 1153
1471510 1154
1471520 1155
1471530 1155
1471540 1154
1471550 1155
1471560 1155
1471570 1157
1471580 1159
1471590 1159
1471600 1161
1471610 1164
1471620 1167
1471630 1167
1471640 1167
1471650 1168
1471660 1168
1471670 1169
1471680 1171
1471690 1171
1471700 1172
1471710 1172
1471720 1172
1471730 1173
1471740 1175
1471750 1175
1471760 1176
1471770 1177
1471780 1177
1471790 1178
1471800 1179
1471810 1180
1471820 1180
1471830 1181
1471840 1181
1471850 1181
1471860 1181
1471870 1181
1471880 1181
1471890 1181
1471900 1181
1471910 1181
1471920 1181
1471930 1181
1471940 1181
1471950 1182
1471960 1182
1471970 1183
1471980 1183
1471990 1184
1472000 1184
1472010 1184
1472020 1184
1472030 1183
1472040 1183
1472050 1182
1472060 1183
1472070 1183
1472080 1183
1472090 1182
1472100 1182
1472110 1183
1472120 1183
1472130 1183
1472140 1182
1472150 1183
1472160 1184
1472170 1184
1472180 1184
1472190 1183
1472200 1183
1472210 1182
1472220 1182
1472230 1182
1472240 1182
1472250 1183
1472260 1183
1472270 1185
1472280 1187
1472290 1187
1472300 1188
1472310 1188
1472320 1188
1472330 1188
1472340 1187
1472350 1186
1472360 1186
1472370 1185
1472380 1186
1472390 1186
1472400 1187
1472410 1188
1472420 1188
1472430 1189
1472440 1189
1472450 1189
1472460 1189
1472470 1189
1472480 1189
1472490 1189
1472500 1189
1472510 1188
1472520 1188
1472530 1189
1472540 1190
1472550 1190
1472560 1190
1472570 1190
1472580 1190
1472590 1190
1472600 1190
1472610 1190
1472620 1190
1472630 1188
1472640 1188
1472650 1184
1472660 1181
1472670 1184
1472680 1184
1472690 1191
1472700 1194
1472710 1194
1472720 1195
1472730 1194
1472740 1194
1472750 1194
1472760 1194
1472770 1194
1472780 1194
1472790 1194
1472800 1194
1472810 1191
1472820 1188
1472830 1187
1472840 1187
1472850 1188
1472860 1190
1472870 1190
1472880 1192
1472890 1193
1472900 1193
1472910 1193
1472920 1194
1472930 1194
1472940 1196
1472950 1198
1472960 1198
1472970 1199
1472980 1199
1472990 1199
1473000 1199
1473010 1199
1473020 1199
1473030 1199
1473040 1199
1473050 1198
1473060 1198
1473070 1200
1473080 1203
1473090 1203
1473100 1206
1473110 1208
1473120 1208
1473130 1209
1473140 1210
1473150 1210
1473160 1211
1473170 1212
1473180 1213
1473190 1213
1473200 1214
1473210 1215
1473220 1215
1473230 1215
1473240 1216
1473250 1216
1473260 1217
1473270 1219
1473280 1219
1473290 1220
1473300 1222
1473310 1222
1473320 1224
1473330 1225
1473340 1225
1473350 1227
1473360 1230
1473370 1232
1473380 1232
1473390 1233
1473400 1234
1473410 1234
1473420 1235
1473430 1237
1473440 1237
1473450 1239
1473460 1241
1473470 1241
1473480 1244
1473490 1246
1473500 1246
1473510 1248
1473520 1249
1473530 1249
1473540 1249
1473550 1248
1473560 1244
1473570 1244
1473580 1239
1473590 1236
1473600 1236
1473610 1235
1473620 1233
1473630 1233
1473640 1230
1473650 1227
1473660 1227
1473670 1225
1473680 1222
1473690 1218
1473700 1218
1473710 1214
1473720 1210
1473730 1210
1473740 1205
1473750 1201
1473760 1201
1473770 1195
1473780 1189
1473790 1189
1473800 1184
1473810 1176
1473820 1176
1473830 1167
1473840 1156
1473850 1156
1473860 1147
1473870 1138
1473880 1129
1473890 1129
1473900 1123
1473910 1117
1473920 1117
1473930 1111
1473940 1105
1473950 1105
1473960 1099
1473970 1092
1473980 1092
1473990 1086
1474000 1080
1474010 1080
1474020 1074
1474030 1069
1474040 1064
1474050 1064
1474060 1057
1474070 1050
1474080 1050
1474090 1043
1474100 1035
1474110 1035
1474120 1028
1474130 1021
1474140 1021
1474150 1015
1474160 1010
1474170 1010
1474180 1005
1474190 999
1474200 999
1474210 994
1474220 988
1474230 982
1474240 982
1474250 975
1474260 968
1474270 968
1474280 962
1474290 953
1474300 953
1474310 945
1474320 937
1474330 937
1474340 932
1474350 924
1474360 924
1474370 917
1474380 910
1474390 903
1474400 903
1474410 896
1474420 888
1474430 888
1474440 880
1474450 872
1474460 872
1474470 865
1474480 856
1474490 856
1474500 848
1474510 842
1474520 842
1474530 831
1474540 820
1474550 810
1474560 810
1474570 800
1474580 790
1474590 790
1474600 779
1474610 760
1474620 760
1474630 748
1474640 742
1474650 742
1474660 746
1474670 753
1474680 753
1474690 764
1474700 773
1474710 773
1474720 780
1474730 788
1474740 796
1474750 796
1474760 802
1474770 809
1474780 809
1474790 816
1474800 825
1474810 825
1474820 843
1474830 860
1474840 860
1474850 873
1474860 881
1474870 881
1474880 889
1474890 897
1474900 904
1474910 904
1474920 909
1474930 914
1474940 914
1474950 919
1474960 924
1474970 924
1474980 929
1474990 935
1475000 935
1475010 939
1475020 943
1475030 943
1475040 946
1475050 949
1475060 949
1475070 950
1475080 952
1475090 954
1475100 954
1475110 956
1475120 956
1475130 956
1475140 957
1475150 957
1475160 957
1475170 958
1475180 958
1475190 958
1475200 958
1475210 958
1475220 958
1475230 956
1475240 955
1475250 955
1475260 955
1475270 952
1475280 949
1475290 949
1475300 948
1475310 948
1475320 948
1475330 948
1475340 948
1475350 948
1475360 949
1475370 948
1475380 948
1475390 948
1475400 951
1475410 953
1475420 953
1475430 955
1475440 957
1475450 957
1475460 956
1475470 953
1475480 953
1475490 952
1475500 948
1475510 948
1475520 939
1475530 930
1475540 930
1475550 919
1475560 912
1475570 912
1475580 906
1475590 897
1475600 891
1475610 891
1475620 890
1475630 892
1475640 892
1475650 893
1475660 889
1475670 889
1475680 873
1475690 861
1475700 861
1475710 855
1475720 851
1475730 851
1475740 847
1475750 843
1475760 838
1475770 838
1475780 835
1475790 832
1475800 832
1475810 830
1475820 828
1475830 828
1475840 825
1475850 822
1475860 822
1475870 818
1475880 815
1475890 815
1475900 813
1475910 810
1475920 810
1475930 806
1475940 803
1475950 801
1475960 801
1475970 799
1475980 792
1475990 792
1476000 788
1476010 795
1476020 795
1476030 800
1476040 801
1476050 801
1476060 801
1476070 801
1476080 801
1476090 802
1476100 803
1476110 803
1476120 803
1476130 803
1476140 801
1476150 801
1476160 798
1476170 798
1476180 798
1476190 800
1476200 804
1476210 804
1476220 807
1476230 808
1476240 808
1476250 808
1476260 808
1476270 808
1476280 807
1476290 807
1476300 805
1476310 805
1476320 801
1476330 795
1476340 795
1476350 791
1476360 786
1476370 786
1476380 779
1476390 774
1476400 774
1476410 771
1476420 775
1476430 775
1476440 779
1476450 780
1476460 779
1476470 779
1476480 778
1476490 776
1476500 776
1476510 773
1476520 775
1476530 775
1476540 775
1476550 771
1476560 771
1476570 766
1476580 763
1476590 763
1476600 760
1476610 756
1476620 753
1476630 753
1476640 750
1476650 749
1476660 749
1476670 748
1476680 750
1476690 750
1476700 753
1476710 753
1476720 753
1476730 750
1476740 746
1476750 746
1476760 745
1476770 746
1476780 746
1476790 749
1476800 752
1476810 754
1476820 754
1476830 752
1476840 745
1476850 745
1476860 736
1476870 728
1476880 728
1476890 723
1476900 724
1476910 724
1476920 726
1476930 731
1476940 731
1476950 731
1476960 728
1476970 728
1476980 728
1476990 729
1477000 731
1477010 731
1477020 730
1477030 726
1477040 726
1477050 722
1477060 719
1477070 719
1477080 722
1477090 722
1477100 722
1477110 722
1477120 726
1477130 726
1477140 730
1477150 733
1477160 735
1477170 735
1477180 735
1477190 736
1477200 736
1477210 736
1477220 737
1477230 737
1477240 737
1477250 737
1477260 737
1477270 737
1477280 734
1477290 734
1477300 730
1477310 727
1477320 725
1477330 725
1477340 724
1477350 726
1477360 726
1477370 723
1477380 718
1477390 718
1477400 715
1477410 712
1477420 712
1477430 707
1477440 710
1477450 710
1477460 722
1477470 728
1477480 729
1477490 729
1477500 731
1477510 731
1477520 731
1477530 731
1477540 730
1477550 730
1477560 729
1477570 728
1477580 728
1477590 728
1477600 727
1477610 727
1477620 729
1477630 731
1477640 731
1477650 732
1477660 732
1477670 730
1477680 730
1477690 724
1477700 717
1477710 717
1477720 710
1477730 705
1477740 705
1477750 705
1477760 706
1477770 706
1477780 704
1477790 702
1477800 702
1477810 700
1477820 698
1477830 697
1477840 697
1477850 696
1477860 693
1477870 693
1477880 690
1477890 689
1477900 689
1477910 689
1477920 692
1477930 692
1477940 692
1477950 692
1477960 692
1477970 689
1477980 694
1477990 694
1478000 701
1478010 706
1478020 711
1478030 711
1478040 714
1478050 719
1478060 719
1478070 721
1478080 719
1478090 719
1478100 718
1478110 715
1478120 715
1478130 707
1478140 698
1478150 698
1478160 692
1478170 691
1478180 694
1478190 694
1478200 698
1478210 702
1478220 702
1478230 706
1478240 711
1478250 711
1478260 714
1478270 715
1478280 715
1478290 714
1478300 713
1478310 713
1478320 712
1478330 711
1478340 710
1478350 710
1478360 705
1478370 700
1478380 700
1478390 698
1478400 695
1478410 695
1478420 691
1478430 685
1478440 685
1478450 678
1478460 672
1478470 672
1478480 671
1478490 673
1478500 673
1478510 673
1478520 674
1478530 676
1478540 676
1478550 674
1478560 669
1478570 669
1478580 667
1478590 666
1478600 666
1478610 664
1478620 663
1478630 663
1478640 664
1478650 666
1478660 666
1478670 669
1478680 671
1478690 671
1478700 671
1478710 669
1478720 665
1478730 665
1478740 657
1478750 652
1478760 652
1478770 651
1478780 650
1478790 650
1478800 649
1478810 648
1478820 648
1478830 645
1478840 644
1478850 644
1478860 646
1478870 648
1478880 647
1478890 647
1478900 646
1478910 640
1478920 640
1478930 639
1478940 639
1478950 639
1478960 639
1478970 638
1478980 638
1478990 637
1479000 635
1479010 635
1479020 632
1479030 632
1479040 633
1479050 633
1479060 635
1479070 639
1479080 639
1479090 645
1479100 650
1479110 650
1479120 650
1479130 650
1479140 650
1479150 650
1479160 647
1479170 647
1479180 641
1479190 639
1479200 637
1479210 637
1479220 636
1479230 639
1479240 639
1479250 642
1479260 643
1479270 643
1479280 641
1479290 638
1479300 638
1479310 635
1479320 635
1479330 635
1479340 636
1479350 638
1479360 638
1479370 638
1479380 636
1479390 635
1479400 635
1479410 633
1479420 630
1479430 630
1479440 629
1479450 634
1479460 634
1479470 641
1479480 642
1479490 642
1479500 643
1479510 645
1479520 645
1479530 645
1479540 645
1479550 646
1479560 646
1479570 647
1479580 651
1479590 651
1479600 654
1479610 653
1479620 653
1479630 653
1479640 655
1479650 655
1479660 657
1479670 657
1479680 657
1479690 658
1479700 660
1479710 660
1479720 662
1479730 663
1479740 663
1479750 663
1479760 662
1479770 661
1479780 661
1479790 660
1479800 661
1479810 661
1479820 664
1479830 669
1479840 669
1479850 672
1479860 674
1479870 674
1479880 675
1479890 673
1479900 676
1479910 676
1479920 679
1479930 678
1479940 678
1479950 680
1479960 685
1479970 685
1479980 686
1479990 686
