1460000 1531
1460010 1533
1460020 1533
1460030 1533
1460040 1533
1460050 1533
1460060 1533
1460070 1533
1460080 1533
1460090 1534
1460100 1534
1460110 1534
1460120 1535
1460130 1531
1460140 1532
1460150 1531
1460160 1531
1460170 1530
1460180 1530
1460190 1530
1460200 1530
1460210 1530
1460220 1530
1460230 1532
1460240 1534
1460250 1535
1460260 1535
1460270 1536
1460280 1536
1460290 1536
1460300 1536
1460310 1534
1460320 1534
1460330 1533
1460340 1533
1460350 1533
1460360 1533
1460370 1532
1460380 1532
1460390 1528
1460400 1523
1460410 1523
1460420 1520
1460430 1520
1460440 1520
1460450 1520
1460460 1520
1460470 1519
1460480 1519
1460490 1518
1460500 1516
1460510 1516
1460520 1515
1460530 1514
1460540 1514
1460550 1513
1460560 1512
1460570 1512
1460580 1511
1460590 1509
1460600 1510
1460610 1510
1460620 1509
1460630 1508
1460640 1508
1460650 1507
1460660 1505
1460670 1505
1460680 1504
1460690 1504
1460700 1504
1460710 1505
1460720 1505
1460730 1505
1460740 1507
1460750 1508
1460760 1507
1460770 1507
1460780 1506
1460790 1502
1460800 1502
1460810 1500
1460820 1499
1460830 1499
1460840 1497
1460850 1495
1460860 1495
1460870 1494
1460880 1494
1460890 1494
1460900 1491
1460910 1488
1460920 1488
1460930 1486
1460940 1482
1460950 1479
1460960 1479
1460970 1476
1460980 1471
1460990 1471
1461000 1468
1461010 1465
1461020 1465
1461030 1461
1461040 1457
1461050 1457
1461060 1454
1461070 1450
1461080 1450
1461090 1447
1461100 1445
1461110 1445
1461120 1445
1461130 1442
1461140 1438
1461150 1438
1461160 1435
1461170 1433
1461180 1433
1461190 1430
1461200 1428
1461210 1428
1461220 1425
1461230 1419
1461240 1419
1461250 1413
1461260 1407
1461270 1407
1461280 1402
1461290 1397
1461300 1389
1461310 1389
1461320 1381
1461330 1376
1461340 1376
1461350 1368
1461360 1361
1461370 1361
1461380 1355
1461390 1350
1461400 1350
1461410 1346
1461420 1345
1461430 1345
1461440 1343
1461450 1338
1461460 1332
1461470 1332
1461480 1326
1461490 1320
1461500 1320
1461510 1313
1461520 1307
1461530 1307
1461540 1301
1461550 1294
1461560 1294
1461570 1289
1461580 1282
1461590 1282
1461600 1272
1461610 1261
1461620 1250
1461630 1250
1461640 1238
1461650 1228
1461660 1228
1461670 1224
1461680 1229
1461690 1229
1461700 1237
1461710 1244
1461720 1244
1461730 1252
1461740 1259
1461750 1259
1461760 1258
1461770 1256
1461780 1256
1461790 1257
1461800 1256
1461810 1251
1461820 1251
1461830 1250
1461840 1256
1461850 1256
1461860 1257
1461870 1257
1461880 1257
1461890 1257
1461900 1259
1461910 1259
1461920 1261
1461930 1266
1461940 1266
1461950 1268
1461960 1262
1461970 1258
1461980 1258
1461990 1258
1462000 1257
1462010 1257
1462020 1256
1462030 1253
1462040 1253
1462050 1250
1462060 1252
1462070 1252
1462080 1251
1462090 1246
1462100 1246
1462110 1239
1462120 1231
1462130 1231
1462140 1220
1462150 1210
1462160 1198
1462170 1198
1462180 1186
1462190 1187
1462200 1187
1462210 1197
1462220 1205
1462230 1205
1462240 1214
1462250 1221
1462260 1221
1462270 1228
1462280 1234
1462290 1234
1462300 1240
1462310 1247
1462320 1253
1462330 1253
1462340 1258
1462350 1264
1462360 1264
1462370 1271
1462380 1279
1462390 1279
1462400 1287
1462410 1294
1462420 1294
1462430 1300
1462440 1305
1462450 1305
1462460 1309
1462470 1314
1462480 1316
1462490 1316
1462500 1316
1462510 1316
1462520 1316
1462530 1319
1462540 1322
1462550 1322
1462560 1326
1462570 1329
1462580 1329
1462590 1333
1462600 1338
1462610 1338
1462620 1345
1462630 1351
1462640 1351
1462650 1356
1462660 1362
1462670 1366
1462680 1366
1462690 1370
1462700 1372
1462710 1372
1462720 1374
1462730 1376
1462740 1376
1462750 1378
1462760 1381
1462770 1381
1462780 1385
1462790 1387
1462800 1387
1462810 1390
1462820 1393
1462830 1395
1462840 1395
1462850 1397
1462860 1400
1462870 1400
1462880 1402
1462890 1402
1462900 1402
1462910 1400
1462920 1396
1462930 1396
1462940 1394
1462950 1396
1462960 1396
1462970 1401
1462980 1404
1462990 1404
1463000 1408
1463010 1410
1463020 1413
1463030 1413
1463040 1414
1463050 1416
1463060 1416
1463070 1420
1463080 1423
1463090 1423
1463100 1423
1463110 1422
1463120 1422
1463130 1419
1463140 1416
1463150 1416
1463160 1415
1463170 1413
1463180 1409
1463190 1409
1463200 1410
1463210 1415
1463220 1415
1463230 1420
1463240 1424
1463250 1424
1463260 1425
1463270 1425
1463280 1425
1463290 1423
1463300 1424
1463310 1424
1463320 1426
1463330 1428
1463340 1428
1463350 1430
1463360 1434
1463370 1437
1463380 1437
1463390 1438
1463400 1441
1463410 1441
1463420 1443
1463430 1445
1463440 1445
1463450 1447
1463460 1449
1463470 1449
1463480 1454
1463490 1457
1463500 1457
1463510 1457
1463520 1455
1463530 1455
1463540 1455
1463550 1455
1463560 1457
1463570 1457
1463580 1461
1463590 1464
1463600 1464
1463610 1466
1463620 1470
1463630 1470
1463640 1472
1463650 1473
1463660 1473
1463670 1475
1463680 1476
1463690 1476
1463700 1476
1463710 1479
1463720 1481
1463730 1481
1463740 1481
1463750 1480
1463760 1480
1463770 1483
1463780 1485
1463790 1485
1463800 1489
1463810 1491
1463820 1491
1463830 1491
1463840 1490
1463850 1490
1463860 1491
1463870 1493
1463880 1494
1463890 1494
1463900 1494
1463910 1492
1463920 1492
1463930 1491
1463940 1493
1463950 1493
1463960 1495
1463970 1496
1463980 1496
1463990 1496
1464000 1496
1464010 1496
1464020 1497
1464030 1499
1464040 1501
1464050 1501
1464060 1502
1464070 1502
1464080 1502
1464090 1502
1464100 1502
1464110 1502
1464120 1501
1464130 1501
1464140 1501
1464150 1501
1464160 1501
1464170 1501
1464180 1501
1464190 1500
1464200 1500
1464210 1499
1464220 1499
1464230 1500
1464240 1500
1464250 1501
1464260 1501
1464270 1501
1464280 1502
1464290 1504
1464300 1504
1464310 1506
1464320 1509
1464330 1509
1464340 1512
1464350 1515
1464360 1515
1464370 1518
1464380 1520
1464390 1522
1464400 1522
1464410 1521
1464420 1517
1464430 1517
1464440 1513
1464450 1508
1464460 1508
1464470 1506
1464480 1505
1464490 1505
1464500 1504
1464510 1505
1464520 1505
1464530 1505
1464540 1507
1464550 1510
1464560 1510
1464570 1512
1464580 1512
1464590 1512
1464600 1510
1464610 1512
1464620 1512
1464630 1515
1464640 1517
1464650 1517
1464660 1518
1464670 1519
1464680 1519
1464690 1518
1464700 1516
1464710 1516
1464720 1515
1464730 1515
1464740 1514
1464750 1514
1464760 1512
1464770 1513
1464780 1513
1464790 1512
1464800 1512
1464810 1512
1464820 1512
1464830 1512
1464840 1512
1464850 1512
1464860 1513
1464870 1513
1464880 1515
1464890 1517
1464900 1518
1464910 1518
1464920 1518
1464930 1518
1464940 1518
1464950 1517
1464960 1516
1464970 1516
1464980 1515
1464990 1514
1465000 1514
1465010 1512
1465020 1510
1465030 1510
1465040 1508
1465050 1509
1465060 1509
1465070 1510
1465080 1512
1465090 1514
1465100 1514
1465110 1519
1465120 1523
1465130 1523
1465140 1524
1465150 1524
1465160 1524
1465170 1522
1465180 1521
1465190 1521
1465200 1520
1465210 1520
1465220 1520
1465230 1521
1465240 1520
1465250 1520
1465260 1520
1465270 1518
1465280 1516
1465290 1516
1465300 1515
1465310 1516
1465320 1516
1465330 1517
1465340 1516
1465350 1516
1465360 1515
1465370 1512
1465380 1512
1465390 1508
1465400 1507
1465410 1505
1465420 1505
1465430 1503
1465440 1498
1465450 1498
1465460 1493
1465470 1487
1465480 1487
1465490 1482
1465500 1477
1465510 1477
1465520 1472
1465530 1466
1465540 1466
1465550 1458
1465560 1450
1465570 1450
1465580 1442
1465590 1435
1465600 1427
1465610 1427
1465620 1420
1465630 1413
1465640 1413
1465650 1407
1465660 1399
1465670 1399
1465680 1394
1465690 1386
1465700 1386
1465710 1380
1465720 1374
1465730 1374
1465740 1367
1465750 1360
1465760 1354
1465770 1354
1465780 1348
1465790 1341
1465800 1341
1465810 1335
1465820 1328
1465830 1328
1465840 1322
1465850 1316
1465860 1316
1465870 1310
1465880 1303
1465890 1303
1465900 1297
1465910 1290
1465920 1290
1465930 1283
1465940 1275
1465950 1267
1465960 1269
1465970 1260
1465980 1252
1465990 1252
1466000 1245
1466010 1238
1466020 1238
1466030 1230
1466040 1223
1466050 1223
1466060 1216
1466070 1210
1466080 1210
1466090 1203
1466100 1196
1466110 1189
1466120 1189
1466130 1180
1466140 1172
1466150 1172
1466160 1165
1466170 1158
1466180 1158
1466190 1151
1466200 1144
1466210 1144
1466220 1137
1466230 1130
1466240 1130
1466250 1124
1466260 1117
1466270 1117
1466280 1111
1466290 1104
1466300 1098
1466310 1098
1466320 1090
1466330 1081
1466340 1081
1466350 1074
1466360 1067
1466370 1067
1466380 1063
1466390 1058
1466400 1058
1466410 1051
1466420 1044
1466430 1044
1466440 1037
1466450 1030
1466460 1024
1466470 1024
1466480 1017
1466490 1009
1466500 1009
1466510 996
1466520 994
1466530 994
1466540 999
1466550 1000
1466560 1000
1466570 1001
1466580 1003
1466590 1003
1466600 1004
1466610 997
1466620 987
1466630 987
1466640 980
1466650 975
1466660 975
1466670 970
1466680 960
1466690 960
1466700 949
1466710 939
1466720 939
1466730 928
1466740 914
1466750 914
1466760 904
1466770 890
1466780 890
1466790 879
1466800 870
1466810 854
1466820 854
1466830 847
1466840 846
1466850 846
1466860 847
1466870 852
1466880 852
1466890 859
1466900 866
1466910 866
1466920 878
1466930 886
1466940 886
1466950 894
1466960 902
1466970 911
1466980 911
1466990 920
1467000 929
1467010 929
1467020 939
1467030 948
1467040 948
1467050 957
1467060 966
1467070 966
1467080 974
1467090 980
1467100 980
1467110 985
1467120 991
1467130 991
1467140 996
1467150 1001
1467160 1006
1467170 1006
1467180 1010
1467190 1015
1467200 1015
1467210 1020
1467220 1026
1467230 1026
1467240 1033
1467250 1038
1467260 1038
1467270 1045
1467280 1053
1467290 1053
1467300 1057
1467310 1061
1467320 1065
1467330 1065
1467340 1070
1467350 1074
1467360 1074
1467370 1079
1467380 1084
1467390 1084
1467400 1090
1467410 1095
1467420 1095
1467430 1101
1467440 1106
1467450 1106
1467460 1112
1467470 1120
1467480 1125
1467490 1125
1467500 1130
1467510 1135
1467520 1135
1467530 1141
1467540 1145
1467550 1145
1467560 1150
1467570 1153
1467580 1153
1467590 1156
1467600 1159
1467610 1159
1467620 1160
1467630 1162
1467640 1162
1467650 1164
1467660 1169
1467670 1174
1467680 1174
1467690 1180
1467700 1184
1467710 1184
1467720 1189
1467730 1190
1467740 1190
1467750 1190
1467760 1192
1467770 1192
1467780 1198
1467790 1206
1467800 1206
1467810 1213
1467820 1215
1467830 1219
1467840 1219
1467850 1227
1467860 1233
1467870 1233
1467880 1237
1467890 1243
1467900 1243
1467910 1247
1467920 1252
1467930 1252
1467940 1256
1467950 1259
1467960 1259
1467970 1262
1467980 1267
1467990 1267
1468000 1273
1468010 1277
1468020 1281
1468030 1281
1468040 1288
1468050 1294
1468060 1294
1468070 1298
1468080 1301
1468090 1301
1468100 1304
1468110 1309
1468120 1309
1468130 1314
1468140 1318
1468150 1318
1468160 1320
1468170 1319
1468180 1321
1468190 1321
1468200 1324
1468210 1327
1468220 1327
1468230 1330
1468240 1332
1468250 1332
1468260 1335
1468270 1338
1468280 1338
1468290 1341
1468300 1345
1468310 1345
1468320 1348
1468330 1352
1468340 1357
1468350 1357
1468360 1362
1468370 1367
1468380 1367
1468390 1372
1468400 1377
1468410 1377
1468420 1382
1468430 1386
1468440 1386
1468450 1388
1468460 1390
1468470 1390
1468480 1392
1468490 1393
1468500 1393
1468510 1395
1468520 1396
1468530 1398
1468540 1398
1468550 1399
1468560 1400
1468570 1400
1468580 1402
1468590 1403
1468600 1403
1468610 1405
1468620 1406
1468630 1406
1468640 1406
1468650 1405
1468660 1405
1468670 1405
1468680 1407
1468690 1408
1468700 1408
1468710 1410
1468720 1411
1468730 1411
1468740 1412
1468750 1413
1468760 1413
1468770 1415
1468780 1417
1468790 1417
1468800 1418
1468810 1419
1468820 1419
1468830 1419
1468840 1419
1468850 1419
1468860 1420
1468870 1422
1468880 1425
1468890 1425
1468900 1427
1468910 1428
1468920 1428
1468930 1428
1468940 1429
1468950 1429
1468960 1431
1468970 1431
1468980 1431
1468990 1431
1469000 1432
1469010 1432
1469020 1434
1469030 1434
1469040 1433
1469050 1433
1469060 1432
1469070 1430
1469080 1430
1469090 1428
1469100 1428
1469110 1428
1469120 1427
1469130 1426
1469140 1426
1469150 1427
1469160 1427
1469170 1427
1469180 1425
1469190 1424
1469200 1424
1469210 1426
1469220 1427
1469230 1429
1469240 1429
1469250 1430
1469260 1429
1469270 1429
1469280 1429
1469290 1429
1469300 1429
1469310 1428
1469320 1427
1469330 1427
1469340 1426
1469350 1425
1469360 1425
1469370 1425
1469380 1424
1469390 1423
1469400 1423
1469410 1424
1469420 1427
1469430 1427
1469440 1430
1469450 1433
1469460 1433
1469470 1432
1469480 1431
1469490 1431
1469500 1429
1469510 1428
1469520 1428
1469530 1426
1469540 1425
1469550 1424
1469560 1424
1469570 1423
1469580 1421
1469590 1421
1469600 1419
1469610 1418
1469620 1418
1469630 1418
1469640 1418
1469650 1418
1469660 1418
1469670 1419
1469680 1419
1469690 1418
1469700 1417
1469710 1417
1469720 1417
1469730 1415
1469740 1414
1469750 1414
1469760 1412
1469770 1412
1469780 1412
1469790 1412
1469800 1411
1469810 1411
1469820 1411
1469830 1410
1469840 1410
1469850 1408
1469860 1406
1469870 1406
1469880 1404
1469890 1401
1469900 1398
1469910 1398
1469920 1395
1469930 1392
1469940 1392
1469950 1387
1469960 1382
1469970 1382
1469980 1377
1469990 1372
1470000 1372
1470010 1368
1470020 1363
1470030 1363
1470040 1359
1470050 1354
1470060 1354
1470070 1350
1470080 1346
1470090 1343
1470100 1343
1470110 1340
1470120 1338
1470130 1338
1470140 1336
1470150 1335
1470160 1335
1470170 1334
1470180 1329
1470190 1329
1470200 1324
1470210 1319
1470220 1319
1470230 1315
1470240 1312
1470250 1307
1470260 1307
1470270 1301
1470280 1294
1470290 1294
1470300 1287
1470310 1281
1470320 1281
1470330 1277
1470340 1272
1470350 1272
1470360 1268
1470370 1262
1470380 1262
1470390 1257
1470400 1253
1470410 1247
1470420 1247
1470430 1242
1470440 1235
1470450 1235
1470460 1231
1470470 1227
1470480 1227
1470490 1224
1470500 1220
1470510 1220
1470520 1217
1470530 1213
1470540 1213
1470550 1208
1470560 1202
1470570 1202
1470580 1195
1470590 1189
1470600 1182
1470610 1182
1470620 1176
1470630 1172
1470640 1172
1470650 1166
1470660 1157
1470670 1157
1470680 1150
1470690 1144
1470700 1144
1470710 1139
1470720 1131
1470730 1131
1470740 1125
1470750 1118
1470760 1111
1470770 1111
1470780 1105
1470790 1098
1470800 1098
1470810 1090
1470820 1082
1470830 1082
1470840 1074
1470850 1066
1470860 1066
1470870 1058
1470880 1050
1470890 1050
1470900 1042
1470910 1034
1470920 1034
1470930 1025
1470940 1016
1470950 1006
1470960 1006
1470970 1004
1470980 1007
1470990 1007
1471000 1015
1471010 1023
1471020 1023
1471030 1030
1471040 1035
1471050 1035
1471060 1040
1471070 1043
1471080 1043
1471090 1044
1471100 1046
1471110 1047
1471120 1047
1471130 1048
1471140 1052
1471150 1052
1471160 1059
1471170 1069
1471180 1069
1471190 1077
1471200 1086
1471210 1086
1471220 1094
1471230 1104
1471240 1104
1471250 1113
1471260 1122
1471270 1122
1471280 1130
1471290 1138
1471300 1141
1471310 1141
1471320 1144
1471330 1147
1471340 1147
1471350 1150
1471360 1153
1471370 1153
1471380 1155
1471390 1157
1471400 1157
1471410 1159
1471420 1161
1471430 1161
1471440 1164
1471450 1166
1471460 1168
1471470 1168
1471480 1171
1471490 1173
1471500 1173
1471510 1175
1471520 1177
1471530 1177
1471540 1179
1471550 1182
1471560 1182
1471570 1184
1471580 1185
1471590 1185
1471600 1185
1471610 1185
1471620 1184
1471630 1184
1471640 1182
1471650 1181
1471660 1181
1471670 1182
1471680 1184
1471690 1184
1471700 1186
1471710 1188
1471720 1188
1471730 1190
1471740 1192
1471750 1192
1471760 1192
1471770 1194
1471780 1194
1471790 1195
1471800 1196
1471810 1197
1471820 1197
1471830 1198
1471840 1197
1471850 1197
1471860 1197
1471870 1199
1471880 1199
1471890 1199
1471900 1200
1471910 1200
1471920 1200
1471930 1201
1471940 1201
1471950 1200
1471960 1200
1471970 1202
1471980 1202
1471990 1202
1472000 1202
1472010 1202
1472020 1202
1472030 1201
1472040 1201
1472050 1201
1472060 1202
1472070 1202
1472080 1203
1472090 1203
1472100 1203
1472110 1203
1472120 1203
1472130 1203
1472140 1202
1472150 1202
1472160 1202
1472170 1202
1472180 1203
1472190 1204
1472200 1204
1472210 1205
1472220 1205
1472230 1205
1472240 1205
1472250 1206
1472260 1206
1472270 1207
1472280 1209
1472290 1209
1472300 1210
1472310 1210
1472320 1209
1472330 1209
1472340 1209
1472350 1208
1472360 1208
1472370 1207
1472380 1207
1472390 1207
1472400 1207
1472410 1208
1472420 1208
1472430 1209
1472440 1211
1472450 1211
1472460 1210
1472470 1210
1472480 1210
1472490 1210
1472500 1210
1472510 1210
1472520 1210
1472530 1210
1472540 1211
1472550 1211
1472560 1211
1472570 1210
1472580 1210
1472590 1210
1472600 1209
1472610 1209
1472620 1209
1472630 1209
1472640 1209
1472650 1206
1472660 1203
1472670 1205
1472680 1205
1472690 1209
1472700 1212
1472710 1212
1472720 1212
1472730 1212
1472740 1212
1472750 1212
1472760 1212
1472770 1212
1472780 1212
1472790 1212
1472800 1212
1472810 1211
1472820 1210
1472830 1209
1472840 1209
1472850 1209
1472860 1211
1472870 1211
1472880 1213
1472890 1214
1472900 1214
1472910 1214
1472920 1214
1472930 1214
1472940 1215
1472950 1216
1472960 1216
1472970 1217
1472980 1217
1472990 1217
1473000 1218
1473010 1219
1473020 1219
1473030 1219
1473040 1219
1473050 1217
1473060 1217
1473070 1219
1473080 1222
1473090 1222
1473100 1225
1473110 1227
1473120 1227
1473130 1229
1473140 1230
1473150 1230
1473160 1231
1473170 1232
1473180 1233
1473190 1233
1473200 1235
1473210 1236
1473220 1236
1473230 1237
1473240 1238
1473250 1238
1473260 1238
1473270 1239
1473280 1239
1473290 1240
1473300 1242
1473310 1242
1473320 1245
1473330 1247
1473340 1248
1473350 1248
1473360 1249
1473370 1250
1473380 1250
1473390 1250
1473400 1251
1473410 1251
1473420 1252
1473430 1254
1473440 1254
1473450 1256
1473460 1257
1473470 1257
1473480 1258
1473490 1260
1473500 1260
1473510 1262
1473520 1262
1473530 1261
1473540 1261
1473550 1260
1473560 1258
1473570 1258
1473580 1257
1473590 1254
1473600 1254
1473610 1250
1473620 1246
1473630 1246
1473640 1244
1473650 1240
1473660 1240
1473670 1236
1473680 1233
1473690 1230
1473700 1230
1473710 1227
1473720 1223
1473730 1223
1473740 1213
1473750 1203
1473760 1203
1473770 1195
1473780 1186
1473790 1186
1473800 1180
1473810 1173
1473820 1173
1473830 1170
1473840 1167
1473850 1167
1473860 1160
1473870 1153
1473880 1147
1473890 1147
1473900 1141
1473910 1136
1473920 1136
1473930 1129
1473940 1122
1473950 1122
1473960 1116
1473970 1111
1473980 1111
1473990 1105
1474000 1100
1474010 1100
1474020 1095
1474030 1090
1474040 1084
1474050 1084
1474060 1079
1474070 1071
1474080 1071
1474090 1062
1474100 1053
1474110 1053
1474120 1044
1474130 1035
1474140 1035
1474150 1027
1474160 1021
1474170 1021
1474180 1014
1474190 1009
1474200 1009
1474210 1003
1474220 998
1474230 992
1474240 992
1474250 986
1474260 980
1474270 980
1474280 974
1474290 969
1474300 969
1474310 962
1474320 952
1474330 952
1474340 943
1474350 935
1474360 935
1474370 926
1474380 917
1474390 909
1474400 909
1474410 901
1474420 892
1474430 892
1474440 883
1474450 874
1474460 874
1474470 865
1474480 856
1474490 856
1474500 847
1474510 840
1474520 840
1474530 830
1474540 821
1474550 813
1474560 813
1474570 803
1474580 793
1474590 793
1474600 786
1474610 782
1474620 782
1474630 772
1474640 758
1474650 758
1474660 753
1474670 752
1474680 752
1474690 757
1474700 764
1474710 764
1474720 776
1474730 789
1474740 804
1474750 804
1474760 815
1474770 823
1474780 818
1474790 829
1474800 842
1474810 842
1474820 862
1474830 869
1474840 869
1474850 875
1474860 883
1474870 883
1474880 891
1474890 899
1474900 908
1474910 908
1474920 916
1474930 923
1474940 923
1474950 930
1474960 938
1474970 938
1474980 941
1474990 946
1475000 946
1475010 955
1475020 958
1475030 958
1475040 960
1475050 963
1475060 963
1475070 963
1475080 964
1475090 965
1475100 965
1475110 966
1475120 968
1475130 968
1475140 970
1475150 970
1475160 970
1475170 971
1475180 974
1475190 974
1475200 977
1475210 977
1475220 977
1475230 976
1475240 976
1475250 974
1475260 974
1475270 973
1475280 972
1475290 972
1475300 970
1475310 970
1475320 970
1475330 970
1475340 971
1475350 971
1475360 972
1475370 973
1475380 973
1475390 974
1475400 976
1475410 978
1475420 978
1475430 978
1475440 975
1475450 975
1475460 969
1475470 969
1475480 969
1475490 969
1475500 965
1475510 965
1475520 960
1475530 956
1475540 956
1475550 946
1475560 938
1475570 938
1475580 937
1475590 930
1475600 924
1475610 924
1475620 919
1475630 918
1475640 918
1475650 917
1475660 914
1475670 914
1475680 911
1475690 905
1475700 905
1475710 889
1475720 878
1475730 878
1475740 868
1475750 864
1475760 861
1475770 861
1475780 858
1475790 856
1475800 856
1475810 853
1475820 848
1475830 848
1475840 843
1475850 839
1475860 839
1475870 839
1475880 838
1475890 838
1475900 836
1475910 836
1475920 836
1475930 834
1475940 827
1475950 823
1475960 823
1475970 815
1475980 808
1475990 808
1476000 812
1476010 817
1476020 817
1476030 819
1476040 821
1476050 821
1476060 822
1476070 821
1476080 821
1476090 821
1476100 821
1476110 821
1476120 821
1476130 821
1476140 819
1476150 819
1476160 817
1476170 816
1476180 816
1476190 816
1476200 817
1476210 817
1476220 819
1476230 821
1476240 821
1476250 823
1476260 824
1476270 825
1476280 825
1476290 823
1476300 819
1476310 819
1476320 813
1476330 808
1476340 808
1476350 800
1476360 796
1476370 796
1476380 796
1476390 794
1476400 794
1476410 793
1476420 794
1476430 794
1476440 797
1476450 798
1476460 797
1476470 797
1476480 795
1476490 791
1476500 791
1476510 790
1476520 791
1476530 791
1476540 791
1476550 792
1476560 792
1476570 794
1476580 792
1476590 792
1476600 785
1476610 778
1476620 775
1476630 775
1476640 774
1476650 771
1476660 771
1476670 769
1476680 771
1476690 771
1476700 771
1476710 769
1476720 769
1476730 765
1476740 764
1476750 764
1476760 765
1476770 767
1476780 767
1476790 767
1476800 765
1476810 757
1476820 757
1476830 749
1476840 743
1476850 743
1476860 740
1476870 740
1476880 740
1476890 740
1476900 740
1476910 740
1476920 742
1476930 743
1476940 743
1476950 743
1476960 742
1476970 743
1476980 743
1476990 745
1477000 744
1477010 744
1477020 739
1477030 737
1477040 737
1477050 739
1477060 742
1477070 742
1477080 742
1477090 741
1477100 741
1477110 739
1477120 740
1477130 744
1477140 744
1477150 749
1477160 751
1477170 751
1477180 752
1477190 752
1477200 752
1477210 753
1477220 754
1477230 754
1477240 755
1477250 755
1477260 755
1477270 753
1477280 751
1477290 751
1477300 747
1477310 744
1477320 740
1477330 740
1477340 737
1477350 739
1477360 739
1477370 742
1477380 741
1477390 741
1477400 738
1477410 733
1477420 733
1477430 734
1477440 737
1477450 737
1477460 738
1477470 740
1477480 740
1477490 740
1477500 741
1477510 742
1477520 742
1477530 743
1477540 744
1477550 744
1477560 747
1477570 748
1477580 748
1477590 749
1477600 750
1477610 750
1477620 751
1477630 750
1477640 750
1477650 748
1477660 741
1477670 734
1477680 734
1477690 729
1477700 721
1477710 721
1477720 718
1477730 719
1477740 719
1477750 719
1477760 719
1477770 719
1477780 719
1477790 718
1477800 718
1477810 717
1477820 715
1477830 715
1477840 715
1477850 715
1477860 715
1477870 715
1477880 710
1477890 709
1477900 709
1477910 709
1477920 711
1477930 711
1477940 715
1477950 711
1477960 711
1477970 708
1477980 711
1477990 715
1478000 715
1478010 723
1478020 729
1478030 729
1478040 735
1478050 739
1478060 739
1478070 739
1478080 735
1478090 735
1478100 729
1478110 722
1478120 722
1478130 714
1478140 707
1478150 707
1478160 705
1478170 706
1478180 707
1478190 707
1478200 713
1478210 718
1478220 718
1478230 723
1478240 729
1478250 729
1478260 733
1478270 736
1478280 736
1478290 736
1478300 734
1478310 734
1478320 730
1478330 725
1478340 720
1478350 720
1478360 716
1478370 715
1478380 715
1478390 712
1478400 705
1478410 705
1478420 699
1478430 696
1478440 696
1478450 691
1478460 686
1478470 686
1478480 689
1478490 693
1478500 693
1478510 694
1478520 695
1478530 693
1478540 693
1478550 689
1478560 686
1478570 686
1478580 685
1478590 684
1478600 684
1478610 681
1478620 681
1478630 681
1478640 683
1478650 686
1478660 686
1478670 689
1478680 690
1478690 685
1478700 685
1478710 677
1478720 670
1478730 670
1478740 668
1478750 667
1478760 667
1478770 669
1478780 671
1478790 671
1478800 669
1478810 663
1478820 663
1478830 661
1478840 661
1478850 661
1478860 665
1478870 667
1478880 665
1478890 665
1478900 663
1478910 658
1478920 658
1478930 650
1478940 646
1478950 646
1478960 647
1478970 648
1478980 648
1478990 651
1479000 651
1479010 651
1479020 651
1479030 651
1479040 651
1479050 651
1479060 652
1479070 654
1479080 654
1479090 657
1479100 663
1479110 663
1479120 669
1479130 670
1479140 670
1479150 666
1479160 660
1479170 660
1479180 656
1479190 654
1479200 654
1479210 654
1479220 654
1479230 658
1479240 658
1479250 662
1479260 662
1479270 662
1479280 659
1479290 654
1479300 654
1479310 653
1479320 653
1479330 653
1479340 655
1479350 656
1479360 656
1479370 655
1479380 654
1479390 654
1479400 654
1479410 654
1479420 653
1479430 653
1479440 646
1479450 640
1479460 640
1479470 643
1479480 656
1479490 656
1479500 662
1479510 664
1479520 664
1479530 665
1479540 666
1479550 667
1479560 667
1479570 667
1479580 669
1479590 669
1479600 670
1479610 672
1479620 672
1479630 673
1479640 675
1479650 675
1479660 677
1479670 679
1479680 679
1479690 680
1479700 682
1479710 682
1479720 684
1479730 685
1479740 686
1479750 686
1479760 686
1479770 686
1479780 686
1479790 687
1479800 688
1479810 688
1479820 686
1479830 688
1479840 688
1479850 689
1479860 690
1479870 690
1479880 692
1479890 691
1479900 692
1479910 692
1479920 694
1479930 695
1479940 695
1479950 696
1479960 698
1479970 698
1479980 700
1479990 701
