1460000 1938
1460010 1941
1460020 1941
1460030 1944
1460040 1948
1460050 1951
1460060 1951
1460070 1953
1460080 1955
1460090 1955
1460100 1957
1460110 1958
1460120 1958
1460130 1960
1460140 1962
1460150 1962
1460160 1965
1460170 1967
1460180 1967
1460190 1970
1460200 1973
1460210 1973
1460220 1976
1460230 1978
1460240 1981
1460250 1981
1460260 1984
1460270 1987
1460280 1987
1460290 1990
1460300 1993
1460310 1993
1460320 1996
1460330 1998
1460340 1998
1460350 2001
1460360 2003
1460370 2003
1460380 2005
1460390 2008
1460400 2010
1460410 2010
1460420 2012
1460430 2015
1460440 2015
1460450 2017
1460460 2019
1460470 2019
1460480 2021
1460490 2025
1460500 2025
1460510 2027
1460520 2030
1460530 2030
1460540 2032
1460550 2034
1460560 2034
1460570 2036
1460580 2038
1460590 2040
1460600 2040
1460610 2042
1460620 2044
1460630 2044
1460640 2046
1460650 2048
1460660 2048
1460670 2049
1460680 2051
1460690 2051
1460700 2053
1460710 2055
1460720 2055
1460730 2057
1460740 2059
1460750 2060
1460760 2060
1460770 2062
1460780 2064
1460790 2064
1460800 2066
1460810 2069
1460820 2069
1460830 2071
1460840 2074
1460850 2074
1460860 2076
1460870 2079
1460880 2079
1460890 2081
1460900 2083
1460910 2083
1460920 2085
1460930 2088
1460940 2091
1460950 2091
1460960 2095
1460970 2097
1460980 2097
1460990 2099
1461000 2102
1461010 2102
1461020 2104
1461030 2106
1461040 2106
1461050 2108
1461060 2111
1461070 2111
1461080 2113
1461090 2115
1461100 2117
1461110 2117
1461120 2120
1461130 2123
1461140 2123
1461150 2126
1461160 2130
1461170 2130
1461180 2134
1461190 2139
1461200 2139
1461210 2145
1461220 2150
1461230 2150
1461240 2152
1461250 2153
1461260 2153
1461270 2156
1461280 2160
1461290 2165
1461300 2165
1461310 2170
1461320 2176
1461330 2176
1461340 2180
1461350 2184
1461360 2184
1461370 2188
1461380 2190
1461390 2190
1461400 2192
1461410 2194
1461420 2194
1461430 2195
1461440 2196
1461450 2198
1461460 2198
1461470 2200
1461480 2202
1461490 2202
1461500 2204
1461510 2206
1461520 2206
1461530 2207
1461540 2209
1461550 2209
1461560 2212
1461570 2215
1461580 2215
1461590 2218
1461600 2220
1461610 2220
1461620 2223
1461630 2228
1461640 2231
1461650 2231
1461660 2235
1461670 2240
1461680 2240
1461690 2243
1461700 2246
1461710 2246
1461720 2249
1461730 2250
1461740 2250
1461750 2252
1461760 2254
1461770 2254
1461780 2258
1461790 2263
1461800 2269
1461810 2269
1461820 2275
1461830 2282
1461840 2282
1461850 2293
1461860 2304
1461870 2304
1461880 2313
1461890 2321
1461900 2321
1461910 2324
1461920 2318
1461930 2318
1461940 2313
1461950 2308
1461960 2308
1461970 2304
1461980 2300
1461990 2296
1462000 2296
1462010 2291
1462020 2286
1462030 2286
1462040 2281
1462050 2275
1462060 2275
1462070 2269
1462080 2266
1462090 2266
1462100 2263
1462110 2260
1462120 2260
1462130 2258
1462140 2253
1462150 2248
1462160 2248
1462170 2243
1462180 2240
1462190 2240
1462200 2234
1462210 2228
1462220 2228
1462230 2225
1462240 2221
1462250 2221
1462260 2217
1462270 2213
1462280 2213
1462290 2207
1462300 2201
1462310 2201
1462320 2194
1462330 2189
1462340 2184
1462350 2184
1462360 2181
1462370 2177
1462380 2177
1462390 2173
1462400 2170
1462410 2170
1462420 2167
1462430 2163
1462440 2163
1462450 2160
1462460 2158
1462470 2158
1462480 2154
1462490 2151
1462500 2148
1462510 2148
1462520 2144
1462530 2139
1462540 2139
1462550 2135
1462560 2132
1462570 2132
1462580 2128
1462590 2125
1462600 2125
1462610 2122
1462620 2118
1462630 2118
1462640 2116
1462650 2114
1462660 2114
1462670 2112
1462680 2110
1462690 2108
1462700 2108
1462710 2107
1462720 2105
1462730 2105
1462740 2104
1462750 2103
1462760 2103
1462770 2102
1462780 2101
1462790 2101
1462800 2101
1462810 2102
1462820 2102
1462830 2101
1462840 2100
1462850 2096
1462860 2096
1462870 2094
1462880 2091
1462890 2091
1462900 2088
1462910 2086
1462920 2086
1462930 2085
1462940 2086
1462950 2086
1462960 2088
1462970 2087
1462980 2087
1462990 2085
1463000 2083
1463010 2083
1463020 2087
1463030 2090
1463040 2093
1463050 2093
1463060 2095
1463070 2095
1463080 2095
1463090 2094
1463100 2086
1463110 2086
1463120 2081
1463130 2073
1463140 2073
1463150 2064
1463160 2057
1463170 2057
1463180 2051
1463190 2045
1463200 2039
1463210 2039
1463220 2034
1463230 2031
1463240 2031
1463250 2028
1463260 2024
1463270 2024
1463280 2018
1463290 2015
1463300 2015
1463310 2013
1463320 2011
1463330 2011
1463340 2009
1463350 2008
1463360 2008
1463370 2006
1463380 2004
1463390 2002
1463400 2002
1463410 1998
1463420 1994
1463430 1994
1463440 1990
1463450 1986
1463460 1986
1463470 1982
1463480 1977
1463490 1977
1463500 1971
1463510 1964
1463520 1964
1463530 1957
1463540 1951
1463550 1944
1463560 1944
1463570 1938
1463580 1933
1463590 1933
1463600 1927
1463610 1922
1463620 1922
1463630 1917
1463640 1913
1463650 1913
1463660 1908
1463670 1904
1463680 1904
1463690 1900
1463700 1896
1463710 1896
1463720 1891
1463730 1888
1463740 1885
1463750 1885
1463760 1882
1463770 1880
1463780 1880
1463790 1877
1463800 1876
1463810 1876
1463820 1874
1463830 1872
1463840 1872
1463850 1869
1463860 1867
1463870 1867
1463880 1865
1463890 1863
1463900 1861
1463910 1861
1463920 1859
1463930 1857
1463940 1857
1463950 1856
1463960 1854
1463970 1854
1463980 1853
1463990 1851
1464000 1851
1464010 1850
1464020 1848
1464030 1848
1464040 1845
1464050 1841
1464060 1841
1464070 1836
1464080 1832
1464090 1827
1464100 1827
1464110 1823
1464120 1820
1464130 1820
1464140 1817
1464150 1814
1464160 1814
1464170 1812
1464180 1809
1464190 1809
1464200 1807
1464210 1804
1464220 1804
1464230 1802
1464240 1798
1464250 1796
1464260 1796
1464270 1795
1464280 1793
1464290 1793
1464300 1792
1464310 1791
1464320 1791
1464330 1790
1464340 1788
1464350 1788
1464360 1787
1464370 1786
1464380 1786
1464390 1784
1464400 1783
1464410 1783
1464420 1782
1464430 1781
1464440 1780
1464450 1780
1464460 1779
1464470 1777
1464480 1777
1464490 1775
1464500 1774
1464510 1774
1464520 1773
1464530 1772
1464540 1772
1464550 1771
1464560 1769
1464570 1769
1464580 1768
1464590 1766
1464600 1763
1464610 1763
1464620 1761
1464630 1757
1464640 1757
1464650 1752
1464660 1748
1464670 1748
1464680 1744
1464690 1738
1464700 1738
1464710 1731
1464720 1725
1464730 1725
1464740 1720
1464750 1715
1464760 1715
1464770 1710
1464780 1704
1464790 1699
1464800 1699
1464810 1694
1464820 1690
1464830 1690
1464840 1686
1464850 1682
1464860 1682
1464870 1677
1464880 1672
1464890 1672
1464900 1668
1464910 1665
1464920 1665
1464930 1662
1464940 1658
1464950 1655
1464960 1655
1464970 1653
1464980 1649
1464990 1649
1465000 1645
1465010 1642
1465020 1642
1465030 1638
1465040 1631
1465050 1631
1465060 1625
1465070 1621
1465080 1621
1465090 1616
1465100 1611
1465110 1611
1465120 1607
1465130 1603
1465140 1597
1465150 1597
1465160 1593
1465170 1589
1465180 1589
1465190 1586
1465200 1585
1465210 1585
1465220 1584
1465230 1583
1465240 1583
1465250 1582
1465260 1579
1465270 1579
1465280 1575
1465290 1572
1465300 1573
1465310 1573
1465320 1574
1465330 1574
1465340 1574
1465350 1575
1465360 1576
1465370 1576
1465380 1574
1465390 1573
1465400 1573
1465410 1574
1465420 1574
1465430 1574
1465440 1576
1465450 1578
1465460 1578
1465470 1581
1465480 1585
1465490 1586
1465500 1586
1465510 1586
1465520 1586
1465530 1586
1465540 1586
1465550 1588
1465560 1588
1465570 1588
1465580 1586
1465590 1586
1465600 1589
1465610 1590
1465620 1590
1465630 1585
1465640 1578
1465650 1571
1465660 1571
1465670 1564
1465680 1561
1465690 1561
1465700 1556
1465710 1550
1465720 1550
1465730 1542
1465740 1536
1465750 1536
1465760 1529
1465770 1522
1465780 1522
1465790 1516
1465800 1510
1465810 1510
1465820 1505
1465830 1497
1465840 1489
1465850 1489
1465860 1482
1465870 1476
1465880 1476
1465890 1470
1465900 1464
1465910 1464
1465920 1459
1465930 1456
1465940 1456
1465950 1455
1465960 1453
1465970 1453
1465980 1453
1465990 1451
1466000 1446
1466010 1446
1466020 1440
1466030 1433
1466040 1433
1466050 1424
1466060 1416
1466070 1416
1466080 1408
1466090 1400
1466100 1400
1466110 1392
1466120 1382
1466130 1382
1466140 1372
1466150 1364
1466160 1364
1466170 1355
1466180 1347
1466190 1338
1466200 1338
1466210 1330
1466220 1327
1466230 1327
1466240 1328
1466250 1333
1466260 1333
1466270 1337
1466280 1338
1466290 1338
1466300 1335
1466310 1336
1466320 1336
1466330 1338
1466340 1334
1466350 1325
1466360 1325
1466370 1315
1466380 1306
1466390 1306
1466400 1297
1466410 1286
1466420 1286
1466430 1273
1466440 1263
1466450 1263
1466460 1260
1466470 1259
1466480 1259
1466490 1255
1466500 1249
1466510 1249
1466520 1245
1466530 1241
1466540 1237
1466550 1237
1466560 1230
1466570 1223
1466580 1223
1466590 1217
1466600 1211
1466610 1211
1466620 1207
1466630 1204
1466640 1204
1466650 1203
1466660 1203
1466670 1203
1466680 1202
1466690 1201
1466700 1202
1466710 1202
1466720 1205
1466730 1208
1466740 1208
1466750 1215
1466760 1223
1466770 1223
1466780 1231
1466790 1238
1466800 1238
1466810 1246
1466820 1254
1466830 1254
1466840 1260
1466850 1268
1466860 1268
1466870 1275
1466880 1282
1466890 1290
1466900 1290
1466910 1298
1466920 1306
1466930 1306
1466940 1314
1466950 1322
1466960 1322
1466970 1330
1466980 1338
1466990 1338
1467000 1346
1467010 1354
1467020 1354
1467030 1361
1467040 1367
1467050 1371
1467060 1371
1467070 1376
1467080 1383
1467090 1383
1467100 1387
1467110 1388
1467120 1388
1467130 1391
1467140 1396
1467150 1396
1467160 1401
1467170 1405
1467180 1405
1467190 1409
1467200 1416
1467210 1416
1467220 1424
1467230 1431
1467240 1438
1467250 1438
1467260 1444
1467270 1451
1467280 1451
1467290 1456
1467300 1459
1467310 1459
1467320 1463
1467330 1465
1467340 1465
1467350 1467
1467360 1470
1467370 1470
1467380 1472
1467390 1475
1467400 1480
1467410 1480
1467420 1485
1467430 1492
1467440 1492
1467450 1500
1467460 1509
1467470 1509
1467480 1516
1467490 1523
1467500 1523
1467510 1529
1467520 1535
1467530 1535
1467540 1544
1467550 1554
1467560 1554
1467570 1563
1467580 1572
1467590 1577
1467600 1577
1467610 1576
1467620 1575
1467630 1575
1467640 1577
1467650 1581
1467660 1581
1467670 1585
1467680 1590
1467690 1590
1467700 1596
1467710 1601
1467720 1601
1467730 1606
1467740 1611
1467750 1615
1467760 1615
1467770 1618
1467780 1622
1467790 1622
1467800 1627
1467810 1633
1467820 1633
1467830 1640
1467840 1647
1467850 1647
1467860 1652
1467870 1658
1467880 1658
1467890 1663
1467900 1666
1467910 1666
1467920 1669
1467930 1671
1467940 1673
1467950 1673
1467960 1673
1467970 1674
1467980 1674
1467990 1678
1468000 1686
1468010 1686
1468020 1691
1468030 1696
1468040 1696
1468050 1700
1468060 1702
1468070 1702
1468080 1704
1468090 1707
1468100 1709
1468110 1709
1468120 1712
1468130 1715
1468140 1715
1468150 1718
1468160 1722
1468170 1722
1468180 1725
1468190 1730
1468200 1730
1468210 1736
1468220 1742
1468230 1742
1468240 1748
1468250 1752
1468260 1752
1468270 1754
1468280 1756
1468290 1759
1468300 1759
1468310 1762
1468320 1766
1468330 1766
1468340 1771
1468350 1774
1468360 1774
1468370 1779
1468380 1782
1468390 1782
1468400 1786
1468410 1791
1468420 1791
1468430 1794
1468440 1797
1468450 1799
1468460 1799
1468470 1803
1468480 1809
1468490 1809
1468500 1817
1468510 1826
1468520 1826
1468530 1838
1468540 1847
1468550 1847
1468560 1853
1468570 1858
1468580 1858
1468590 1864
1468600 1869
1468610 1869
1468620 1874
1468630 1878
1468640 1883
1468650 1883
1468660 1888
1468670 1893
1468680 1893
1468690 1899
1468700 1903
1468710 1903
1468720 1908
1468730 1912
1468740 1912
1468750 1917
1468760 1922
1468770 1922
1468780 1928
1468790 1933
1468800 1939
1468810 1939
1468820 1943
1468830 1948
1468840 1948
1468850 1953
1468860 1958
1468870 1958
1468880 1962
1468890 1967
1468900 1967
1468910 1971
1468920 1974
1468930 1974
1468940 1978
1468950 1981
1468960 1981
1468970 1984
1468980 1987
1468990 1990
1469000 1990
1469010 1992
1469020 1994
1469030 1994
1469040 1996
1469050 1999
1469060 1999
1469070 2002
1469080 2005
1469090 2005
1469100 2009
1469110 2013
1469120 2013
1469130 2016
1469140 2019
1469150 2023
1469160 2023
1469170 2026
1469180 2030
1469190 2030
1469200 2033
1469210 2035
1469220 2035
1469230 2037
1469240 2039
1469250 2039
1469260 2042
1469270 2044
1469280 2044
1469290 2046
1469300 2049
1469310 2049
1469320 2052
1469330 2054
1469340 2056
1469350 2056
1469360 2057
1469370 2059
1469380 2059
1469390 2061
1469400 2062
1469410 2062
1469420 2062
1469430 2065
1469440 2065
1469450 2068
1469460 2071
1469470 2071
1469480 2073
1469490 2073
1469500 2075
1469510 2075
1469520 2077
1469530 2081
1469540 2081
1469550 2086
1469560 2092
1469570 2092
1469580 2098
1469590 2106
1469600 2106
1469610 2114
1469620 2121
1469630 2121
1469640 2127
1469650 2131
1469660 2131
1469670 2136
1469680 2140
1469690 2143
1469700 2143
1469710 2146
1469720 2147
1469730 2147
1469740 2148
1469750 2149
1469760 2149
1469770 2150
1469780 2149
1469790 2149
1469800 2149
1469810 2147
1469820 2147
1469830 2145
1469840 2142
1469850 2141
1469860 2141
1469870 2140
1469880 2138
1469890 2138
1469900 2136
1469910 2135
1469920 2135
1469930 2133
1469940 2129
1469950 2129
1469960 2124
1469970 2120
1469980 2120
1469990 2116
1470000 2111
1470010 2111
1470020 2105
1470030 2100
1470040 2095
1470050 2095
1470060 2089
1470070 2083
1470080 2083
1470090 2076
1470100 2072
1470110 2072
1470120 2069
1470130 2067
1470140 2067
1470150 2064
1470160 2060
1470170 2060
1470180 2054
1470190 2046
1470200 2041
1470210 2041
1470220 2037
1470230 2037
1470240 2037
1470250 2037
1470260 2035
1470270 2035
1470280 2033
1470290 2031
1470300 2031
1470310 2029
1470320 2027
1470330 2027
1470340 2027
1470350 2027
1470360 2027
1470370 2028
1470380 2032
1470390 2038
1470400 2038
1470410 2043
1470420 2046
1470430 2046
1470440 2045
1470450 2042
1470460 2042
1470470 2039
1470480 2036
1470490 2036
1470500 2032
1470510 2026
1470520 2026
1470530 2024
1470540 2024
1470550 2026
1470560 2026
1470570 2028
1470580 2030
1470590 2030
1470600 2032
1470610 2033
1470620 2033
1470630 2034
1470640 2032
1470650 2032
1470660 2030
1470670 2030
1470680 2030
1470690 2029
1470700 2029
1470710 2029
1470720 2027
1470730 2025
1470740 2022
1470750 2022
1470760 2020
1470770 2018
1470780 2018
1470790 2017
1470800 2016
1470810 2016
1470820 2014
1470830 2012
1470840 2012
1470850 2010
1470860 2008
1470870 2008
1470880 2005
1470890 2003
1470900 2001
1470910 2001
1470920 1997
1470930 1995
1470940 1995
1470950 1992
1470960 1990
1470970 1990
1470980 1988
1470990 1984
1471000 1984
1471010 1981
1471020 1979
1471030 1979
1471040 1975
1471050 1971
1471060 1971
1471070 1967
1471080 1960
1471090 1953
1471100 1953
1471110 1949
1471120 1945
1471130 1945
1471140 1942
1471150 1941
1471160 1941
1471170 1940
1471180 1937
1471190 1937
1471200 1930
1471210 1922
1471220 1922
1471230 1917
1471240 1911
1471250 1905
1471260 1905
1471270 1901
1471280 1897
1471290 1897
1471300 1893
1471310 1890
1471320 1890
1471330 1886
1471340 1879
1471350 1879
1471360 1873
1471370 1867
1471380 1867
1471390 1861
1471400 1857
1471410 1857
1471420 1855
1471430 1854
1471440 1853
1471450 1853
1471460 1852
1471470 1851
1471480 1851
1471490 1849
1471500 1848
1471510 1848
1471520 1846
1471530 1844
1471540 1844
1471550 1843
1471560 1840
1471570 1840
1471580 1839
1471590 1837
1471600 1835
1471610 1835
1471620 1831
1471630 1825
1471640 1825
1471650 1821
1471660 1816
1471670 1816
1471680 1812
1471690 1809
1471700 1809
1471710 1806
1471720 1805
1471730 1805
1471740 1804
1471750 1802
1471760 1802
1471770 1799
1471780 1798
1471790 1798
1471800 1798
1471810 1798
1471820 1798
1471830 1798
1471840 1798
1471850 1798
1471860 1798
1471870 1799
1471880 1800
1471890 1800
1471900 1799
1471910 1800
1471920 1800
1471930 1800
1471940 1800
1471950 1799
1471960 1799
1471970 1797
1471980 1794
1471990 1794
1472000 1792
1472010 1789
1472020 1789
1472030 1788
1472040 1787
1472050 1787
1472060 1786
1472070 1785
1472080 1785
1472090 1785
1472100 1785
1472110 1785
1472120 1782
1472130 1779
1472140 1777
1472150 1777
1472160 1774
1472170 1771
1472180 1771
1472190 1768
1472200 1766
1472210 1766
1472220 1763
1472230 1761
1472240 1761
1472250 1758
1472260 1755
1472270 1755
1472280 1751
1472290 1748
1472300 1747
1472310 1747
1472320 1743
1472330 1738
1472340 1738
1472350 1733
1472360 1729
1472370 1729
1472380 1725
1472390 1720
1472400 1720
1472410 1714
1472420 1711
1472430 1711
1472440 1706
1472450 1701
1472460 1701
1472470 1695
1472480 1689
1472490 1683
1472500 1683
1472510 1676
1472520 1670
1472530 1670
1472540 1664
1472550 1658
1472560 1658
1472570 1652
1472580 1646
1472590 1646
1472600 1640
1472610 1634
1472620 1634
1472630 1628
1472640 1622
1472650 1616
1472660 1616
1472670 1609
1472680 1603
1472690 1603
1472700 1597
1472710 1591
1472720 1591
1472730 1584
1472740 1577
1472750 1577
1472760 1571
1472770 1566
1472780 1566
1472790 1560
1472800 1553
1472810 1553
1472820 1546
1472830 1538
1472840 1528
1472850 1528
1472860 1518
1472870 1508
1472880 1508
1472890 1500
1472900 1492
1472910 1492
1472920 1484
1472930 1477
1472940 1477
1472950 1471
1472960 1464
1472970 1464
1472980 1457
1472990 1450
1473000 1444
1473010 1444
1473020 1437
1473030 1431
1473040 1431
1473050 1425
1473060 1418
1473070 1418
1473080 1412
1473090 1405
1473100 1405
1473110 1400
1473120 1394
1473130 1394
1473140 1387
1473150 1381
1473160 1381
1473170 1375
1473180 1368
1473190 1363
1473200 1363
1473210 1357
1473220 1352
1473230 1352
1473240 1346
1473250 1340
1473260 1340
1473270 1335
1473280 1329
1473290 1329
1473300 1323
1473310 1318
1473320 1318
1473330 1311
1473340 1305
1473350 1299
1473360 1299
1473370 1291
1473380 1286
1473390 1286
1473400 1280
1473410 1273
1473420 1273
1473430 1265
1473440 1258
1473450 1258
1473460 1250
1473470 1239
1473480 1239
1473490 1226
1473500 1214
1473510 1214
1473520 1203
1473530 1194
1473540 1185
1473550 1185
1473560 1176
1473570 1165
1473580 1165
1473590 1157
1473600 1158
1473610 1158
1473620 1154
1473630 1146
1473640 1146
1473650 1137
1473660 1124
1473670 1124
1473680 1112
1473690 1108
1473700 1108
1473710 1108
1473720 1108
1473730 1109
1473740 1109
1473750 1120
1473760 1133
1473770 1133
1473780 1140
1473790 1148
1473800 1148
1473810 1158
1473820 1171
1473830 1171
1473840 1180
1473850 1192
1473860 1192
1473870 1203
1473880 1212
1473890 1220
1473900 1220
1473910 1228
1473920 1235
1473930 1235
1473940 1239
1473950 1243
1473960 1243
1473970 1247
1473980 1251
1473990 1251
1474000 1254
1474010 1258
1474020 1258
1474030 1261
1474040 1264
1474050 1268
1474060 1268
1474070 1273
1474080 1276
1474090 1276
1474100 1278
1474110 1281
1474120 1281
1474130 1288
1474140 1296
1474150 1296
1474160 1303
1474170 1310
1474180 1310
1474190 1316
1474200 1322
1474210 1322
1474220 1328
1474230 1334
1474240 1341
1474250 1341
1474260 1347
1474270 1352
1474280 1352
1474290 1358
1474300 1363
1474310 1363
1474320 1370
1474330 1376
1474340 1376
1474350 1382
1474360 1389
1474370 1389
1474380 1396
1474390 1403
1474400 1409
1474410 1409
1474420 1415
1474430 1421
1474440 1421
1474450 1427
1474460 1433
1474470 1433
1474480 1439
1474490 1444
1474500 1444
1474510 1451
1474520 1459
1474530 1459
1474540 1466
1474550 1474
1474560 1474
1474570 1482
1474580 1490
1474590 1498
1474600 1498
1474610 1504
1474620 1509
1474630 1509
1474640 1517
1474650 1526
1474660 1526
1474670 1535
1474680 1537
1474690 1537
1474700 1536
1474710 1535
1474720 1535
1474730 1538
1474740 1544
1474750 1552
1474760 1552
1474770 1559
1474780 1566
1474790 1566
1474800 1571
1474810 1575
1474820 1575
1474830 1579
1474840 1584
1474850 1584
1474860 1591
1474870 1598
1474880 1598
1474890 1606
1474900 1614
1474910 1614
1474920 1623
1474930 1631
1474940 1639
1474950 1639
1474960 1647
1474970 1655
1474980 1655
1474990 1663
1475000 1673
1475010 1673
1475020 1687
1475030 1704
1475040 1704
1475050 1715
1475060 1725
1475070 1725
1475080 1733
1475090 1737
1475100 1740
1475110 1740
1475120 1745
1475130 1753
1475140 1753
1475150 1760
1475160 1767
1475170 1767
1475180 1774
1475190 1779
1475200 1779
1475210 1783
1475220 1790
1475230 1790
1475240 1798
1475250 1801
1475260 1801
1475270 1798
1475280 1795
1475290 1794
1475300 1794
1475310 1796
1475320 1796
1475330 1796
1475340 1794
1475350 1792
1475360 1792
1475370 1794
1475380 1796
1475390 1796
1475400 1797
1475410 1801
1475420 1801
1475430 1808
1475440 1813
1475450 1816
1475460 1816
1475470 1821
1475480 1832
1475490 1832
1475500 1844
1475510 1857
1475520 1857
1475530 1865
1475540 1873
1475550 1873
1475560 1882
1475570 1891
1475580 1891
1475590 1900
1475600 1907
1475610 1907
1475620 1913
1475630 1921
1475640 1928
1475650 1928
1475660 1937
1475670 1944
1475680 1944
1475690 1952
1475700 1959
1475710 1959
1475720 1965
1475730 1969
1475740 1969
1475750 1971
1475760 1971
1475770 1971
1475780 1971
1475790 1970
1475800 1966
1475810 1966
1475820 1958
1475830 1951
1475840 1951
1475850 1944
1475860 1937
1475870 1937
1475880 1931
1475890 1927
1475900 1927
1475910 1923
1475920 1918
1475930 1918
1475940 1914
1475950 1912
1475960 1912
1475970 1909
1475980 1908
1475990 1908
1476000 1908
1476010 1910
1476020 1911
1476030 1911
1476040 1912
1476050 1913
1476060 1913
1476070 1912
1476080 1912
1476090 1912
1476100 1911
1476110 1909
1476120 1909
1476130 1908
1476140 1910
1476150 1914
1476160 1914
1476170 1918
1476180 1921
1476190 1921
1476200 1924
1476210 1926
1476220 1926
1476230 1927
1476240 1928
1476250 1928
1476260 1930
1476270 1932
1476280 1932
1476290 1935
1476300 1938
1476310 1938
1476320 1942
1476330 1946
1476340 1950
1476350 1950
1476360 1955
1476370 1960
1476380 1960
1476390 1966
1476400 1971
1476410 1971
1476420 1977
1476430 1981
1476440 1981
1476450 1986
1476460 1990
1476470 1990
1476480 1995
1476490 2000
1476500 2004
1476510 2004
1476520 2008
1476530 2013
1476540 2013
1476550 2019
1476560 2024
1476570 2024
1476580 2029
1476590 2035
1476600 2035
1476610 2042
1476620 2049
1476630 2049
1476640 2056
1476650 2064
1476660 2064
1476670 2072
1476680 2080
1476690 2089
1476700 2089
1476710 2099
1476720 2112
1476730 2112
1476740 2124
1476750 2136
1476760 2136
1476770 2147
1476780 2161
1476790 2161
1476800 2175
1476810 2184
1476820 2184
1476830 2193
1476840 2200
1476850 2207
1476860 2207
1476870 2214
1476880 2223
1476890 2223
1476900 2230
1476910 2237
1476920 2237
1476930 2243
1476940 2248
1476950 2248
1476960 2252
1476970 2257
1476980 2257
1476990 2258
1477000 2257
1477010 2257
1477020 2255
1477030 2252
1477040 2250
1477050 2250
1477060 2248
1477070 2246
1477080 2246
1477090 2244
1477100 2243
1477110 2243
1477120 2242
1477130 2241
1477140 2241
1477150 2241
1477160 2241
1477170 2241
1477180 2241
1477190 2242
1477200 2242
1477210 2242
1477220 2241
1477230 2240
1477240 2240
1477250 2239
1477260 2236
1477270 2236
1477280 2234
1477290 2231
1477300 2231
1477310 2228
1477320 2224
1477330 2224
1477340 2219
1477350 2215
1477360 2215
1477370 2210
1477380 2205
1477390 2200
1477400 2200
1477410 2194
1477420 2189
1477430 2189
1477440 2184
1477450 2179
1477460 2179
1477470 2174
1477480 2169
1477490 2169
1477500 2165
1477510 2161
1477520 2161
1477530 2156
1477540 2152
1477550 2149
1477560 2149
1477570 2145
1477580 2141
1477590 2141
1477600 2138
1477610 2135
1477620 2135
1477630 2132
1477640 2129
1477650 2129
1477660 2126
1477670 2122
1477680 2122
1477690 2122
1477700 2126
1477710 2126
1477720 2128
1477730 2130
1477740 2133
1477750 2133
1477760 2135
1477770 2137
1477780 2137
1477790 2140
1477800 2144
1477810 2144
1477820 2147
1477830 2151
1477840 2151
1477850 2154
1477860 2158
1477870 2158
1477880 2162
1477890 2166
1477900 2170
1477910 2170
1477920 2174
1477930 2177
1477940 2177
1477950 2180
1477960 2183
1477970 2183
1477980 2186
1477990 2189
1478000 2189
1478010 2192
1478020 2194
1478030 2194
1478040 2195
1478050 2194
1478060 2194
1478070 2193
1478080 2190
1478090 2187
1478100 2187
1478110 2184
1478120 2180
1478130 2180
1478140 2177
1478150 2173
1478160 2173
1478170 2169
1478180 2165
1478190 2165
1478200 2161
1478210 2157
1478220 2157
1478230 2154
1478240 2151
1478250 2148
1478260 2148
1478270 2145
1478280 2143
1478290 2143
1478300 2141
1478310 2139
1478320 2139
1478330 2138
1478340 2136
1478350 2136
1478360 2135
1478370 2135
1478380 2135
1478390 2134
1478400 2132
1478410 2132
1478420 2133
1478430 2133
1478440 2134
1478450 2134
1478460 2132
1478470 2131
1478480 2131
1478490 2131
1478500 2129
1478510 2129
1478520 2127
1478530 2124
1478540 2124
1478550 2120
1478560 2118
1478570 2118
1478580 2116
1478590 2114
1478600 2112
1478610 2112
1478620 2109
1478630 2107
1478640 2107
1478650 2104
1478660 2101
1478670 2101
1478680 2098
1478690 2095
1478700 2095
1478710 2093
1478720 2089
1478730 2089
1478740 2086
1478750 2083
1478760 2083
1478770 2080
1478780 2074
1478790 2069
1478800 2069
1478810 2066
1478820 2062
1478830 2062
1478840 2059
1478850 2055
1478860 2055
1478870 2054
1478880 2053
1478890 2053
1478900 2052
1478910 2052
1478920 2052
1478930 2051
1478940 2051
1478950 2050
1478960 2050
1478970 2049
1478980 2048
1478990 2048
1479000 2047
1479010 2046
1479020 2046
1479030 2043
1479040 2039
1479050 2039
1479060 2034
1479070 2029
1479080 2029
1479090 2024
1479100 2019
1479110 2019
1479120 2016
1479130 2012
1479140 2010
1479150 2010
1479160 2008
1479170 2007
1479180 2007
1479190 2009
1479200 2009
1479210 2009
1479220 2010
1479230 2008
1479240 2008
1479250 2005
1479260 2003
1479270 2003
1479280 2001
1479290 1999
1479300 1998
1479310 1998
1479320 1999
1479330 2000
1479340 2000
1479350 2003
1479360 2006
1479370 2006
1479380 2010
1479390 2012
1479400 2012
1479410 2012
1479420 2010
1479430 2010
1479440 2008
1479450 2007
1479460 2007
1479470 2006
1479480 2006
1479490 2006
1479500 2006
1479510 2006
1479520 2007
1479530 2007
1479540 2007
1479550 2006
1479560 2006
1479570 2003
1479580 2001
1479590 2001
1479600 2000
1479610 2000
1479620 2000
1479630 1999
1479640 1999
1479650 1998
1479660 1998
1479670 1997
1479680 1996
1479690 1996
1479700 1995
1479710 1995
1479720 1995
1479730 1995
1479740 1995
1479750 1995
1479760 1996
1479770 1996
1479780 1996
1479790 1997
1479800 1998
1479810 2002
1479820 2002
1479830 2003
1479840 2004
1479850 2004
1479860 2004
1479870 2005
1479880 2005
1479890 2006
1479900 2006
1479910 2006
1479920 2007
1479930 2009
1479940 2009
1479950 2009
1479960 2007
1479970 2007
1479980 2007
1479990 2006
