1460000 1809
1460010 1809
1460020 1810
1460030 1814
1460040 1814
1460050 1818
1460060 1822
1460070 1822
1460080 1826
1460090 1831
1460100 1837
1460110 1837
1460120 1845
1460130 1852
1460140 1852
1460150 1859
1460160 1869
1460170 1869
1460180 1880
1460190 1890
1460200 1890
1460210 1899
1460220 1907
1460230 1907
1460240 1916
1460250 1924
1460260 1931
1460270 1931
1460280 1939
1460290 1949
1460300 1949
1460310 1957
1460320 1964
1460330 1964
1460340 1971
1460350 1980
1460360 1980
1460370 1988
1460380 1994
1460390 1994
1460400 1999
1460410 2004
1460420 2004
1460430 2010
1460440 2016
1460450 2023
1460460 2023
1460470 2029
1460480 2035
1460490 2035
1460500 2041
1460510 2046
1460520 2046
1460530 2051
1460540 2057
1460550 2057
1460560 2064
1460570 2070
1460580 2070
1460590 2078
1460600 2089
1460610 2089
1460620 2101
1460630 2109
1460640 2116
1460650 2116
1460660 2122
1460670 2127
1460680 2127
1460690 2135
1460700 2141
1460710 2141
1460720 2143
1460730 2148
1460740 2148
1460750 2154
1460760 2159
1460770 2159
1460780 2164
1460790 2168
1460800 2172
1460810 2172
1460820 2176
1460830 2179
1460840 2179
1460850 2182
1460860 2184
1460870 2184
1460880 2188
1460890 2193
1460900 2193
1460910 2198
1460920 2205
1460930 2205
1460940 2212
1460950 2218
1460960 2218
1460970 2225
1460980 2231
1460990 2235
1461000 2235
1461010 2241
1461020 2250
1461030 2250
1461040 2256
1461050 2259
1461060 2259
1461070 2263
1461080 2269
1461090 2269
1461100 2275
1461110 2282
1461120 2282
1461130 2291
1461140 2298
1461150 2306
1461160 2306
1461170 2313
1461180 2316
1461190 2316
1461200 2322
1461210 2328
1461220 2328
1461230 2334
1461240 2340
1461250 2340
1461260 2345
1461270 2351
1461280 2351
1461290 2359
1461300 2366
1461310 2366
1461320 2371
1461330 2372
1461340 2374
1461350 2374
1461360 2380
1461370 2386
1461380 2386
1461390 2391
1461400 2394
1461410 2394
1461420 2395
1461430 2394
1461440 2394
1461450 2391
1461460 2390
1461470 2390
1461480 2388
1461490 2388
1461500 2388
1461510 2388
1461520 2390
1461530 2393
1461540 2393
1461550 2393
1461560 2391
1461570 2391
1461580 2390
1461590 2389
1461600 2389
1461610 2387
1461620 2386
1461630 2386
1461640 2387
1461650 2388
1461660 2388
1461670 2390
1461680 2393
1461690 2397
1461700 2397
1461710 2400
1461720 2403
1461730 2403
1461740 2404
1461750 2405
1461760 2405
1461770 2404
1461780 2404
1461790 2404
1461800 2404
1461810 2404
1461820 2404
1461830 2405
1461840 2405
1461850 2405
1461860 2404
1461870 2401
1461880 2400
1461890 2400
1461900 2395
1461910 2388
1461920 2388
1461930 2380
1461940 2371
1461950 2371
1461960 2362
1461970 2352
1461980 2352
1461990 2344
1462000 2335
1462010 2335
1462020 2325
1462030 2316
1462040 2309
1462050 2309
1462060 2303
1462070 2300
1462080 2300
1462090 2299
1462100 2298
1462110 2298
1462120 2296
1462130 2295
1462140 2295
1462150 2294
1462160 2292
1462170 2292
1462180 2290
1462190 2291
1462200 2291
1462210 2292
1462220 2293
1462230 2297
1462240 2297
1462250 2300
1462260 2303
1462270 2303
1462280 2306
1462290 2309
1462300 2309
1462310 2315
1462320 2320
1462330 2320
1462340 2324
1462350 2328
1462360 2328
1462370 2333
1462380 2339
1462390 2342
1462400 2342
1462410 2346
1462420 2353
1462430 2353
1462440 2359
1462450 2366
1462460 2366
1462470 2374
1462480 2373
1462490 2373
1462500 2367
1462510 2359
1462520 2359
1462530 2351
1462540 2347
1462550 2347
1462560 2343
1462570 2340
1462580 2336
1462590 2336
1462600 2333
1462610 2331
1462620 2331
1462630 2328
1462640 2325
1462650 2325
1462660 2323
1462670 2318
1462680 2318
1462690 2316
1462700 2316
1462710 2316
1462720 2319
1462730 2317
1462740 2313
1462750 2313
1462760 2308
1462770 2297
1462780 2297
1462790 2284
1462800 2272
1462810 2272
1462820 2258
1462830 2245
1462840 2245
1462850 2234
1462860 2227
1462870 2227
1462880 2222
1462890 2216
1462900 2216
1462910 2210
1462920 2203
1462930 2193
1462940 2193
1462950 2184
1462960 2175
1462970 2175
1462980 2167
1462990 2159
1463000 2159
1463010 2151
1463020 2144
1463030 2144
1463040 2139
1463050 2134
1463060 2134
1463070 2129
1463080 2125
1463090 2125
1463100 2120
1463110 2117
1463120 2114
1463130 2114
1463140 2111
1463150 2108
1463160 2108
1463170 2106
1463180 2105
1463190 2105
1463200 2104
1463210 2105
1463220 2105
1463230 2105
1463240 2105
1463250 2105
1463260 2107
1463270 2110
1463280 2111
1463290 2111
1463300 2113
1463310 2115
1463320 2115
1463330 2115
1463340 2117
1463350 2117
1463360 2119
1463370 2123
1463380 2123
1463390 2126
1463400 2129
1463410 2129
1463420 2132
1463430 2131
1463440 2131
1463450 2129
1463460 2128
1463470 2124
1463480 2124
1463490 2123
1463500 2122
1463510 2122
1463520 2120
1463530 2119
1463540 2119
1463550 2119
1463560 2117
1463570 2117
1463580 2117
1463590 2119
1463600 2119
1463610 2120
1463620 2123
1463630 2126
1463640 2126
1463650 2131
1463660 2133
1463670 2133
1463680 2135
1463690 2138
1463700 2138
1463710 2148
1463720 2157
1463730 2157
1463740 2160
1463750 2162
1463760 2162
1463770 2165
1463780 2169
1463790 2169
1463800 2171
1463810 2174
1463820 2175
1463830 2175
1463840 2174
1463850 2173
1463860 2173
1463870 2171
1463880 2170
1463890 2170
1463900 2170
1463910 2169
1463920 2169
1463930 2171
1463940 2177
1463950 2177
1463960 2180
1463970 2180
1463980 2178
1463990 2178
1464000 2175
1464010 2170
1464020 2170
1464030 2165
1464040 2160
1464050 2160
1464060 2153
1464070 2144
1464080 2144
1464090 2136
1464100 2129
1464110 2129
1464120 2120
1464130 2114
1464140 2114
1464150 2108
1464160 2102
1464170 2096
1464180 2096
1464190 2092
1464200 2089
1464210 2089
1464220 2085
1464230 2080
1464240 2080
1464250 2077
1464260 2074
1464270 2074
1464280 2070
1464290 2064
1464300 2064
1464310 2060
1464320 2056
1464330 2056
1464340 2050
1464350 2043
1464360 2039
1464370 2039
1464380 2034
1464390 2028
1464400 2028
1464410 2022
1464420 2012
1464430 2012
1464440 2002
1464450 1996
1464460 1996
1464470 1990
1464480 1983
1464490 1983
1464500 1971
1464510 1961
1464520 1953
1464530 1953
1464540 1949
1464550 1945
1464560 1945
1464570 1941
1464580 1938
1464590 1938
1464600 1943
1464610 1942
1464620 1942
1464630 1941
1464640 1939
1464650 1939
1464660 1937
1464670 1934
1464680 1934
1464690 1933
1464700 1931
1464710 1930
1464720 1930
1464730 1930
1464740 1929
1464750 1929
1464760 1928
1464770 1925
1464780 1925
1464790 1923
1464800 1920
1464810 1920
1464820 1917
1464830 1915
1464840 1915
1464850 1912
1464860 1909
1464870 1907
1464880 1907
1464890 1905
1464900 1902
1464910 1902
1464920 1899
1464930 1896
1464940 1896
1464950 1894
1464960 1897
1464970 1897
1464980 1903
1464990 1907
1465000 1907
1465010 1907
1465020 1907
1465030 1907
1465040 1908
1465050 1909
1465060 1908
1465070 1908
1465080 1906
1465090 1904
1465100 1904
1465110 1902
1465120 1900
1465130 1900
1465140 1898
1465150 1896
1465160 1896
1465170 1894
1465180 1892
1465190 1892
1465200 1890
1465210 1885
1465220 1880
1465230 1880
1465240 1875
1465250 1870
1465260 1870
1465270 1866
1465280 1861
1465290 1861
1465300 1857
1465310 1853
1465320 1853
1465330 1848
1465340 1843
1465350 1843
1465360 1838
1465370 1834
1465380 1834
1465390 1829
1465400 1826
1465410 1822
1465420 1822
1465430 1818
1465440 1814
1465450 1814
1465460 1810
1465470 1807
1465480 1807
1465490 1802
1465500 1798
1465510 1798
1465520 1793
1465530 1788
1465540 1788
1465550 1782
1465560 1777
1465570 1777
1465580 1772
1465590 1766
1465600 1757
1465610 1757
1465620 1746
1465630 1735
1465640 1735
1465650 1725
1465660 1714
1465670 1714
1465680 1706
1465690 1700
1465700 1700
1465710 1693
1465720 1685
1465730 1685
1465740 1678
1465750 1671
1465760 1665
1465770 1665
1465780 1659
1465790 1653
1465800 1653
1465810 1647
1465820 1642
1465830 1642
1465840 1635
1465850 1630
1465860 1630
1465870 1627
1465880 1624
1465890 1624
1465900 1622
1465910 1617
1465920 1617
1465930 1611
1465940 1604
1465950 1598
1465960 1598
1465970 1592
1465980 1589
1465990 1589
1466000 1583
1466010 1574
1466020 1574
1466030 1569
1466040 1565
1466050 1565
1466060 1560
1466070 1556
1466080 1556
1466090 1553
1466100 1548
1466110 1544
1466120 1544
1466130 1541
1466140 1536
1466150 1536
1466160 1532
1466170 1525
1466180 1525
1466190 1518
1466200 1512
1466210 1512
1466220 1507
1466230 1503
1466240 1503
1466250 1498
1466260 1491
1466270 1491
1466280 1486
1466290 1481
1466300 1477
1466310 1477
1466320 1473
1466330 1471
1466340 1471
1466350 1467
1466360 1465
1466370 1465
1466380 1462
1466390 1460
1466400 1460
1466410 1456
1466420 1455
1466430 1455
1466440 1454
1466450 1453
1466460 1450
1466470 1450
1466480 1449
1466490 1448
1466500 1448
1466510 1448
1466520 1449
1466530 1449
1466540 1452
1466550 1457
1466560 1457
1466570 1463
1466580 1468
1466590 1468
1466600 1473
1466610 1479
1466620 1479
1466630 1485
1466640 1490
1466650 1493
1466660 1493
1466670 1495
1466680 1496
1466690 1496
1466700 1499
1466710 1504
1466720 1504
1466730 1510
1466740 1515
1466750 1515
1466760 1520
1466770 1526
1466780 1526
1466790 1531
1466800 1534
1466810 1534
1466820 1535
1466830 1535
1466840 1535
1466850 1535
1466860 1538
1466870 1546
1466880 1546
1466890 1554
1466900 1562
1466910 1562
1466920 1571
1466930 1577
1466940 1577
1466950 1583
1466960 1587
1466970 1587
1466980 1591
1466990 1597
1467000 1603
1467010 1603
1467020 1608
1467030 1613
1467040 1613
1467050 1619
1467060 1623
1467070 1623
1467080 1628
1467090 1632
1467100 1632
1467110 1635
1467120 1638
1467130 1638
1467140 1640
1467150 1642
1467160 1642
1467170 1644
1467180 1645
1467190 1645
1467200 1645
1467210 1646
1467220 1647
1467230 1647
1467240 1649
1467250 1651
1467260 1651
1467270 1653
1467280 1655
1467290 1655
1467300 1659
1467310 1663
1467320 1663
1467330 1665
1467340 1667
1467350 1669
1467360 1669
1467370 1669
1467380 1670
1467390 1670
1467400 1673
1467410 1676
1467420 1676
1467430 1678
1467440 1681
1467450 1681
1467460 1684
1467470 1687
1467480 1687
1467490 1689
1467500 1692
1467510 1692
1467520 1695
1467530 1697
1467540 1699
1467550 1699
1467560 1701
1467570 1703
1467580 1703
1467590 1705
1467600 1708
1467610 1708
1467620 1710
1467630 1708
1467640 1708
1467650 1707
1467660 1704
1467670 1704
1467680 1700
1467690 1695
1467700 1692
1467710 1692
1467720 1689
1467730 1685
1467740 1685
1467750 1681
1467760 1676
1467770 1676
1467780 1672
1467790 1668
1467800 1668
1467810 1661
1467820 1661
1467830 1661
1467840 1661
1467850 1663
1467860 1663
1467870 1669
1467880 1676
1467890 1681
1467900 1681
1467910 1682
1467920 1683
1467930 1683
1467940 1693
1467950 1705
1467960 1705
1467970 1716
1467980 1723
1467990 1723
1468000 1730
1468010 1738
1468020 1738
1468030 1745
1468040 1754
1468050 1754
1468060 1762
1468070 1769
1468080 1774
1468090 1774
1468100 1779
1468110 1784
1468120 1784
1468130 1790
1468140 1796
1468150 1796
1468160 1802
1468170 1809
1468180 1809
1468190 1817
1468200 1824
1468210 1824
1468220 1832
1468230 1839
1468240 1846
1468250 1846
1468260 1853
1468270 1861
1468280 1861
1468290 1869
1468300 1877
1468310 1877
1468320 1884
1468330 1891
1468340 1891
1468350 1899
1468360 1907
1468370 1907
1468380 1915
1468390 1921
1468400 1921
1468410 1927
1468420 1934
1468430 1941
1468440 1941
1468450 1948
1468460 1954
1468470 1954
1468480 1957
1468490 1957
1468500 1957
1468510 1956
1468520 1953
1468530 1953
1468540 1951
1468550 1950
1468560 1950
1468570 1950
1468580 1950
1468590 1951
1468600 1951
1468610 1957
1468620 1964
1468630 1964
1468640 1971
1468650 1976
1468660 1976
1468670 1980
1468680 1986
1468690 1986
1468700 1993
1468710 1999
1468720 1999
1468730 2005
1468740 2013
1468750 2013
1468760 2020
1468770 2027
1468780 2034
1468790 2034
1468800 2041
1468810 2048
1468820 2048
1468830 2055
1468840 2062
1468850 2062
1468860 2069
1468870 2076
1468880 2076
1468890 2083
1468900 2090
1468910 2090
1468920 2097
1468930 2104
1468940 2104
1468950 2111
1468960 2118
1468970 2125
1468980 2125
1468990 2132
1469000 2139
1469010 2139
1469020 2145
1469030 2151
1469040 2151
1469050 2158
1469060 2163
1469070 2163
1469080 2168
1469090 2173
1469100 2173
1469110 2178
1469120 2183
1469130 2188
1469140 2188
1469150 2193
1469160 2197
1469170 2197
1469180 2202
1469190 2208
1469200 2208
1469210 2214
1469220 2220
1469230 2220
1469240 2228
1469250 2235
1469260 2235
1469270 2241
1469280 2249
1469290 2249
1469300 2256
1469310 2263
1469320 2269
1469330 2269
1469340 2275
1469350 2278
1469360 2278
1469370 2281
1469380 2281
1469390 2281
1469400 2277
1469410 2272
1469420 2272
1469430 2268
1469440 2262
1469450 2262
1469460 2257
1469470 2251
1469480 2244
1469490 2244
1469500 2237
1469510 2230
1469520 2230
1469530 2223
1469540 2217
1469550 2217
1469560 2210
1469570 2204
1469580 2204
1469590 2197
1469600 2193
1469610 2193
1469620 2189
1469630 2185
1469640 2185
1469650 2182
1469660 2178
1469670 2174
1469680 2174
1469690 2171
1469700 2169
1469710 2169
1469720 2166
1469730 2163
1469740 2163
1469750 2160
1469760 2156
1469770 2156
1469780 2155
1469790 2153
1469800 2153
1469810 2151
1469820 2149
1469830 2149
1469840 2149
1469850 2148
1469860 2147
1469870 2147
1469880 2142
1469890 2138
1469900 2138
1469910 2134
1469920 2132
1469930 2132
1469940 2129
1469950 2126
1469960 2126
1469970 2123
1469980 2120
1469990 2120
1470000 2116
1470010 2112
1470020 2108
1470030 2108
1470040 2105
1470050 2101
1470060 2101
1470070 2097
1470080 2093
1470090 2093
1470100 2089
1470110 2087
1470120 2087
1470130 2085
1470140 2084
1470150 2084
1470160 2081
1470170 2078
1470180 2078
1470190 2075
1470200 2070
1470210 2067
1470220 2067
1470230 2063
1470240 2059
1470250 2059
1470260 2054
1470270 2050
1470280 2050
1470290 2048
1470300 2047
1470310 2047
1470320 2046
1470330 2045
1470340 2045
1470350 2043
1470360 2041
1470370 2038
1470380 2038
1470390 2034
1470400 2029
1470410 2029
1470420 2026
1470430 2023
1470440 2023
1470450 2022
1470460 2019
1470470 2019
1470480 2015
1470490 2013
1470500 2013
1470510 2011
1470520 2009
1470530 2009
1470540 2008
1470550 2006
1470560 2004
1470570 2004
1470580 2001
1470590 1998
1470600 1998
1470610 1996
1470620 1993
1470630 1993
1470640 1991
1470650 1988
1470660 1988
1470670 1986
1470680 1983
1470690 1983
1470700 1981
1470710 1980
1470720 1978
1470730 1978
1470740 1976
1470750 1973
1470760 1973
1470770 1970
1470780 1967
1470790 1967
1470800 1965
1470810 1963
1470820 1963
1470830 1961
1470840 1959
1470850 1959
1470860 1957
1470870 1955
1470880 1955
1470890 1953
1470900 1951
1470910 1949
1470920 1949
1470930 1948
1470940 1946
1470950 1946
1470960 1944
1470970 1943
1470980 1943
1470990 1941
1471000 1940
1471010 1940
1471020 1939
1471030 1938
1471040 1938
1471050 1936
1471060 1934
1471070 1932
1471080 1932
1471090 1929
1471100 1927
1471110 1927
1471120 1924
1471130 1923
1471140 1923
1471150 1920
1471160 1917
1471170 1917
1471180 1913
1471190 1911
1471200 1911
1471210 1908
1471220 1905
1471230 1905
1471240 1902
1471250 1898
1471260 1893
1471270 1893
1471280 1888
1471290 1886
1471300 1886
1471310 1889
1471320 1889
1471330 1889
1471340 1888
1471350 1887
1471360 1887
1471370 1885
1471380 1884
1471390 1884
1471400 1883
1471410 1880
1471420 1880
1471430 1876
1471440 1872
1471450 1868
1471460 1868
1471470 1864
1471480 1860
1471490 1860
1471500 1857
1471510 1855
1471520 1855
1471530 1853
1471540 1850
1471550 1850
1471560 1849
1471570 1846
1471580 1846
1471590 1843
1471600 1841
1471610 1839
1471620 1839
1471630 1836
1471640 1833
1471650 1833
1471660 1830
1471670 1826
1471680 1826
1471690 1824
1471700 1820
1471710 1820
1471720 1818
1471730 1815
1471740 1815
1471750 1813
1471760 1812
1471770 1812
1471780 1807
1471790 1801
1471800 1802
1471810 1802
1471820 1805
1471830 1810
1471840 1810
1471850 1814
1471860 1816
1471870 1816
1471880 1819
1471890 1819
1471900 1819
1471910 1818
1471920 1817
1471930 1817
1471940 1815
1471950 1814
1471960 1813
1471970 1813
1471980 1811
1471990 1809
1472000 1809
1472010 1807
1472020 1804
1472030 1804
1472040 1798
1472050 1793
1472060 1793
1472070 1791
1472080 1788
1472090 1788
1472100 1784
1472110 1779
1472120 1779
1472130 1776
1472140 1772
1472150 1770
1472160 1770
1472170 1767
1472180 1763
1472190 1763
1472200 1758
1472210 1752
1472220 1752
1472230 1746
1472240 1742
1472250 1742
1472260 1738
1472270 1735
1472280 1735
1472290 1732
1472300 1729
1472310 1725
1472320 1725
1472330 1721
1472340 1717
1472350 1717
1472360 1712
1472370 1707
1472380 1707
1472390 1702
1472400 1697
1472410 1697
1472420 1692
1472430 1685
1472440 1685
1472450 1677
1472460 1671
1472470 1671
1472480 1666
1472490 1661
1472500 1654
1472510 1654
1472520 1647
1472530 1639
1472540 1639
1472550 1631
1472560 1624
1472570 1624
1472580 1617
1472590 1609
1472600 1609
1472610 1601
1472620 1592
1472630 1592
1472640 1586
1472650 1580
1472660 1580
1472670 1573
1472680 1564
1472690 1555
1472700 1555
1472710 1547
1472720 1539
1472730 1539
1472740 1533
1472750 1529
1472760 1529
1472770 1525
1472780 1519
1472790 1519
1472800 1513
1472810 1509
1472820 1509
1472830 1504
1472840 1498
1472850 1491
1472860 1491
1472870 1484
1472880 1476
1472890 1476
1472900 1468
1472910 1460
1472920 1460
1472930 1453
1472940 1446
1472950 1446
1472960 1439
1472970 1431
1472980 1431
1472990 1422
1473000 1415
1473010 1415
1473020 1406
1473030 1393
1473040 1382
1473050 1382
1473060 1375
1473070 1370
1473080 1370
1473090 1371
1473100 1373
1473110 1373
1473120 1374
1473130 1375
1473140 1375
1473150 1378
1473160 1384
1473170 1384
1473180 1390
1473190 1398
1473200 1404
1473210 1404
1473220 1409
1473230 1413
1473240 1413
1473250 1418
1473260 1424
1473270 1424
1473280 1430
1473290 1436
1473300 1436
1473310 1441
1473320 1444
1473330 1444
1473340 1446
1473350 1450
1473360 1450
1473370 1455
1473380 1462
1473390 1470
1473400 1470
1473410 1478
1473420 1484
1473430 1484
1473440 1491
1473450 1498
1473460 1498
1473470 1505
1473480 1511
1473490 1511
1473500 1517
1473510 1523
1473520 1523
1473530 1528
1473540 1533
1473550 1540
1473560 1540
1473570 1547
1473580 1555
1473590 1555
1473600 1564
1473610 1573
1473620 1573
1473630 1583
1473640 1591
1473650 1591
1473660 1601
1473670 1611
1473680 1611
1473690 1621
1473700 1632
1473710 1632
1473720 1643
1473730 1652
1473740 1661
1473750 1661
1473760 1672
1473770 1682
1473780 1682
1473790 1690
1473800 1698
1473810 1698
1473820 1706
1473830 1713
1473840 1713
1473850 1719
1473860 1723
1473870 1723
1473880 1724
1473890 1726
1473900 1726
1473910 1728
1473920 1731
1473930 1738
1473940 1738
1473950 1747
1473960 1755
1473970 1755
1473980 1763
1473990 1770
1474000 1770
1474010 1776
1474020 1783
1474030 1783
1474040 1790
1474050 1798
1474060 1798
1474070 1807
1474080 1815
1474090 1824
1474100 1824
1474110 1832
1474120 1840
1474130 1840
1474140 1848
1474150 1854
1474160 1854
1474170 1861
1474180 1867
1474190 1867
1474200 1872
1474210 1875
1474220 1875
1474230 1876
1474240 1876
1474250 1876
1474260 1877
1474270 1878
1474280 1879
1474290 1879
1474300 1881
1474310 1884
1474320 1884
1474330 1888
1474340 1893
1474350 1893
1474360 1898
1474370 1904
1474380 1904
1474390 1910
1474400 1916
1474410 1916
1474420 1921
1474430 1928
1474440 1935
1474450 1935
1474460 1941
1474470 1944
1474480 1944
1474490 1945
1474500 1948
1474510 1948
1474520 1952
1474530 1954
1474540 1954
1474550 1958
1474560 1964
1474570 1964
1474580 1969
1474590 1976
1474600 1976
1474610 1983
1474620 1991
1474630 1998
1474640 1998
1474650 2005
1474660 2012
1474670 2012
1474680 2020
1474690 2028
1474700 2028
1474710 2036
1474720 2042
1474730 2042
1474740 2048
1474750 2051
1474760 2051
1474770 2052
1474780 2050
1474790 2046
1474800 2046
1474810 2042
1474820 2037
1474830 2037
1474840 2032
1474850 2028
1474860 2028
1474870 2024
1474880 2018
1474890 2018
1474900 2012
1474910 2007
1474920 2007
1474930 2003
1474940 1999
1474950 1999
1474960 1996
1474970 1995
1474980 1993
1474990 1993
1475000 1992
1475010 1991
1475020 1991
1475030 1990
1475040 1990
1475050 1990
1475060 1990
1475070 1992
1475080 1992
1475090 1994
1475100 1997
1475110 1997
1475120 2000
1475130 2004
1475140 2004
1475150 2008
1475160 2013
1475170 2018
1475180 2018
1475190 2023
1475200 2027
1475210 2027
1475220 2029
1475230 2031
1475240 2031
1475250 2034
1475260 2038
1475270 2038
1475280 2042
1475290 2046
1475300 2046
1475310 2047
1475320 2049
1475330 2050
1475340 2050
1475350 2054
1475360 2058
1475370 2058
1475380 2062
1475390 2067
1475400 2067
1475410 2072
1475420 2078
1475430 2078
1475440 2083
1475450 2088
1475460 2088
1475470 2095
1475480 2101
1475490 2101
1475500 2107
1475510 2113
1475520 2119
1475530 2119
1475540 2125
1475550 2131
1475560 2131
1475570 2136
1475580 2140
1475590 2140
1475600 2144
1475610 2149
1475620 2149
1475630 2153
1475640 2158
1475650 2158
1475660 2163
1475670 2167
1475680 2172
1475690 2172
1475700 2177
1475710 2182
1475720 2182
1475730 2187
1475740 2190
1475750 2190
1475760 2194
1475770 2195
1475780 2195
1475790 2193
1475800 2188
1475810 2188
1475820 2180
1475830 2172
1475840 2172
1475850 2165
1475860 2158
1475870 2151
1475880 2151
1475890 2145
1475900 2141
1475910 2141
1475920 2143
1475930 2143
1475940 2143
1475950 2143
1475960 2145
1475970 2145
1475980 2144
1475990 2142
1476000 2142
1476010 2139
1476020 2138
1476030 2137
1476040 2137
1476050 2136
1476060 2135
1476070 2135
1476080 2135
1476090 2135
1476100 2135
1476110 2136
1476120 2135
1476130 2135
1476140 2133
1476150 2129
1476160 2129
1476170 2123
1476180 2118
1476190 2118
1476200 2114
1476210 2111
1476220 2107
1476230 2107
1476240 2105
1476250 2102
1476260 2102
1476270 2101
1476280 2099
1476290 2099
1476300 2098
1476310 2097
1476320 2097
1476330 2095
1476340 2091
1476350 2091
1476360 2087
1476370 2081
1476380 2081
1476390 2073
1476400 2066
1476410 2061
1476420 2061
1476430 2055
1476440 2050
1476450 2050
1476460 2046
1476470 2042
1476480 2042
1476490 2038
1476500 2035
1476510 2035
1476520 2033
1476530 2030
1476540 2030
1476550 2028
1476560 2026
1476570 2023
1476580 2023
1476590 2021
1476600 2019
1476610 2019
1476620 2017
1476630 2015
1476640 2015
1476650 2012
1476660 2011
1476670 2011
1476680 2009
1476690 2007
1476700 2007
1476710 2004
1476720 2002
1476730 2002
1476740 2002
1476750 1999
1476760 1995
1476770 1995
1476780 1989
1476790 1983
1476800 1983
1476810 1979
1476820 1974
1476830 1974
1476840 1969
1476850 1963
1476860 1963
1476870 1958
1476880 1953
1476890 1953
1476900 1948
1476910 1944
1476920 1939
1476930 1939
1476940 1936
1476950 1934
1476960 1934
1476970 1932
1476980 1928
1476990 1928
1477000 1924
1477010 1920
1477020 1920
1477030 1918
1477040 1915
1477050 1915
1477060 1912
1477070 1909
1477080 1909
1477090 1907
1477100 1905
1477110 1903
1477120 1903
1477130 1900
1477140 1898
1477150 1898
1477160 1894
1477170 1891
1477180 1891
1477190 1889
1477200 1886
1477210 1886
1477220 1883
1477230 1881
1477240 1881
1477250 1878
1477260 1875
1477270 1875
1477280 1872
1477290 1870
1477300 1867
1477310 1867
1477320 1864
1477330 1862
1477340 1862
1477350 1860
1477360 1858
1477370 1858
1477380 1857
1477390 1855
1477400 1855
1477410 1854
1477420 1853
1477430 1853
1477440 1852
1477450 1849
1477460 1845
1477470 1845
1477480 1842
1477490 1840
1477500 1840
1477510 1839
1477520 1838
1477530 1838
1477540 1836
1477550 1834
1477560 1834
1477570 1831
1477580 1827
1477590 1827
1477600 1823
1477610 1820
1477620 1820
1477630 1817
1477640 1814
1477650 1811
1477660 1811
1477670 1808
1477680 1804
1477690 1804
1477700 1801
1477710 1796
1477720 1796
1477730 1791
1477740 1786
1477750 1786
1477760 1781
1477770 1776
1477780 1776
1477790 1772
1477800 1767
1477810 1762
1477820 1762
1477830 1756
1477840 1750
1477850 1750
1477860 1746
1477870 1742
1477880 1742
1477890 1736
1477900 1731
1477910 1731
1477920 1725
1477930 1719
1477940 1719
1477950 1713
1477960 1708
1477970 1708
1477980 1702
1477990 1697
1478000 1692
1478010 1692
1478020 1686
1478030 1681
1478040 1681
1478050 1676
1478060 1673
1478070 1673
1478080 1669
1478090 1666
1478100 1666
1478110 1662
1478120 1657
1478130 1657
1478140 1654
1478150 1651
1478160 1647
1478170 1647
1478180 1644
1478190 1639
1478200 1639
1478210 1633
1478220 1627
1478230 1627
1478240 1622
1478250 1616
1478260 1616
1478270 1611
1478280 1605
1478290 1605
1478300 1599
1478310 1595
1478320 1595
1478330 1591
1478340 1587
1478350 1582
1478360 1582
1478370 1578
1478380 1574
1478390 1574
1478400 1570
1478410 1567
1478420 1567
1478430 1564
1478440 1560
1478450 1560
1478460 1555
1478470 1551
1478480 1551
1478490 1547
1478500 1542
1478510 1542
1478520 1539
1478530 1535
1478540 1531
1478550 1531
1478560 1527
1478570 1523
1478580 1523
1478590 1518
1478600 1514
1478610 1514
1478620 1510
1478630 1507
1478640 1507
1478650 1504
1478660 1501
1478670 1501
1478680 1498
1478690 1494
1478700 1491
1478710 1491
1478720 1487
1478730 1486
1478740 1486
1478750 1487
1478760 1487
1478770 1487
1478780 1485
1478790 1482
1478800 1482
1478810 1479
1478820 1477
1478830 1477
1478840 1476
1478850 1475
1478860 1475
1478870 1475
1478880 1474
1478890 1474
1478900 1474
1478910 1473
1478920 1471
1478930 1471
1478940 1468
1478950 1464
1478960 1464
1478970 1460
1478980 1454
1478990 1454
1479000 1445
1479010 1437
1479020 1437
1479030 1431
1479040 1424
1479050 1420
1479060 1420
1479070 1416
1479080 1417
1479090 1417
1479100 1420
1479110 1424
1479120 1424
1479130 1427
1479140 1428
1479150 1428
1479160 1430
1479170 1435
1479180 1435
1479190 1436
1479200 1432
1479210 1432
1479220 1432
1479230 1437
1479240 1439
1479250 1439
1479260 1435
1479270 1437
1479280 1437
1479290 1441
1479300 1443
1479310 1443
1479320 1447
1479330 1453
1479340 1453
1479350 1456
1479360 1460
1479370 1460
1479380 1465
1479390 1469
1479400 1475
1479410 1475
1479420 1479
1479430 1482
1479440 1482
1479450 1486
1479460 1488
1479470 1488
1479480 1491
1479490 1495
1479500 1495
1479510 1500
1479520 1502
1479530 1502
1479540 1505
1479550 1509
1479560 1509
1479570 1512
1479580 1513
1479590 1515
1479600 1515
1479610 1517
1479620 1519
1479630 1519
1479640 1521
1479650 1522
1479660 1522
1479670 1525
1479680 1527
1479690 1527
1479700 1528
1479710 1529
1479720 1529
1479730 1530
1479740 1530
1479750 1530
1479760 1531
1479770 1532
1479780 1532
1479790 1532
1479800 1532
1479810 1531
1479820 1531
1479830 1530
1479840 1529
1479850 1529
1479860 1527
1479870 1526
1479880 1526
1479890 1524
1479900 1520
1479910 1520
1479920 1515
1479930 1511
1479940 1506
1479950 1506
1479960 1502
1479970 1498
1479980 1498
1479990 1490
