1460000 1867
1460010 1867
1460020 1874
1460030 1878
1460040 1878
1460050 1881
1460060 1884
1460070 1889
1460080 1889
1460090 1893
1460100 1898
1460110 1898
1460120 1904
1460130 1910
1460140 1910
1460150 1914
1460160 1917
1460170 1917
1460180 1918
1460190 1921
1460200 1921
1460210 1924
1460220 1928
1460230 1933
1460240 1933
1460250 1937
1460260 1941
1460270 1941
1460280 1946
1460290 1952
1460300 1952
1460310 1958
1460320 1964
1460330 1964
1460340 1972
1460350 1978
1460360 1978
1460370 1981
1460380 1987
1460390 1987
1460400 1994
1460410 2001
1460420 2008
1460430 2008
1460440 2016
1460450 2023
1460460 2023
1460470 2029
1460480 2035
1460490 2035
1460500 2040
1460510 2045
1460520 2045
1460530 2050
1460540 2055
1460550 2055
1460560 2061
1460570 2066
1460580 2066
1460590 2071
1460600 2075
1460610 2079
1460620 2079
1460630 2084
1460640 2089
1460650 2089
1460660 2094
1460670 2100
1460680 2100
1460690 2105
1460700 2111
1460710 2111
1460720 2118
1460730 2126
1460740 2126
1460750 2133
1460760 2140
1460770 2147
1460780 2147
1460790 2154
1460800 2162
1460810 2162
1460820 2169
1460830 2175
1460840 2175
1460850 2182
1460860 2191
1460870 2191
1460880 2197
1460890 2202
1460900 2202
1460910 2207
1460920 2210
1460930 2210
1460940 2213
1460950 2216
1460960 2217
1460970 2217
1460980 2217
1460990 2217
1461000 2217
1461010 2218
1461020 2220
1461030 2220
1461040 2222
1461050 2223
1461060 2223
1461070 2225
1461080 2227
1461090 2227
1461100 2230
1461110 2235
1461120 2238
1461130 2238
1461140 2241
1461150 2244
1461160 2244
1461170 2247
1461180 2251
1461190 2251
1461200 2255
1461210 2260
1461220 2260
1461230 2265
1461240 2271
1461250 2271
1461260 2279
1461270 2285
1461280 2285
1461290 2290
1461300 2294
1461310 2299
1461320 2299
1461330 2305
1461340 2311
1461350 2311
1461360 2315
1461370 2319
1461380 2319
1461390 2322
1461400 2327
1461410 2327
1461420 2331
1461430 2335
1461440 2335
1461450 2340
1461460 2343
1461470 2343
1461480 2348
1461490 2354
1461500 2363
1461510 2363
1461520 2373
1461530 2382
1461540 2382
1461550 2394
1461560 2397
1461570 2397
1461580 2393
1461590 2385
1461600 2385
1461610 2378
1461620 2371
1461630 2371
1461640 2364
1461650 2357
1461660 2351
1461670 2351
1461680 2345
1461690 2339
1461700 2339
1461710 2336
1461720 2332
1461730 2332
1461740 2328
1461750 2324
1461760 2324
1461770 2325
1461780 2331
1461790 2331
1461800 2336
1461810 2339
1461820 2339
1461830 2339
1461840 2331
1461850 2330
1461860 2330
1461870 2327
1461880 2311
1461890 2311
1461900 2296
1461910 2286
1461920 2286
1461930 2279
1461940 2272
1461950 2272
1461960 2265
1461970 2259
1461980 2259
1461990 2254
1462000 2251
1462010 2248
1462020 2248
1462030 2244
1462040 2241
1462050 2241
1462060 2238
1462070 2236
1462080 2236
1462090 2232
1462100 2230
1462110 2230
1462120 2229
1462130 2229
1462140 2229
1462150 2229
1462160 2228
1462170 2228
1462180 2228
1462190 2228
1462200 2229
1462210 2229
1462220 2230
1462230 2234
1462240 2234
1462250 2237
1462260 2239
1462270 2239
1462280 2243
1462290 2245
1462300 2245
1462310 2247
1462320 2249
1462330 2249
1462340 2251
1462350 2253
1462360 2256
1462370 2256
1462380 2259
1462390 2260
1462400 2260
1462410 2261
1462420 2261
1462430 2261
1462440 2262
1462450 2263
1462460 2263
1462470 2262
1462480 2262
1462490 2262
1462500 2259
1462510 2258
1462520 2258
1462530 2258
1462540 2260
1462550 2260
1462560 2260
1462570 2261
1462580 2261
1462590 2261
1462600 2260
1462610 2262
1462620 2262
1462630 2264
1462640 2263
1462650 2263
1462660 2258
1462670 2250
1462680 2250
1462690 2245
1462700 2238
1462710 2238
1462720 2230
1462730 2224
1462740 2217
1462750 2217
1462760 2209
1462770 2200
1462780 2200
1462790 2191
1462800 2184
1462810 2184
1462820 2176
1462830 2167
1462840 2167
1462850 2156
1462860 2148
1462870 2148
1462880 2142
1462890 2137
1462900 2131
1462910 2131
1462920 2126
1462930 2122
1462940 2122
1462950 2118
1462960 2114
1462970 2114
1462980 2110
1462990 2106
1463000 2106
1463010 2102
1463020 2096
1463030 2096
1463040 2092
1463050 2089
1463060 2089
1463070 2085
1463080 2081
1463090 2078
1463100 2078
1463110 2077
1463120 2074
1463130 2074
1463140 2071
1463150 2070
1463160 2070
1463170 2070
1463180 2072
1463190 2072
1463200 2075
1463210 2078
1463220 2078
1463230 2081
1463240 2083
1463250 2084
1463260 2084
1463270 2085
1463280 2085
1463290 2085
1463300 2085
1463310 2083
1463320 2083
1463330 2082
1463340 2085
1463350 2085
1463360 2086
1463370 2088
1463380 2088
1463390 2093
1463400 2096
1463410 2096
1463420 2100
1463430 2105
1463440 2109
1463450 2109
1463460 2106
1463470 2097
1463480 2097
1463490 2089
1463500 2083
1463510 2083
1463520 2080
1463530 2076
1463540 2076
1463550 2074
1463560 2072
1463570 2072
1463580 2069
1463590 2070
1463600 2073
1463610 2073
1463620 2074
1463630 2069
1463640 2069
1463650 2060
1463660 2052
1463670 2052
1463680 2049
1463690 2046
1463700 2046
1463710 2044
1463720 2046
1463730 2046
1463740 2052
1463750 2056
1463760 2056
1463770 2061
1463780 2066
1463790 2070
1463800 2070
1463810 2076
1463820 2079
1463830 2079
1463840 2075
1463850 2074
1463860 2074
1463870 2076
1463880 2080
1463890 2080
1463900 2083
1463910 2086
1463920 2086
1463930 2090
1463940 2094
1463950 2094
1463960 2100
1463970 2103
1463980 2105
1463990 2105
1464000 2107
1464010 2112
1464020 2112
1464030 2119
1464040 2126
1464050 2126
1464060 2125
1464070 2124
1464080 2124
1464090 2126
1464100 2129
1464110 2129
1464120 2126
1464130 2124
1464140 2128
1464150 2128
1464160 2123
1464170 2122
1464180 2122
1464190 2123
1464200 2120
1464210 2120
1464220 2119
1464230 2113
1464240 2113
1464250 2107
1464260 2100
1464270 2100
1464280 2094
1464290 2087
1464300 2087
1464310 2084
1464320 2079
1464330 2069
1464340 2069
1464350 2062
1464360 2055
1464370 2055
1464380 2046
1464390 2039
1464400 2039
1464410 2033
1464420 2028
1464430 2028
1464440 2020
1464450 2013
1464460 2013
1464470 2009
1464480 2005
1464490 2002
1464500 2002
1464510 1997
1464520 1991
1464530 1991
1464540 1988
1464550 1985
1464560 1985
1464570 1981
1464580 1975
1464590 1975
1464600 1968
1464610 1963
1464620 1963
1464630 1957
1464640 1949
1464650 1949
1464660 1936
1464670 1922
1464680 1913
1464690 1913
1464700 1905
1464710 1898
1464720 1898
1464730 1892
1464740 1885
1464750 1885
1464760 1881
1464770 1879
1464780 1879
1464790 1881
1464800 1881
1464810 1881
1464820 1881
1464830 1879
1464840 1879
1464850 1877
1464860 1878
1464870 1878
1464880 1878
1464890 1876
1464900 1874
1464910 1874
1464920 1872
1464930 1870
1464940 1870
1464950 1867
1464960 1864
1464970 1864
1464980 1862
1464990 1861
1465000 1861
1465010 1860
1465020 1857
1465030 1853
1465040 1853
1465050 1849
1465060 1845
1465070 1845
1465080 1843
1465090 1841
1465100 1841
1465110 1840
1465120 1841
1465130 1841
1465140 1839
1465150 1835
1465160 1835
1465170 1829
1465180 1825
1465190 1825
1465200 1824
1465210 1822
1465220 1819
1465230 1819
1465240 1816
1465250 1813
1465260 1813
1465270 1809
1465280 1806
1465290 1806
1465300 1804
1465310 1801
1465320 1801
1465330 1797
1465340 1793
1465350 1793
1465360 1788
1465370 1781
1465380 1775
1465390 1775
1465400 1770
1465410 1764
1465420 1764
1465430 1757
1465440 1748
1465450 1748
1465460 1741
1465470 1735
1465480 1735
1465490 1727
1465500 1720
1465510 1720
1465520 1713
1465530 1704
1465540 1704
1465550 1697
1465560 1689
1465570 1683
1465580 1683
1465590 1673
1465600 1664
1465610 1664
1465620 1655
1465630 1646
1465640 1646
1465650 1638
1465660 1632
1465670 1632
1465680 1626
1465690 1621
1465700 1621
1465710 1617
1465720 1613
1465730 1608
1465740 1608
1465750 1604
1465760 1600
1465770 1600
1465780 1595
1465790 1589
1465800 1589
1465810 1584
1465820 1580
1465830 1580
1465840 1574
1465850 1567
1465860 1567
1465870 1560
1465880 1553
1465890 1553
1465900 1546
1465910 1538
1465920 1531
1465930 1531
1465940 1523
1465950 1516
1465960 1516
1465970 1510
1465980 1506
1465990 1506
1466000 1502
1466010 1498
1466020 1498
1466030 1493
1466040 1488
1466050 1488
1466060 1486
1466070 1484
1466080 1484
1466090 1480
1466100 1478
1466110 1478
1466120 1478
1466130 1479
1466140 1479
1466150 1479
1466160 1480
1466170 1482
1466180 1482
1466190 1483
1466200 1483
1466210 1483
1466220 1483
1466230 1481
1466240 1481
1466250 1482
1466260 1484
1466270 1486
1466280 1486
1466290 1487
1466300 1488
1466310 1488
1466320 1491
1466330 1496
1466340 1496
1466350 1502
1466360 1507
1466370 1507
1466380 1509
1466390 1510
1466400 1510
1466410 1513
1466420 1515
1466430 1515
1466440 1519
1466450 1523
1466460 1528
1466470 1528
1466480 1534
1466490 1539
1466500 1539
1466510 1544
1466520 1549
1466530 1549
1466540 1554
1466550 1559
1466560 1559
1466570 1565
1466580 1570
1466590 1570
1466600 1576
1466610 1582
1466620 1588
1466630 1588
1466640 1593
1466650 1599
1466660 1599
1466670 1604
1466680 1608
1466690 1608
1466700 1611
1466710 1614
1466720 1614
1466730 1617
1466740 1619
1466750 1619
1466760 1618
1466770 1617
1466780 1617
1466790 1613
1466800 1610
1466810 1610
1466820 1610
1466830 1617
1466840 1625
1466850 1625
1466860 1633
1466870 1641
1466880 1641
1466890 1648
1466900 1651
1466910 1651
1466920 1652
1466930 1657
1466940 1657
1466950 1661
1466960 1666
1466970 1666
1466980 1670
1466990 1673
1467000 1675
1467010 1675
1467020 1675
1467030 1673
1467040 1673
1467050 1672
1467060 1675
1467070 1675
1467080 1679
1467090 1683
1467100 1683
1467110 1686
1467120 1690
1467130 1690
1467140 1695
1467150 1699
1467160 1703
1467170 1703
1467180 1706
1467190 1708
1467200 1708
1467210 1711
1467220 1714
1467230 1714
1467240 1717
1467250 1720
1467260 1720
1467270 1723
1467280 1724
1467290 1724
1467300 1726
1467310 1728
1467320 1728
1467330 1729
1467340 1730
1467350 1731
1467360 1731
1467370 1732
1467380 1733
1467390 1733
1467400 1734
1467410 1734
1467420 1734
1467430 1735
1467440 1736
1467450 1736
1467460 1737
1467470 1738
1467480 1738
1467490 1739
1467500 1741
1467510 1744
1467520 1744
1467530 1746
1467540 1748
1467550 1748
1467560 1750
1467570 1752
1467580 1752
1467590 1755
1467600 1757
1467610 1757
1467620 1759
1467630 1761
1467640 1761
1467650 1761
1467660 1761
1467670 1761
1467680 1761
1467690 1759
1467700 1757
1467710 1757
1467720 1757
1467730 1756
1467740 1756
1467750 1755
1467760 1753
1467770 1753
1467780 1750
1467790 1750
1467800 1750
1467810 1752
1467820 1755
1467830 1755
1467840 1757
1467850 1761
1467860 1762
1467870 1762
1467880 1761
1467890 1761
1467900 1761
1467910 1762
1467920 1760
1467930 1760
1467940 1755
1467950 1751
1467960 1751
1467970 1749
1467980 1751
1467990 1751
1468000 1757
1468010 1764
1468020 1764
1468030 1772
1468040 1779
1468050 1785
1468060 1785
1468070 1791
1468080 1797
1468090 1797
1468100 1803
1468110 1811
1468120 1811
1468130 1819
1468140 1827
1468150 1827
1468160 1835
1468170 1842
1468180 1842
1468190 1849
1468200 1856
1468210 1856
1468220 1864
1468230 1873
1468240 1880
1468250 1880
1468260 1888
1468270 1896
1468280 1896
1468290 1903
1468300 1911
1468310 1911
1468320 1920
1468330 1929
1468340 1929
1468350 1941
1468360 1952
1468370 1952
1468380 1959
1468390 1967
1468400 1975
1468410 1975
1468420 1982
1468430 1990
1468440 1990
1468450 1998
1468460 2003
1468470 2003
1468480 2008
1468490 2013
1468500 2013
1468510 2016
1468520 2020
1468530 2020
1468540 2025
1468550 2028
1468560 2028
1468570 2030
1468580 2033
1468590 2037
1468600 2037
1468610 2039
1468620 2041
1468630 2041
1468640 2043
1468650 2046
1468660 2046
1468670 2050
1468680 2056
1468690 2056
1468700 2063
1468710 2068
1468720 2068
1468730 2073
1468740 2076
1468750 2079
1468760 2079
1468770 2082
1468780 2085
1468790 2085
1468800 2087
1468810 2088
1468820 2088
1468830 2089
1468840 2092
1468850 2092
1468860 2093
1468870 2097
1468880 2097
1468890 2101
1468900 2104
1468910 2104
1468920 2110
1468930 2116
1468940 2122
1468950 2122
1468960 2127
1468970 2131
1468980 2131
1468990 2137
1469000 2143
1469010 2143
1469020 2150
1469030 2156
1469040 2156
1469050 2163
1469060 2170
1469070 2170
1469080 2176
1469090 2183
1469100 2183
1469110 2190
1469120 2198
1469130 2205
1469140 2205
1469150 2213
1469160 2221
1469170 2221
1469180 2228
1469190 2236
1469200 2236
1469210 2244
1469220 2251
1469230 2251
1469240 2259
1469250 2265
1469260 2265
1469270 2268
1469280 2267
1469290 2263
1469300 2263
1469310 2258
1469320 2253
1469330 2253
1469340 2247
1469350 2241
1469360 2241
1469370 2235
1469380 2228
1469390 2228
1469400 2222
1469410 2217
1469420 2217
1469430 2212
1469440 2207
1469450 2207
1469460 2202
1469470 2197
1469480 2192
1469490 2192
1469500 2187
1469510 2181
1469520 2181
1469530 2176
1469540 2172
1469550 2172
1469560 2169
1469570 2167
1469580 2167
1469590 2166
1469600 2166
1469610 2166
1469620 2166
1469630 2165
1469640 2163
1469650 2163
1469660 2161
1469670 2160
1469680 2160
1469690 2159
1469700 2159
1469710 2159
1469720 2158
1469730 2156
1469740 2156
1469750 2155
1469760 2153
1469770 2153
1469780 2152
1469790 2149
1469800 2149
1469810 2144
1469820 2138
1469830 2133
1469840 2133
1469850 2130
1469860 2127
1469870 2127
1469880 2125
1469890 2122
1469900 2122
1469910 2119
1469920 2117
1469930 2117
1469940 2114
1469950 2110
1469960 2110
1469970 2107
1469980 2103
1469990 2100
1470000 2100
1470010 2095
1470020 2089
1470030 2089
1470040 2085
1470050 2083
1470060 2083
1470070 2080
1470080 2077
1470090 2077
1470100 2075
1470110 2072
1470120 2072
1470130 2070
1470140 2067
1470150 2067
1470160 2064
1470170 2062
1470180 2060
1470190 2060
1470200 2057
1470210 2055
1470220 2055
1470230 2053
1470240 2051
1470250 2051
1470260 2048
1470270 2046
1470280 2046
1470290 2044
1470300 2043
1470310 2043
1470320 2042
1470330 2041
1470340 2041
1470350 2039
1470360 2037
1470370 2035
1470380 2035
1470390 2033
1470400 2032
1470410 2032
1470420 2029
1470430 2027
1470440 2027
1470450 2025
1470460 2023
1470470 2023
1470480 2021
1470490 2019
1470500 2019
1470510 2016
1470520 2014
1470530 2012
1470540 2012
1470550 2010
1470560 2007
1470570 2007
1470580 2005
1470590 2002
1470600 2002
1470610 2000
1470620 1996
1470630 1996
1470640 1994
1470650 1991
1470660 1991
1470670 1989
1470680 1987
1470690 1987
1470700 1985
1470710 1982
1470720 1980
1470730 1980
1470740 1978
1470750 1974
1470760 1974
1470770 1968
1470780 1966
1470790 1966
1470800 1965
1470810 1964
1470820 1964
1470830 1964
1470840 1964
1470850 1964
1470860 1963
1470870 1962
1470880 1961
1470890 1961
1470900 1959
1470910 1957
1470920 1957
1470930 1954
1470940 1952
1470950 1952
1470960 1951
1470970 1949
1470980 1949
1470990 1946
1471000 1943
1471010 1943
1471020 1940
1471030 1936
1471040 1936
1471050 1933
1471060 1929
1471070 1926
1471080 1926
1471090 1924
1471100 1922
1471110 1922
1471120 1919
1471130 1916
1471140 1916
1471150 1912
1471160 1909
1471170 1909
1471180 1905
1471190 1901
1471200 1901
1471210 1896
1471220 1891
1471230 1886
1471240 1886
1471250 1881
1471260 1877
1471270 1877
1471280 1872
1471290 1867
1471300 1867
1471310 1860
1471320 1853
1471330 1853
1471340 1847
1471350 1840
1471360 1840
1471370 1835
1471380 1828
1471390 1828
1471400 1822
1471410 1815
1471420 1808
1471430 1808
1471440 1801
1471450 1795
1471460 1795
1471470 1789
1471480 1777
1471490 1777
1471500 1764
1471510 1752
1471520 1752
1471530 1746
1471540 1752
1471550 1752
1471560 1758
1471570 1765
1471580 1765
1471590 1764
1471600 1761
1471610 1757
1471620 1757
1471630 1752
1471640 1745
1471650 1745
1471660 1736
1471670 1738
1471680 1738
1471690 1744
1471700 1742
1471710 1742
1471720 1739
1471730 1737
1471740 1737
1471750 1733
1471760 1729
1471770 1726
1471780 1726
1471790 1717
1471800 1706
1471810 1706
1471820 1714
1471830 1724
1471840 1724
1471850 1729
1471860 1729
1471870 1729
1471880 1728
1471890 1728
1471900 1728
1471910 1728
1471920 1728
1471930 1728
1471940 1729
1471950 1729
1471960 1728
1471970 1728
1471980 1726
1471990 1724
1472000 1724
1472010 1721
1472020 1720
1472030 1720
1472040 1720
1472050 1720
1472060 1720
1472070 1717
1472080 1713
1472090 1713
1472100 1709
1472110 1704
1472120 1700
1472130 1700
1472140 1695
1472150 1690
1472160 1690
1472170 1685
1472180 1679
1472190 1679
1472200 1674
1472210 1668
1472220 1668
1472230 1662
1472240 1656
1472250 1656
1472260 1649
1472270 1643
1472280 1643
1472290 1639
1472300 1636
1472310 1632
1472320 1632
1472330 1628
1472340 1623
1472350 1623
1472360 1619
1472370 1616
1472380 1616
1472390 1614
1472400 1611
1472410 1611
1472420 1607
1472430 1603
1472440 1603
1472450 1598
1472460 1592
1472470 1586
1472480 1586
1472490 1578
1472500 1568
1472510 1568
1472520 1560
1472530 1551
1472540 1551
1472550 1543
1472560 1538
1472570 1538
1472580 1534
1472590 1529
1472600 1529
1472610 1524
1472620 1518
1472630 1518
1472640 1509
1472650 1501
1472660 1493
1472670 1493
1472680 1485
1472690 1478
1472700 1478
1472710 1473
1472720 1470
1472730 1470
1472740 1467
1472750 1461
1472760 1461
1472770 1456
1472780 1451
1472790 1451
1472800 1447
1472810 1443
1472820 1443
1472830 1436
1472840 1431
1472850 1426
1472860 1426
1472870 1421
1472880 1414
1472890 1414
1472900 1408
1472910 1407
1472920 1407
1472930 1406
1472940 1405
1472950 1405
1472960 1404
1472970 1404
1472980 1404
1472990 1404
1473000 1404
1473010 1406
1473020 1406
1473030 1409
1473040 1411
1473050 1411
1473060 1411
1473070 1417
1473080 1417
1473090 1425
1473100 1430
1473110 1430
1473120 1437
1473130 1444
1473140 1444
1473150 1453
1473160 1460
1473170 1460
1473180 1465
1473190 1468
1473200 1470
1473210 1470
1473220 1471
1473230 1474
1473240 1474
1473250 1478
1473260 1481
1473270 1481
1473280 1485
1473290 1487
1473300 1487
1473310 1489
1473320 1491
1473330 1491
1473340 1493
1473350 1495
1473360 1500
1473370 1500
1473380 1505
1473390 1511
1473400 1511
1473410 1517
1473420 1524
1473430 1524
1473440 1533
1473450 1543
1473460 1543
1473470 1552
1473480 1562
1473490 1562
1473500 1571
1473510 1581
1473520 1581
1473530 1592
1473540 1601
1473550 1608
1473560 1608
1473570 1616
1473580 1622
1473590 1622
1473600 1630
1473610 1643
1473620 1643
1473630 1653
1473640 1662
1473650 1662
1473660 1669
1473670 1675
1473680 1675
1473690 1682
1473700 1689
1473710 1689
1473720 1697
1473730 1705
1473740 1712
1473750 1712
1473760 1719
1473770 1726
1473780 1726
1473790 1734
1473800 1741
1473810 1741
1473820 1748
1473830 1755
1473840 1755
1473850 1761
1473860 1765
1473870 1765
1473880 1769
1473890 1773
1473900 1779
1473910 1779
1473920 1784
1473930 1790
1473940 1790
1473950 1793
1473960 1796
1473970 1796
1473980 1800
1473990 1803
1474000 1803
1474010 1806
1474020 1809
1474030 1809
1474040 1813
1474050 1817
1474060 1817
1474070 1822
1474080 1826
1474090 1831
1474100 1831
1474110 1835
1474120 1839
1474130 1839
1474140 1842
1474150 1847
1474160 1847
1474170 1853
1474180 1858
1474190 1858
1474200 1863
1474210 1869
1474220 1869
1474230 1875
1474240 1881
1474250 1887
1474260 1887
1474270 1893
1474280 1898
1474290 1898
1474300 1905
1474310 1913
1474320 1913
1474330 1920
1474340 1924
1474350 1924
1474360 1927
1474370 1931
1474380 1931
1474390 1937
1474400 1944
1474410 1944
1474420 1950
1474430 1956
1474440 1963
1474450 1963
1474460 1969
1474470 1975
1474480 1975
1474490 1981
1474500 1987
1474510 1987
1474520 1994
1474530 2000
1474540 2000
1474550 2006
1474560 2011
1474570 2011
1474580 2017
1474590 2023
1474600 2028
1474610 2028
1474620 2034
1474630 2040
1474640 2040
1474650 2045
1474660 2049
1474670 2049
1474680 2053
1474690 2057
1474700 2057
1474710 2062
1474720 2066
1474730 2066
1474740 2069
1474750 2072
1474760 2072
1474770 2075
1474780 2077
1474790 2076
1474800 2076
1474810 2073
1474820 2071
1474830 2071
1474840 2068
1474850 2065
1474860 2065
1474870 2063
1474880 2060
1474890 2060
1474900 2058
1474910 2056
1474920 2056
1474930 2054
1474940 2052
1474950 2052
1474960 2052
1474970 2052
1474980 2052
1474990 2052
1475000 2052
1475010 2052
1475020 2052
1475030 2053
1475040 2055
1475050 2055
1475060 2058
1475070 2061
1475080 2061
1475090 2064
1475100 2066
1475110 2066
1475120 2068
1475130 2069
1475140 2070
1475150 2070
1475160 2072
1475170 2074
1475180 2074
1475190 2076
1475200 2080
1475210 2080
1475220 2084
1475230 2089
1475240 2089
1475250 2092
1475260 2094
1475270 2094
1475280 2096
1475290 2097
1475300 2097
1475310 2098
1475320 2100
1475330 2100
1475340 2100
1475350 2099
1475360 2098
1475370 2098
1475380 2099
1475390 2100
1475400 2100
1475410 2101
1475420 2104
1475430 2104
1475440 2106
1475450 2107
1475460 2107
1475470 2109
1475480 2112
1475490 2117
1475500 2117
1475510 2122
1475520 2126
1475530 2126
1475540 2129
1475550 2132
1475560 2132
1475570 2136
1475580 2141
1475590 2141
1475600 2146
1475610 2151
1475620 2151
1475630 2156
1475640 2162
1475650 2162
1475660 2168
1475670 2175
1475680 2184
1475690 2184
1475700 2192
1475710 2200
1475720 2200
1475730 2206
1475740 2210
1475750 2210
1475760 2207
1475770 2200
1475780 2200
1475790 2192
1475800 2185
1475810 2185
1475820 2179
1475830 2175
1475840 2175
1475850 2176
1475860 2176
1475870 2175
1475880 2175
1475890 2176
1475900 2178
1475910 2178
1475920 2178
1475930 2179
1475940 2179
1475950 2181
1475960 2180
1475970 2180
1475980 2179
1475990 2178
1476000 2178
1476010 2176
1476020 2174
1476030 2174
1476040 2174
1476050 2174
1476060 2174
1476070 2174
1476080 2172
1476090 2172
1476100 2172
1476110 2171
1476120 2169
1476130 2169
1476140 2166
1476150 2161
1476160 2161
1476170 2156
1476180 2152
1476190 2152
1476200 2147
1476210 2144
1476220 2141
1476230 2141
1476240 2137
1476250 2133
1476260 2133
1476270 2130
1476280 2127
1476290 2127
1476300 2123
1476310 2120
1476320 2120
1476330 2115
1476340 2111
1476350 2111
1476360 2107
1476370 2103
1476380 2099
1476390 2099
1476400 2095
1476410 2092
1476420 2092
1476430 2089
1476440 2086
1476450 2086
1476460 2082
1476470 2079
1476480 2079
1476490 2076
1476500 2072
1476510 2072
1476520 2069
1476530 2069
1476540 2069
1476550 2069
1476560 2068
1476570 2066
1476580 2066
1476590 2064
1476600 2063
1476610 2063
1476620 2061
1476630 2056
1476640 2056
1476650 2051
1476660 2049
1476670 2049
1476680 2047
1476690 2045
1476700 2045
1476710 2042
1476720 2039
1476730 2036
1476740 2036
1476750 2033
1476760 2031
1476770 2031
1476780 2028
1476790 2025
1476800 2025
1476810 2022
1476820 2019
1476830 2019
1476840 2016
1476850 2013
1476860 2013
1476870 2009
1476880 2004
1476890 2004
1476900 2001
1476910 1998
1476920 1995
1476930 1995
1476940 1993
1476950 1991
1476960 1991
1476970 1989
1476980 1986
1476990 1986
1477000 1985
1477010 1983
1477020 1983
1477030 1981
1477040 1980
1477050 1980
1477060 1979
1477070 1977
1477080 1977
1477090 1973
1477100 1971
1477110 1968
1477120 1968
1477130 1966
1477140 1965
1477150 1965
1477160 1965
1477170 1964
1477180 1964
1477190 1963
1477200 1962
1477210 1962
1477220 1961
1477230 1961
1477240 1961
1477250 1961
1477260 1961
1477270 1958
1477280 1958
1477290 1954
1477300 1947
1477310 1947
1477320 1941
1477330 1935
1477340 1935
1477350 1930
1477360 1927
1477370 1927
1477380 1923
1477390 1920
1477400 1920
1477410 1917
1477420 1915
1477430 1915
1477440 1913
1477450 1910
1477460 1906
1477470 1906
1477480 1902
1477490 1897
1477500 1897
1477510 1893
1477520 1889
1477530 1889
1477540 1884
1477550 1880
1477560 1880
1477570 1875
1477580 1869
1477590 1869
1477600 1864
1477610 1859
1477620 1853
1477630 1853
1477640 1848
1477650 1842
1477660 1842
1477670 1836
1477680 1829
1477690 1829
1477700 1822
1477710 1816
1477720 1816
1477730 1811
1477740 1805
1477750 1805
1477760 1800
1477770 1793
1477780 1793
1477790 1787
1477800 1782
1477810 1778
1477820 1778
1477830 1776
1477840 1774
1477850 1774
1477860 1772
1477870 1769
1477880 1769
1477890 1767
1477900 1764
1477910 1764
1477920 1761
1477930 1758
1477940 1758
1477950 1756
1477960 1754
1477970 1754
1477980 1753
1477990 1751
1478000 1749
1478010 1749
1478020 1748
1478030 1747
1478040 1747
1478050 1745
1478060 1744
1478070 1744
1478080 1741
1478090 1738
1478100 1738
1478110 1737
1478120 1736
1478130 1736
1478140 1734
1478150 1732
1478160 1731
1478170 1731
1478180 1730
1478190 1727
1478200 1727
1478210 1724
1478220 1721
1478230 1721
1478240 1719
1478250 1718
1478260 1718
1478270 1716
1478280 1712
1478290 1712
1478300 1710
1478310 1709
1478320 1709
1478330 1707
1478340 1704
1478350 1701
1478360 1701
1478370 1698
1478380 1693
1478390 1693
1478400 1690
1478410 1686
1478420 1686
1478430 1681
1478440 1676
1478450 1676
1478460 1670
1478470 1664
1478480 1664
1478490 1659
1478500 1654
1478510 1649
1478520 1649
1478530 1642
1478540 1635
1478550 1635
1478560 1629
1478570 1621
1478580 1621
1478590 1613
1478600 1605
1478610 1605
1478620 1598
1478630 1592
1478640 1592
1478650 1587
1478660 1581
1478670 1581
1478680 1575
1478690 1569
1478700 1563
1478710 1563
1478720 1556
1478730 1552
1478740 1552
1478750 1547
1478760 1543
1478770 1543
1478780 1537
1478790 1532
1478800 1532
1478810 1527
1478820 1521
1478830 1521
1478840 1516
1478850 1512
1478860 1508
1478870 1508
1478880 1503
1478890 1499
1478900 1499
1478910 1495
1478920 1491
1478930 1491
1478940 1487
1478950 1482
1478960 1482
1478970 1478
1478980 1474
1478990 1474
1479000 1472
1479010 1470
1479020 1470
1479030 1466
1479040 1462
1479050 1458
1479060 1458
1479070 1454
1479080 1451
1479090 1451
1479100 1448
1479110 1444
1479120 1444
1479130 1439
1479140 1436
1479150 1436
1479160 1432
1479170 1428
1479180 1428
1479190 1424
1479200 1419
1479210 1419
1479220 1415
1479230 1411
1479240 1407
1479250 1407
1479260 1403
1479270 1400
1479280 1400
1479290 1397
1479300 1395
1479310 1395
1479320 1390
1479330 1386
1479340 1386
1479350 1381
1479360 1375
1479370 1375
1479380 1368
1479390 1362
1479400 1356
1479410 1356
1479420 1352
1479430 1354
1479440 1354
1479450 1361
1479460 1366
1479470 1366
1479480 1369
1479490 1374
1479500 1374
1479510 1382
1479520 1390
1479530 1390
1479540 1396
1479550 1400
1479560 1400
1479570 1403
1479580 1405
1479590 1407
1479600 1407
1479610 1410
1479620 1414
1479630 1414
1479640 1418
1479650 1422
1479660 1422
1479670 1425
1479680 1428
1479690 1428
1479700 1430
1479710 1433
1479720 1433
1479730 1435
1479740 1438
1479750 1443
1479760 1443
1479770 1448
1479780 1452
1479790 1452
1479800 1455
1479810 1457
1479820 1457
1479830 1459
1479840 1462
1479850 1462
1479860 1463
1479870 1464
1479880 1464
1479890 1465
1479900 1465
1479910 1465
1479920 1464
1479930 1464
1479940 1463
1479950 1463
1479960 1463
1479970 1461
1479980 1461
1479990 1459
