1460000 2418
1460010 2413
1460020 2406
1460030 2406
1460040 2399
1460050 2393
1460060 2393
1460070 2389
1460080 2383
1460090 2383
1460100 2376
1460110 2373
1460120 2373
1460130 2369
1460140 2364
1460150 2364
1460160 2358
1460170 2349
1460180 2348
1460190 2348
1460200 2349
1460210 2350
1460220 2350
1460230 2354
1460240 2355
1460250 2355
1460260 2355
1460270 2357
1460280 2357
1460290 2358
1460300 2359
1460310 2359
1460320 2358
1460330 2356
1460340 2356
1460350 2355
1460360 2352
1460370 2347
1460380 2347
1460390 2345
1460400 2342
1460410 2342
1460420 2338
1460430 2336
1460440 2336
1460450 2333
1460460 2328
1460470 2328
1460480 2323
1460490 2323
1460500 2323
1460510 2323
1460520 2321
1460530 2321
1460540 2318
1460550 2313
1460560 2310
1460570 2310
1460580 2307
1460590 2306
1460600 2306
1460610 2304
1460620 2303
1460630 2303
1460640 2302
1460650 2297
1460660 2297
1460670 2292
1460680 2289
1460690 2289
1460700 2286
1460710 2284
1460720 2282
1460730 2282
1460740 2280
1460750 2281
1460760 2281
1460770 2282
1460780 2281
1460790 2281
1460800 2280
1460810 2277
1460820 2277
1460830 2272
1460840 2267
1460850 2267
1460860 2260
1460870 2254
1460880 2254
1460890 2249
1460900 2243
1460910 2238
1460920 2238
1460930 2231
1460940 2225
1460950 2225
1460960 2219
1460970 2211
1460980 2211
1460990 2199
1461000 2187
1461010 2187
1461020 2174
1461030 2163
1461040 2163
1461050 2153
1461060 2144
1461070 2144
1461080 2140
1461090 2136
1461100 2132
1461110 2132
1461120 2128
1461130 2126
1461140 2126
1461150 2125
1461160 2122
1461170 2122
1461180 2117
1461190 2113
1461200 2113
1461210 2111
1461220 2109
1461230 2109
1461240 2109
1461250 2106
1461260 2101
1461270 2101
1461280 2098
1461290 2099
1461300 2099
1461310 2098
1461320 2096
1461330 2096
1461340 2095
1461350 2094
1461360 2094
1461370 2093
1461380 2092
1461390 2092
1461400 2091
1461410 2090
1461420 2090
1461430 2088
1461440 2087
1461450 2087
1461460 2087
1461470 2086
1461480 2085
1461490 2085
1461500 2086
1461510 2086
1461520 2086
1461530 2085
1461540 2085
1461550 2085
1461560 2085
1461570 2085
1461580 2085
1461590 2085
1461600 2085
1461610 2087
1461620 2087
1461630 2088
1461640 2090
1461650 2090
1461660 2091
1461670 2092
1461680 2092
1461690 2093
1461700 2093
1461710 2093
1461720 2092
1461730 2090
1461740 2090
1461750 2089
1461760 2089
1461770 2089
1461780 2091
1461790 2095
1461800 2098
1461810 2098
1461820 2098
1461830 2096
1461840 2096
1461850 2095
1461860 2094
1461870 2094
1461880 2091
1461890 2090
1461900 2090
1461910 2086
1461920 2081
1461930 2081
1461940 2080
1461950 2080
1461960 2080
1461970 2085
1461980 2087
1461990 2087
1462000 2087
1462010 2086
1462020 2086
1462030 2086
1462040 2087
1462050 2086
1462060 2086
1462070 2084
1462080 2081
1462090 2081
1462100 2077
1462110 2074
1462120 2074
1462130 2071
1462140 2072
1462150 2075
1462160 2075
1462170 2078
1462180 2078
1462190 2078
1462200 2074
1462210 2070
1462220 2070
1462230 2067
1462240 2066
1462250 2066
1462260 2068
1462270 2068
1462280 2068
1462290 2065
1462300 2064
1462310 2064
1462320 2063
1462330 2060
1462340 2056
1462350 2056
1462360 2051
1462370 2046
1462380 2046
1462390 2038
1462400 2031
1462410 2031
1462420 2026
1462430 2022
1462440 2022
1462450 2021
1462460 2020
1462470 2020
1462480 2021
1462490 2020
1462500 2020
1462510 2019
1462520 2019
1462530 2019
1462540 2019
1462550 2019
1462560 2020
1462570 2020
1462580 2022
1462590 2022
1462600 2022
1462610 2021
1462620 2017
1462630 2017
1462640 2011
1462650 2015
1462660 2015
1462670 2017
1462680 2021
1462690 2025
1462700 2025
1462710 2029
1462720 2032
1462730 2032
1462740 2035
1462750 2039
1462760 2039
1462770 2042
1462780 2045
1462790 2045
1462800 2048
1462810 2051
1462820 2051
1462830 2054
1462840 2057
1462850 2057
1462860 2061
1462870 2064
1462880 2066
1462890 2066
1462900 2067
1462910 2068
1462920 2068
1462930 2070
1462940 2072
1462950 2072
1462960 2073
1462970 2074
1462980 2074
1462990 2072
1463000 2071
1463010 2071
1463020 2072
1463030 2073
1463040 2073
1463050 2075
1463060 2080
1463070 2085
1463080 2085
1463090 2088
1463100 2091
1463110 2091
1463120 2095
1463130 2100
1463140 2100
1463150 2103
1463160 2102
1463170 2102
1463180 2101
1463190 2100
1463200 2100
1463210 2098
1463220 2093
1463230 2086
1463240 2086
1463250 2081
1463260 2079
1463270 2079
1463280 2077
1463290 2075
1463300 2075
1463310 2073
1463320 2073
1463330 2073
1463340 2072
1463350 2070
1463360 2070
1463370 2067
1463380 2065
1463390 2065
1463400 2062
1463410 2057
1463420 2053
1463430 2053
1463440 2049
1463450 2044
1463460 2044
1463470 2043
1463480 2041
1463490 2041
1463500 2039
1463510 2037
1463520 2037
1463530 2035
1463540 2033
1463550 2033
1463560 2029
1463570 2024
1463580 2020
1463590 2020
1463600 2018
1463610 2016
1463620 2016
1463630 2012
1463640 2008
1463650 2008
1463660 2004
1463670 2001
1463680 2001
1463690 1997
1463700 1993
1463710 1993
1463720 1989
1463730 1984
1463740 1984
1463750 1975
1463760 1971
1463770 1967
1463780 1967
1463790 1962
1463800 1956
1463810 1956
1463820 1946
1463830 1939
1463840 1939
1463850 1933
1463860 1926
1463870 1926
1463880 1920
1463890 1916
1463900 1916
1463910 1913
1463920 1911
1463930 1911
1463940 1911
1463950 1907
1463960 1904
1463970 1904
1463980 1903
1463990 1904
1464000 1904
1464010 1904
1464020 1904
1464030 1904
1464040 1903
1464050 1901
1464060 1901
1464070 1899
1464080 1896
1464090 1896
1464100 1892
1464110 1888
1464120 1884
1464130 1884
1464140 1880
1464150 1879
1464160 1879
1464170 1879
1464180 1882
1464190 1882
1464200 1884
1464210 1886
1464220 1886
1464230 1887
1464240 1885
1464250 1885
1464260 1883
1464270 1880
1464280 1880
1464290 1876
1464300 1873
1464310 1870
1464320 1870
1464330 1862
1464340 1857
1464350 1857
1464360 1853
1464370 1849
1464380 1849
1464390 1844
1464400 1842
1464410 1842
1464420 1843
1464430 1846
1464440 1846
1464450 1847
1464460 1849
1464470 1849
1464480 1853
1464490 1855
1464500 1852
1464510 1852
1464520 1844
1464530 1837
1464540 1837
1464550 1837
1464560 1831
1464570 1831
1464580 1818
1464590 1809
1464600 1809
1464610 1803
1464620 1796
1464630 1796
1464640 1789
1464650 1785
1464660 1787
1464670 1787
1464680 1790
1464690 1789
1464700 1789
1464710 1790
1464720 1789
1464730 1789
1464740 1788
1464750 1787
1464760 1787
1464770 1785
1464780 1781
1464790 1781
1464800 1775
1464810 1767
1464820 1767
1464830 1760
1464840 1752
1464850 1743
1464860 1743
1464870 1734
1464880 1727
1464890 1727
1464900 1721
1464910 1718
1464920 1718
1464930 1718
1464940 1719
1464950 1719
1464960 1721
1464970 1724
1464980 1724
1464990 1727
1465000 1730
1465010 1730
1465020 1733
1465030 1736
1465040 1739
1465050 1739
1465060 1745
1465070 1754
1465080 1754
1465090 1760
1465100 1764
1465110 1764
1465120 1767
1465130 1770
1465140 1770
1465150 1774
1465160 1779
1465170 1779
1465180 1787
1465190 1795
1465200 1802
1465210 1802
1465220 1809
1465230 1816
1465240 1816
1465250 1823
1465260 1828
1465270 1828
1465280 1831
1465290 1836
1465300 1836
1465310 1842
1465320 1853
1465330 1853
1465340 1863
1465350 1873
1465360 1873
1465370 1882
1465380 1891
1465390 1903
1465400 1903
1465410 1913
1465420 1921
1465430 1921
1465440 1928
1465450 1936
1465460 1936
1465470 1943
1465480 1950
1465490 1950
1465500 1957
1465510 1963
1465520 1963
1465530 1969
1465540 1976
1465550 1982
1465560 1982
1465570 1988
1465580 1993
1465590 1993
1465600 1998
1465610 2003
1465620 2003
1465630 2007
1465640 2011
1465650 2011
1465660 2016
1465670 2022
1465680 2022
1465690 2027
1465700 2032
1465710 2032
1465720 2037
1465730 2041
1465740 2045
1465750 2045
1465760 2050
1465770 2053
1465780 2053
1465790 2057
1465800 2059
1465810 2059
1465820 2061
1465830 2063
1465840 2063
1465850 2066
1465860 2069
1465870 2069
1465880 2072
1465890 2075
1465900 2075
1465910 2076
1465920 2078
1465930 2081
1465940 2081
1465950 2083
1465960 2085
1465970 2085
1465980 2088
1465990 2090
1466000 2090
1466010 2093
1466020 2098
1466030 2098
1466040 2102
1466050 2109
1466060 2109
1466070 2115
1466080 2122
1466090 2129
1466100 2129
1466110 2135
1466120 2140
1466130 2140
1466140 2146
1466150 2152
1466160 2152
1466170 2156
1466180 2161
1466190 2161
1466200 2165
1466210 2168
1466220 2168
1466230 2170
1466240 2173
1466250 2173
1466260 2177
1466270 2180
1466280 2182
1466290 2182
1466300 2184
1466310 2187
1466320 2187
1466330 2190
1466340 2194
1466350 2194
1466360 2197
1466370 2200
1466380 2200
1466390 2201
1466400 2203
1466410 2203
1466420 2207
1466430 2209
1466440 2209
1466450 2209
1466460 2208
1466470 2208
1466480 2208
1466490 2207
1466500 2205
1466510 2205
1466520 2204
1466530 2201
1466540 2201
1466550 2199
1466560 2197
1466570 2197
1466580 2195
1466590 2194
1466600 2194
1466610 2194
1466620 2195
1466630 2195
1466640 2195
1466650 2195
1466660 2195
1466670 2195
1466680 2196
1466690 2197
1466700 2197
1466710 2198
1466720 2199
1466730 2199
1466740 2199
1466750 2199
1466760 2199
1466770 2199
1466780 2199
1466790 2199
1466800 2199
1466810 2200
1466820 2201
1466830 2201
1466840 2202
1466850 2202
1466860 2202
1466870 2202
1466880 2200
1466890 2200
1466900 2198
1466910 2197
1466920 2197
1466930 2196
1466940 2197
1466950 2197
1466960 2198
1466970 2199
1466980 2199
1466990 2201
1467000 2203
1467010 2205
1467020 2205
1467030 2205
1467040 2205
1467050 2205
1467060 2204
1467070 2203
1467080 2203
1467090 2201
1467100 2200
1467110 2200
1467120 2200
1467130 2200
1467140 2200
1467150 2200
1467160 2200
1467170 2200
1467180 2200
1467190 2200
1467200 2201
1467210 2201
1467220 2201
1467230 2201
1467240 2201
1467250 2202
1467260 2204
1467270 2204
1467280 2205
1467290 2206
1467300 2206
1467310 2208
1467320 2209
1467330 2209
1467340 2210
1467350 2212
1467360 2214
1467370 2214
1467380 2215
1467390 2216
1467400 2216
1467410 2217
1467420 2217
1467430 2217
1467440 2217
1467450 2218
1467460 2218
1467470 2219
1467480 2220
1467490 2220
1467500 2220
1467510 2221
1467520 2220
1467530 2220
1467540 2221
1467550 2223
1467560 2223
1467570 2223
1467580 2225
1467590 2225
1467600 2228
1467610 2232
1467620 2232
1467630 2236
1467640 2240
1467650 2240
1467660 2243
1467670 2245
1467680 2245
1467690 2248
1467700 2251
1467710 2258
1467720 2258
1467730 2264
1467740 2271
1467750 2271
1467760 2275
1467770 2280
1467780 2280
1467790 2282
1467800 2282
1467810 2282
1467820 2284
1467830 2287
1467840 2287
1467850 2289
1467860 2291
1467870 2291
1467880 2294
1467890 2297
1467900 2301
1467910 2301
1467920 2305
1467930 2309
1467940 2309
1467950 2313
1467960 2317
1467970 2317
1467980 2315
1467990 2319
1468000 2319
1468010 2324
1468020 2327
1468030 2327
1468040 2332
1468050 2338
1468060 2349
1468070 2349
1468080 2362
1468090 2371
1468100 2371
1468110 2376
1468120 2384
1468130 2384
1468140 2396
1468150 2405
1468160 2405
1468170 2410
1468180 2406
1468190 2406
1468200 2400
1468210 2394
1468220 2394
1468230 2387
1468240 2376
1468250 2363
1468260 2363
1468270 2349
1468280 2328
1468290 2328
1468300 2307
1468310 2296
1468320 2296
1468330 2287
1468340 2279
1468350 2279
1468360 2272
1468370 2264
1468380 2264
1468390 2259
1468400 2253
1468410 2253
1468420 2249
1468430 2245
1468440 2242
1468450 2242
1468460 2239
1468470 2237
1468480 2237
1468490 2237
1468500 2234
1468510 2234
1468520 2229
1468530 2225
1468540 2225
1468550 2223
1468560 2219
1468570 2219
1468580 2217
1468590 2217
1468600 2217
1468610 2217
1468620 2214
1468630 2211
1468640 2211
1468650 2209
1468660 2207
1468670 2207
1468680 2205
1468690 2203
1468700 2203
1468710 2200
1468720 2196
1468730 2196
1468740 2192
1468750 2188
1468760 2188
1468770 2183
1468780 2177
1468790 2171
1468800 2171
1468810 2165
1468820 2159
1468830 2159
1468840 2156
1468850 2151
1468860 2151
1468870 2146
1468880 2142
1468890 2142
1468900 2138
1468910 2131
1468920 2131
1468930 2123
1468940 2115
1468950 2115
1468960 2106
1468970 2100
1468980 2093
1468990 2093
1469000 2087
1469010 2081
1469020 2081
1469030 2077
1469040 2073
1469050 2073
1469060 2069
1469070 2065
1469080 2065
1469090 2061
1469100 2059
1469110 2059
1469120 2056
1469130 2054
1469140 2052
1469150 2052
1469160 2051
1469170 2050
1469180 2050
1469190 2048
1469200 2046
1469210 2046
1469220 2042
1469230 2039
1469240 2039
1469250 2036
1469260 2034
1469270 2034
1469280 2031
1469290 2029
1469300 2029
1469310 2026
1469320 2023
1469330 2021
1469340 2021
1469350 2018
1469360 2014
1469370 2014
1469380 2011
1469390 2008
1469400 2008
1469410 2005
1469420 2001
1469430 2001
1469440 1997
1469450 1993
1469460 1993
1469470 1988
1469480 1981
1469490 1981
1469500 1975
1469510 1970
1469520 1964
1469530 1964
1469540 1957
1469550 1951
1469560 1951
1469570 1947
1469580 1942
1469590 1942
1469600 1937
1469610 1932
1469620 1932
1469630 1927
1469640 1923
1469650 1923
1469660 1918
1469670 1913
1469680 1907
1469690 1907
1469700 1902
1469710 1897
1469720 1897
1469730 1893
1469740 1888
1469750 1888
1469760 1882
1469770 1877
1469780 1877
1469790 1874
1469800 1869
1469810 1869
1469820 1865
1469830 1859
1469840 1859
1469850 1855
1469860 1853
1469870 1850
1469880 1850
1469890 1848
1469900 1846
1469910 1846
1469920 1843
1469930 1840
1469940 1840
1469950 1837
1469960 1835
1469970 1835
1469980 1833
1469990 1829
1470000 1829
1470010 1826
1470020 1823
1470030 1819
1470040 1819
1470050 1814
1470060 1811
1470070 1811
1470080 1810
1470090 1810
1470100 1810
1470110 1810
1470120 1809
1470130 1809
1470140 1807
1470150 1806
1470160 1806
1470170 1806
1470180 1805
1470190 1805
1470200 1805
1470210 1807
1470220 1810
1470230 1810
1470240 1812
1470250 1813
1470260 1813
1470270 1815
1470280 1819
1470290 1819
1470300 1824
1470310 1829
1470320 1829
1470330 1834
1470340 1837
1470350 1837
1470360 1840
1470370 1843
1470380 1843
1470390 1844
1470400 1844
1470410 1846
1470420 1846
1470430 1847
1470440 1848
1470450 1848
1470460 1849
1470470 1849
1470480 1849
1470490 1845
1470500 1842
1470510 1842
1470520 1840
1470530 1842
1470540 1842
1470550 1848
1470560 1853
1470570 1857
1470580 1857
1470590 1860
1470600 1861
1470610 1861
1470620 1861
1470630 1861
1470640 1861
1470650 1863
1470660 1868
1470670 1868
1470680 1872
1470690 1876
1470700 1876
1470710 1877
1470720 1877
1470730 1877
1470740 1879
1470750 1883
1470760 1888
1470770 1888
1470780 1891
1470790 1894
1470800 1894
1470810 1898
1470820 1904
1470830 1904
1470840 1910
1470850 1916
1470860 1916
1470870 1922
1470880 1928
1470890 1928
1470900 1933
1470910 1938
1470920 1938
1470930 1944
1470940 1950
1470950 1957
1470960 1957
1470970 1963
1470980 1969
1470990 1969
1471000 1974
1471010 1979
1471020 1979
1471030 1984
1471040 1990
1471050 1990
1471060 1996
1471070 2002
1471080 2002
1471090 2008
1471100 2015
1471110 2021
1471120 2021
1471130 2026
1471140 2031
1471150 2031
1471160 2035
1471170 2039
1471180 2039
1471190 2042
1471200 2046
1471210 2046
1471220 2050
1471230 2053
1471240 2053
1471250 2055
1471260 2057
1471270 2057
1471280 2060
1471290 2062
1471300 2064
1471310 2064
1471320 2066
1471330 2068
1471340 2068
1471350 2070
1471360 2071
1471370 2071
1471380 2071
1471390 2069
1471400 2069
1471410 2071
1471420 2073
1471430 2073
1471440 2075
1471450 2078
1471460 2078
1471470 2080
1471480 2082
1471490 2082
1471500 2082
1471510 2083
1471520 2084
1471530 2084
1471540 2084
1471550 2085
1471560 2085
1471570 2085
1471580 2085
1471590 2085
1471600 2085
1471610 2085
1471620 2085
1471630 2085
1471640 2085
1471650 2085
1471660 2085
1471670 2086
1471680 2087
1471690 2087
1471700 2088
1471710 2089
1471720 2089
1471730 2091
1471740 2092
1471750 2092
1471760 2094
1471770 2096
1471780 2096
1471790 2097
1471800 2099
1471810 2099
1471820 2100
1471830 2100
1471840 2100
1471850 2100
1471860 2100
1471870 2099
1471880 2099
1471890 2097
1471900 2096
1471910 2096
1471920 2095
1471930 2094
1471940 2094
1471950 2092
1471960 2090
1471970 2090
1471980 2088
1471990 2086
1472000 2083
1472010 2083
1472020 2080
1472030 2077
1472040 2077
1472050 2072
1472060 2066
1472070 2066
1472080 2060
1472090 2053
1472100 2053
1472110 2049
1472120 2045
1472130 2045
1472140 2040
1472150 2035
1472160 2035
1472170 2030
1472180 2024
1472190 2016
1472200 2016
1472210 2009
1472220 2003
1472230 2003
1472240 1998
1472250 1993
1472260 1993
1472270 1987
1472280 1980
1472290 1980
1472300 1974
1472310 1970
1472320 1970
1472330 1967
1472340 1963
1472350 1963
1472360 1961
1472370 1958
1472380 1956
1472390 1956
1472400 1953
1472410 1950
1472420 1950
1472430 1946
1472440 1942
1472450 1942
1472460 1940
1472470 1937
1472480 1937
1472490 1935
1472500 1934
1472510 1934
1472520 1932
1472530 1928
1472540 1927
1472550 1927
1472560 1929
1472570 1928
1472580 1928
1472590 1925
1472600 1927
1472610 1927
1472620 1935
1472630 1939
1472640 1939
1472650 1941
1472660 1943
1472670 1943
1472680 1944
1472690 1945
1472700 1945
1472710 1946
1472720 1947
1472730 1947
1472740 1947
1472750 1943
1472760 1939
1472770 1939
1472780 1943
1472790 1950
1472800 1950
1472810 1958
1472820 1964
1472830 1964
1472840 1969
1472850 1974
1472860 1974
1472870 1979
1472880 1984
1472890 1984
1472900 1988
1472910 1992
1472920 1998
1472930 1998
1472940 2004
1472950 2011
1472960 2011
1472970 2017
1472980 2024
1472990 2024
1473000 2031
1473010 2038
1473020 2038
1473030 2045
1473040 2052
1473050 2052
1473060 2058
1473070 2065
1473080 2072
1473090 2072
1473100 2079
1473110 2085
1473120 2085
1473130 2091
1473140 2097
1473150 2097
1473160 2103
1473170 2107
1473180 2107
1473190 2112
1473200 2117
1473210 2117
1473220 2120
1473230 2124
1473240 2124
1473250 2129
1473260 2133
1473270 2137
1473280 2137
1473290 2141
1473300 2144
1473310 2144
1473320 2148
1473330 2151
1473340 2151
1473350 2156
1473360 2160
1473370 2160
1473380 2164
1473390 2166
1473400 2166
1473410 2168
1473420 2169
1473430 2170
1473440 2170
1473450 2172
1473460 2173
1473470 2173
1473480 2175
1473490 2178
1473500 2178
1473510 2180
1473520 2183
1473530 2183
1473540 2186
1473550 2189
1473560 2189
1473570 2191
1473580 2192
1473590 2192
1473600 2194
1473610 2196
1473620 2198
1473630 2198
1473640 2200
1473650 2202
1473660 2202
1473670 2204
1473680 2207
1473690 2207
1473700 2210
1473710 2212
1473720 2212
1473730 2213
1473740 2214
1473750 2214
1473760 2215
1473770 2218
1473780 2218
1473790 2221
1473800 2224
1473810 2226
1473820 2226
1473830 2228
1473840 2230
1473850 2230
1473860 2232
1473870 2234
1473880 2234
1473890 2236
1473900 2238
1473910 2238
1473920 2238
1473930 2238
1473940 2238
1473950 2238
1473960 2238
1473970 2238
1473980 2238
1473990 2239
1474000 2239
1474010 2239
1474020 2238
1474030 2236
1474040 2236
1474050 2236
1474060 2235
1474070 2235
1474080 2235
1474090 2234
1474100 2234
1474110 2233
1474120 2231
1474130 2231
1474140 2230
1474150 2226
1474160 2222
1474170 2222
1474180 2218
1474190 2215
1474200 2215
1474210 2211
1474220 2204
1474230 2204
1474240 2197
1474250 2191
1474260 2191
1474270 2183
1474280 2175
1474290 2175
1474300 2168
1474310 2162
1474320 2162
1474330 2156
1474340 2149
1474350 2142
1474360 2142
1474370 2136
1474380 2129
1474390 2129
1474400 2122
1474410 2115
1474420 2115
1474430 2109
1474440 2103
1474450 2103
1474460 2097
1474470 2092
1474480 2092
1474490 2087
1474500 2082
1474510 2077
1474520 2077
1474530 2073
1474540 2068
1474550 2068
1474560 2058
1474570 2048
1474580 2048
1474590 2042
1474600 2037
1474610 2037
1474620 2033
1474630 2027
1474640 2027
1474650 2020
1474660 2015
1474670 2015
1474680 2011
1474690 2007
1474700 2005
1474710 2005
1474720 2003
1474730 2001
1474740 2001
1474750 2001
1474760 2001
1474770 2001
1474780 2000
1474790 1999
1474800 1999
1474810 1998
1474820 1996
1474830 1996
1474840 1996
1474850 1995
1474860 1995
1474870 1993
1474880 1991
1474890 1990
1474900 1990
1474910 1989
1474920 1987
1474930 1987
1474940 1986
1474950 1986
1474960 1986
1474970 1983
1474980 1979
1474990 1979
1475000 1976
1475010 1976
1475020 1976
1475030 1976
1475040 1975
1475050 1979
1475060 1979
1475070 1981
1475080 1986
1475090 1986
1475100 1990
1475110 1995
1475120 1995
1475130 1995
1475140 2000
1475150 2000
1475160 2001
1475170 2001
1475180 2001
1475190 2005
1475200 2010
1475210 2010
1475220 2015
1475230 2017
1475240 2017
1475250 2017
1475260 2015
1475270 2010
1475280 2010
1475290 2005
1475300 1999
1475310 1999
1475320 1992
1475330 1984
1475340 1984
1475350 1977
1475360 1968
1475370 1968
1475380 1960
1475390 1952
1475400 1944
1475410 1944
1475420 1937
1475430 1931
1475440 1931
1475450 1924
1475460 1917
1475470 1917
1475480 1910
1475490 1901
1475500 1901
1475510 1893
1475520 1887
1475530 1887
1475540 1882
1475550 1877
1475560 1877
1475570 1874
1475580 1873
1475590 1872
1475600 1872
1475610 1873
1475620 1873
1475630 1873
1475640 1874
1475650 1875
1475660 1875
1475670 1875
1475680 1875
1475690 1875
1475700 1874
1475710 1872
1475720 1872
1475730 1871
1475740 1869
1475750 1869
1475760 1867
1475770 1864
1475780 1859
1475790 1859
1475800 1860
1475810 1860
1475820 1860
1475830 1859
1475840 1859
1475850 1859
1475860 1858
1475870 1857
1475880 1857
1475890 1857
1475900 1857
1475910 1857
1475920 1856
1475930 1853
1475940 1847
1475950 1847
1475960 1840
1475970 1841
1475980 1841
1475990 1845
1476000 1841
1476010 1841
1476020 1836
1476030 1830
1476040 1830
1476050 1822
1476060 1814
1476070 1814
1476080 1805
1476090 1798
1476100 1798
1476110 1792
1476120 1787
1476130 1783
1476140 1783
1476150 1779
1476160 1779
1476170 1779
1476180 1781
1476190 1783
1476200 1783
1476210 1784
1476220 1781
1476230 1781
1476240 1777
1476250 1772
1476260 1772
1476270 1766
1476280 1761
1476290 1761
1476300 1757
1476310 1755
1476320 1756
1476330 1756
1476340 1759
1476350 1757
1476360 1757
1476370 1753
1476380 1749
1476390 1749
1476400 1745
1476410 1741
1476420 1741
1476430 1736
1476440 1731
1476450 1731
1476460 1727
1476470 1722
1476480 1716
1476490 1716
1476500 1713
1476510 1708
1476520 1708
1476530 1702
1476540 1697
1476550 1697
1476560 1697
1476570 1698
1476580 1698
1476590 1695
1476600 1696
1476610 1696
1476620 1698
1476630 1693
1476640 1693
1476650 1687
1476660 1690
1476670 1684
1476680 1684
1476690 1680
1476700 1681
1476710 1681
1476720 1675
1476730 1676
1476740 1676
1476750 1673
1476760 1667
1476770 1667
1476780 1662
1476790 1655
1476800 1655
1476810 1643
1476820 1635
1476830 1635
1476840 1639
1476850 1646
1476860 1650
1476870 1650
1476880 1655
1476890 1662
1476900 1662
1476910 1665
1476920 1667
1476930 1667
1476940 1668
1476950 1668
1476960 1668
1476970 1670
1476980 1674
1476990 1674
1477000 1678
1477010 1681
1477020 1683
1477030 1683
1477040 1680
1477050 1681
1477060 1681
1477070 1687
1477080 1697
1477090 1697
1477100 1707
1477110 1708
1477120 1708
1477130 1697
1477140 1687
1477150 1687
1477160 1681
1477170 1684
1477180 1684
1477190 1692
1477200 1697
1477210 1698
1477220 1698
1477230 1697
1477240 1692
1477250 1692
1477260 1689
1477270 1696
1477280 1696
1477290 1695
1477300 1688
1477310 1688
1477320 1680
1477330 1685
1477340 1685
1477350 1688
1477360 1687
1477370 1687
1477380 1686
1477390 1684
1477400 1677
1477410 1677
1477420 1670
1477430 1663
1477440 1663
1477450 1660
1477460 1659
1477470 1659
1477480 1657
1477490 1656
1477500 1656
1477510 1653
1477520 1650
1477530 1650
1477540 1648
1477550 1646
1477560 1647
1477570 1647
1477580 1652
1477590 1648
1477600 1648
1477610 1641
1477620 1637
1477630 1637
1477640 1633
1477650 1631
1477660 1631
1477670 1629
1477680 1625
1477690 1625
1477700 1621
1477710 1621
1477720 1621
1477730 1622
1477740 1623
1477750 1623
1477760 1623
1477770 1623
1477780 1622
1477790 1622
1477800 1619
1477810 1615
1477820 1615
1477830 1612
1477840 1609
1477850 1609
1477860 1607
1477870 1604
1477880 1604
1477890 1602
1477900 1599
1477910 1600
1477920 1600
1477930 1599
1477940 1596
1477950 1596
1477960 1598
1477970 1603
1477980 1603
1477990 1610
1478000 1616
1478010 1616
1478020 1620
1478030 1628
1478040 1628
1478050 1630
1478060 1628
1478070 1628
1478080 1626
1478090 1624
1478100 1620
1478110 1620
1478120 1610
1478130 1601
1478140 1601
1478150 1595
1478160 1591
1478170 1591
1478180 1585
1478190 1579
1478200 1579
1478210 1573
1478220 1567
1478230 1567
1478240 1562
1478250 1560
1478260 1560
1478270 1559
1478280 1556
1478290 1551
1478300 1551
1478310 1551
1478320 1558
1478330 1558
1478340 1561
1478350 1559
1478360 1559
1478370 1556
1478380 1553
1478390 1553
1478400 1549
1478410 1546
1478420 1546
1478430 1546
1478440 1546
1478450 1545
1478460 1545
1478470 1545
1478480 1545
1478490 1545
1478500 1544
1478510 1543
1478520 1543
1478530 1542
1478540 1540
1478550 1540
1478560 1540
1478570 1540
1478580 1540
1478590 1540
1478600 1538
1478610 1538
1478620 1537
1478630 1536
1478640 1535
1478650 1535
1478660 1535
1478670 1535
1478680 1535
1478690 1534
1478700 1533
1478710 1533
1478720 1533
1478730 1532
1478740 1532
1478750 1531
1478760 1530
1478770 1530
1478780 1528
1478790 1527
1478800 1527
1478810 1525
1478820 1523
1478830 1521
1478840 1521
1478850 1520
1478860 1519
1478870 1519
1478880 1517
1478890 1515
1478900 1515
1478910 1512
1478920 1510
1478930 1510
1478940 1508
1478950 1506
1478960 1506
1478970 1503
1478980 1501
1478990 1499
1479000 1499
1479010 1496
1479020 1493
1479030 1493
1479040 1490
1479050 1486
1479060 1486
1479070 1483
1479080 1480
1479090 1480
1479100 1477
1479110 1474
1479120 1474
1479130 1470
1479140 1467
1479150 1467
1479160 1463
1479170 1459
1479180 1455
1479190 1455
1479200 1451
1479210 1447
1479220 1447
1479230 1444
1479240 1441
1479250 1441
1479260 1438
1479270 1435
1479280 1435
1479290 1433
1479300 1430
1479310 1430
1479320 1428
1479330 1425
1479340 1425
1479350 1421
1479360 1418
1479370 1415
1479380 1415
1479390 1412
1479400 1408
1479410 1408
1479420 1406
1479430 1404
1479440 1404
1479450 1400
1479460 1396
1479470 1396
1479480 1392
1479490 1387
1479500 1387
1479510 1382
1479520 1380
1479530 1379
1479540 1379
1479550 1377
1479560 1376
1479570 1376
1479580 1372
1479590 1367
1479600 1367
1479610 1360
1479620 1354
1479630 1354
1479640 1347
1479650 1340
1479660 1340
1479670 1333
1479680 1327
1479690 1327
1479700 1319
1479710 1311
1479720 1304
1479730 1304
1479740 1297
1479750 1290
1479760 1290
1479770 1282
1479780 1274
1479790 1274
1479800 1265
1479810 1256
1479820 1256
1479830 1248
1479840 1241
1479850 1241
1479860 1238
1479870 1232
1479880 1228
1479890 1228
1479900 1226
1479910 1225
1479920 1225
1479930 1224
1479940 1222
1479950 1222
1479960 1220
1479970 1218
1479980 1218
1479990 1218
