1460000 2260
1460010 2252
1460020 2248
1460030 2248
1460040 2246
1460050 2245
1460060 2245
1460070 2245
1460080 2244
1460090 2243
1460100 2243
1460110 2242
1460120 2241
1460130 2241
1460140 2240
1460150 2238
1460160 2238
1460170 2238
1460180 2238
1460190 2238
1460200 2239
1460210 2237
1460220 2237
1460230 2235
1460240 2232
1460250 2232
1460260 2230
1460270 2227
1460280 2224
1460290 2224
1460300 2221
1460310 2219
1460320 2219
1460330 2218
1460340 2217
1460350 2217
1460360 2217
1460370 2217
1460380 2217
1460390 2217
1460400 2217
1460410 2217
1460420 2217
1460430 2217
1460440 2217
1460450 2217
1460460 2218
1460470 2218
1460480 2218
1460490 2219
1460500 2223
1460510 2223
1460520 2226
1460530 2227
1460540 2227
1460550 2225
1460560 2224
1460570 2224
1460580 2225
1460590 2225
1460600 2225
1460610 2224
1460620 2220
1460630 2212
1460640 2212
1460650 2205
1460660 2200
1460670 2200
1460680 2195
1460690 2190
1460700 2190
1460710 2187
1460720 2186
1460730 2186
1460740 2184
1460750 2178
1460760 2178
1460770 2170
1460780 2160
1460790 2160
1460800 2155
1460810 2151
1460820 2146
1460830 2146
1460840 2139
1460850 2131
1460860 2131
1460870 2125
1460880 2120
1460890 2120
1460900 2117
1460910 2114
1460920 2114
1460930 2112
1460940 2111
1460950 2111
1460960 2111
1460970 2112
1460980 2114
1460990 2114
1461000 2114
1461010 2114
1461020 2114
1461030 2116
1461040 2117
1461050 2117
1461060 2118
1461070 2120
1461080 2120
1461090 2121
1461100 2123
1461110 2123
1461120 2127
1461130 2129
1461140 2129
1461150 2128
1461160 2125
1461170 2121
1461180 2121
1461190 2117
1461200 2112
1461210 2112
1461220 2106
1461230 2099
1461240 2099
1461250 2091
1461260 2081
1461270 2081
1461280 2071
1461290 2065
1461300 2065
1461310 2061
1461320 2057
1461330 2057
1461340 2054
1461350 2050
1461360 2046
1461370 2046
1461380 2043
1461390 2039
1461400 2039
1461410 2036
1461420 2033
1461430 2033
1461440 2030
1461450 2027
1461460 2027
1461470 2025
1461480 2024
1461490 2024
1461500 2024
1461510 2023
1461520 2021
1461530 2021
1461540 2020
1461550 2020
1461560 2020
1461570 2020
1461580 2020
1461590 2020
1461600 2021
1461610 2021
1461620 2021
1461630 2021
1461640 2021
1461650 2021
1461660 2020
1461670 2018
1461680 2018
1461690 2016
1461700 2015
1461710 2015
1461720 2015
1461730 2015
1461740 2016
1461750 2016
1461760 2016
1461770 2017
1461780 2017
1461790 2017
1461800 2017
1461810 2017
1461820 2017
1461830 2017
1461840 2017
1461850 2016
1461860 2014
1461870 2014
1461880 2012
1461890 2008
1461900 2005
1461910 2005
1461920 2003
1461930 2001
1461940 2001
1461950 1997
1461960 1994
1461970 1994
1461980 1991
1461990 1989
1462000 1989
1462010 1988
1462020 1986
1462030 1986
1462040 1982
1462050 1978
1462060 1974
1462070 1974
1462080 1972
1462090 1969
1462100 1969
1462110 1968
1462120 1968
1462130 1968
1462140 1966
1462150 1963
1462160 1963
1462170 1960
1462180 1957
1462190 1957
1462200 1953
1462210 1948
1462220 1948
1462230 1944
1462240 1940
1462250 1938
1462260 1938
1462270 1936
1462280 1935
1462290 1935
1462300 1934
1462310 1932
1462320 1932
1462330 1930
1462340 1926
1462350 1926
1462360 1923
1462370 1921
1462380 1921
1462390 1920
1462400 1919
1462410 1919
1462420 1917
1462430 1913
1462440 1911
1462450 1911
1462460 1907
1462470 1903
1462480 1903
1462490 1899
1462500 1894
1462510 1894
1462520 1890
1462530 1888
1462540 1888
1462550 1888
1462560 1888
1462570 1888
1462580 1890
1462590 1889
1462600 1888
1462610 1888
1462620 1887
1462630 1884
1462640 1884
1462650 1881
1462660 1879
1462670 1879
1462680 1877
1462690 1874
1462700 1874
1462710 1872
1462720 1872
1462730 1872
1462740 1868
1462750 1866
1462760 1866
1462770 1864
1462780 1863
1462790 1860
1462800 1855
1462810 1851
1462820 1848
1462830 1848
1462840 1846
1462850 1844
1462860 1844
1462870 1841
1462880 1839
1462890 1839
1462900 1837
1462910 1835
1462920 1835
1462930 1833
1462940 1831
1462950 1831
1462960 1830
1462970 1829
1462980 1828
1462990 1828
1463000 1827
1463010 1827
1463020 1827
1463030 1827
1463040 1827
1463050 1827
1463060 1826
1463070 1825
1463080 1825
1463090 1823
1463100 1821
1463110 1821
1463120 1820
1463130 1818
1463140 1816
1463150 1816
1463160 1814
1463170 1812
1463180 1812
1463190 1811
1463200 1811
1463210 1811
1463220 1810
1463230 1810
1463240 1810
1463250 1810
1463260 1810
1463270 1810
1463280 1809
1463290 1808
1463300 1808
1463310 1808
1463320 1808
1463330 1807
1463340 1807
1463350 1807
1463360 1806
1463370 1806
1463380 1805
1463390 1804
1463400 1804
1463410 1803
1463420 1801
1463430 1801
1463440 1800
1463450 1798
1463460 1798
1463470 1796
1463480 1796
1463490 1796
1463500 1795
1463510 1795
1463520 1791
1463530 1791
1463540 1788
1463550 1787
1463560 1787
1463570 1786
1463580 1785
1463590 1785
1463600 1784
1463610 1783
1463620 1783
1463630 1783
1463640 1784
1463650 1784
1463660 1784
1463670 1784
1463680 1783
1463690 1783
1463700 1782
1463710 1781
1463720 1781
1463730 1779
1463740 1777
1463750 1777
1463760 1777
1463770 1776
1463780 1776
1463790 1775
1463800 1775
1463810 1775
1463820 1774
1463830 1773
1463840 1773
1463850 1773
1463860 1774
1463870 1777
1463880 1777
1463890 1779
1463900 1782
1463910 1782
1463920 1784
1463930 1786
1463940 1786
1463950 1789
1463960 1791
1463970 1791
1463980 1793
1463990 1794
1464000 1794
1464010 1795
1464020 1796
1464030 1796
1464040 1797
1464050 1799
1464060 1800
1464070 1800
1464080 1802
1464090 1805
1464100 1805
1464110 1807
1464120 1810
1464130 1810
1464140 1812
1464150 1814
1464160 1814
1464170 1815
1464180 1816
1464190 1816
1464200 1817
1464210 1819
1464220 1820
1464230 1820
1464240 1822
1464250 1824
1464260 1824
1464270 1826
1464280 1829
1464290 1829
1464300 1831
1464310 1833
1464320 1833
1464330 1834
1464340 1835
1464350 1835
1464360 1835
1464370 1837
1464380 1837
1464390 1838
1464400 1840
1464410 1843
1464420 1843
1464430 1844
1464440 1847
1464450 1847
1464460 1850
1464470 1854
1464480 1854
1464490 1856
1464500 1859
1464510 1859
1464520 1864
1464530 1868
1464540 1868
1464550 1866
1464560 1858
1464570 1858
1464580 1856
1464590 1866
1464600 1877
1464610 1877
1464620 1883
1464630 1890
1464640 1890
1464650 1898
1464660 1908
1464670 1908
1464680 1918
1464690 1929
1464700 1929
1464710 1938
1464720 1943
1464730 1943
1464740 1947
1464750 1950
1464760 1952
1464770 1952
1464780 1957
1464790 1962
1464800 1962
1464810 1967
1464820 1972
1464830 1972
1464840 1977
1464850 1980
1464860 1980
1464870 1984
1464880 1988
1464890 1988
1464900 1992
1464910 1996
1464920 1996
1464930 1999
1464940 2003
1464950 2007
1464960 2007
1464970 2011
1464980 2015
1464990 2015
1465000 2019
1465010 2025
1465020 2025
1465030 2029
1465040 2035
1465050 2035
1465060 2040
1465070 2046
1465080 2046
1465090 2054
1465100 2061
1465110 2061
1465120 2068
1465130 2074
1465140 2079
1465150 2079
1465160 2083
1465170 2088
1465180 2088
1465190 2093
1465200 2099
1465210 2099
1465220 2106
1465230 2112
1465240 2112
1465250 2118
1465260 2124
1465270 2124
1465280 2130
1465290 2137
1465300 2143
1465310 2143
1465320 2150
1465330 2155
1465340 2155
1465350 2161
1465360 2167
1465370 2167
1465380 2172
1465390 2177
1465400 2177
1465410 2182
1465420 2188
1465430 2188
1465440 2193
1465450 2199
1465460 2199
1465470 2205
1465480 2211
1465490 2217
1465500 2217
1465510 2224
1465520 2230
1465530 2230
1465540 2237
1465550 2243
1465560 2243
1465570 2250
1465580 2253
1465590 2253
1465600 2255
1465610 2256
1465620 2256
1465630 2257
1465640 2256
1465650 2256
1465660 2256
1465670 2256
1465680 2256
1465690 2256
1465700 2256
1465710 2257
1465720 2257
1465730 2258
1465740 2259
1465750 2259
1465760 2262
1465770 2263
1465780 2263
1465790 2265
1465800 2264
1465810 2264
1465820 2264
1465830 2267
1465840 2270
1465850 2270
1465860 2273
1465870 2274
1465880 2274
1465890 2275
1465900 2276
1465910 2276
1465920 2277
1465930 2278
1465940 2278
1465950 2278
1465960 2277
1465970 2277
1465980 2275
1465990 2275
1466000 2275
1466010 2275
1466020 2274
1466030 2273
1466040 2273
1466050 2272
1466060 2271
1466070 2271
1466080 2270
1466090 2270
1466100 2270
1466110 2271
1466120 2272
1466130 2272
1466140 2272
1466150 2272
1466160 2272
1466170 2273
1466180 2275
1466190 2275
1466200 2276
1466210 2275
1466220 2274
1466230 2274
1466240 2275
1466250 2279
1466260 2279
1466270 2281
1466280 2281
1466290 2281
1466300 2282
1466310 2283
1466320 2283
1466330 2283
1466340 2286
1466350 2286
1466360 2290
1466370 2294
1466380 2298
1466390 2298
1466400 2303
1466410 2306
1466420 2306
1466430 2306
1466440 2307
1466450 2307
1466460 2309
1466470 2310
1466480 2310
1466490 2311
1466500 2313
1466510 2313
1466520 2315
1466530 2318
1466540 2318
1466550 2321
1466560 2326
1466570 2331
1466580 2331
1466590 2337
1466600 2341
1466610 2341
1466620 2345
1466630 2350
1466640 2350
1466650 2355
1466660 2361
1466670 2361
1466680 2366
1466690 2372
1466700 2372
1466710 2377
1466720 2382
1466730 2382
1466740 2387
1466750 2393
1466760 2399
1466770 2399
1466780 2402
1466790 2404
1466800 2404
1466810 2404
1466820 2404
1466830 2404
1466840 2406
1466850 2408
1466860 2408
1466870 2410
1466880 2411
1466890 2411
1466900 2412
1466910 2412
1466920 2412
1466930 2412
1466940 2410
1466950 2407
1466960 2407
1466970 2406
1466980 2404
1466990 2404
1467000 2402
1467010 2400
1467020 2400
1467030 2398
1467040 2397
1467050 2397
1467060 2395
1467070 2392
1467080 2392
1467090 2389
1467100 2386
1467110 2384
1467120 2384
1467130 2382
1467140 2378
1467150 2378
1467160 2373
1467170 2370
1467180 2370
1467190 2367
1467200 2365
1467210 2365
1467220 2363
1467230 2363
1467240 2363
1467250 2362
1467260 2363
1467270 2363
1467280 2363
1467290 2363
1467300 2362
1467310 2362
1467320 2363
1467330 2363
1467340 2363
1467350 2362
1467360 2363
1467370 2363
1467380 2364
1467390 2364
1467400 2364
1467410 2365
1467420 2367
1467430 2367
1467440 2369
1467450 2370
1467460 2371
1467470 2371
1467480 2373
1467490 2375
1467500 2375
1467510 2377
1467520 2379
1467530 2379
1467540 2382
1467550 2386
1467560 2386
1467570 2388
1467580 2389
1467590 2389
1467600 2390
1467610 2391
1467620 2391
1467630 2393
1467640 2394
1467650 2394
1467660 2394
1467670 2393
1467680 2394
1467690 2394
1467700 2395
1467710 2399
1467720 2399
1467730 2402
1467740 2404
1467750 2404
1467760 2408
1467770 2414
1467780 2414
1467790 2418
1467800 2421
1467810 2421
1467820 2422
1467830 2425
1467840 2428
1467850 2428
1467860 2434
1467870 2437
1467880 2437
1467890 2440
1467900 2443
1467910 2443
1467920 2447
1467930 2452
1467940 2452
1467950 2455
1467960 2457
1467970 2457
1467980 2458
1467990 2460
1468000 2463
1468010 2463
1468020 2467
1468030 2472
1468040 2472
1468050 2479
1468060 2485
1468070 2485
1468080 2490
1468090 2493
1468100 2493
1468110 2493
1468120 2488
1468130 2488
1468140 2483
1468150 2475
1468160 2475
1468170 2466
1468180 2458
1468190 2452
1468200 2452
1468210 2448
1468220 2441
1468230 2441
1468240 2432
1468250 2425
1468260 2425
1468270 2419
1468280 2412
1468290 2412
1468300 2405
1468310 2398
1468320 2398
1468330 2391
1468340 2383
1468350 2383
1468360 2376
1468370 2370
1468380 2366
1468390 2366
1468400 2365
1468410 2366
1468420 2366
1468430 2367
1468440 2360
1468450 2360
1468460 2357
1468470 2352
1468480 2352
1468490 2346
1468500 2340
1468510 2340
1468520 2333
1468530 2329
1468540 2328
1468550 2328
1468560 2326
1468570 2324
1468580 2324
1468590 2322
1468600 2322
1468610 2322
1468620 2321
1468630 2320
1468640 2320
1468650 2322
1468660 2324
1468670 2324
1468680 2326
1468690 2327
1468700 2327
1468710 2328
1468720 2329
1468730 2332
1468740 2332
1468750 2337
1468760 2345
1468770 2345
1468780 2353
1468790 2360
1468800 2360
1468810 2369
1468820 2362
1468830 2362
1468840 2352
1468850 2345
1468860 2345
1468870 2340
1468880 2334
1468890 2334
1468900 2327
1468910 2317
1468920 2307
1468930 2307
1468940 2299
1468950 2292
1468960 2292
1468970 2289
1468980 2288
1468990 2288
1469000 2290
1469010 2294
1469020 2294
1469030 2299
1469040 2298
1469050 2298
1469060 2293
1469070 2288
1469080 2282
1469090 2282
1469100 2274
1469110 2267
1469120 2267
1469130 2261
1469140 2256
1469150 2256
1469160 2252
1469170 2242
1469180 2242
1469190 2234
1469200 2224
1469210 2224
1469220 2213
1469230 2202
1469240 2202
1469250 2194
1469260 2182
1469270 2171
1469280 2171
1469290 2159
1469300 2149
1469310 2149
1469320 2143
1469330 2138
1469340 2138
1469350 2134
1469360 2131
1469370 2131
1469380 2127
1469390 2125
1469400 2125
1469410 2123
1469420 2121
1469430 2121
1469440 2120
1469450 2120
1469460 2120
1469470 2120
1469480 2121
1469490 2122
1469500 2122
1469510 2121
1469520 2120
1469530 2120
1469540 2122
1469550 2126
1469560 2126
1469570 2127
1469580 2126
1469590 2126
1469600 2125
1469610 2125
1469620 2123
1469630 2123
1469640 2122
1469650 2121
1469660 2121
1469670 2123
1469680 2123
1469690 2123
1469700 2121
1469710 2117
1469720 2117
1469730 2115
1469740 2113
1469750 2113
1469760 2111
1469770 2108
1469780 2108
1469790 2103
1469800 2102
1469810 2103
1469820 2103
1469830 2104
1469840 2107
1469850 2107
1469860 2109
1469870 2110
1469880 2110
1469890 2111
1469900 2111
1469910 2111
1469920 2114
1469930 2118
1469940 2118
1469950 2122
1469960 2126
1469970 2126
1469980 2126
1469990 2122
1470000 2117
1470010 2117
1470020 2112
1470030 2107
1470040 2107
1470050 2102
1470060 2097
1470070 2097
1470080 2092
1470090 2088
1470100 2088
1470110 2086
1470120 2086
1470130 2086
1470140 2087
1470150 2086
1470160 2083
1470170 2083
1470180 2079
1470190 2075
1470200 2075
1470210 2072
1470220 2069
1470230 2069
1470240 2066
1470250 2063
1470260 2063
1470270 2062
1470280 2061
1470290 2061
1470300 2061
1470310 2061
1470320 2061
1470330 2062
1470340 2062
1470350 2063
1470360 2063
1470370 2069
1470380 2072
1470390 2072
1470400 2075
1470410 2078
1470420 2078
1470430 2079
1470440 2080
1470450 2080
1470460 2082
1470470 2085
1470480 2085
1470490 2088
1470500 2091
1470510 2094
1470520 2094
1470530 2098
1470540 2101
1470550 2101
1470560 2105
1470570 2108
1470580 2108
1470590 2111
1470600 2114
1470610 2114
1470620 2117
1470630 2120
1470640 2120
1470650 2124
1470660 2128
1470670 2128
1470680 2132
1470690 2137
1470700 2143
1470710 2143
1470720 2150
1470730 2158
1470740 2158
1470750 2165
1470760 2168
1470770 2168
1470780 2167
1470790 2165
1470800 2165
1470810 2162
1470820 2159
1470830 2159
1470840 2155
1470850 2153
1470860 2153
1470870 2150
1470880 2149
1470890 2147
1470900 2147
1470910 2145
1470920 2144
1470930 2144
1470940 2143
1470950 2142
1470960 2142
1470970 2144
1470980 2145
1470990 2145
1471000 2146
1471010 2146
1471020 2146
1471030 2147
1471040 2148
1471050 2150
1471060 2150
1471070 2152
1471080 2155
1471090 2155
1471100 2157
1471110 2160
1471120 2160
1471130 2160
1471140 2158
1471150 2158
1471160 2155
1471170 2153
1471180 2153
1471190 2150
1471200 2147
1471210 2147
1471220 2145
1471230 2142
1471240 2139
1471250 2139
1471260 2137
1471270 2136
1471280 2136
1471290 2134
1471300 2132
1471310 2132
1471320 2130
1471330 2129
1471340 2129
1471350 2129
1471360 2128
1471370 2128
1471380 2128
1471390 2129
1471400 2129
1471410 2130
1471420 2131
1471430 2132
1471440 2132
1471450 2133
1471460 2136
1471470 2136
1471480 2140
1471490 2144
1471500 2144
1471510 2148
1471520 2153
1471530 2153
1471540 2158
1471550 2163
1471560 2163
1471570 2164
1471580 2164
1471590 2166
1471600 2166
1471610 2168
1471620 2172
1471630 2172
1471640 2175
1471650 2177
1471660 2177
1471670 2180
1471680 2183
1471690 2183
1471700 2187
1471710 2193
1471720 2193
1471730 2201
1471740 2209
1471750 2209
1471760 2216
1471770 2223
1471780 2230
1471790 2230
1471800 2237
1471810 2247
1471820 2247
1471830 2253
1471840 2253
1471850 2253
1471860 2253
1471870 2252
1471880 2252
1471890 2253
1471900 2254
1471910 2254
1471920 2255
1471930 2251
1471940 2251
1471950 2246
1471960 2243
1471970 2242
1471980 2242
1471990 2242
1472000 2241
1472010 2241
1472020 2242
1472030 2242
1472040 2242
1472050 2240
1472060 2238
1472070 2238
1472080 2235
1472090 2230
1472100 2230
1472110 2227
1472120 2225
1472130 2223
1472140 2223
1472150 2222
1472160 2221
1472170 2221
1472180 2220
1472190 2218
1472200 2218
1472210 2217
1472220 2218
1472230 2218
1472240 2218
1472250 2218
1472260 2218
1472270 2218
1472280 2218
1472290 2218
1472300 2217
1472310 2214
1472320 2212
1472330 2212
1472340 2212
1472350 2215
1472360 2215
1472370 2218
1472380 2222
1472390 2222
1472400 2223
1472410 2222
1472420 2222
1472430 2225
1472440 2231
1472450 2231
1472460 2239
1472470 2242
1472480 2242
1472490 2240
1472500 2237
1472510 2234
1472520 2234
1472530 2235
1472540 2243
1472550 2243
1472560 2251
1472570 2251
1472580 2251
1472590 2253
1472600 2258
1472610 2258
1472620 2266
1472630 2266
1472640 2266
1472650 2274
1472660 2284
1472670 2289
1472680 2289
1472690 2288
1472700 2278
1472710 2278
1472720 2273
1472730 2276
1472740 2276
1472750 2271
1472760 2266
1472770 2266
1472780 2265
1472790 2262
1472800 2262
1472810 2258
1472820 2258
1472830 2258
1472840 2265
1472850 2279
1472860 2296
1472870 2296
1472880 2313
1472890 2340
1472900 2340
1472910 2362
1472920 2366
1472930 2366
1472940 2361
1472950 2355
1472960 2355
1472970 2348
1472980 2342
1472990 2342
1473000 2334
1473010 2327
1473020 2327
1473030 2331
1473040 2333
1473050 2337
1473060 2337
1473070 2340
1473080 2335
1473090 2335
1473100 2333
1473110 2337
1473120 2337
1473130 2346
1473140 2351
1473150 2351
1473160 2359
1473170 2366
1473180 2366
1473190 2371
1473200 2372
1473210 2371
1473220 2371
1473230 2369
1473240 2364
1473250 2364
1473260 2362
1473270 2364
1473280 2364
1473290 2369
1473300 2375
1473310 2375
1473320 2379
1473330 2384
1473340 2384
1473350 2392
1473360 2398
1473370 2398
1473380 2403
1473390 2412
1473400 2419
1473410 2419
1473420 2425
1473430 2431
1473440 2431
1473450 2435
1473460 2439
1473470 2439
1473480 2442
1473490 2442
1473500 2442
1473510 2445
1473520 2441
1473530 2441
1473540 2432
1473550 2422
1473560 2422
1473570 2412
1473580 2404
1473590 2395
1473600 2395
1473610 2389
1473620 2383
1473630 2383
1473640 2375
1473650 2369
1473660 2369
1473670 2365
1473680 2358
1473690 2358
1473700 2349
1473710 2341
1473720 2341
1473730 2333
1473740 2325
1473750 2318
1473760 2318
1473770 2304
1473780 2296
1473790 2296
1473800 2290
1473810 2285
1473820 2285
1473830 2279
1473840 2273
1473850 2273
1473860 2267
1473870 2260
1473880 2260
1473890 2255
1473900 2252
1473910 2252
1473920 2250
1473930 2247
1473940 2242
1473950 2242
1473960 2236
1473970 2230
1473980 2230
1473990 2224
1474000 2220
1474010 2220
1474020 2218
1474030 2216
1474040 2216
1474050 2215
1474060 2214
1474070 2214
1474080 2211
1474090 2206
1474100 2206
1474110 2202
1474120 2199
1474130 2195
1474140 2195
1474150 2191
1474160 2187
1474170 2187
1474180 2183
1474190 2178
1474200 2178
1474210 2173
1474220 2168
1474230 2168
1474240 2163
1474250 2158
1474260 2158
1474270 2153
1474280 2147
1474290 2141
1474300 2141
1474310 2135
1474320 2129
1474330 2129
1474340 2124
1474350 2119
1474360 2119
1474370 2114
1474380 2109
1474390 2109
1474400 2105
1474410 2099
1474420 2099
1474430 2093
1474440 2086
1474450 2086
1474460 2080
1474470 2074
1474480 2068
1474490 2068
1474500 2063
1474510 2057
1474520 2057
1474530 2050
1474540 2044
1474550 2044
1474560 2037
1474570 2029
1474580 2029
1474590 2024
1474600 2019
1474610 2019
1474620 2015
1474630 2012
1474640 2012
1474650 2009
1474660 2007
1474670 2004
1474680 2004
1474690 2000
1474700 1997
1474710 1997
1474720 1993
1474730 1989
1474740 1989
1474750 1984
1474760 1978
1474770 1978
1474780 1972
1474790 1966
1474800 1966
1474810 1962
1474820 1958
1474830 1956
1474840 1956
1474850 1953
1474860 1950
1474870 1950
1474880 1948
1474890 1947
1474900 1947
1474910 1943
1474920 1939
1474930 1939
1474940 1936
1474950 1934
1474960 1934
1474970 1931
1474980 1929
1474990 1929
1475000 1926
1475010 1923
1475020 1920
1475030 1920
1475040 1915
1475050 1907
1475060 1907
1475070 1902
1475080 1896
1475090 1896
1475100 1890
1475110 1883
1475120 1883
1475130 1877
1475140 1870
1475150 1870
1475160 1864
1475170 1857
1475180 1857
1475190 1850
1475200 1845
1475210 1838
1475220 1838
1475230 1832
1475240 1827
1475250 1827
1475260 1821
1475270 1816
1475280 1816
1475290 1811
1475300 1805
1475310 1805
1475320 1800
1475330 1795
1475340 1795
1475350 1790
1475360 1785
1475370 1781
1475380 1781
1475390 1776
1475400 1771
1475410 1771
1475420 1767
1475430 1762
1475440 1762
1475450 1757
1475460 1753
1475470 1753
1475480 1747
1475490 1741
1475500 1741
1475510 1736
1475520 1730
1475530 1730
1475540 1725
1475550 1720
1475560 1714
1475570 1714
1475580 1707
1475590 1701
1475600 1701
1475610 1696
1475620 1693
1475630 1693
1475640 1690
1475650 1687
1475660 1687
1475670 1682
1475680 1678
1475690 1678
1475700 1674
1475710 1670
1475720 1670
1475730 1665
1475740 1660
1475750 1655
1475760 1655
1475770 1650
1475780 1644
1475790 1644
1475800 1639
1475810 1633
1475820 1633
1475830 1628
1475840 1622
1475850 1622
1475860 1615
1475870 1608
1475880 1608
1475890 1600
1475900 1593
1475910 1589
1475920 1589
1475930 1589
1475940 1591
1475950 1591
1475960 1592
1475970 1595
1475980 1595
1475990 1595
1476000 1595
1476010 1595
1476020 1594
1476030 1593
1476040 1593
1476050 1594
1476060 1595
1476070 1595
1476080 1596
1476090 1596
1476100 1597
1476110 1597
1476120 1598
1476130 1600
1476140 1600
1476150 1602
1476160 1605
1476170 1605
1476180 1607
1476190 1609
1476200 1609
1476210 1610
1476220 1612
1476230 1612
1476240 1615
1476250 1618
1476260 1618
1476270 1622
1476280 1626
1476290 1628
1476300 1628
1476310 1630
1476320 1632
1476330 1632
1476340 1635
1476350 1635
1476360 1635
1476370 1636
1476380 1637
1476390 1637
1476400 1636
1476410 1639
1476420 1639
1476430 1642
1476440 1645
1476450 1648
1476460 1648
1476470 1650
1476480 1651
1476490 1651
1476500 1653
1476510 1654
1476520 1654
1476530 1654
1476540 1654
1476550 1654
1476560 1655
1476570 1656
1476580 1656
1476590 1656
1476600 1656
1476610 1656
1476620 1655
1476630 1654
1476640 1654
1476650 1654
1476660 1654
1476670 1653
1476680 1653
1476690 1653
1476700 1652
1476710 1652
1476720 1652
1476730 1651
1476740 1651
1476750 1651
1476760 1651
1476770 1651
1476780 1651
1476790 1651
1476800 1651
1476810 1652
1476820 1652
1476830 1652
1476840 1652
1476850 1653
1476860 1653
1476870 1653
1476880 1654
1476890 1654
1476900 1654
1476910 1652
1476920 1645
1476930 1645
1476940 1636
1476950 1627
1476960 1627
1476970 1628
1476980 1632
1476990 1636
1477000 1636
1477010 1640
1477020 1642
1477030 1642
1477040 1642
1477050 1639
1477060 1639
1477070 1638
1477080 1639
1477090 1639
1477100 1641
1477110 1641
1477120 1641
1477130 1641
1477140 1641
1477150 1641
1477160 1640
1477170 1638
1477180 1635
1477190 1635
1477200 1633
1477210 1633
1477220 1633
1477230 1632
1477240 1630
1477250 1630
1477260 1626
1477270 1623
1477280 1623
1477290 1620
1477300 1617
1477310 1617
1477320 1613
1477330 1608
1477340 1608
1477350 1600
1477360 1602
1477370 1608
1477380 1608
1477390 1612
1477400 1615
1477410 1615
1477420 1617
1477430 1620
1477440 1620
1477450 1621
1477460 1621
1477470 1621
1477480 1620
1477490 1619
1477500 1619
1477510 1619
1477520 1617
1477530 1614
1477540 1614
1477550 1610
1477560 1609
1477570 1609
1477580 1609
1477590 1609
1477600 1609
1477610 1609
1477620 1609
1477630 1609
1477640 1607
1477650 1606
1477660 1606
1477670 1606
1477680 1605
1477690 1605
1477700 1605
1477710 1607
1477720 1607
1477730 1607
1477740 1607
1477750 1607
1477760 1607
1477770 1604
1477780 1600
1477790 1600
1477800 1596
1477810 1592
1477820 1592
1477830 1588
1477840 1585
1477850 1585
1477860 1581
1477870 1580
1477880 1580
1477890 1579
1477900 1578
1477910 1575
1477920 1575
1477930 1572
1477940 1569
1477950 1569
1477960 1567
1477970 1564
1477980 1564
1477990 1563
1478000 1563
1478010 1563
1478020 1562
1478030 1560
1478040 1560
1478050 1554
1478060 1545
1478070 1534
1478080 1534
1478090 1528
1478100 1530
1478110 1530
1478120 1537
1478130 1544
1478140 1544
1478150 1549
1478160 1554
1478170 1554
1478180 1558
1478190 1559
1478200 1559
1478210 1559
1478220 1558
1478230 1558
1478240 1557
1478250 1555
1478260 1553
1478270 1553
1478280 1553
1478290 1553
1478300 1553
1478310 1552
1478320 1551
1478330 1551
1478340 1551
1478350 1551
1478360 1551
1478370 1550
1478380 1544
1478390 1544
1478400 1535
1478410 1525
1478420 1525
1478430 1526
1478440 1540
1478450 1543
1478460 1543
1478470 1546
1478480 1546
1478490 1546
1478500 1545
1478510 1543
1478520 1543
1478530 1541
1478540 1539
1478550 1539
1478560 1536
1478570 1536
1478580 1536
1478590 1535
1478600 1534
1478610 1533
1478620 1533
1478630 1533
1478640 1530
1478650 1530
1478660 1525
1478670 1516
1478680 1516
1478690 1519
1478700 1525
1478710 1525
1478720 1527
1478730 1526
1478740 1526
1478750 1525
1478760 1524
1478770 1524
1478780 1524
1478790 1523
1478800 1521
1478810 1521
1478820 1520
1478830 1518
1478840 1518
1478850 1515
1478860 1512
1478870 1512
1478880 1508
1478890 1508
1478900 1508
1478910 1507
1478920 1506
1478930 1506
1478940 1505
1478950 1503
1478960 1503
1478970 1502
1478980 1499
1478990 1494
1479000 1494
1479010 1491
1479020 1492
1479030 1492
1479040 1490
1479050 1488
1479060 1488
1479070 1486
1479080 1484
1479090 1484
1479100 1481
1479110 1478
1479120 1478
1479130 1476
1479140 1476
1479150 1475
1479160 1475
1479170 1473
1479180 1469
1479190 1469
1479200 1468
1479210 1469
1479220 1469
1479230 1470
1479240 1470
1479250 1470
1479260 1466
1479270 1459
1479280 1459
1479290 1452
1479300 1447
1479310 1447
1479320 1440
1479330 1431
1479340 1422
1479350 1422
1479360 1414
1479370 1406
1479380 1406
1479390 1398
1479400 1395
1479410 1395
1479420 1396
1479430 1401
1479440 1401
1479450 1413
1479460 1422
1479470 1422
1479480 1429
1479490 1434
1479500 1434
1479510 1439
1479520 1447
1479530 1454
1479540 1454
1479550 1461
1479560 1466
1479570 1466
1479580 1466
1479590 1465
1479600 1465
1479610 1464
1479620 1464
1479630 1464
1479640 1464
1479650 1464
1479660 1464
1479670 1464
1479680 1464
1479690 1464
1479700 1464
1479710 1464
1479720 1463
1479730 1463
1479740 1463
1479750 1463
1479760 1463
1479770 1462
1479780 1459
1479790 1459
1479800 1457
1479810 1454
1479820 1454
1479830 1448
1479840 1442
1479850 1442
1479860 1433
1479870 1424
1479880 1416
1479890 1416
1479900 1412
1479910 1417
1479920 1417
1479930 1425
1479940 1431
1479950 1431
1479960 1438
1479970 1445
1479980 1445
1479990 1453
