1460000 2375
1460010 2375
1460020 2373
1460030 2372
1460040 2372
1460050 2371
1460060 2370
1460070 2370
1460080 2369
1460090 2369
1460100 2369
1460110 2369
1460120 2370
1460130 2370
1460140 2373
1460150 2374
1460160 2374
1460170 2374
1460180 2375
1460190 2377
1460200 2377
1460210 2381
1460220 2384
1460230 2384
1460240 2385
1460250 2383
1460260 2383
1460270 2386
1460280 2388
1460290 2388
1460300 2386
1460310 2382
1460320 2382
1460330 2375
1460340 2376
1460350 2374
1460360 2374
1460370 2369
1460380 2365
1460390 2365
1460400 2362
1460410 2359
1460420 2359
1460430 2357
1460440 2356
1460450 2356
1460460 2353
1460470 2351
1460480 2351
1460490 2350
1460500 2348
1460510 2346
1460520 2346
1460530 2345
1460540 2346
1460550 2346
1460560 2345
1460570 2343
1460580 2343
1460590 2338
1460600 2335
1460610 2335
1460620 2334
1460630 2326
1460640 2326
1460650 2321
1460660 2319
1460670 2319
1460680 2316
1460690 2311
1460700 2308
1460710 2308
1460720 2305
1460730 2302
1460740 2302
1460750 2297
1460760 2290
1460770 2290
1460780 2287
1460790 2282
1460800 2282
1460810 2280
1460820 2275
1460830 2275
1460840 2268
1460850 2259
1460860 2259
1460870 2262
1460880 2264
1460890 2263
1460900 2263
1460910 2264
1460920 2267
1460930 2267
1460940 2267
1460950 2262
1460960 2262
1460970 2253
1460980 2247
1460990 2247
1461000 2238
1461010 2233
1461020 2233
1461030 2229
1461040 2226
1461050 2224
1461060 2224
1461070 2222
1461080 2220
1461090 2220
1461100 2219
1461110 2217
1461120 2217
1461130 2214
1461140 2209
1461150 2209
1461160 2206
1461170 2202
1461180 2202
1461190 2197
1461200 2194
1461210 2194
1461220 2190
1461230 2188
1461240 2186
1461250 2186
1461260 2186
1461270 2186
1461280 2186
1461290 2186
1461300 2189
1461310 2189
1461320 2193
1461330 2198
1461340 2198
1461350 2201
1461360 2202
1461370 2202
1461380 2205
1461390 2209
1461400 2209
1461410 2213
1461420 2217
1461430 2221
1461440 2221
1461450 2223
1461460 2224
1461470 2224
1461480 2226
1461490 2228
1461500 2228
1461510 2231
1461520 2232
1461530 2232
1461540 2233
1461550 2235
1461560 2235
1461570 2235
1461580 2235
1461590 2235
1461600 2235
1461610 2234
1461620 2233
1461630 2233
1461640 2232
1461650 2232
1461660 2232
1461670 2233
1461680 2234
1461690 2234
1461700 2236
1461710 2237
1461720 2237
1461730 2237
1461740 2239
1461750 2239
1461760 2242
1461770 2244
1461780 2245
1461790 2245
1461800 2247
1461810 2249
1461820 2249
1461830 2251
1461840 2253
1461850 2253
1461860 2255
1461870 2258
1461880 2258
1461890 2260
1461900 2263
1461910 2263
1461920 2265
1461930 2268
1461940 2268
1461950 2270
1461960 2273
1461970 2275
1461980 2275
1461990 2276
1462000 2276
1462010 2276
1462020 2279
1462030 2282
1462040 2282
1462050 2289
1462060 2295
1462070 2295
1462080 2303
1462090 2313
1462100 2313
1462110 2323
1462120 2332
1462130 2332
1462140 2336
1462150 2330
1462160 2324
1462170 2324
1462180 2316
1462190 2306
1462200 2306
1462210 2297
1462220 2290
1462230 2290
1462240 2281
1462250 2272
1462260 2272
1462270 2264
1462280 2258
1462290 2258
1462300 2252
1462310 2248
1462320 2245
1462330 2245
1462340 2243
1462350 2240
1462360 2240
1462370 2238
1462380 2237
1462390 2237
1462400 2236
1462410 2236
1462420 2236
1462430 2237
1462440 2239
1462450 2239
1462460 2241
1462470 2239
1462480 2239
1462490 2235
1462500 2231
1462510 2225
1462520 2225
1462530 2219
1462540 2221
1462550 2221
1462560 2220
1462570 2217
1462580 2217
1462590 2214
1462600 2209
1462610 2209
1462620 2202
1462630 2200
1462640 2200
1462650 2199
1462660 2199
1462670 2199
1462680 2201
1462690 2204
1462700 2205
1462710 2205
1462720 2202
1462730 2196
1462740 2196
1462750 2193
1462760 2192
1462770 2192
1462780 2192
1462790 2194
1462800 2194
1462810 2195
1462820 2196
1462830 2196
1462840 2198
1462850 2200
1462860 2201
1462870 2201
1462880 2201
1462890 2200
1462900 2200
1462910 2197
1462920 2194
1462930 2194
1462940 2194
1462950 2194
1462960 2194
1462970 2193
1462980 2191
1462990 2191
1463000 2188
1463010 2185
1463020 2185
1463030 2185
1463040 2185
1463050 2186
1463060 2186
1463070 2185
1463080 2186
1463090 2186
1463100 2187
1463110 2187
1463120 2187
1463130 2185
1463140 2182
1463150 2182
1463160 2179
1463170 2176
1463180 2176
1463190 2174
1463200 2172
1463210 2172
1463220 2169
1463230 2169
1463240 2170
1463250 2170
1463260 2171
1463270 2168
1463280 2168
1463290 2169
1463300 2170
1463310 2170
1463320 2171
1463330 2171
1463340 2171
1463350 2171
1463360 2170
1463370 2170
1463380 2168
1463390 2165
1463400 2163
1463410 2163
1463420 2161
1463430 2160
1463440 2160
1463450 2160
1463460 2159
1463470 2159
1463480 2157
1463490 2154
1463500 2154
1463510 2153
1463520 2152
1463530 2152
1463540 2151
1463550 2152
1463560 2152
1463570 2154
1463580 2155
1463590 2156
1463600 2156
1463610 2158
1463620 2160
1463630 2160
1463640 2162
1463650 2163
1463660 2163
1463670 2165
1463680 2168
1463690 2168
1463700 2168
1463710 2168
1463720 2168
1463730 2168
1463740 2168
1463750 2168
1463760 2169
1463770 2173
1463780 2177
1463790 2177
1463800 2181
1463810 2184
1463820 2184
1463830 2188
1463840 2193
1463850 2193
1463860 2195
1463870 2195
1463880 2195
1463890 2196
1463900 2198
1463910 2198
1463920 2200
1463930 2201
1463940 2201
1463950 2202
1463960 2202
1463970 2202
1463980 2202
1463990 2202
1464000 2202
1464010 2202
1464020 2202
1464030 2203
1464040 2203
1464050 2205
1464060 2208
1464070 2208
1464080 2212
1464090 2216
1464100 2216
1464110 2221
1464120 2223
1464130 2226
1464140 2226
1464150 2228
1464160 2230
1464170 2230
1464180 2232
1464190 2235
1464200 2235
1464210 2237
1464220 2239
1464230 2239
1464240 2241
1464250 2245
1464260 2245
1464270 2248
1464280 2248
1464290 2248
1464300 2248
1464310 2248
1464320 2247
1464330 2247
1464340 2248
1464350 2251
1464360 2251
1464370 2255
1464380 2260
1464390 2260
1464400 2265
1464410 2267
1464420 2267
1464430 2265
1464440 2262
1464450 2262
1464460 2259
1464470 2259
1464480 2259
1464490 2263
1464500 2266
1464510 2270
1464520 2270
1464530 2273
1464540 2273
1464550 2273
1464560 2270
1464570 2269
1464580 2269
1464590 2265
1464600 2261
1464610 2261
1464620 2262
1464630 2263
1464640 2263
1464650 2266
1464660 2268
1464670 2265
1464680 2265
1464690 2262
1464700 2258
1464710 2258
1464720 2254
1464730 2250
1464740 2250
1464750 2248
1464760 2245
1464770 2245
1464780 2241
1464790 2239
1464800 2239
1464810 2237
1464820 2237
1464830 2237
1464840 2238
1464850 2242
1464860 2247
1464870 2247
1464880 2252
1464890 2254
1464900 2254
1464910 2255
1464920 2255
1464930 2255
1464940 2255
1464950 2254
1464960 2254
1464970 2255
1464980 2257
1464990 2257
1465000 2258
1465010 2259
1465020 2259
1465030 2259
1465040 2260
1465050 2262
1465060 2262
1465070 2264
1465080 2264
1465090 2264
1465100 2264
1465110 2264
1465120 2264
1465130 2266
1465140 2268
1465150 2268
1465160 2269
1465170 2269
1465180 2269
1465190 2268
1465200 2268
1465210 2269
1465220 2269
1465230 2268
1465240 2267
1465250 2267
1465260 2265
1465270 2264
1465280 2264
1465290 2265
1465300 2267
1465310 2267
1465320 2267
1465330 2267
1465340 2267
1465350 2266
1465360 2265
1465370 2265
1465380 2263
1465390 2261
1465400 2260
1465410 2260
1465420 2259
1465430 2258
1465440 2258
1465450 2260
1465460 2262
1465470 2262
1465480 2264
1465490 2268
1465500 2268
1465510 2271
1465520 2272
1465530 2272
1465540 2274
1465550 2276
1465560 2276
1465570 2279
1465580 2283
1465590 2288
1465600 2288
1465610 2292
1465620 2295
1465630 2295
1465640 2300
1465650 2304
1465660 2304
1465670 2308
1465680 2311
1465690 2311
1465700 2313
1465710 2315
1465720 2315
1465730 2317
1465740 2318
1465750 2320
1465760 2320
1465770 2323
1465780 2323
1465790 2323
1465800 2319
1465810 2316
1465820 2316
1465830 2311
1465840 2306
1465850 2306
1465860 2302
1465870 2299
1465880 2299
1465890 2296
1465900 2293
1465910 2293
1465920 2291
1465930 2289
1465940 2286
1465950 2286
1465960 2282
1465970 2276
1465980 2276
1465990 2272
1466000 2270
1466010 2270
1466020 2267
1466030 2262
1466040 2262
1466050 2257
1466060 2252
1466070 2252
1466080 2248
1466090 2244
1466100 2244
1466110 2242
1466120 2241
1466130 2239
1466140 2239
1466150 2236
1466160 2233
1466170 2233
1466180 2231
1466190 2227
1466200 2227
1466210 2221
1466220 2215
1466230 2215
1466240 2209
1466250 2203
1466260 2203
1466270 2198
1466280 2194
1466290 2189
1466300 2189
1466310 2183
1466320 2177
1466330 2177
1466340 2174
1466350 2171
1466360 2171
1466370 2169
1466380 2168
1466390 2168
1466400 2165
1466410 2160
1466420 2160
1466430 2156
1466440 2154
1466450 2154
1466460 2153
1466470 2150
1466480 2144
1466490 2144
1466500 2138
1466510 2133
1466520 2133
1466530 2127
1466540 2120
1466550 2120
1466560 2114
1466570 2106
1466580 2106
1466590 2100
1466600 2092
1466610 2092
1466620 2091
1466630 2090
1466640 2090
1466650 2089
1466660 2087
1466670 2084
1466680 2084
1466690 2082
1466700 2081
1466710 2081
1466720 2080
1466730 2078
1466740 2078
1466750 2075
1466760 2072
1466770 2072
1466780 2067
1466790 2062
1466800 2062
1466810 2057
1466820 2051
1466830 2051
1466840 2044
1466850 2038
1466860 2031
1466870 2031
1466880 2028
1466890 2025
1466900 2025
1466910 2022
1466920 2018
1466930 2018
1466940 2015
1466950 2013
1466960 2013
1466970 2015
1466980 2018
1466990 2018
1467000 2018
1467010 2019
1467020 2019
1467030 2019
1467040 2019
1467050 2019
1467060 2019
1467070 2016
1467080 2014
1467090 2014
1467100 2013
1467110 2012
1467120 2012
1467130 2012
1467140 2014
1467150 2014
1467160 2015
1467170 2014
1467180 2014
1467190 2011
1467200 2008
1467210 2006
1467220 2006
1467230 2011
1467240 2017
1467250 2017
1467260 2020
1467270 2020
1467280 2020
1467290 2018
1467300 2020
1467310 2020
1467320 2022
1467330 2024
1467340 2024
1467350 2027
1467360 2029
1467370 2029
1467380 2031
1467390 2033
1467400 2035
1467410 2035
1467420 2037
1467430 2037
1467440 2037
1467450 2036
1467460 2034
1467470 2034
1467480 2031
1467490 2029
1467500 2029
1467510 2028
1467520 2030
1467530 2030
1467540 2030
1467550 2031
1467560 2034
1467570 2034
1467580 2038
1467590 2043
1467600 2043
1467610 2047
1467620 2052
1467630 2052
1467640 2056
1467650 2060
1467660 2060
1467670 2064
1467680 2068
1467690 2068
1467700 2072
1467710 2076
1467720 2076
1467730 2080
1467740 2084
1467750 2089
1467760 2089
1467770 2094
1467780 2099
1467790 2099
1467800 2105
1467810 2111
1467820 2111
1467830 2118
1467840 2125
1467850 2125
1467860 2133
1467870 2140
1467880 2140
1467890 2144
1467900 2144
1467910 2144
1467920 2145
1467930 2148
1467940 2152
1467950 2152
1467960 2155
1467970 2158
1467980 2158
1467990 2161
1468000 2163
1468010 2163
1468020 2165
1468030 2167
1468040 2167
1468050 2169
1468060 2171
1468070 2171
1468080 2173
1468090 2174
1468100 2176
1468110 2176
1468120 2177
1468130 2180
1468140 2180
1468150 2185
1468160 2190
1468170 2190
1468180 2194
1468190 2198
1468200 2198
1468210 2203
1468220 2209
1468230 2209
1468240 2213
1468250 2216
1468260 2216
1468270 2219
1468280 2224
1468290 2228
1468300 2228
1468310 2232
1468320 2236
1468330 2236
1468340 2240
1468350 2243
1468360 2243
1468370 2245
1468380 2249
1468390 2249
1468400 2253
1468410 2255
1468420 2255
1468430 2259
1468440 2263
1468450 2263
1468460 2266
1468470 2268
1468480 2270
1468490 2270
1468500 2271
1468510 2274
1468520 2274
1468530 2279
1468540 2285
1468550 2285
1468560 2290
1468570 2296
1468580 2296
1468590 2303
1468600 2311
1468610 2311
1468620 2318
1468630 2328
1468640 2338
1468650 2338
1468660 2346
1468670 2358
1468680 2358
1468690 2368
1468700 2375
1468710 2375
1468720 2384
1468730 2392
1468740 2392
1468750 2400
1468760 2407
1468770 2407
1468780 2413
1468790 2419
1468800 2419
1468810 2426
1468820 2431
1468830 2439
1468840 2439
1468850 2446
1468860 2456
1468870 2456
1468880 2465
1468890 2471
1468900 2471
1468910 2470
1468920 2467
1468930 2467
1468940 2465
1468950 2466
1468960 2466
1468970 2467
1468980 2471
1468990 2471
1469000 2475
1469010 2478
1469020 2481
1469030 2481
1469040 2482
1469050 2477
1469060 2477
1469070 2471
1469080 2465
1469090 2465
1469100 2458
1469110 2449
1469120 2449
1469130 2443
1469140 2441
1469150 2441
1469160 2431
1469170 2424
1469180 2424
1469190 2420
1469200 2411
1469210 2402
1469220 2402
1469230 2389
1469240 2382
1469250 2382
1469260 2377
1469270 2372
1469280 2372
1469290 2367
1469300 2363
1469310 2363
1469320 2359
1469330 2355
1469340 2355
1469350 2352
1469360 2350
1469370 2348
1469380 2348
1469390 2347
1469400 2346
1469410 2346
1469420 2346
1469430 2347
1469440 2347
1469450 2349
1469460 2350
1469470 2350
1469480 2353
1469490 2355
1469500 2355
1469510 2358
1469520 2362
1469530 2362
1469540 2367
1469550 2372
1469560 2377
1469570 2377
1469580 2381
1469590 2385
1469600 2385
1469610 2385
1469620 2385
1469630 2385
1469640 2385
1469650 2386
1469660 2386
1469670 2387
1469680 2388
1469690 2388
1469700 2389
1469710 2389
1469720 2389
1469730 2390
1469740 2391
1469750 2393
1469760 2393
1469770 2396
1469780 2399
1469790 2399
1469800 2403
1469810 2404
1469820 2404
1469830 2393
1469840 2381
1469850 2381
1469860 2368
1469870 2361
1469880 2361
1469890 2357
1469900 2354
1469910 2351
1469920 2351
1469930 2349
1469940 2347
1469950 2347
1469960 2345
1469970 2343
1469980 2343
1469990 2341
1470000 2338
1470010 2338
1470020 2334
1470030 2330
1470040 2330
1470050 2327
1470060 2324
1470070 2324
1470080 2322
1470090 2321
1470100 2320
1470110 2320
1470120 2319
1470130 2318
1470140 2318
1470150 2316
1470160 2314
1470170 2314
1470180 2313
1470190 2311
1470200 2311
1470210 2309
1470220 2307
1470230 2307
1470240 2306
1470250 2305
1470260 2305
1470270 2304
1470280 2305
1470290 2306
1470300 2306
1470310 2307
1470320 2311
1470330 2311
1470340 2311
1470350 2311
1470360 2308
1470370 2308
1470380 2308
1470390 2308
1470400 2308
1470410 2308
1470420 2308
1470430 2309
1470440 2309
1470450 2310
1470460 2310
1470470 2312
1470480 2314
1470490 2314
1470500 2316
1470510 2317
1470520 2317
1470530 2319
1470540 2321
1470550 2321
1470560 2323
1470570 2325
1470580 2325
1470590 2328
1470600 2331
1470610 2331
1470620 2334
1470630 2336
1470640 2340
1470650 2340
1470660 2348
1470670 2352
1470680 2352
1470690 2353
1470700 2356
1470710 2356
1470720 2364
1470730 2373
1470740 2373
1470750 2380
1470760 2386
1470770 2386
1470780 2389
1470790 2396
1470800 2396
1470810 2402
1470820 2408
1470830 2419
1470840 2419
1470850 2428
1470860 2431
1470870 2431
1470880 2436
1470890 2443
1470900 2443
1470910 2451
1470920 2461
1470930 2461
1470940 2471
1470950 2476
1470960 2476
1470970 2479
1470980 2480
1470990 2480
1471000 2480
1471010 2483
1471020 2488
1471030 2488
1471040 2490
1471050 2492
1471060 2492
1471070 2494
1471080 2496
1471090 2496
1471100 2497
1471110 2497
1471120 2497
1471130 2497
1471140 2497
1471150 2497
1471160 2496
1471170 2496
1471180 2496
1471190 2496
1471200 2495
1471210 2493
1471220 2493
1471230 2488
1471240 2482
1471250 2482
1471260 2480
1471270 2481
1471280 2481
1471290 2482
1471300 2477
1471310 2477
1471320 2473
1471330 2471
1471340 2471
1471350 2470
1471360 2470
1471370 2469
1471380 2469
1471390 2464
1471400 2463
1471410 2463
1471420 2467
1471430 2467
1471440 2467
1471450 2464
1471460 2459
1471470 2459
1471480 2448
1471490 2443
1471500 2443
1471510 2441
1471520 2438
1471530 2435
1471540 2435
1471550 2432
1471560 2429
1471570 2429
1471580 2427
1471590 2425
1471600 2425
1471610 2425
1471620 2423
1471630 2423
1471640 2423
1471650 2422
1471660 2422
1471670 2423
1471680 2425
1471690 2425
1471700 2427
1471710 2431
1471720 2429
1471730 2429
1471740 2426
1471750 2426
1471760 2426
1471770 2431
1471780 2436
1471790 2436
1471800 2434
1471810 2436
1471820 2436
1471830 2434
1471840 2434
1471850 2434
1471860 2435
1471870 2437
1471880 2437
1471890 2438
1471900 2448
1471910 2456
1471920 2456
1471930 2456
1471940 2455
1471950 2455
1471960 2456
1471970 2463
1471980 2463
1471990 2469
1472000 2474
1472010 2474
1472020 2478
1472030 2482
1472040 2482
1472050 2490
1472060 2496
1472070 2496
1472080 2497
1472090 2492
1472100 2483
1472110 2483
1472120 2470
1472130 2461
1472140 2461
1472150 2452
1472160 2444
1472170 2444
1472180 2435
1472190 2428
1472200 2428
1472210 2421
1472220 2414
1472230 2414
1472240 2408
1472250 2400
1472260 2392
1472270 2392
1472280 2385
1472290 2376
1472300 2376
1472310 2367
1472320 2359
1472330 2359
1472340 2352
1472350 2345
1472360 2345
1472370 2339
1472380 2332
1472390 2332
1472400 2326
1472410 2320
1472420 2320
1472430 2314
1472440 2308
1472450 2302
1472460 2302
1472470 2296
1472480 2290
1472490 2290
1472500 2284
1472510 2281
1472520 2281
1472530 2278
1472540 2277
1472550 2277
1472560 2276
1472570 2275
1472580 2275
1472590 2273
1472600 2270
1472610 2270
1472620 2266
1472630 2263
1472640 2261
1472650 2261
1472660 2260
1472670 2259
1472680 2259
1472690 2258
1472700 2254
1472710 2254
1472720 2250
1472730 2247
1472740 2247
1472750 2240
1472760 2236
1472770 2236
1472780 2234
1472790 2229
1472800 2224
1472810 2224
1472820 2218
1472830 2212
1472840 2212
1472850 2208
1472860 2205
1472870 2205
1472880 2203
1472890 2200
1472900 2200
1472910 2198
1472920 2193
1472930 2193
1472940 2185
1472950 2177
1472960 2177
1472970 2168
1472980 2162
1472990 2158
1473000 2158
1473010 2155
1473020 2151
1473030 2151
1473040 2148
1473050 2145
1473060 2145
1473070 2143
1473080 2139
1473090 2139
1473100 2136
1473110 2133
1473120 2133
1473130 2130
1473140 2127
1473150 2127
1473160 2124
1473170 2121
1473180 2120
1473190 2120
1473200 2117
1473210 2115
1473220 2115
1473230 2113
1473240 2113
1473250 2113
1473260 2115
1473270 2117
1473280 2117
1473290 2119
1473300 2119
1473310 2119
1473320 2118
1473330 2117
1473340 2115
1473350 2115
1473360 2114
1473370 2112
1473380 2112
1473390 2110
1473400 2107
1473410 2107
1473420 2104
1473430 2101
1473440 2101
1473450 2098
1473460 2094
1473470 2094
1473480 2090
1473490 2086
1473500 2086
1473510 2082
1473520 2077
1473530 2072
1473540 2072
1473550 2066
1473560 2060
1473570 2060
1473580 2056
1473590 2051
1473600 2051
1473610 2045
1473620 2041
1473630 2041
1473640 2038
1473650 2035
1473660 2035
1473670 2032
1473680 2028
1473690 2028
1473700 2023
1473710 2016
1473720 2009
1473730 2009
1473740 2002
1473750 1996
1473760 1996
1473770 1989
1473780 1983
1473790 1983
1473800 1977
1473810 1971
1473820 1971
1473830 1965
1473840 1959
1473850 1959
1473860 1953
1473870 1947
1473880 1940
1473890 1940
1473900 1934
1473910 1929
1473920 1929
1473930 1926
1473940 1926
1473950 1926
1473960 1927
1473970 1929
1473980 1929
1473990 1930
1474000 1929
1474010 1929
1474020 1927
1474030 1924
1474040 1924
1474050 1919
1474060 1915
1474070 1910
1474080 1910
1474090 1906
1474100 1901
1474110 1901
1474120 1898
1474130 1894
1474140 1894
1474150 1890
1474160 1886
1474170 1886
1474180 1883
1474190 1880
1474200 1880
1474210 1877
1474220 1872
1474230 1872
1474240 1868
1474250 1865
1474260 1862
1474270 1862
1474280 1860
1474290 1858
1474300 1858
1474310 1855
1474320 1854
1474330 1854
1474340 1852
1474350 1852
1474360 1852
1474370 1850
1474380 1848
1474390 1848
1474400 1847
1474410 1846
1474420 1845
1474430 1845
1474440 1845
1474450 1844
1474460 1844
1474470 1843
1474480 1842
1474490 1842
1474500 1841
1474510 1841
1474520 1841
1474530 1842
1474540 1841
1474550 1841
1474560 1842
1474570 1842
1474580 1842
1474590 1842
1474600 1843
1474610 1843
1474620 1843
1474630 1844
1474640 1845
1474650 1845
1474660 1846
1474670 1847
1474680 1847
1474690 1848
1474700 1848
1474710 1848
1474720 1850
1474730 1851
1474740 1851
1474750 1851
1474760 1852
1474770 1852
1474780 1852
1474790 1851
1474800 1850
1474810 1850
1474820 1848
1474830 1851
1474840 1851
1474850 1852
1474860 1853
1474870 1853
1474880 1853
1474890 1851
1474900 1851
1474910 1847
1474920 1851
1474930 1851
1474940 1854
1474950 1854
1474960 1853
1474970 1853
1474980 1855
1474990 1857
1475000 1857
1475010 1857
1475020 1857
1475030 1857
1475040 1858
1475050 1858
1475060 1858
1475070 1858
1475080 1859
1475090 1859
1475100 1859
1475110 1859
1475120 1859
1475130 1858
1475140 1858
1475150 1859
1475160 1859
1475170 1862
1475180 1865
1475190 1865
1475200 1866
1475210 1868
1475220 1868
1475230 1869
1475240 1869
1475250 1869
1475260 1870
1475270 1873
1475280 1873
1475290 1875
1475300 1875
1475310 1875
1475320 1874
1475330 1873
1475340 1871
1475350 1871
1475360 1868
1475370 1865
1475380 1865
1475390 1865
1475400 1868
1475410 1868
1475420 1872
1475430 1875
1475440 1875
1475450 1878
1475460 1879
1475470 1879
1475480 1878
1475490 1876
1475500 1876
1475510 1877
1475520 1879
1475530 1882
1475540 1882
1475550 1884
1475560 1883
1475570 1883
1475580 1883
1475590 1884
1475600 1884
1475610 1886
1475620 1887
1475630 1887
1475640 1888
1475650 1890
1475660 1890
1475670 1893
1475680 1897
1475690 1899
1475700 1899
1475710 1901
1475720 1902
1475730 1902
1475740 1903
1475750 1905
1475760 1905
1475770 1905
1475780 1906
1475790 1906
1475800 1907
1475810 1908
1475820 1908
1475830 1907
1475840 1907
1475850 1907
1475860 1909
1475870 1911
1475880 1912
1475890 1912
1475900 1913
1475910 1913
1475920 1913
1475930 1913
1475940 1914
1475950 1914
1475960 1915
1475970 1917
1475980 1917
1475990 1920
1476000 1923
1476010 1923
1476020 1925
1476030 1928
1476040 1928
1476050 1931
1476060 1933
1476070 1934
1476080 1934
1476090 1936
1476100 1939
1476110 1939
1476120 1941
1476130 1944
1476140 1944
1476150 1946
1476160 1946
1476170 1946
1476180 1946
1476190 1945
1476200 1945
1476210 1947
1476220 1950
1476230 1952
1476240 1952
1476250 1954
1476260 1954
1476270 1954
1476280 1954
1476290 1953
1476300 1953
1476310 1954
1476320 1955
1476330 1955
1476340 1957
1476350 1958
1476360 1958
1476370 1959
1476380 1962
1476390 1962
1476400 1965
1476410 1967
1476420 1968
1476430 1968
1476440 1971
1476450 1973
1476460 1973
1476470 1975
1476480 1977
1476490 1977
1476500 1978
1476510 1979
1476520 1979
1476530 1982
1476540 1985
1476550 1985
1476560 1988
1476570 1990
1476580 1990
1476590 1992
1476600 1994
1476610 1996
1476620 1996
1476630 1998
1476640 2000
1476650 2000
1476660 2001
1476670 2002
1476680 2002
1476690 2003
1476700 2003
1476710 2003
1476720 2002
1476730 2001
1476740 2001
1476750 2000
1476760 1999
1476770 1997
1476780 1997
1476790 1996
1476800 1995
1476810 1995
1476820 1995
1476830 1993
1476840 1993
1476850 1992
1476860 1990
1476870 1990
1476880 1989
1476890 1987
1476900 1987
1476910 1985
1476920 1983
1476930 1983
1476940 1981
1476950 1979
1476960 1978
1476970 1978
1476980 1976
1476990 1976
1477000 1976
1477010 1975
1477020 1975
1477030 1975
1477040 1974
1477050 1972
1477060 1972
1477070 1970
1477080 1968
1477090 1968
1477100 1966
1477110 1965
1477120 1965
1477130 1964
1477140 1962
1477150 1960
1477160 1960
1477170 1957
1477180 1956
1477190 1956
1477200 1954
1477210 1952
1477220 1952
1477230 1950
1477240 1948
1477250 1948
1477260 1946
1477270 1944
1477280 1944
1477290 1943
1477300 1940
1477310 1939
1477320 1939
1477330 1938
1477340 1936
1477350 1936
1477360 1934
1477370 1933
1477380 1933
1477390 1930
1477400 1926
1477410 1926
1477420 1922
1477430 1917
1477440 1917
1477450 1912
1477460 1908
1477470 1908
1477480 1903
1477490 1899
1477500 1895
1477510 1895
1477520 1892
1477530 1888
1477540 1888
1477550 1885
1477560 1882
1477570 1882
1477580 1877
1477590 1872
1477600 1872
1477610 1870
1477620 1872
1477630 1872
1477640 1873
1477650 1873
1477660 1873
1477670 1875
1477680 1876
1477690 1874
1477700 1874
1477710 1874
1477720 1874
1477730 1874
1477740 1874
1477750 1873
1477760 1873
1477770 1872
1477780 1872
1477790 1872
1477800 1873
1477810 1873
1477820 1873
1477830 1873
1477840 1874
1477850 1874
1477860 1877
1477870 1879
1477880 1882
1477890 1882
1477900 1885
1477910 1888
1477920 1888
1477930 1891
1477940 1895
1477950 1895
1477960 1898
1477970 1901
1477980 1901
1477990 1905
1478000 1908
1478010 1908
1478020 1911
1478030 1914
1478040 1916
1478050 1916
1478060 1918
1478070 1920
1478080 1920
1478090 1921
1478100 1922
1478110 1922
1478120 1923
1478130 1924
1478140 1924
1478150 1925
1478160 1925
1478170 1925
1478180 1925
1478190 1926
1478200 1926
1478210 1926
1478220 1926
1478230 1926
1478240 1926
1478250 1926
1478260 1926
1478270 1926
1478280 1925
1478290 1924
1478300 1924
1478310 1923
1478320 1921
1478330 1921
1478340 1920
1478350 1919
1478360 1919
1478370 1917
1478380 1914
1478390 1914
1478400 1912
1478410 1909
1478420 1907
1478430 1907
1478440 1905
1478450 1903
1478460 1903
1478470 1900
1478480 1897
1478490 1897
1478500 1894
1478510 1890
1478520 1890
1478530 1886
1478540 1882
1478550 1882
1478560 1878
1478570 1873
1478580 1868
1478590 1868
1478600 1864
1478610 1858
1478620 1858
1478630 1853
1478640 1847
1478650 1847
1478660 1840
1478670 1834
1478680 1834
1478690 1828
1478700 1823
1478710 1823
1478720 1818
1478730 1812
1478740 1812
1478750 1806
1478760 1800
1478770 1792
1478780 1792
1478790 1787
1478800 1783
1478810 1783
1478820 1779
1478830 1775
1478840 1775
1478850 1773
1478860 1771
1478870 1771
1478880 1767
1478890 1764
1478900 1764
1478910 1760
1478920 1755
1478930 1755
1478940 1748
1478950 1741
1478960 1736
1478970 1736
1478980 1731
1478990 1726
1479000 1726
1479010 1723
1479020 1720
1479030 1720
1479040 1717
1479050 1715
1479060 1715
1479070 1712
1479080 1711
1479090 1711
1479100 1712
1479110 1713
1479120 1712
1479130 1712
1479140 1710
1479150 1708
1479160 1708
1479170 1707
1479180 1705
1479190 1705
1479200 1705
1479210 1703
1479220 1703
1479230 1702
1479240 1701
1479250 1701
1479260 1702
1479270 1701
1479280 1701
1479290 1700
1479300 1702
1479310 1703
1479320 1703
1479330 1704
1479340 1706
1479350 1706
1479360 1708
1479370 1707
1479380 1707
1479390 1707
1479400 1709
1479410 1709
1479420 1710
1479430 1713
1479440 1713
1479450 1717
1479460 1722
1479470 1722
1479480 1725
1479490 1730
1479500 1733
1479510 1733
1479520 1738
1479530 1743
1479540 1743
1479550 1748
1479560 1755
1479570 1755
1479580 1762
1479590 1767
1479600 1767
1479610 1773
1479620 1778
1479630 1778
1479640 1783
1479650 1788
1479660 1793
1479670 1793
1479680 1798
1479690 1803
1479700 1803
1479710 1809
1479720 1814
1479730 1814
1479740 1819
1479750 1824
1479760 1824
1479770 1829
1479780 1833
1479790 1833
1479800 1836
1479810 1836
1479820 1836
1479830 1835
1479840 1833
1479850 1830
1479860 1830
1479870 1828
1479880 1825
1479890 1825
1479900 1820
1479910 1817
1479920 1817
1479930 1816
1479940 1813
1479950 1813
1479960 1807
1479970 1804
1479980 1804
1479990 1805
