1460000 2218
1460010 2214
1460020 2214
1460030 2211
1460040 2208
1460050 2208
1460060 2207
1460070 2206
1460080 2206
1460090 2206
1460100 2206
1460110 2206
1460120 2205
1460130 2206
1460140 2206
1460150 2207
1460160 2209
1460170 2211
1460180 2211
1460190 2214
1460200 2218
1460210 2218
1460220 2223
1460230 2228
1460240 2228
1460250 2233
1460260 2239
1460270 2239
1460280 2244
1460290 2246
1460300 2246
1460310 2248
1460320 2248
1460330 2248
1460340 2248
1460350 2249
1460360 2251
1460370 2251
1460380 2257
1460390 2260
1460400 2260
1460410 2260
1460420 2258
1460430 2258
1460440 2256
1460450 2253
1460460 2253
1460470 2251
1460480 2251
1460490 2251
1460500 2250
1460510 2249
1460520 2259
1460530 2259
1460540 2258
1460550 2254
1460560 2254
1460570 2251
1460580 2249
1460590 2249
1460600 2247
1460610 2245
1460620 2245
1460630 2246
1460640 2247
1460650 2247
1460660 2249
1460670 2248
1460680 2248
1460690 2248
1460700 2249
1460710 2251
1460720 2251
1460730 2252
1460740 2254
1460750 2254
1460760 2257
1460770 2258
1460780 2258
1460790 2255
1460800 2259
1460810 2259
1460820 2270
1460830 2281
1460840 2281
1460850 2285
1460860 2285
1460870 2285
1460880 2293
1460890 2300
1460900 2301
1460910 2301
1460920 2300
1460930 2297
1460940 2297
1460950 2296
1460960 2296
1460970 2296
1460980 2296
1460990 2296
1461000 2296
1461010 2294
1461020 2295
1461030 2295
1461040 2298
1461050 2300
1461060 2296
1461070 2296
1461080 2292
1461090 2296
1461100 2296
1461110 2305
1461120 2312
1461130 2312
1461140 2315
1461150 2310
1461160 2310
1461170 2301
1461180 2290
1461190 2290
1461200 2282
1461210 2276
1461220 2276
1461230 2273
1461240 2272
1461250 2269
1461260 2269
1461270 2267
1461280 2264
1461290 2264
1461300 2263
1461310 2264
1461320 2264
1461330 2267
1461340 2268
1461350 2268
1461360 2267
1461370 2266
1461380 2266
1461390 2266
1461400 2265
1461410 2265
1461420 2264
1461430 2263
1461440 2264
1461450 2264
1461460 2265
1461470 2267
1461480 2267
1461490 2270
1461500 2274
1461510 2274
1461520 2285
1461530 2293
1461540 2293
1461550 2295
1461560 2295
1461570 2295
1461580 2296
1461590 2299
1461600 2299
1461610 2302
1461620 2304
1461630 2304
1461640 2304
1461650 2304
1461660 2306
1461670 2306
1461680 2308
1461690 2310
1461700 2310
1461710 2311
1461720 2312
1461730 2312
1461740 2314
1461750 2317
1461760 2317
1461770 2322
1461780 2323
1461790 2321
1461800 2321
1461810 2320
1461820 2319
1461830 2319
1461840 2317
1461850 2316
1461860 2316
1461870 2317
1461880 2317
1461890 2317
1461900 2319
1461910 2322
1461920 2322
1461930 2329
1461940 2339
1461950 2339
1461960 2348
1461970 2355
1461980 2362
1461990 2362
1462000 2366
1462010 2366
1462020 2366
1462030 2360
1462040 2351
1462050 2351
1462060 2349
1462070 2346
1462080 2346
1462090 2346
1462100 2347
1462110 2347
1462120 2349
1462130 2350
1462140 2350
1462150 2351
1462160 2350
1462170 2349
1462180 2349
1462190 2351
1462200 2356
1462210 2356
1462220 2360
1462230 2357
1462240 2357
1462250 2354
1462260 2352
1462270 2352
1462280 2350
1462290 2350
1462300 2350
1462310 2350
1462320 2349
1462330 2348
1462340 2348
1462350 2345
1462360 2341
1462370 2341
1462380 2338
1462390 2336
1462400 2336
1462410 2333
1462420 2328
1462430 2328
1462440 2323
1462450 2318
1462460 2318
1462470 2319
1462480 2321
1462490 2321
1462500 2324
1462510 2328
1462520 2332
1462530 2332
1462540 2341
1462550 2350
1462560 2350
1462570 2360
1462580 2370
1462590 2370
1462600 2379
1462610 2387
1462620 2387
1462630 2391
1462640 2393
1462650 2393
1462660 2396
1462670 2399
1462680 2399
1462690 2405
1462700 2413
1462710 2420
1462720 2420
1462730 2421
1462740 2418
1462750 2418
1462760 2419
1462770 2419
1462780 2419
1462790 2417
1462800 2418
1462810 2418
1462820 2419
1462830 2421
1462840 2421
1462850 2423
1462860 2423
1462870 2423
1462880 2418
1462890 2410
1462900 2404
1462910 2404
1462920 2396
1462930 2389
1462940 2389
1462950 2381
1462960 2370
1462970 2370
1462980 2358
1462990 2350
1463000 2350
1463010 2343
1463020 2333
1463030 2333
1463040 2324
1463050 2319
1463060 2315
1463070 2315
1463080 2310
1463090 2305
1463100 2305
1463110 2293
1463120 2290
1463130 2290
1463140 2285
1463150 2275
1463160 2275
1463170 2263
1463180 2252
1463190 2252
1463200 2241
1463210 2237
1463220 2237
1463230 2233
1463240 2230
1463250 2224
1463260 2224
1463270 2216
1463280 2208
1463290 2208
1463300 2201
1463310 2193
1463320 2193
1463330 2182
1463340 2165
1463350 2165
1463360 2154
1463370 2148
1463380 2148
1463390 2142
1463400 2135
1463410 2135
1463420 2129
1463430 2123
1463440 2118
1463450 2118
1463460 2112
1463470 2107
1463480 2107
1463490 2102
1463500 2098
1463510 2098
1463520 2094
1463530 2090
1463540 2090
1463550 2087
1463560 2084
1463570 2084
1463580 2081
1463590 2079
1463600 2079
1463610 2078
1463620 2078
1463630 2078
1463640 2078
1463650 2078
1463660 2076
1463670 2076
1463680 2075
1463690 2074
1463700 2074
1463710 2073
1463720 2073
1463730 2073
1463740 2073
1463750 2073
1463760 2073
1463770 2070
1463780 2067
1463790 2066
1463800 2066
1463810 2063
1463820 2058
1463830 2058
1463840 2056
1463850 2056
1463860 2056
1463870 2056
1463880 2056
1463890 2056
1463900 2056
1463910 2055
1463920 2055
1463930 2055
1463940 2053
1463950 2053
1463960 2050
1463970 2045
1463980 2042
1463990 2042
1464000 2041
1464010 2041
1464020 2041
1464030 2040
1464040 2039
1464050 2039
1464060 2038
1464070 2036
1464080 2036
1464090 2034
1464100 2031
1464110 2031
1464120 2030
1464130 2029
1464140 2029
1464150 2029
1464160 2028
1464170 2028
1464180 2028
1464190 2027
1464200 2027
1464210 2027
1464220 2027
1464230 2027
1464240 2027
1464250 2027
1464260 2026
1464270 2026
1464280 2025
1464290 2023
1464300 2023
1464310 2021
1464320 2020
1464330 2020
1464340 2019
1464350 2018
1464360 2018
1464370 2018
1464380 2018
1464390 2017
1464400 2017
1464410 2014
1464420 2008
1464430 2008
1464440 2005
1464450 2005
1464460 2005
1464470 2004
1464480 2003
1464490 2003
1464500 2002
1464510 2001
1464520 1999
1464530 1999
1464540 1999
1464550 1999
1464560 1999
1464570 1999
1464580 1999
1464590 1999
1464600 1999
1464610 2000
1464620 2000
1464630 2001
1464640 2001
1464650 2001
1464660 2002
1464670 2002
1464680 2002
1464690 2002
1464700 2002
1464710 2002
1464720 2002
1464730 2002
1464740 2003
1464750 2003
1464760 2004
1464770 2005
1464780 2005
1464790 2006
1464800 2007
1464810 2007
1464820 2009
1464830 2010
1464840 2010
1464850 2011
1464860 2012
1464870 2012
1464880 2012
1464890 2013
1464900 2014
1464910 2014
1464920 2015
1464930 2015
1464940 2015
1464950 2015
1464960 2014
1464970 2014
1464980 2013
1464990 2014
1465000 2014
1465010 2016
1465020 2017
1465030 2017
1465040 2018
1465050 2023
1465060 2027
1465070 2027
1465080 2031
1465090 2036
1465100 2036
1465110 2040
1465120 2043
1465130 2043
1465140 2047
1465150 2051
1465160 2051
1465170 2054
1465180 2058
1465190 2058
1465200 2061
1465210 2063
1465220 2063
1465230 2063
1465240 2064
1465250 2066
1465260 2066
1465270 2067
1465280 2069
1465290 2069
1465300 2069
1465310 2068
1465320 2068
1465330 2070
1465340 2076
1465350 2076
1465360 2080
1465370 2083
1465380 2083
1465390 2087
1465400 2088
1465410 2088
1465420 2089
1465430 2091
1465440 2094
1465450 2094
1465460 2097
1465470 2100
1465480 2100
1465490 2104
1465500 2108
1465510 2108
1465520 2115
1465530 2123
1465540 2123
1465550 2126
1465560 2124
1465570 2124
1465580 2127
1465590 2131
1465600 2131
1465610 2136
1465620 2142
1465630 2150
1465640 2150
1465650 2157
1465660 2161
1465670 2161
1465680 2168
1465690 2175
1465700 2175
1465710 2182
1465720 2189
1465730 2189
1465740 2192
1465750 2189
1465760 2189
1465770 2187
1465780 2187
1465790 2192
1465800 2192
1465810 2200
1465820 2209
1465830 2209
1465840 2214
1465850 2215
1465860 2215
1465870 2219
1465880 2226
1465890 2226
1465900 2233
1465910 2239
1465920 2239
1465930 2246
1465940 2252
1465950 2252
1465960 2257
1465970 2264
1465980 2270
1465990 2270
1466000 2274
1466010 2276
1466020 2276
1466030 2275
1466040 2276
1466050 2276
1466060 2275
1466070 2274
1466080 2274
1466090 2274
1466100 2273
1466110 2273
1466120 2272
1466130 2271
1466140 2271
1466150 2270
1466160 2271
1466170 2272
1466180 2272
1466190 2269
1466200 2266
1466210 2266
1466220 2262
1466230 2258
1466240 2258
1466250 2254
1466260 2249
1466270 2249
1466280 2244
1466290 2240
1466300 2240
1466310 2238
1466320 2235
1466330 2235
1466340 2231
1466350 2226
1466360 2221
1466370 2221
1466380 2213
1466390 2205
1466400 2205
1466410 2200
1466420 2195
1466430 2195
1466440 2190
1466450 2189
1466460 2189
1466470 2187
1466480 2183
1466490 2183
1466500 2178
1466510 2172
1466520 2163
1466530 2163
1466540 2158
1466550 2153
1466560 2153
1466570 2148
1466580 2142
1466590 2142
1466600 2138
1466610 2133
1466620 2133
1466630 2126
1466640 2119
1466650 2119
1466660 2112
1466670 2106
1466680 2106
1466690 2099
1466700 2093
1466710 2088
1466720 2088
1466730 2082
1466740 2073
1466750 2073
1466760 2062
1466770 2051
1466780 2051
1466790 2042
1466800 2033
1466810 2033
1466820 2024
1466830 2010
1466840 2010
1466850 1995
1466860 1985
1466870 1985
1466880 1977
1466890 1969
1466900 1962
1466910 1962
1466920 1955
1466930 1947
1466940 1947
1466950 1940
1466960 1932
1466970 1932
1466980 1924
1466990 1917
1467000 1917
1467010 1910
1467020 1905
1467030 1905
1467040 1900
1467050 1894
1467060 1894
1467070 1889
1467080 1882
1467090 1876
1467100 1876
1467110 1870
1467120 1865
1467130 1865
1467140 1859
1467150 1855
1467160 1855
1467170 1852
1467180 1848
1467190 1848
1467200 1845
1467210 1840
1467220 1840
1467230 1837
1467240 1834
1467250 1829
1467260 1829
1467270 1824
1467280 1820
1467290 1820
1467300 1815
1467310 1810
1467320 1810
1467330 1802
1467340 1792
1467350 1792
1467360 1783
1467370 1776
1467380 1776
1467390 1770
1467400 1760
1467410 1760
1467420 1751
1467430 1743
1467440 1736
1467450 1736
1467460 1731
1467470 1725
1467480 1725
1467490 1718
1467500 1712
1467510 1712
1467520 1704
1467530 1696
1467540 1696
1467550 1689
1467560 1682
1467570 1682
1467580 1675
1467590 1669
1467600 1669
1467610 1663
1467620 1659
1467630 1655
1467640 1655
1467650 1651
1467660 1645
1467670 1645
1467680 1639
1467690 1635
1467700 1635
1467710 1631
1467720 1626
1467730 1626
1467740 1619
1467750 1612
1467760 1612
1467770 1605
1467780 1601
1467790 1598
1467800 1598
1467810 1591
1467820 1585
1467830 1585
1467840 1581
1467850 1577
1467860 1577
1467870 1574
1467880 1571
1467890 1571
1467900 1568
1467910 1565
1467920 1565
1467930 1564
1467940 1562
1467950 1562
1467960 1560
1467970 1557
1467980 1554
1467990 1554
1468000 1551
1468010 1548
1468020 1548
1468030 1546
1468040 1543
1468050 1543
1468060 1541
1468070 1540
1468080 1540
1468090 1539
1468100 1538
1468110 1538
1468120 1537
1468130 1536
1468140 1536
1468150 1536
1468160 1535
1468170 1535
1468180 1535
1468190 1535
1468200 1535
1468210 1535
1468220 1537
1468230 1540
1468240 1540
1468250 1543
1468260 1546
1468270 1546
1468280 1551
1468290 1555
1468300 1555
1468310 1561
1468320 1565
1468330 1565
1468340 1567
1468350 1568
1468360 1572
1468370 1572
1468380 1577
1468390 1580
1468400 1580
1468410 1583
1468420 1587
1468430 1587
1468440 1591
1468450 1595
1468460 1595
1468470 1598
1468480 1601
1468490 1601
1468500 1603
1468510 1605
1468520 1607
1468530 1607
1468540 1609
1468550 1611
1468560 1611
1468570 1613
1468580 1616
1468590 1616
1468600 1617
1468610 1610
1468620 1610
1468630 1605
1468640 1609
1468650 1609
1468660 1618
1468670 1628
1468680 1628
1468690 1637
1468700 1644
1468710 1651
1468720 1651
1468730 1661
1468740 1666
1468750 1666
1468760 1678
1468770 1690
1468780 1690
1468790 1693
1468800 1700
1468810 1700
1468820 1707
1468830 1709
1468840 1709
1468850 1718
1468860 1723
1468870 1723
1468880 1723
1468890 1720
1468900 1721
1468910 1721
1468920 1720
1468930 1721
1468940 1721
1468950 1731
1468960 1746
1468970 1746
1468980 1762
1468990 1779
1469000 1779
1469010 1796
1469020 1809
1469030 1809
1469040 1817
1469050 1826
1469060 1826
1469070 1834
1469080 1843
1469090 1854
1469100 1854
1469110 1864
1469120 1881
1469130 1881
1469140 1897
1469150 1900
1469160 1900
1469170 1902
1469180 1902
1469190 1902
1469200 1901
1469210 1896
1469220 1896
1469230 1888
1469240 1882
1469250 1876
1469260 1876
1469270 1872
1469280 1873
1469290 1873
1469300 1876
1469310 1875
1469320 1875
1469330 1873
1469340 1870
1469350 1870
1469360 1869
1469370 1872
1469380 1872
1469390 1879
1469400 1879
1469410 1879
1469420 1881
1469430 1890
1469440 1898
1469450 1898
1469460 1901
1469470 1904
1469480 1904
1469490 1906
1469500 1906
1469510 1906
1469520 1897
1469530 1891
1469540 1891
1469550 1898
1469560 1903
1469570 1903
1469580 1909
1469590 1913
1469600 1913
1469610 1918
1469620 1922
1469630 1924
1469640 1924
1469650 1929
1469660 1933
1469670 1933
1469680 1936
1469690 1942
1469700 1942
1469710 1945
1469720 1949
1469730 1949
1469740 1952
1469750 1959
1469760 1959
1469770 1966
1469780 1972
1469790 1972
1469800 1977
1469810 1981
1469820 1986
1469830 1986
1469840 1989
1469850 1988
1469860 1988
1469870 1985
1469880 1986
1469890 1986
1469900 1990
1469910 1991
1469920 1991
1469930 1991
1469940 1992
1469950 1992
1469960 1996
1469970 2000
1469980 2000
1469990 2000
1470000 1999
1470010 1997
1470020 1997
1470030 1994
1470040 1991
1470050 1991
1470060 1989
1470070 1984
1470080 1984
1470090 1983
1470100 1981
1470110 1981
1470120 1980
1470130 1981
1470140 1981
1470150 1982
1470160 1984
1470170 1987
1470180 1987
1470190 1991
1470200 1994
1470210 1994
1470220 1996
1470230 1999
1470240 1999
1470250 2002
1470260 2005
1470270 2005
1470280 2005
1470290 2003
1470300 2003
1470310 2001
1470320 2000
1470330 2000
1470340 1999
1470350 1998
1470360 1999
1470370 1999
1470380 2000
1470390 2003
1470400 2003
1470410 2003
1470420 2004
1470430 2004
1470440 2006
1470450 2009
1470460 2009
1470470 2009
1470480 1998
1470490 1998
1470500 1987
1470510 1975
1470520 1964
1470530 1964
1470540 1956
1470550 1949
1470560 1949
1470570 1942
1470580 1936
1470590 1936
1470600 1931
1470610 1925
1470620 1925
1470630 1919
1470640 1915
1470650 1915
1470660 1912
1470670 1908
1470680 1908
1470690 1906
1470700 1903
1470710 1901
1470720 1901
1470730 1899
1470740 1898
1470750 1898
1470760 1896
1470770 1895
1470780 1895
1470790 1894
1470800 1894
1470810 1894
1470820 1893
1470830 1891
1470840 1891
1470850 1890
1470860 1888
1470870 1888
1470880 1887
1470890 1884
1470900 1882
1470910 1882
1470920 1880
1470930 1879
1470940 1879
1470950 1878
1470960 1877
1470970 1877
1470980 1877
1470990 1874
1471000 1874
1471010 1871
1471020 1869
1471030 1869
1471040 1866
1471050 1863
1471060 1863
1471070 1860
1471080 1856
1471090 1851
1471100 1851
1471110 1848
1471120 1846
1471130 1846
1471140 1844
1471150 1841
1471160 1841
1471170 1836
1471180 1830
1471190 1830
1471200 1825
1471210 1821
1471220 1821
1471230 1818
1471240 1815
1471250 1811
1471260 1811
1471270 1808
1471280 1806
1471290 1806
1471300 1804
1471310 1802
1471320 1802
1471330 1802
1471340 1800
1471350 1800
1471360 1795
1471370 1790
1471380 1790
1471390 1785
1471400 1780
1471410 1780
1471420 1774
1471430 1765
1471440 1759
1471450 1759
1471460 1756
1471470 1752
1471480 1752
1471490 1747
1471500 1745
1471510 1745
1471520 1744
1471530 1744
1471540 1744
1471550 1744
1471560 1744
1471570 1744
1471580 1744
1471590 1744
1471600 1744
1471610 1743
1471620 1744
1471630 1744
1471640 1744
1471650 1745
1471660 1747
1471670 1747
1471680 1751
1471690 1754
1471700 1754
1471710 1757
1471720 1761
1471730 1761
1471740 1764
1471750 1768
1471760 1768
1471770 1773
1471780 1776
1471790 1776
1471800 1780
1471810 1786
1471820 1790
1471830 1790
1471840 1793
1471850 1797
1471860 1797
1471870 1801
1471880 1808
1471890 1808
1471900 1816
1471910 1827
1471920 1827
1471930 1836
1471940 1843
1471950 1843
1471960 1849
1471970 1855
1471980 1861
1471990 1861
1472000 1869
1472010 1879
1472020 1879
1472030 1889
1472040 1890
1472050 1890
1472060 1891
1472070 1895
1472080 1895
1472090 1902
1472100 1910
1472110 1910
1472120 1921
1472130 1931
1472140 1931
1472150 1937
1472160 1942
1472170 1948
1472180 1948
1472190 1956
1472200 1963
1472210 1963
1472220 1970
1472230 1977
1472240 1977
1472250 1983
1472260 1990
1472270 1990
1472280 1997
1472290 2006
1472300 2006
1472310 2015
1472320 2026
1472330 2026
1472340 2036
1472350 2044
1472360 2054
1472370 2054
1472380 2065
1472390 2072
1472400 2072
1472410 2078
1472420 2088
1472430 2088
1472440 2098
1472450 2102
1472460 2102
1472470 2106
1472480 2111
1472490 2111
1472500 2117
1472510 2124
1472520 2131
1472530 2131
1472540 2138
1472550 2144
1472560 2144
1472570 2149
1472580 2155
1472590 2155
1472600 2160
1472610 2165
1472620 2165
1472630 2169
1472640 2172
1472650 2172
1472660 2175
1472670 2179
1472680 2179
1472690 2182
1472700 2184
1472710 2186
1472720 2186
1472730 2189
1472740 2191
1472750 2191
1472760 2193
1472770 2195
1472780 2195
1472790 2196
1472800 2198
1472810 2198
1472820 2201
1472830 2205
1472840 2205
1472850 2209
1472860 2213
1472870 2213
1472880 2215
1472890 2215
1472900 2216
1472910 2216
1472920 2218
1472930 2220
1472940 2220
1472950 2225
1472960 2232
1472970 2232
1472980 2238
1472990 2244
1473000 2244
1473010 2250
1473020 2256
1473030 2256
1473040 2268
1473050 2276
1473060 2276
1473070 2284
1473080 2292
1473090 2299
1473100 2299
1473110 2306
1473120 2316
1473130 2316
1473140 2325
1473150 2334
1473160 2334
1473170 2342
1473180 2351
1473190 2351
1473200 2361
1473210 2365
1473220 2365
1473230 2360
1473240 2353
1473250 2347
1473260 2347
1473270 2342
1473280 2339
1473290 2339
1473300 2338
1473310 2340
1473320 2340
1473330 2343
1473340 2346
1473350 2346
1473360 2344
1473370 2342
1473380 2342
1473390 2338
1473400 2331
1473410 2331
1473420 2324
1473430 2317
1473440 2309
1473450 2309
1473460 2301
1473470 2293
1473480 2293
1473490 2284
1473500 2274
1473510 2274
1473520 2263
1473530 2256
1473540 2256
1473550 2249
1473560 2245
1473570 2245
1473580 2241
1473590 2237
1473600 2237
1473610 2234
1473620 2230
1473630 2228
1473640 2228
1473650 2227
1473660 2225
1473670 2225
1473680 2223
1473690 2220
1473700 2220
1473710 2217
1473720 2213
1473730 2213
1473740 2209
1473750 2206
1473760 2206
1473770 2202
1473780 2198
1473790 2198
1473800 2195
1473810 2191
1473820 2188
1473830 2188
1473840 2186
1473850 2183
1473860 2183
1473870 2181
1473880 2180
1473890 2180
1473900 2178
1473910 2176
1473920 2176
1473930 2173
1473940 2171
1473950 2171
1473960 2170
1473970 2169
1473980 2169
1473990 2169
1474000 2169
1474010 2168
1474020 2168
1474030 2167
1474040 2167
1474050 2167
1474060 2167
1474070 2165
1474080 2165
1474090 2165
1474100 2166
1474110 2166
1474120 2166
1474130 2166
1474140 2166
1474150 2165
1474160 2166
1474170 2168
1474180 2168
1474190 2169
1474200 2169
1474210 2169
1474220 2170
1474230 2170
1474240 2170
1474250 2172
1474260 2175
1474270 2175
1474280 2179
1474290 2184
1474300 2184
1474310 2187
1474320 2191
1474330 2191
1474340 2198
1474350 2203
1474360 2205
1474370 2205
1474380 2204
1474390 2205
1474400 2205
1474410 2208
1474420 2208
1474430 2208
1474440 2210
1474450 2209
1474460 2209
1474470 2208
1474480 2214
1474490 2214
1474500 2217
1474510 2215
1474520 2215
1474530 2207
1474540 2208
1474550 2216
1474560 2216
1474570 2220
1474580 2224
1474590 2224
1474600 2225
1474610 2224
1474620 2224
1474630 2224
1474640 2224
1474650 2224
1474660 2223
1474670 2223
1474680 2223
1474690 2226
1474700 2230
1474710 2233
1474720 2233
1474730 2236
1474740 2238
1474750 2238
1474760 2241
1474770 2246
1474780 2246
1474790 2250
1474800 2255
1474810 2255
1474820 2260
1474830 2267
1474840 2267
1474850 2275
1474860 2282
1474870 2282
1474880 2288
1474890 2289
1474900 2288
1474910 2288
1474920 2288
1474930 2291
1474940 2291
1474950 2292
1474960 2293
1474970 2293
1474980 2294
1474990 2295
1475000 2295
1475010 2299
1475020 2302
1475030 2302
1475040 2304
1475050 2305
1475060 2305
1475070 2308
1475080 2311
1475090 2315
1475100 2315
1475110 2320
1475120 2324
1475130 2324
1475140 2328
1475150 2330
1475160 2330
1475170 2336
1475180 2343
1475190 2343
1475200 2347
1475210 2350
1475220 2350
1475230 2352
1475240 2351
1475250 2355
1475260 2355
1475270 2361
1475280 2368
1475290 2368
1475300 2373
1475310 2377
1475320 2377
1475330 2381
1475340 2383
1475350 2383
1475360 2386
1475370 2387
1475380 2387
1475390 2386
1475400 2381
1475410 2381
1475420 2377
1475430 2376
1475440 2376
1475450 2376
1475460 2376
1475470 2378
1475480 2378
1475490 2381
1475500 2382
1475510 2382
1475520 2384
1475530 2388
1475540 2388
1475550 2394
1475560 2401
1475570 2401
1475580 2408
1475590 2419
1475600 2419
1475610 2430
1475620 2424
1475630 2419
1475640 2419
1475650 2417
1475660 2416
1475670 2416
1475680 2415
1475690 2413
1475700 2413
1475710 2414
1475720 2414
1475730 2414
1475740 2409
1475750 2407
1475760 2407
1475770 2409
1475780 2417
1475790 2417
1475800 2434
1475810 2443
1475820 2450
1475830 2450
1475840 2453
1475850 2454
1475860 2454
1475870 2461
1475880 2468
1475890 2468
1475900 2466
1475910 2464
1475920 2464
1475930 2460
1475940 2457
1475950 2457
1475960 2455
1475970 2469
1475980 2482
1475990 2482
1476000 2494
1476010 2498
1476020 2498
1476030 2496
1476040 2493
1476050 2493
1476060 2494
1476070 2494
1476080 2494
1476090 2492
1476100 2489
1476110 2489
1476120 2488
1476130 2486
1476140 2486
1476150 2484
1476160 2483
1476170 2483
1476180 2483
1476190 2482
1476200 2482
1476210 2482
1476220 2480
1476230 2475
1476240 2475
1476250 2471
1476260 2466
1476270 2466
1476280 2462
1476290 2455
1476300 2455
1476310 2451
1476320 2448
1476330 2448
1476340 2444
1476350 2435
1476360 2419
1476370 2419
1476380 2411
1476390 2409
1476400 2409
1476410 2398
1476420 2389
1476430 2389
1476440 2378
1476450 2370
1476460 2370
1476470 2363
1476480 2356
1476490 2356
1476500 2351
1476510 2346
1476520 2346
1476530 2341
1476540 2337
1476550 2334
1476560 2334
1476570 2331
1476580 2330
1476590 2330
1476600 2328
1476610 2326
1476620 2326
1476630 2326
1476640 2328
1476650 2328
1476660 2326
1476670 2315
1476680 2315
1476690 2302
1476700 2292
1476710 2286
1476720 2286
1476730 2282
1476740 2278
1476750 2278
1476760 2273
1476770 2269
1476780 2269
1476790 2264
1476800 2262
1476810 2262
1476820 2263
1476830 2267
1476840 2267
1476850 2267
1476860 2270
1476870 2270
1476880 2273
1476890 2267
1476900 2253
1476910 2253
1476920 2245
1476930 2240
1476940 2240
1476950 2238
1476960 2237
1476970 2237
1476980 2231
1476990 2222
1477000 2222
1477010 2214
1477020 2206
1477030 2206
1477040 2193
1477050 2179
1477060 2179
1477070 2170
1477080 2172
1477090 2172
1477100 2172
1477110 2166
1477120 2166
1477130 2166
1477140 2169
1477150 2165
1477160 2165
1477170 2154
1477180 2144
1477190 2144
1477200 2134
1477210 2122
1477220 2122
1477230 2113
1477240 2106
1477250 2106
1477260 2101
1477270 2099
1477280 2097
1477290 2097
1477300 2095
1477310 2092
1477320 2092
1477330 2088
1477340 2083
1477350 2083
1477360 2077
1477370 2071
1477380 2071
1477390 2064
1477400 2058
1477410 2058
1477420 2051
1477430 2045
1477440 2040
1477450 2040
1477460 2038
1477470 2037
1477480 2037
1477490 2037
1477500 2038
1477510 2038
1477520 2037
1477530 2036
1477540 2036
1477550 2036
1477560 2035
1477570 2035
1477580 2035
1477590 2037
1477600 2037
1477610 2035
1477620 2034
1477630 2035
1477640 2035
1477650 2034
1477660 2032
1477670 2032
1477680 2030
1477690 2029
1477700 2029
1477710 2029
1477720 2030
1477730 2030
1477740 2030
1477750 2032
1477760 2032
1477770 2032
1477780 2032
1477790 2032
1477800 2031
1477810 2031
1477820 2031
1477830 2031
1477840 2030
1477850 2030
1477860 2030
1477870 2029
1477880 2027
1477890 2027
1477900 2022
1477910 2017
1477920 2017
1477930 2012
1477940 2009
1477950 2009
1477960 2008
1477970 2006
1477980 2006
1477990 2005
1478000 2005
1478010 2003
1478020 2003
1478030 1999
1478040 1998
1478050 1998
1478060 1996
1478070 1996
1478080 1996
1478090 1998
1478100 1998
1478110 1998
1478120 1998
1478130 2001
1478140 2001
1478150 2006
1478160 2009
1478170 2011
1478180 2011
1478190 2011
1478200 2010
1478210 2010
1478220 2010
1478230 2009
1478240 2009
1478250 2008
1478260 2007
1478270 2007
1478280 2009
1478290 2010
1478300 2010
1478310 2010
1478320 2010
1478330 2010
1478340 2009
1478350 2008
1478360 2008
1478370 2008
1478380 2007
1478390 2006
1478400 2006
1478410 2004
1478420 2005
1478430 2005
1478440 2009
1478450 2013
1478460 2013
1478470 2015
1478480 2016
1478490 2016
1478500 2015
1478510 2014
1478520 2014
1478530 2012
1478540 2013
1478550 2022
1478560 2022
1478570 2023
1478580 2012
1478590 2012
1478600 2010
1478610 2014
1478620 2014
1478630 2024
1478640 2027
1478650 2027
1478660 2025
1478670 2026
1478680 2026
1478690 2033
1478700 2029
1478710 2023
1478720 2023
1478730 2026
1478740 2032
1478750 2032
1478760 2028
1478770 2020
1478780 2020
1478790 2012
1478800 2003
1478810 2003
1478820 1995
1478830 1987
1478840 1987
1478850 1978
1478860 1971
1478870 1971
1478880 1965
1478890 1963
1478900 1959
1478910 1959
1478920 1956
1478930 1954
1478940 1954
1478950 1953
1478960 1952
1478970 1952
1478980 1949
1478990 1945
1479000 1945
1479010 1942
1479020 1940
1479030 1940
1479040 1938
1479050 1938
1479060 1938
1479070 1938
1479080 1937
1479090 1938
1479100 1938
1479110 1941
1479120 1946
1479130 1946
1479140 1952
1479150 1962
1479160 1962
1479170 1969
1479180 1979
1479190 1979
1479200 1988
1479210 1995
1479220 1995
1479230 2001
1479240 2007
1479250 2007
1479260 2011
1479270 2015
1479280 2025
1479290 2025
1479300 2030
1479310 2028
1479320 2028
1479330 2023
1479340 2018
1479350 2018
1479360 2011
1479370 2004
1479380 2004
1479390 1997
1479400 1991
1479410 1991
1479420 1984
1479430 1979
1479440 1973
1479450 1973
1479460 1967
1479470 1961
1479480 1961
1479490 1955
1479500 1950
1479510 1950
1479520 1947
1479530 1944
1479540 1944
1479550 1940
1479560 1937
1479570 1937
1479580 1933
1479590 1930
1479600 1930
1479610 1925
1479620 1919
1479630 1915
1479640 1915
1479650 1911
1479660 1907
1479670 1907
1479680 1902
1479690 1898
1479700 1898
1479710 1893
1479720 1888
1479730 1888
1479740 1884
1479750 1878
1479760 1878
1479770 1873
1479780 1866
1479790 1866
1479800 1860
1479810 1855
1479820 1849
1479830 1849
1479840 1844
1479850 1839
1479860 1839
1479870 1833
1479880 1826
1479890 1826
1479900 1820
1479910 1814
1479920 1814
1479930 1806
1479940 1797
1479950 1797
1479960 1787
1479970 1779
1479980 1779
1479990 1773
