1460000 2473
1460010 2472
1460020 2471
1460030 2471
1460040 2469
1460050 2467
1460060 2467
1460070 2466
1460080 2464
1460090 2464
1460100 2463
1460110 2462
1460120 2462
1460130 2454
1460140 2453
1460150 2453
1460160 2451
1460170 2450
1460180 2449
1460190 2449
1460200 2444
1460210 2436
1460220 2436
1460230 2428
1460240 2421
1460250 2421
1460260 2414
1460270 2409
1460280 2409
1460290 2404
1460300 2398
1460310 2398
1460320 2392
1460330 2388
1460340 2385
1460350 2385
1460360 2383
1460370 2378
1460380 2378
1460390 2370
1460400 2358
1460410 2358
1460420 2350
1460430 2342
1460440 2342
1460450 2335
1460460 2328
1460470 2328
1460480 2321
1460490 2316
1460500 2316
1460510 2311
1460520 2309
1460530 2307
1460540 2307
1460550 2305
1460560 2302
1460570 2302
1460580 2299
1460590 2298
1460600 2298
1460610 2295
1460620 2290
1460630 2290
1460640 2282
1460650 2272
1460660 2272
1460670 2272
1460680 2275
1460690 2275
1460700 2275
1460710 2274
1460720 2271
1460730 2271
1460740 2267
1460750 2264
1460760 2264
1460770 2259
1460780 2252
1460790 2252
1460800 2246
1460810 2239
1460820 2239
1460830 2230
1460840 2226
1460850 2226
1460860 2225
1460870 2224
1460880 2224
1460890 2219
1460900 2213
1460910 2211
1460920 2211
1460930 2205
1460940 2194
1460950 2194
1460960 2183
1460970 2176
1460980 2176
1460990 2170
1461000 2166
1461010 2166
1461020 2164
1461030 2164
1461040 2164
1461050 2165
1461060 2166
1461070 2166
1461080 2168
1461090 2168
1461100 2166
1461110 2166
1461120 2163
1461130 2164
1461140 2164
1461150 2168
1461160 2174
1461170 2174
1461180 2178
1461190 2184
1461200 2184
1461210 2187
1461220 2189
1461230 2189
1461240 2187
1461250 2185
1461260 2183
1461270 2183
1461280 2178
1461290 2171
1461300 2171
1461310 2156
1461320 2144
1461330 2144
1461340 2135
1461350 2125
1461360 2125
1461370 2119
1461380 2111
1461390 2111
1461400 2101
1461410 2093
1461420 2093
1461430 2085
1461440 2077
1461450 2070
1461460 2070
1461470 2062
1461480 2055
1461490 2055
1461500 2047
1461510 2039
1461520 2039
1461530 2030
1461540 2025
1461550 2025
1461560 2020
1461570 2016
1461580 2016
1461590 2012
1461600 2009
1461610 2009
1461620 2006
1461630 2004
1461640 2002
1461650 2002
1461660 2000
1461670 1998
1461680 1998
1461690 1997
1461700 1992
1461710 1992
1461720 1983
1461730 1969
1461740 1969
1461750 1959
1461760 1951
1461770 1951
1461780 1943
1461790 1936
1461800 1936
1461810 1931
1461820 1927
1461830 1925
1461840 1925
1461850 1921
1461860 1917
1461870 1917
1461880 1914
1461890 1912
1461900 1912
1461910 1910
1461920 1910
1461930 1910
1461940 1908
1461950 1909
1461960 1909
1461970 1912
1461980 1913
1461990 1912
1462000 1912
1462010 1913
1462020 1915
1462030 1915
1462040 1917
1462050 1919
1462060 1919
1462070 1920
1462080 1921
1462090 1921
1462100 1922
1462110 1919
1462120 1919
1462130 1916
1462140 1916
1462150 1916
1462160 1913
1462170 1916
1462180 1922
1462190 1922
1462200 1922
1462210 1927
1462220 1927
1462230 1930
1462240 1934
1462250 1934
1462260 1942
1462270 1950
1462280 1950
1462290 1951
1462300 1951
1462310 1951
1462320 1951
1462330 1949
1462340 1949
1462350 1947
1462360 1941
1462370 1935
1462380 1935
1462390 1933
1462400 1931
1462410 1931
1462420 1925
1462430 1921
1462440 1921
1462450 1915
1462460 1906
1462470 1906
1462480 1896
1462490 1884
1462500 1884
1462510 1872
1462520 1866
1462530 1866
1462540 1863
1462550 1862
1462560 1862
1462570 1862
1462580 1859
1462590 1855
1462600 1855
1462610 1851
1462620 1848
1462630 1848
1462640 1844
1462650 1840
1462660 1840
1462670 1838
1462680 1836
1462690 1836
1462700 1835
1462710 1833
1462720 1833
1462730 1830
1462740 1829
1462750 1825
1462760 1825
1462770 1824
1462780 1824
1462790 1824
1462800 1823
1462810 1821
1462820 1821
1462830 1820
1462840 1819
1462850 1819
1462860 1817
1462870 1816
1462880 1816
1462890 1815
1462900 1814
1462910 1813
1462920 1813
1462930 1812
1462940 1812
1462950 1812
1462960 1814
1462970 1816
1462980 1816
1462990 1825
1463000 1832
1463010 1832
1463020 1835
1463030 1836
1463040 1836
1463050 1838
1463060 1838
1463070 1838
1463080 1839
1463090 1840
1463100 1841
1463110 1841
1463120 1841
1463130 1842
1463140 1842
1463150 1844
1463160 1848
1463170 1848
1463180 1851
1463190 1855
1463200 1855
1463210 1856
1463220 1852
1463230 1852
1463240 1857
1463250 1864
1463260 1864
1463270 1868
1463280 1869
1463290 1870
1463300 1870
1463310 1873
1463320 1876
1463330 1876
1463340 1875
1463350 1871
1463360 1871
1463370 1871
1463380 1866
1463390 1866
1463400 1861
1463410 1858
1463420 1858
1463430 1855
1463440 1851
1463450 1851
1463460 1846
1463470 1839
1463480 1834
1463490 1834
1463500 1839
1463510 1845
1463520 1845
1463530 1852
1463540 1856
1463550 1856
1463560 1855
1463570 1851
1463580 1851
1463590 1848
1463600 1848
1463610 1848
1463620 1848
1463630 1848
1463640 1849
1463650 1849
1463660 1851
1463670 1850
1463680 1850
1463690 1856
1463700 1862
1463710 1862
1463720 1866
1463730 1870
1463740 1870
1463750 1875
1463760 1881
1463770 1881
1463780 1883
1463790 1884
1463800 1884
1463810 1889
1463820 1895
1463830 1897
1463840 1897
1463850 1897
1463860 1894
1463870 1894
1463880 1892
1463890 1887
1463900 1887
1463910 1886
1463920 1891
1463930 1891
1463940 1900
1463950 1912
1463960 1912
1463970 1923
1463980 1928
1463990 1928
1464000 1924
1464010 1925
1464020 1931
1464030 1931
1464040 1926
1464050 1920
1464060 1920
1464070 1913
1464080 1906
1464090 1906
1464100 1903
1464110 1904
1464120 1904
1464130 1908
1464140 1914
1464150 1914
1464160 1920
1464170 1927
1464180 1927
1464190 1935
1464200 1941
1464210 1949
1464220 1949
1464230 1959
1464240 1968
1464250 1968
1464260 1974
1464270 1978
1464280 1978
1464290 1983
1464300 1983
1464310 1983
1464320 1982
1464330 1982
1464340 1982
1464350 1992
1464360 2000
1464370 2000
1464380 1999
1464390 1996
1464400 1992
1464410 1992
1464420 1986
1464430 1985
1464440 1985
1464450 1986
1464460 1990
1464470 1990
1464480 1994
1464490 1998
1464500 1998
1464510 1998
1464520 1999
1464530 1999
1464540 2003
1464550 2004
1464560 2005
1464570 2005
1464580 2007
1464590 2008
1464600 2008
1464610 2008
1464620 2006
1464630 2006
1464640 2004
1464650 2003
1464660 2003
1464670 2002
1464680 2001
1464690 2001
1464700 2000
1464710 2000
1464720 2000
1464730 2002
1464740 2003
1464750 2001
1464760 2001
1464770 2000
1464780 1996
1464790 1996
1464800 1987
1464810 1979
1464820 1979
1464830 1970
1464840 1961
1464850 1961
1464860 1951
1464870 1941
1464880 1941
1464890 1931
1464900 1922
1464910 1922
1464920 1911
1464930 1901
1464940 1894
1464950 1894
1464960 1887
1464970 1879
1464980 1879
1464990 1869
1465000 1858
1465010 1858
1465020 1848
1465030 1840
1465040 1840
1465050 1832
1465060 1825
1465070 1825
1465080 1817
1465090 1809
1465100 1809
1465110 1800
1465120 1791
1465130 1783
1465140 1783
1465150 1775
1465160 1767
1465170 1767
1465180 1760
1465190 1752
1465200 1752
1465210 1744
1465220 1737
1465230 1737
1465240 1729
1465250 1722
1465260 1722
1465270 1715
1465280 1708
1465290 1701
1465300 1701
1465310 1693
1465320 1688
1465330 1688
1465340 1681
1465350 1675
1465360 1675
1465370 1670
1465380 1663
1465390 1663
1465400 1657
1465410 1649
1465420 1649
1465430 1641
1465440 1632
1465450 1632
1465460 1624
1465470 1615
1465480 1614
1465490 1614
1465500 1618
1465510 1621
1465520 1621
1465530 1623
1465540 1624
1465550 1624
1465560 1624
1465570 1623
1465580 1623
1465590 1623
1465600 1625
1465610 1625
1465620 1628
1465630 1630
1465640 1630
1465650 1634
1465660 1638
1465670 1639
1465680 1639
1465690 1639
1465700 1638
1465710 1638
1465720 1639
1465730 1651
1465740 1651
1465750 1677
1465760 1689
1465770 1689
1465780 1702
1465790 1710
1465800 1710
1465810 1716
1465820 1715
1465830 1715
1465840 1713
1465850 1711
1465860 1711
1465870 1711
1465880 1716
1465890 1717
1465900 1717
1465910 1720
1465920 1718
1465930 1718
1465940 1714
1465950 1712
1465960 1712
1465970 1711
1465980 1707
1465990 1717
1466000 1717
1466010 1724
1466020 1724
1466030 1730
1466040 1734
1466050 1738
1466060 1738
1466070 1741
1466080 1744
1466090 1744
1466100 1745
1466110 1746
1466120 1746
1466130 1747
1466140 1749
1466150 1749
1466160 1750
1466170 1751
1466180 1751
1466190 1753
1466200 1753
1466210 1755
1466220 1755
1466230 1757
1466240 1759
1466250 1759
1466260 1761
1466270 1764
1466280 1764
1466290 1767
1466300 1769
1466310 1769
1466320 1773
1466330 1777
1466340 1777
1466350 1780
1466360 1783
1466370 1783
1466380 1786
1466390 1790
1466400 1793
1466410 1793
1466420 1797
1466430 1800
1466440 1800
1466450 1803
1466460 1806
1466470 1806
1466480 1809
1466490 1813
1466500 1813
1466510 1816
1466520 1820
1466530 1820
1466540 1823
1466550 1826
1466560 1826
1466570 1830
1466580 1834
1466590 1837
1466600 1837
1466610 1839
1466620 1840
1466630 1840
1466640 1842
1466650 1843
1466660 1843
1466670 1844
1466680 1845
1466690 1845
1466700 1846
1466710 1848
1466720 1848
1466730 1848
1466740 1849
1466750 1849
1466760 1849
1466770 1849
1466780 1850
1466790 1850
1466800 1850
1466810 1849
1466820 1849
1466830 1847
1466840 1847
1466850 1847
1466860 1846
1466870 1845
1466880 1845
1466890 1841
1466900 1835
1466910 1835
1466920 1828
1466930 1821
1466940 1811
1466950 1811
1466960 1807
1466970 1812
1466980 1812
1466990 1810
1467000 1808
1467010 1808
1467020 1813
1467030 1813
1467040 1813
1467050 1807
1467060 1806
1467070 1806
1467080 1812
1467090 1817
1467100 1817
1467110 1819
1467120 1825
1467130 1830
1467140 1830
1467150 1831
1467160 1834
1467170 1834
1467180 1835
1467190 1836
1467200 1836
1467210 1837
1467220 1839
1467230 1839
1467240 1841
1467250 1841
1467260 1841
1467270 1840
1467280 1842
1467290 1842
1467300 1843
1467310 1843
1467320 1842
1467330 1842
1467340 1840
1467350 1839
1467360 1839
1467370 1836
1467380 1834
1467390 1834
1467400 1833
1467410 1832
1467420 1832
1467430 1830
1467440 1828
1467450 1828
1467460 1825
1467470 1824
1467480 1824
1467490 1823
1467500 1822
1467510 1820
1467520 1820
1467530 1818
1467540 1818
1467550 1818
1467560 1819
1467570 1818
1467580 1818
1467590 1817
1467600 1813
1467610 1813
1467620 1806
1467630 1798
1467640 1798
1467650 1791
1467660 1783
1467670 1783
1467680 1775
1467690 1766
1467700 1757
1467710 1757
1467720 1748
1467730 1739
1467740 1739
1467750 1732
1467760 1725
1467770 1725
1467780 1718
1467790 1711
1467800 1711
1467810 1703
1467820 1695
1467830 1695
1467840 1687
1467850 1679
1467860 1672
1467870 1672
1467880 1665
1467890 1657
1467900 1657
1467910 1649
1467920 1642
1467930 1642
1467940 1635
1467950 1628
1467960 1628
1467970 1621
1467980 1613
1467990 1613
1468000 1607
1468010 1597
1468020 1597
1468030 1587
1468040 1579
1468050 1572
1468060 1572
1468070 1565
1468080 1559
1468090 1559
1468100 1554
1468110 1547
1468120 1547
1468130 1541
1468140 1535
1468150 1535
1468160 1529
1468170 1523
1468180 1523
1468190 1517
1468200 1511
1468210 1511
1468220 1505
1468230 1498
1468240 1494
1468250 1494
1468260 1488
1468270 1484
1468280 1484
1468290 1478
1468300 1472
1468310 1472
1468320 1464
1468330 1457
1468340 1457
1468350 1451
1468360 1446
1468370 1446
1468380 1439
1468390 1432
1468400 1432
1468410 1425
1468420 1419
1468430 1413
1468440 1413
1468450 1407
1468460 1401
1468470 1401
1468480 1396
1468490 1391
1468500 1391
1468510 1386
1468520 1381
1468530 1381
1468540 1377
1468550 1372
1468560 1372
1468570 1368
1468580 1364
1468590 1359
1468600 1359
1468610 1355
1468620 1350
1468630 1350
1468640 1346
1468650 1342
1468660 1342
1468670 1338
1468680 1334
1468690 1334
1468700 1330
1468710 1326
1468720 1326
1468730 1323
1468740 1319
1468750 1319
1468760 1316
1468770 1312
1468780 1308
1468790 1308
1468800 1301
1468810 1293
1468820 1293
1468830 1288
1468840 1287
1468850 1287
1468860 1287
1468870 1286
1468880 1286
1468890 1284
1468900 1282
1468910 1282
1468920 1281
1468930 1283
1468940 1283
1468950 1285
1468960 1285
1468970 1286
1468980 1286
1468990 1289
1469000 1295
1469010 1295
1469020 1303
1469030 1311
1469040 1311
1469050 1319
1469060 1326
1469070 1326
1469080 1334
1469090 1341
1469100 1341
1469110 1348
1469120 1356
1469130 1356
1469140 1364
1469150 1372
1469160 1380
1469170 1380
1469180 1389
1469190 1397
1469200 1397
1469210 1405
1469220 1413
1469230 1413
1469240 1421
1469250 1429
1469260 1429
1469270 1438
1469280 1446
1469290 1446
1469300 1453
1469310 1460
1469320 1460
1469330 1468
1469340 1476
1469350 1483
1469360 1483
1469370 1491
1469380 1498
1469390 1498
1469400 1506
1469410 1512
1469420 1512
1469430 1519
1469440 1526
1469450 1526
1469460 1533
1469470 1541
1469480 1541
1469490 1548
1469500 1554
1469510 1560
1469520 1560
1469530 1566
1469540 1573
1469550 1573
1469560 1580
1469570 1586
1469580 1586
1469590 1591
1469600 1595
1469610 1595
1469620 1600
1469630 1605
1469640 1605
1469650 1610
1469660 1616
1469670 1616
1469680 1622
1469690 1628
1469700 1633
1469710 1633
1469720 1638
1469730 1642
1469740 1642
1469750 1645
1469760 1649
1469770 1649
1469780 1653
1469790 1657
1469800 1657
1469810 1658
1469820 1661
1469830 1661
1469840 1664
1469850 1666
1469860 1666
1469870 1669
1469880 1672
1469890 1675
1469900 1675
1469910 1677
1469920 1677
1469930 1677
1469940 1675
1469950 1675
1469960 1675
1469970 1676
1469980 1677
1469990 1677
1470000 1677
1470010 1673
1470020 1673
1470030 1670
1470040 1665
1470050 1665
1470060 1664
1470070 1664
1470080 1666
1470090 1666
1470100 1667
1470110 1668
1470120 1668
1470130 1669
1470140 1671
1470150 1671
1470160 1675
1470170 1679
1470180 1679
1470190 1683
1470200 1687
1470210 1687
1470220 1691
1470230 1694
1470240 1696
1470250 1696
1470260 1698
1470270 1700
1470280 1700
1470290 1702
1470300 1703
1470310 1703
1470320 1705
1470330 1706
1470340 1706
1470350 1708
1470360 1709
1470370 1709
1470380 1712
1470390 1714
1470400 1714
1470410 1717
1470420 1720
1470430 1723
1470440 1723
1470450 1725
1470460 1728
1470470 1728
1470480 1730
1470490 1732
1470500 1732
1470510 1733
1470520 1735
1470530 1735
1470540 1735
1470550 1736
1470560 1736
1470570 1736
1470580 1735
1470590 1735
1470600 1732
1470610 1728
1470620 1725
1470630 1725
1470640 1723
1470650 1718
1470660 1718
1470670 1711
1470680 1707
1470690 1707
1470700 1706
1470710 1700
1470720 1700
1470730 1696
1470740 1695
1470750 1695
1470760 1695
1470770 1691
1470780 1691
1470790 1684
1470800 1678
1470810 1671
1470820 1671
1470830 1663
1470840 1656
1470850 1656
1470860 1648
1470870 1642
1470880 1642
1470890 1636
1470900 1631
1470910 1631
1470920 1623
1470930 1613
1470940 1613
1470950 1602
1470960 1592
1470970 1583
1470980 1583
1470990 1575
1471000 1568
1471010 1568
1471020 1561
1471030 1554
1471040 1554
1471050 1547
1471060 1541
1471070 1541
1471080 1534
1471090 1528
1471100 1528
1471110 1521
1471120 1514
1471130 1514
1471140 1507
1471150 1499
1471160 1492
1471170 1492
1471180 1487
1471190 1481
1471200 1481
1471210 1476
1471220 1471
1471230 1471
1471240 1467
1471250 1463
1471260 1463
1471270 1459
1471280 1455
1471290 1455
1471300 1453
1471310 1451
1471320 1451
1471330 1450
1471340 1448
1471350 1446
1471360 1446
1471370 1443
1471380 1440
1471390 1440
1471400 1437
1471410 1434
1471420 1434
1471430 1430
1471440 1427
1471450 1427
1471460 1423
1471470 1420
1471480 1420
1471490 1419
1471500 1418
1471510 1418
1471520 1419
1471530 1420
1471540 1420
1471550 1420
1471560 1420
1471570 1421
1471580 1421
1471590 1422
1471600 1422
1471610 1422
1471620 1423
1471630 1424
1471640 1424
1471650 1426
1471660 1428
1471670 1428
1471680 1429
1471690 1431
1471700 1431
1471710 1432
1471720 1433
1471730 1434
1471740 1434
1471750 1432
1471760 1432
1471770 1432
1471780 1434
1471790 1433
1471800 1433
1471810 1434
1471820 1435
1471830 1435
1471840 1438
1471850 1442
1471860 1442
1471870 1447
1471880 1452
1471890 1458
1471900 1458
1471910 1465
1471920 1472
1471930 1472
1471940 1484
1471950 1494
1471960 1494
1471970 1506
1471980 1517
1471990 1517
1472000 1521
1472010 1518
1472020 1518
1472030 1518
1472040 1525
1472050 1525
1472060 1537
1472070 1556
1472080 1565
1472090 1565
1472100 1572
1472110 1577
1472120 1577
1472130 1581
1472140 1587
1472150 1587
1472160 1591
1472170 1594
1472180 1594
1472190 1598
1472200 1604
1472210 1604
1472220 1612
1472230 1619
1472240 1619
1472250 1627
1472260 1636
1472270 1646
1472280 1646
1472290 1654
1472300 1663
1472310 1663
1472320 1670
1472330 1678
1472340 1678
1472350 1686
1472360 1693
1472370 1693
1472380 1699
1472390 1702
1472400 1702
1472410 1710
1472420 1716
1472430 1716
1472440 1720
1472450 1724
1472460 1731
1472470 1731
1472480 1737
1472490 1742
1472500 1742
1472510 1747
1472520 1750
1472530 1750
1472540 1753
1472550 1756
1472560 1756
1472570 1757
1472580 1758
1472590 1758
1472600 1762
1472610 1769
1472620 1776
1472630 1776
1472640 1783
1472650 1794
1472660 1794
1472670 1804
1472680 1808
1472690 1808
1472700 1811
1472710 1817
1472720 1817
1472730 1820
1472740 1821
1472750 1821
1472760 1821
1472770 1818
1472780 1818
1472790 1815
1472800 1816
1472810 1816
1472820 1816
1472830 1813
1472840 1805
1472850 1805
1472860 1797
1472870 1790
1472880 1790
1472890 1790
1472900 1790
1472910 1790
1472920 1787
1472930 1787
1472940 1787
1472950 1790
1472960 1788
1472970 1788
1472980 1787
1472990 1790
1473000 1788
1473010 1788
1473020 1784
1473030 1778
1473040 1778
1473050 1768
1473060 1758
1473070 1758
1473080 1752
1473090 1746
1473100 1746
1473110 1736
1473120 1728
1473130 1728
1473140 1723
1473150 1722
1473160 1722
1473170 1722
1473180 1725
1473190 1731
1473200 1731
1473210 1736
1473220 1743
1473230 1743
1473240 1752
1473250 1764
1473260 1764
1473270 1772
1473280 1776
1473290 1776
1473300 1776
1473310 1772
1473320 1772
1473330 1770
1473340 1769
1473350 1769
1473360 1766
1473370 1763
1473380 1758
1473390 1758
1473400 1751
1473410 1743
1473420 1743
1473430 1734
1473440 1724
1473450 1724
1473460 1715
1473470 1709
1473480 1709
1473490 1703
1473500 1693
1473510 1693
1473520 1685
1473530 1678
1473540 1671
1473550 1671
1473560 1664
1473570 1656
1473580 1656
1473590 1651
1473600 1645
1473610 1645
1473620 1644
1473630 1647
1473640 1647
1473650 1645
1473660 1636
1473670 1636
1473680 1622
1473690 1605
1473700 1605
1473710 1594
1473720 1590
1473730 1588
1473740 1588
1473750 1584
1473760 1574
1473770 1574
1473780 1568
1473790 1565
1473800 1565
1473810 1562
1473820 1559
1473830 1559
1473840 1557
1473850 1556
1473860 1556
1473870 1555
1473880 1554
1473890 1554
1473900 1553
1473910 1552
1473920 1550
1473930 1550
1473940 1548
1473950 1544
1473960 1544
1473970 1544
1473980 1542
1473990 1542
1474000 1541
1474010 1542
1474020 1542
1474030 1543
1474040 1543
1474050 1543
1474060 1542
1474070 1540
1474080 1540
1474090 1538
1474100 1538
1474110 1537
1474120 1537
1474130 1536
1474140 1533
1474150 1533
1474160 1531
1474170 1529
1474180 1529
1474190 1529
1474200 1529
1474210 1529
1474220 1531
1474230 1532
1474240 1532
1474250 1533
1474260 1533
1474270 1531
1474280 1531
1474290 1531
1474300 1532
1474310 1532
1474320 1537
1474330 1541
1474340 1541
1474350 1542
1474360 1545
1474370 1545
1474380 1549
1474390 1553
1474400 1553
1474410 1557
1474420 1563
1474430 1563
1474440 1568
1474450 1573
1474460 1579
1474470 1579
1474480 1584
1474490 1589
1474500 1589
1474510 1595
1474520 1601
1474530 1601
1474540 1608
1474550 1615
1474560 1615
1474570 1622
1474580 1630
1474590 1630
1474600 1637
1474610 1644
1474620 1644
1474630 1653
1474640 1664
1474650 1676
1474660 1676
1474670 1689
1474680 1700
1474690 1700
1474700 1707
1474710 1715
1474720 1715
1474730 1720
1474740 1725
1474750 1725
1474760 1730
1474770 1735
1474780 1735
1474790 1742
1474800 1749
1474810 1749
1474820 1758
1474830 1766
1474840 1774
1474850 1774
1474860 1781
1474870 1789
1474880 1789
1474890 1799
1474900 1807
1474910 1807
1474920 1815
1474930 1825
1474940 1823
1474950 1832
1474960 1840
1474970 1840
1474980 1849
1474990 1856
1475000 1856
1475010 1863
1475020 1870
1475030 1876
1475040 1876
1475050 1882
1475060 1887
1475070 1887
1475080 1892
1475090 1897
1475100 1897
1475110 1905
1475120 1913
1475130 1913
1475140 1920
1475150 1927
1475160 1927
1475170 1932
1475180 1937
1475190 1941
1475200 1941
1475210 1946
1475220 1952
1475230 1952
1475240 1956
1475250 1965
1475260 1965
1475270 1973
1475280 1979
1475290 1979
1475300 1987
1475310 1995
1475320 1995
1475330 1998
1475340 2001
1475350 2001
1475360 2004
1475370 2006
1475380 2008
1475390 2008
1475400 2009
1475410 2012
1475420 2012
1475430 2016
1475440 2022
1475450 2022
1475460 2030
1475470 2039
1475480 2039
1475490 2047
1475500 2054
1475510 2054
1475520 2057
1475530 2064
1475540 2064
1475550 2073
1475560 2080
1475570 2083
1475580 2083
1475590 2084
1475600 2084
1475610 2084
1475620 2082
1475630 2079
1475640 2079
1475650 2074
1475660 2067
1475670 2067
1475680 2059
1475690 2051
1475700 2051
1475710 2044
1475720 2036
1475730 2036
1475740 2029
1475750 2024
1475760 2020
1475770 2020
1475780 2013
1475790 2002
1475800 2002
1475810 1995
1475820 1987
1475830 1987
1475840 1980
1475850 1973
1475860 1973
1475870 1967
1475880 1963
1475890 1963
1475900 1955
1475910 1945
1475920 1936
1475930 1936
1475940 1927
1475950 1917
1475960 1917
1475970 1907
1475980 1898
1475990 1898
1476000 1893
1476010 1885
1476020 1885
1476030 1875
1476040 1864
1476050 1864
1476060 1856
1476070 1850
1476080 1850
1476090 1844
1476100 1839
1476110 1833
1476120 1833
1476130 1827
1476140 1822
1476150 1822
1476160 1817
1476170 1811
1476180 1811
1476190 1806
1476200 1800
1476210 1800
1476220 1793
1476230 1786
1476240 1786
1476250 1780
1476260 1775
1476270 1775
1476280 1769
1476290 1763
1476300 1758
1476310 1758
1476320 1751
1476330 1746
1476340 1746
1476350 1741
1476360 1736
1476370 1736
1476380 1731
1476390 1726
1476400 1726
1476410 1721
1476420 1717
1476430 1717
1476440 1712
1476450 1705
1476460 1705
1476470 1699
1476480 1693
1476490 1691
1476500 1691
1476510 1689
1476520 1686
1476530 1686
1476540 1683
1476550 1680
1476560 1680
1476570 1678
1476580 1677
1476590 1677
1476600 1677
1476610 1675
1476620 1675
1476630 1674
1476640 1673
1476650 1673
1476660 1670
1476670 1668
1476680 1667
1476690 1667
1476700 1665
1476710 1664
1476720 1664
1476730 1664
1476740 1665
1476750 1665
1476760 1667
1476770 1669
1476780 1669
1476790 1667
1476800 1669
1476810 1669
1476820 1672
1476830 1673
1476840 1674
1476850 1674
1476860 1674
1476870 1675
1476880 1675
1476890 1675
1476900 1676
1476910 1676
1476920 1677
1476930 1678
1476940 1678
1476950 1681
1476960 1684
1476970 1684
1476980 1686
1476990 1691
1477000 1691
1477010 1695
1477020 1697
1477030 1699
1477040 1699
1477050 1700
1477060 1703
1477070 1703
1477080 1707
1477090 1713
1477100 1713
1477110 1719
1477120 1728
1477130 1728
1477140 1736
1477150 1740
1477160 1740
1477170 1741
1477180 1757
1477190 1757
1477200 1764
1477210 1766
1477220 1769
1477230 1769
1477240 1773
1477250 1778
1477260 1778
1477270 1786
1477280 1789
1477290 1789
1477300 1791
1477310 1792
1477320 1792
1477330 1791
1477340 1791
1477350 1791
1477360 1791
1477370 1794
1477380 1794
1477390 1799
1477400 1801
1477410 1802
1477420 1802
1477430 1802
1477440 1802
1477450 1802
1477460 1802
1477470 1803
1477480 1803
1477490 1806
1477500 1808
1477510 1808
1477520 1808
1477530 1811
1477540 1811
1477550 1813
1477560 1815
1477570 1817
1477580 1817
1477590 1820
1477600 1822
1477610 1822
1477620 1823
1477630 1822
1477640 1822
1477650 1820
1477660 1817
1477670 1817
1477680 1813
1477690 1810
1477700 1810
1477710 1804
1477720 1797
1477730 1797
1477740 1791
1477750 1783
1477760 1774
1477770 1774
1477780 1766
1477790 1757
1477800 1757
1477810 1749
1477820 1741
1477830 1741
1477840 1732
1477850 1723
1477860 1723
1477870 1715
1477880 1707
1477890 1707
1477900 1700
1477910 1693
1477920 1693
1477930 1686
1477940 1680
1477950 1676
1477960 1676
1477970 1672
1477980 1667
1477990 1667
1478000 1662
1478010 1657
1478020 1657
1478030 1652
1478040 1647
1478050 1647
1478060 1643
1478070 1638
1478080 1638
1478090 1632
1478100 1625
1478110 1625
1478120 1620
1478130 1614
1478140 1608
1478150 1608
1478160 1602
1478170 1595
1478180 1595
1478190 1590
1478200 1586
1478210 1586
1478220 1581
1478230 1576
1478240 1576
1478250 1569
1478260 1563
1478270 1563
1478280 1558
1478290 1553
1478300 1553
1478310 1549
1478320 1545
1478330 1539
1478340 1539
1478350 1533
1478360 1530
1478370 1530
1478380 1530
1478390 1531
1478400 1531
1478410 1531
1478420 1530
1478430 1530
1478440 1528
1478450 1527
1478460 1527
1478470 1526
1478480 1527
1478490 1528
1478500 1528
1478510 1526
1478520 1527
1478530 1527
1478540 1526
1478550 1525
1478560 1525
1478570 1524
1478580 1523
1478590 1523
1478600 1521
1478610 1519
1478620 1519
1478630 1515
1478640 1510
1478650 1510
1478660 1505
1478670 1501
1478680 1495
1478690 1495
1478700 1490
1478710 1485
1478720 1485
1478730 1481
1478740 1477
1478750 1477
1478760 1474
1478770 1472
1478780 1472
1478790 1470
1478800 1466
1478810 1466
1478820 1461
1478830 1458
1478840 1458
1478850 1455
1478860 1448
1478870 1445
1478880 1445
1478890 1452
1478900 1460
1478910 1460
1478920 1464
1478930 1471
1478940 1471
1478950 1480
1478960 1485
1478970 1485
1478980 1490
1478990 1495
1479000 1495
1479010 1498
1479020 1502
1479030 1502
1479040 1511
1479050 1521
1479060 1529
1479070 1529
1479080 1535
1479090 1541
1479100 1541
1479110 1546
1479120 1551
1479130 1551
1479140 1555
1479150 1558
1479160 1558
1479170 1560
1479180 1562
1479190 1562
1479200 1562
1479210 1562
1479220 1563
1479230 1563
1479240 1563
1479250 1563
1479260 1563
1479270 1562
1479280 1563
1479290 1563
1479300 1563
1479310 1563
1479320 1563
1479330 1563
1479340 1562
1479350 1562
1479360 1561
1479370 1561
1479380 1561
1479390 1562
1479400 1560
1479410 1559
1479420 1559
1479430 1558
1479440 1558
1479450 1558
1479460 1557
1479470 1557
1479480 1557
1479490 1557
1479500 1556
1479510 1556
1479520 1555
1479530 1552
1479540 1552
1479550 1551
1479560 1549
1479570 1549
1479580 1546
1479590 1545
1479600 1546
1479610 1546
1479620 1548
1479630 1548
1479640 1548
1479650 1548
1479660 1548
1479670 1548
1479680 1547
1479690 1545
1479700 1545
1479710 1543
1479720 1541
1479730 1541
1479740 1539
1479750 1537
1479760 1537
1479770 1536
1479780 1535
1479790 1535
1479800 1535
1479810 1534
1479820 1533
1479830 1533
1479840 1532
1479850 1532
1479860 1532
1479870 1532
1479880 1533
1479890 1533
1479900 1534
1479910 1534
1479920 1534
1479930 1533
1479940 1528
1479950 1528
1479960 1524
1479970 1520
1479980 1517
1479990 1517
