1460000 2296
1460010 2291
1460020 2291
1460030 2285
1460040 2279
1460050 2275
1460060 2275
1460070 2270
1460080 2265
1460090 2265
1460100 2261
1460110 2257
1460120 2257
1460130 2252
1460140 2246
1460150 2246
1460160 2243
1460170 2239
1460180 2239
1460190 2237
1460200 2235
1460210 2235
1460220 2235
1460230 2234
1460240 2232
1460250 2232
1460260 2231
1460270 2230
1460280 2230
1460290 2227
1460300 2223
1460310 2223
1460320 2220
1460330 2217
1460340 2217
1460350 2215
1460360 2213
1460370 2213
1460380 2213
1460390 2212
1460400 2206
1460410 2206
1460420 2202
1460430 2199
1460440 2199
1460450 2197
1460460 2197
1460470 2197
1460480 2196
1460490 2193
1460500 2193
1460510 2190
1460520 2189
1460530 2189
1460540 2187
1460550 2187
1460560 2187
1460570 2187
1460580 2185
1460590 2182
1460600 2182
1460610 2180
1460620 2178
1460630 2178
1460640 2177
1460650 2178
1460660 2178
1460670 2179
1460680 2180
1460690 2180
1460700 2181
1460710 2182
1460720 2182
1460730 2180
1460740 2174
1460750 2174
1460760 2169
1460770 2162
1460780 2156
1460790 2156
1460800 2149
1460810 2142
1460820 2142
1460830 2134
1460840 2129
1460850 2129
1460860 2126
1460870 2126
1460880 2126
1460890 2125
1460900 2121
1460910 2121
1460920 2118
1460930 2112
1460940 2102
1460950 2102
1460960 2097
1460970 2096
1460980 2096
1460990 2097
1461000 2097
1461010 2097
1461020 2098
1461030 2098
1461040 2098
1461050 2096
1461060 2088
1461070 2088
1461080 2079
1461090 2072
1461100 2072
1461110 2068
1461120 2065
1461130 2062
1461140 2062
1461150 2060
1461160 2058
1461170 2058
1461180 2057
1461190 2057
1461200 2057
1461210 2058
1461220 2058
1461230 2058
1461240 2056
1461250 2054
1461260 2054
1461270 2053
1461280 2051
1461290 2051
1461300 2050
1461310 2048
1461320 2048
1461330 2048
1461340 2047
1461350 2042
1461360 2042
1461370 2042
1461380 2042
1461390 2042
1461400 2043
1461410 2043
1461420 2043
1461430 2043
1461440 2044
1461450 2044
1461460 2043
1461470 2041
1461480 2041
1461490 2040
1461500 2039
1461510 2039
1461520 2039
1461530 2040
1461540 2043
1461550 2043
1461560 2044
1461570 2040
1461580 2040
1461590 2035
1461600 2030
1461610 2030
1461620 2024
1461630 2020
1461640 2020
1461650 2021
1461660 2019
1461670 2019
1461680 2016
1461690 2012
1461700 2008
1461710 2008
1461720 2005
1461730 2003
1461740 2003
1461750 2002
1461760 2001
1461770 2001
1461780 2000
1461790 1999
1461800 1999
1461810 1997
1461820 1995
1461830 1995
1461840 1994
1461850 1994
1461860 1993
1461870 1993
1461880 1990
1461890 1987
1461900 1987
1461910 1984
1461920 1982
1461930 1982
1461940 1981
1461950 1981
1461960 1981
1461970 1979
1461980 1978
1461990 1978
1462000 1977
1462010 1977
1462020 1977
1462030 1977
1462040 1976
1462050 1976
1462060 1976
1462070 1975
1462080 1975
1462090 1975
1462100 1975
1462110 1976
1462120 1976
1462130 1976
1462140 1976
1462150 1976
1462160 1976
1462170 1976
1462180 1976
1462190 1976
1462200 1976
1462210 1976
1462220 1976
1462230 1975
1462240 1975
1462250 1975
1462260 1975
1462270 1974
1462280 1974
1462290 1974
1462300 1974
1462310 1974
1462320 1974
1462330 1974
1462340 1974
1462350 1976
1462360 1979
1462370 1979
1462380 1984
1462390 1990
1462400 1990
1462410 1996
1462420 2002
1462430 2008
1462440 2008
1462450 2013
1462460 2019
1462470 2019
1462480 2024
1462490 2028
1462500 2028
1462510 2032
1462520 2035
1462530 2035
1462540 2038
1462550 2039
1462560 2039
1462570 2041
1462580 2042
1462590 2042
1462600 2042
1462610 2042
1462620 2044
1462630 2044
1462640 2045
1462650 2046
1462660 2046
1462670 2046
1462680 2047
1462690 2047
1462700 2048
1462710 2048
1462720 2048
1462730 2048
1462740 2048
1462750 2048
1462760 2049
1462770 2049
1462780 2049
1462790 2049
1462800 2050
1462810 2053
1462820 2053
1462830 2055
1462840 2056
1462850 2056
1462860 2057
1462870 2058
1462880 2058
1462890 2060
1462900 2059
1462910 2059
1462920 2059
1462930 2060
1462940 2060
1462950 2061
1462960 2063
1462970 2064
1462980 2064
1462990 2065
1463000 2069
1463010 2069
1463020 2072
1463030 2074
1463040 2074
1463050 2078
1463060 2083
1463070 2083
1463080 2088
1463090 2092
1463100 2092
1463110 2095
1463120 2099
1463130 2099
1463140 2104
1463150 2104
1463160 2099
1463170 2099
1463180 2091
1463190 2084
1463200 2084
1463210 2077
1463220 2072
1463230 2072
1463240 2067
1463250 2064
1463260 2064
1463270 2062
1463280 2061
1463290 2061
1463300 2059
1463310 2056
1463320 2051
1463330 2051
1463340 2046
1463350 2044
1463360 2044
1463370 2042
1463380 2041
1463390 2041
1463400 2039
1463410 2038
1463420 2038
1463430 2038
1463440 2041
1463450 2041
1463460 2045
1463470 2048
1463480 2048
1463490 2052
1463500 2061
1463510 2068
1463520 2068
1463530 2073
1463540 2079
1463550 2079
1463560 2084
1463570 2089
1463580 2089
1463590 2097
1463600 2101
1463610 2101
1463620 2104
1463630 2104
1463640 2104
1463650 2102
1463660 2100
1463670 2100
1463680 2101
1463690 2108
1463700 2119
1463710 2119
1463720 2128
1463730 2136
1463740 2136
1463750 2142
1463760 2148
1463770 2148
1463780 2155
1463790 2161
1463800 2161
1463810 2164
1463820 2163
1463830 2163
1463840 2159
1463850 2160
1463860 2160
1463870 2162
1463880 2160
1463890 2154
1463900 2154
1463910 2148
1463920 2151
1463930 2151
1463940 2156
1463950 2163
1463960 2163
1463970 2171
1463980 2179
1463990 2179
1464000 2183
1464010 2179
1464020 2179
1464030 2172
1464040 2169
1464050 2167
1464060 2167
1464070 2160
1464080 2156
1464090 2156
1464100 2157
1464110 2159
1464120 2159
1464130 2154
1464140 2153
1464150 2153
1464160 2158
1464170 2160
1464180 2160
1464190 2156
1464200 2152
1464210 2152
1464220 2148
1464230 2144
1464240 2141
1464250 2141
1464260 2141
1464270 2141
1464280 2141
1464290 2140
1464300 2140
1464310 2140
1464320 2139
1464330 2137
1464340 2137
1464350 2134
1464360 2133
1464370 2133
1464380 2130
1464390 2125
1464400 2125
1464410 2118
1464420 2110
1464430 2101
1464440 2101
1464450 2094
1464460 2084
1464470 2084
1464480 2076
1464490 2069
1464500 2069
1464510 2061
1464520 2054
1464530 2054
1464540 2049
1464550 2043
1464560 2043
1464570 2038
1464580 2032
1464590 2032
1464600 2028
1464610 2024
1464620 2018
1464630 2018
1464640 2011
1464650 2003
1464660 2003
1464670 1995
1464680 1989
1464690 1989
1464700 1984
1464710 1980
1464720 1980
1464730 1975
1464740 1969
1464750 1969
1464760 1964
1464770 1959
1464780 1959
1464790 1953
1464800 1948
1464810 1942
1464820 1942
1464830 1936
1464840 1931
1464850 1931
1464860 1925
1464870 1919
1464880 1919
1464890 1913
1464900 1907
1464910 1907
1464920 1905
1464930 1904
1464940 1904
1464950 1900
1464960 1893
1464970 1886
1464980 1886
1464990 1880
1465000 1876
1465010 1876
1465020 1872
1465030 1868
1465040 1868
1465050 1862
1465060 1857
1465070 1857
1465080 1853
1465090 1850
1465100 1850
1465110 1847
1465120 1844
1465130 1844
1465140 1844
1465150 1843
1465160 1841
1465170 1841
1465180 1839
1465190 1837
1465200 1837
1465210 1834
1465220 1831
1465230 1831
1465240 1826
1465250 1821
1465260 1821
1465270 1821
1465280 1822
1465290 1822
1465300 1820
1465310 1819
1465320 1819
1465330 1819
1465340 1819
1465350 1821
1465360 1821
1465370 1821
1465380 1820
1465390 1820
1465400 1819
1465410 1817
1465420 1817
1465430 1816
1465440 1814
1465450 1814
1465460 1812
1465470 1811
1465480 1811
1465490 1807
1465500 1805
1465510 1805
1465520 1804
1465530 1803
1465540 1803
1465550 1803
1465560 1804
1465570 1804
1465580 1804
1465590 1804
1465600 1804
1465610 1804
1465620 1806
1465630 1808
1465640 1808
1465650 1811
1465660 1815
1465670 1815
1465680 1817
1465690 1818
1465700 1818
1465710 1818
1465720 1817
1465730 1815
1465740 1815
1465750 1811
1465760 1810
1465770 1810
1465780 1810
1465790 1810
1465800 1810
1465810 1812
1465820 1814
1465830 1814
1465840 1818
1465850 1827
1465860 1827
1465870 1834
1465880 1837
1465890 1840
1465900 1840
1465910 1843
1465920 1846
1465930 1846
1465940 1848
1465950 1851
1465960 1851
1465970 1853
1465980 1852
1465990 1852
1466000 1851
1466010 1854
1466020 1854
1466030 1857
1466040 1860
1466050 1860
1466060 1861
1466070 1863
1466080 1868
1466090 1868
1466100 1877
1466110 1885
1466120 1885
1466130 1891
1466140 1895
1466150 1895
1466160 1899
1466170 1901
1466180 1901
1466190 1905
1466200 1910
1466210 1910
1466220 1915
1466230 1919
1466240 1919
1466250 1927
1466260 1934
1466270 1935
1466280 1935
1466290 1935
1466300 1940
1466310 1940
1466320 1944
1466330 1946
1466340 1946
1466350 1952
1466360 1958
1466370 1958
1466380 1961
1466390 1965
1466400 1965
1466410 1971
1466420 1977
1466430 1983
1466440 1983
1466450 1988
1466460 1992
1466470 1992
1466480 1996
1466490 1998
1466500 1998
1466510 2002
1466520 2006
1466530 2006
1466540 2010
1466550 2015
1466560 2015
1466570 2018
1466580 2022
1466590 2022
1466600 2026
1466610 2030
1466620 2034
1466630 2034
1466640 2038
1466650 2042
1466660 2042
1466670 2045
1466680 2048
1466690 2048
1466700 2051
1466710 2054
1466720 2054
1466730 2056
1466740 2059
1466750 2059
1466760 2062
1466770 2065
1466780 2065
1466790 2067
1466800 2069
1466810 2070
1466820 2070
1466830 2069
1466840 2068
1466850 2068
1466860 2067
1466870 2066
1466880 2066
1466890 2065
1466900 2063
1466910 2063
1466920 2062
1466930 2060
1466940 2060
1466950 2058
1466960 2056
1466970 2056
1466980 2055
1466990 2055
1467000 2053
1467010 2053
1467020 2051
1467030 2049
1467040 2049
1467050 2047
1467060 2046
1467070 2046
1467080 2043
1467090 2040
1467100 2040
1467110 2036
1467120 2033
1467130 2033
1467140 2030
1467150 2027
1467160 2025
1467170 2025
1467180 2022
1467190 2019
1467200 2019
1467210 2017
1467220 2014
1467230 2014
1467240 2010
1467250 2007
1467260 2007
1467270 2002
1467280 1998
1467290 1998
1467300 1994
1467310 1989
1467320 1989
1467330 1985
1467340 1982
1467350 1979
1467360 1979
1467370 1974
1467380 1969
1467390 1969
1467400 1963
1467410 1958
1467420 1958
1467430 1953
1467440 1950
1467450 1950
1467460 1945
1467470 1938
1467480 1938
1467490 1929
1467500 1919
1467510 1919
1467520 1908
1467530 1898
1467540 1888
1467550 1888
1467560 1879
1467570 1870
1467580 1870
1467590 1861
1467600 1853
1467610 1853
1467620 1848
1467630 1840
1467640 1840
1467650 1832
1467660 1826
1467670 1826
1467680 1819
1467690 1813
1467700 1813
1467710 1807
1467720 1801
1467730 1795
1467740 1795
1467750 1788
1467760 1780
1467770 1780
1467780 1772
1467790 1765
1467800 1765
1467810 1759
1467820 1751
1467830 1751
1467840 1744
1467850 1738
1467860 1738
1467870 1731
1467880 1726
1467890 1726
1467900 1720
1467910 1714
1467920 1708
1467930 1708
1467940 1703
1467950 1697
1467960 1697
1467970 1691
1467980 1686
1467990 1686
1468000 1681
1468010 1676
1468020 1676
1468030 1672
1468040 1666
1468050 1666
1468060 1660
1468070 1652
1468080 1642
1468090 1642
1468100 1633
1468110 1625
1468120 1625
1468130 1617
1468140 1610
1468150 1610
1468160 1602
1468170 1594
1468180 1594
1468190 1585
1468200 1578
1468210 1578
1468220 1571
1468230 1564
1468240 1564
1468250 1556
1468260 1546
1468270 1533
1468280 1533
1468290 1523
1468300 1515
1468310 1515
1468320 1506
1468330 1497
1468340 1497
1468350 1489
1468360 1483
1468370 1483
1468380 1476
1468390 1470
1468400 1470
1468410 1463
1468420 1457
1468430 1457
1468440 1450
1468450 1443
1468460 1436
1468470 1436
1468480 1430
1468490 1424
1468500 1424
1468510 1418
1468520 1412
1468530 1412
1468540 1407
1468550 1402
1468560 1402
1468570 1398
1468580 1393
1468590 1393
1468600 1387
1468610 1381
1468620 1381
1468630 1375
1468640 1371
1468650 1367
1468660 1367
1468670 1363
1468680 1359
1468690 1359
1468700 1355
1468710 1352
1468720 1352
1468730 1351
1468740 1350
1468750 1350
1468760 1350
1468770 1348
1468780 1348
1468790 1347
1468800 1348
1468810 1349
1468820 1349
1468830 1349
1468840 1348
1468850 1348
1468860 1347
1468870 1347
1468880 1347
1468890 1349
1468900 1355
1468910 1355
1468920 1362
1468930 1367
1468940 1367
1468950 1367
1468960 1371
1468970 1371
1468980 1375
1468990 1382
1469000 1389
1469010 1389
1469020 1396
1469030 1404
1469040 1404
1469050 1410
1469060 1419
1469070 1419
1469080 1426
1469090 1431
1469100 1431
1469110 1437
1469120 1443
1469130 1443
1469140 1449
1469150 1455
1469160 1455
1469170 1459
1469180 1464
1469190 1470
1469200 1470
1469210 1475
1469220 1480
1469230 1480
1469240 1486
1469250 1491
1469260 1491
1469270 1493
1469280 1496
1469290 1496
1469300 1497
1469310 1500
1469320 1500
1469330 1504
1469340 1510
1469350 1510
1469360 1516
1469370 1523
1469380 1528
1469390 1528
1469400 1533
1469410 1538
1469420 1538
1469430 1542
1469440 1547
1469450 1547
1469460 1552
1469470 1557
1469480 1557
1469490 1563
1469500 1569
1469510 1569
1469520 1575
1469530 1580
1469540 1586
1469550 1586
1469560 1591
1469570 1595
1469580 1595
1469590 1599
1469600 1600
1469610 1600
1469620 1601
1469630 1601
1469640 1601
1469650 1599
1469660 1599
1469670 1599
1469680 1595
1469690 1592
1469700 1592
1469710 1583
1469720 1583
1469730 1591
1469740 1591
1469750 1600
1469760 1608
1469770 1608
1469780 1613
1469790 1618
1469800 1618
1469810 1623
1469820 1628
1469830 1628
1469840 1632
1469850 1637
1469860 1637
1469870 1642
1469880 1647
1469890 1647
1469900 1653
1469910 1657
1469920 1664
1469930 1664
1469940 1671
1469950 1676
1469960 1676
1469970 1683
1469980 1691
1469990 1691
1470000 1700
1470010 1709
1470020 1709
1470030 1717
1470040 1725
1470050 1725
1470060 1734
1470070 1742
1470080 1742
1470090 1750
1470100 1757
1470110 1763
1470120 1763
1470130 1770
1470140 1777
1470150 1777
1470160 1784
1470170 1789
1470180 1789
1470190 1794
1470200 1800
1470210 1800
1470220 1805
1470230 1808
1470240 1808
1470250 1810
1470260 1809
1470270 1809
1470280 1809
1470290 1810
1470300 1811
1470310 1811
1470320 1808
1470330 1807
1470340 1807
1470350 1808
1470360 1808
1470370 1808
1470380 1809
1470390 1809
1470400 1809
1470410 1810
1470420 1809
1470430 1809
1470440 1807
1470450 1806
1470460 1805
1470470 1805
1470480 1806
1470490 1808
1470500 1808
1470510 1810
1470520 1810
1470530 1810
1470540 1810
1470550 1808
1470560 1808
1470570 1805
1470580 1801
1470590 1801
1470600 1795
1470610 1789
1470620 1789
1470630 1782
1470640 1771
1470650 1760
1470660 1760
1470670 1750
1470680 1740
1470690 1740
1470700 1731
1470710 1723
1470720 1723
1470730 1715
1470740 1706
1470750 1706
1470760 1698
1470770 1690
1470780 1690
1470790 1681
1470800 1673
1470810 1673
1470820 1664
1470830 1657
1470840 1650
1470850 1650
1470860 1643
1470870 1637
1470880 1637
1470890 1631
1470900 1625
1470910 1625
1470920 1619
1470930 1613
1470940 1613
1470950 1609
1470960 1605
1470970 1605
1470980 1602
1470990 1600
1471000 1598
1471010 1598
1471020 1594
1471030 1590
1471040 1590
1471050 1588
1471060 1582
1471070 1582
1471080 1578
1471090 1580
1471100 1580
1471110 1580
1471120 1579
1471130 1579
1471140 1577
1471150 1576
1471160 1576
1471170 1573
1471180 1568
1471190 1562
1471200 1562
1471210 1553
1471220 1548
1471230 1548
1471240 1544
1471250 1542
1471260 1542
1471270 1541
1471280 1538
1471290 1538
1471300 1536
1471310 1535
1471320 1535
1471330 1532
1471340 1529
1471350 1529
1471360 1528
1471370 1529
1471380 1530
1471390 1530
1471400 1531
1471410 1533
1471420 1533
1471430 1533
1471440 1534
1471450 1534
1471460 1535
1471470 1538
1471480 1538
1471490 1541
1471500 1543
1471510 1543
1471520 1547
1471530 1550
1471540 1550
1471550 1552
1471560 1558
1471570 1568
1471580 1568
1471590 1570
1471600 1573
1471610 1573
1471620 1575
1471630 1578
1471640 1578
1471650 1580
1471660 1583
1471670 1583
1471680 1587
1471690 1590
1471700 1590
1471710 1593
1471720 1600
1471730 1618
1471740 1618
1471750 1629
1471760 1635
1471770 1635
1471780 1638
1471790 1639
1471800 1639
1471810 1638
1471820 1634
1471830 1634
1471840 1629
1471850 1623
1471860 1623
1471870 1623
1471880 1624
1471890 1624
1471900 1630
1471910 1639
1471920 1649
1471930 1649
1471940 1666
1471950 1686
1471960 1686
1471970 1706
1471980 1723
1471990 1723
1472000 1732
1472010 1735
1472020 1735
1472030 1737
1472040 1737
1472050 1737
1472060 1743
1472070 1750
1472080 1750
1472090 1757
1472100 1766
1472110 1774
1472120 1774
1472130 1781
1472140 1789
1472150 1789
1472160 1795
1472170 1798
1472180 1798
1472190 1802
1472200 1808
1472210 1808
1472220 1812
1472230 1814
1472240 1814
1472250 1812
1472260 1815
1472270 1815
1472280 1820
1472290 1819
1472300 1821
1472310 1821
1472320 1822
1472330 1822
1472340 1822
1472350 1820
1472360 1820
1472370 1820
1472380 1820
1472390 1820
1472400 1820
1472410 1818
1472420 1816
1472430 1816
1472440 1821
1472450 1832
1472460 1832
1472470 1838
1472480 1845
1472490 1852
1472500 1852
1472510 1860
1472520 1868
1472530 1868
1472540 1876
1472550 1885
1472560 1885
1472570 1894
1472580 1902
1472590 1902
1472600 1911
1472610 1919
1472620 1919
1472630 1927
1472640 1936
1472650 1944
1472660 1944
1472670 1953
1472680 1962
1472690 1962
1472700 1971
1472710 1980
1472720 1980
1472730 1989
1472740 1997
1472750 1997
1472760 2003
1472770 2005
1472780 2005
1472790 2004
1472800 2002
1472810 2002
1472820 2001
1472830 2001
1472840 2002
1472850 2002
1472860 2002
1472870 1998
1472880 1998
1472890 1995
1472900 1992
1472910 1992
1472920 1991
1472930 1991
1472940 1991
1472950 1992
1472960 1991
1472970 1991
1472980 1989
1472990 1989
1473000 1989
1473010 1995
1473020 2000
1473030 2003
1473040 2003
1473050 2005
1473060 2004
1473070 2004
1473080 2004
1473090 2008
1473100 2008
1473110 2011
1473120 2013
1473130 2013
1473140 2012
1473150 2007
1473160 2007
1473170 2000
1473180 1991
1473190 1991
1473200 1984
1473210 1974
1473220 1966
1473230 1966
1473240 1958
1473250 1951
1473260 1951
1473270 1944
1473280 1937
1473290 1937
1473300 1933
1473310 1933
1473320 1933
1473330 1936
1473340 1936
1473350 1936
1473360 1936
1473370 1935
1473380 1935
1473390 1935
1473400 1935
1473410 1932
1473420 1932
1473430 1927
1473440 1922
1473450 1922
1473460 1915
1473470 1907
1473480 1907
1473490 1898
1473500 1891
1473510 1891
1473520 1880
1473530 1867
1473540 1867
1473550 1857
1473560 1852
1473570 1848
1473580 1848
1473590 1843
1473600 1836
1473610 1836
1473620 1827
1473630 1818
1473640 1818
1473650 1809
1473660 1801
1473670 1801
1473680 1794
1473690 1789
1473700 1789
1473710 1784
1473720 1779
1473730 1779
1473740 1773
1473750 1767
1473760 1765
1473770 1765
1473780 1765
1473790 1766
1473800 1766
1473810 1766
1473820 1764
1473830 1764
1473840 1761
1473850 1756
1473860 1756
1473870 1752
1473880 1745
1473890 1745
1473900 1744
1473910 1743
1473920 1743
1473930 1741
1473940 1739
1473950 1737
1473960 1737
1473970 1735
1473980 1734
1473990 1734
1474000 1732
1474010 1731
1474020 1731
1474030 1729
1474040 1729
1474050 1729
1474060 1728
1474070 1728
1474080 1728
1474090 1727
1474100 1726
1474110 1725
1474120 1725
1474130 1723
1474140 1724
1474150 1724
1474160 1724
1474170 1724
1474180 1724
1474190 1723
1474200 1724
1474210 1724
1474220 1725
1474230 1720
1474240 1720
1474250 1716
1474260 1713
1474270 1713
1474280 1711
1474290 1705
1474300 1702
1474310 1702
1474320 1706
1474330 1709
1474340 1709
1474350 1711
1474360 1713
1474370 1713
1474380 1718
1474390 1721
1474400 1721
1474410 1722
1474420 1724
1474430 1724
1474440 1725
1474450 1726
1474460 1726
1474470 1729
1474480 1731
1474490 1732
1474500 1732
1474510 1730
1474520 1729
1474530 1729
1474540 1729
1474550 1729
1474560 1729
1474570 1731
1474580 1730
1474590 1730
1474600 1733
1474610 1734
1474620 1734
1474630 1734
1474640 1739
1474650 1739
1474660 1739
1474670 1739
1474680 1743
1474690 1743
1474700 1753
1474710 1760
1474720 1760
1474730 1765
1474740 1771
1474750 1771
1474760 1778
1474770 1786
1474780 1786
1474790 1795
1474800 1799
1474810 1799
1474820 1803
1474830 1806
1474840 1810
1474850 1810
1474860 1814
1474870 1819
1474880 1819
1474890 1824
1474900 1830
1474910 1830
1474920 1841
1474930 1851
1474940 1851
1474950 1858
1474960 1864
1474970 1864
1474980 1868
1474990 1874
1475000 1874
1475010 1879
1475020 1885
1475030 1891
1475040 1891
1475050 1897
1475060 1901
1475070 1901
1475080 1903
1475090 1906
1475100 1906
1475110 1910
1475120 1914
1475130 1914
1475140 1918
1475150 1922
1475160 1922
1475170 1926
1475180 1931
1475190 1931
1475200 1935
1475210 1939
1475220 1941
1475230 1941
1475240 1943
1475250 1946
1475260 1946
1475270 1949
1475280 1951
1475290 1951
1475300 1952
1475310 1954
1475320 1954
1475330 1957
1475340 1963
1475350 1963
1475360 1970
1475370 1977
1475380 1977
1475390 1983
1475400 1988
1475410 1993
1475420 1993
1475430 2000
1475440 2007
1475450 2007
1475460 2018
1475470 2030
1475480 2030
1475490 2041
1475500 2050
1475510 2050
1475520 2052
1475530 2049
1475540 2049
1475550 2043
1475560 2036
1475570 2028
1475580 2028
1475590 2021
1475600 2014
1475610 2014
1475620 2009
1475630 2004
1475640 2004
1475650 2001
1475660 1996
1475670 1996
1475680 1991
1475690 1985
1475700 1985
1475710 1981
1475720 1978
1475730 1978
1475740 1975
1475750 1972
1475760 1966
1475770 1966
1475780 1960
1475790 1955
1475800 1955
1475810 1951
1475820 1946
1475830 1946
1475840 1940
1475850 1936
1475860 1936
1475870 1934
1475880 1932
1475890 1932
1475900 1930
1475910 1928
1475920 1928
1475930 1926
1475940 1925
1475950 1922
1475960 1922
1475970 1919
1475980 1918
1475990 1918
1476000 1916
1476010 1913
1476020 1913
1476030 1911
1476040 1909
1476050 1909
1476060 1907
1476070 1907
1476080 1907
1476090 1912
1476100 1910
1476110 1910
1476120 1907
1476130 1906
1476140 1903
1476150 1903
1476160 1901
1476170 1901
1476180 1901
1476190 1899
1476200 1898
1476210 1898
1476220 1895
1476230 1892
1476240 1892
1476250 1886
1476260 1881
1476270 1881
1476280 1879
1476290 1876
1476300 1876
1476310 1874
1476320 1871
1476330 1865
1476340 1865
1476350 1867
1476360 1868
1476370 1868
1476380 1867
1476390 1864
1476400 1864
1476410 1858
1476420 1853
1476430 1853
1476440 1852
1476450 1852
1476460 1852
1476470 1852
1476480 1852
1476490 1851
1476500 1851
1476510 1850
1476520 1841
1476530 1841
1476540 1849
1476550 1853
1476560 1853
1476570 1853
1476580 1856
1476590 1856
1476600 1858
1476610 1859
1476620 1859
1476630 1859
1476640 1860
1476650 1860
1476660 1862
1476670 1868
1476680 1871
1476690 1871
1476700 1872
1476710 1874
1476720 1874
1476730 1881
1476740 1886
1476750 1886
1476760 1887
1476770 1885
1476780 1885
1476790 1884
1476800 1882
1476810 1882
1476820 1880
1476830 1877
1476840 1877
1476850 1874
1476860 1875
1476870 1876
1476880 1876
1476890 1877
1476900 1879
1476910 1879
1476920 1878
1476930 1878
1476940 1878
1476950 1880
1476960 1889
1476970 1889
1476980 1899
1476990 1907
1477000 1907
1477010 1916
1477020 1921
1477030 1921
1477040 1924
1477050 1924
1477060 1924
1477070 1924
1477080 1933
1477090 1946
1477100 1946
1477110 1959
1477120 1972
1477130 1972
1477140 1981
1477150 1989
1477160 1989
1477170 1999
1477180 2009
1477190 2009
1477200 2019
1477210 2022
1477220 2018
1477230 2018
1477240 2011
1477250 2004
1477260 2004
1477270 1999
1477280 1994
1477290 1994
1477300 1990
1477310 1988
1477320 1988
1477330 1985
1477340 1983
1477350 1983
1477360 1981
1477370 1978
1477380 1978
1477390 1974
1477400 1969
1477410 1965
1477420 1965
1477430 1958
1477440 1952
1477450 1952
1477460 1945
1477470 1938
1477480 1938
1477490 1932
1477500 1925
1477510 1925
1477520 1917
1477530 1908
1477540 1908
1477550 1900
1477560 1892
1477570 1892
1477580 1885
1477590 1878
1477600 1871
1477610 1871
1477620 1864
1477630 1858
1477640 1858
1477650 1853
1477660 1847
1477670 1847
1477680 1840
1477690 1832
1477700 1832
1477710 1824
1477720 1816
1477730 1816
1477740 1808
1477750 1801
1477760 1801
1477770 1795
1477780 1789
1477790 1782
1477800 1782
1477810 1775
1477820 1770
1477830 1770
1477840 1765
1477850 1761
1477860 1761
1477870 1759
1477880 1757
1477890 1757
1477900 1753
1477910 1751
1477920 1751
1477930 1748
1477940 1745
1477950 1741
1477960 1741
1477970 1737
1477980 1733
1477990 1733
1478000 1728
1478010 1724
1478020 1724
1478030 1721
1478040 1719
1478050 1719
1478060 1717
1478070 1715
1478080 1715
1478090 1714
1478100 1713
1478110 1713
1478120 1710
1478130 1711
1478140 1711
1478150 1711
1478160 1712
1478170 1713
1478180 1713
1478190 1714
1478200 1714
1478210 1714
1478220 1714
1478230 1713
1478240 1713
1478250 1712
1478260 1712
1478270 1712
1478280 1710
1478290 1709
1478300 1709
1478310 1709
1478320 1711
1478330 1714
1478340 1714
1478350 1717
1478360 1719
1478370 1719
1478380 1719
1478390 1719
1478400 1719
1478410 1721
1478420 1724
1478430 1724
1478440 1725
1478450 1727
1478460 1727
1478470 1727
1478480 1728
1478490 1728
1478500 1728
1478510 1727
1478520 1728
1478530 1728
1478540 1729
1478550 1729
1478560 1729
1478570 1728
1478580 1728
1478590 1728
1478600 1728
1478610 1727
1478620 1727
1478630 1726
1478640 1731
1478650 1731
1478660 1728
1478670 1725
1478680 1725
1478690 1725
1478700 1724
1478710 1723
1478720 1723
1478730 1722
1478740 1719
1478750 1719
1478760 1714
1478770 1708
1478780 1708
1478790 1703
1478800 1697
1478810 1697
1478820 1689
1478830 1675
1478840 1675
1478850 1661
1478860 1648
1478870 1640
1478880 1640
1478890 1634
1478900 1630
1478910 1630
1478920 1631
1478930 1633
1478940 1633
1478950 1634
1478960 1634
1478970 1634
1478980 1634
1478990 1634
1479000 1634
1479010 1633
1479020 1633
1479030 1633
1479040 1633
1479050 1636
1479060 1644
1479070 1644
1479080 1648
1479090 1650
1479100 1650
1479110 1653
1479120 1658
1479130 1658
1479140 1663
1479150 1667
1479160 1667
1479170 1668
1479180 1667
1479190 1667
1479200 1668
1479210 1671
1479220 1671
1479230 1674
1479240 1678
1479250 1682
1479260 1682
1479270 1687
1479280 1692
1479290 1692
1479300 1697
1479310 1700
1479320 1700
1479330 1702
1479340 1703
1479350 1703
1479360 1704
1479370 1704
1479380 1704
1479390 1705
1479400 1705
1479410 1705
1479420 1705
1479430 1705
1479440 1705
1479450 1705
1479460 1704
1479470 1704
1479480 1704
1479490 1703
1479500 1704
1479510 1704
1479520 1705
1479530 1706
1479540 1706
1479550 1707
1479560 1709
1479570 1709
1479580 1712
1479590 1716
1479600 1720
1479610 1720
1479620 1723
1479630 1725
1479640 1725
1479650 1723
1479660 1721
1479670 1721
1479680 1720
1479690 1719
1479700 1719
1479710 1719
1479720 1716
1479730 1716
1479740 1712
1479750 1707
1479760 1707
1479770 1702
1479780 1698
1479790 1694
1479800 1694
1479810 1690
1479820 1685
1479830 1685
1479840 1680
1479850 1677
1479860 1677
1479870 1673
1479880 1671
1479890 1671
1479900 1668
1479910 1667
1479920 1667
1479930 1666
1479940 1664
1479950 1664
1479960 1660
1479970 1654
1479980 1650
1479990 1650
