1460000 2470
1460010 2470
1460020 2467
1460030 2465
1460040 2465
1460050 2465
1460060 2463
1460070 2463
1460080 2464
1460090 2464
1460100 2464
1460110 2464
1460120 2467
1460130 2470
1460140 2470
1460150 2472
1460160 2475
1460170 2475
1460180 2479
1460190 2481
1460200 2481
1460210 2483
1460220 2484
1460230 2484
1460240 2489
1460250 2494
1460260 2494
1460270 2503
1460280 2510
1460290 2515
1460300 2515
1460310 2522
1460320 2528
1460330 2528
1460340 2534
1460350 2538
1460360 2538
1460370 2538
1460380 2540
1460390 2540
1460400 2541
1460410 2542
1460420 2542
1460430 2544
1460440 2548
1460450 2548
1460460 2546
1460470 2542
1460480 2538
1460490 2538
1460500 2533
1460510 2527
1460520 2527
1460530 2521
1460540 2516
1460550 2516
1460560 2511
1460570 2508
1460580 2508
1460590 2504
1460600 2499
1460610 2499
1460620 2496
1460630 2492
1460640 2492
1460650 2490
1460660 2489
1460670 2488
1460680 2488
1460690 2484
1460700 2483
1460710 2483
1460720 2482
1460730 2480
1460740 2480
1460750 2479
1460760 2481
1460770 2481
1460780 2481
1460790 2480
1460800 2480
1460810 2480
1460820 2480
1460830 2481
1460840 2481
1460850 2483
1460860 2485
1460870 2485
1460880 2488
1460890 2490
1460900 2490
1460910 2491
1460920 2492
1460930 2492
1460940 2491
1460950 2492
1460960 2492
1460970 2493
1460980 2491
1460990 2491
1461000 2491
1461010 2492
1461020 2491
1461030 2491
1461040 2490
1461050 2494
1461060 2494
1461070 2499
1461080 2502
1461090 2502
1461100 2501
1461110 2500
1461120 2500
1461130 2502
1461140 2507
1461150 2507
1461160 2510
1461170 2511
1461180 2511
1461190 2511
1461200 2516
1461210 2522
1461220 2522
1461230 2529
1461240 2527
1461250 2527
1461260 2526
1461270 2530
1461280 2530
1461290 2531
1461300 2536
1461310 2536
1461320 2544
1461330 2551
1461340 2551
1461350 2557
1461360 2564
1461370 2564
1461380 2570
1461390 2573
1461400 2568
1461410 2568
1461420 2555
1461430 2544
1461440 2544
1461450 2538
1461460 2535
1461470 2535
1461480 2534
1461490 2536
1461500 2536
1461510 2535
1461520 2534
1461530 2534
1461540 2533
1461550 2534
1461560 2534
1461570 2526
1461580 2512
1461590 2508
1461600 2508
1461610 2505
1461620 2503
1461630 2503
1461640 2500
1461650 2499
1461660 2499
1461670 2503
1461680 2509
1461690 2509
1461700 2515
1461710 2517
1461720 2517
1461730 2511
1461740 2498
1461750 2498
1461760 2483
1461770 2467
1461780 2460
1461790 2460
1461800 2453
1461810 2447
1461820 2447
1461830 2441
1461840 2436
1461850 2436
1461860 2433
1461870 2430
1461880 2430
1461890 2426
1461900 2424
1461910 2424
1461920 2421
1461930 2416
1461940 2409
1461950 2409
1461960 2402
1461970 2398
1461980 2398
1461990 2399
1462000 2399
1462010 2399
1462020 2400
1462030 2402
1462040 2402
1462050 2403
1462060 2404
1462070 2404
1462080 2404
1462090 2400
1462100 2400
1462110 2399
1462120 2397
1462130 2393
1462140 2393
1462150 2389
1462160 2387
1462170 2387
1462180 2389
1462190 2391
1462200 2391
1462210 2392
1462220 2393
1462230 2393
1462240 2393
1462250 2393
1462260 2393
1462270 2396
1462280 2400
1462290 2400
1462300 2402
1462310 2401
1462320 2392
1462330 2392
1462340 2382
1462350 2375
1462360 2375
1462370 2369
1462380 2364
1462390 2364
1462400 2359
1462410 2356
1462420 2356
1462430 2352
1462440 2347
1462450 2347
1462460 2343
1462470 2340
1462480 2340
1462490 2337
1462500 2335
1462510 2332
1462520 2332
1462530 2331
1462540 2330
1462550 2330
1462560 2329
1462570 2329
1462580 2329
1462590 2328
1462600 2325
1462610 2325
1462620 2322
1462630 2322
1462640 2322
1462650 2321
1462660 2320
1462670 2320
1462680 2320
1462690 2321
1462700 2322
1462710 2322
1462720 2325
1462730 2328
1462740 2328
1462750 2333
1462760 2338
1462770 2338
1462780 2340
1462790 2343
1462800 2343
1462810 2344
1462820 2345
1462830 2345
1462840 2345
1462850 2344
1462860 2344
1462870 2344
1462880 2344
1462890 2342
1462900 2342
1462910 2341
1462920 2343
1462930 2343
1462940 2343
1462950 2342
1462960 2342
1462970 2341
1462980 2338
1462990 2338
1463000 2334
1463010 2326
1463020 2326
1463030 2319
1463040 2312
1463050 2312
1463060 2306
1463070 2300
1463080 2295
1463090 2295
1463100 2292
1463110 2289
1463120 2289
1463130 2286
1463140 2286
1463150 2286
1463160 2287
1463170 2288
1463180 2288
1463190 2288
1463200 2287
1463210 2287
1463220 2283
1463230 2274
1463240 2266
1463250 2266
1463260 2259
1463270 2253
1463280 2253
1463290 2248
1463300 2243
1463310 2243
1463320 2240
1463330 2237
1463340 2237
1463350 2237
1463360 2239
1463370 2239
1463380 2241
1463390 2241
1463400 2241
1463410 2238
1463420 2235
1463430 2231
1463440 2231
1463450 2225
1463460 2218
1463470 2218
1463480 2213
1463490 2209
1463500 2209
1463510 2207
1463520 2206
1463530 2206
1463540 2204
1463550 2202
1463560 2202
1463570 2199
1463580 2197
1463590 2197
1463600 2194
1463610 2192
1463620 2188
1463630 2188
1463640 2182
1463650 2178
1463660 2178
1463670 2176
1463680 2171
1463690 2171
1463700 2167
1463710 2164
1463720 2164
1463730 2161
1463740 2158
1463750 2158
1463760 2155
1463770 2151
1463780 2151
1463790 2148
1463800 2146
1463810 2143
1463820 2143
1463830 2141
1463840 2139
1463850 2139
1463860 2139
1463870 2141
1463880 2141
1463890 2142
1463900 2141
1463910 2141
1463920 2140
1463930 2139
1463940 2139
1463950 2137
1463960 2134
1463970 2134
1463980 2131
1463990 2128
1464000 2126
1464010 2126
1464020 2124
1464030 2122
1464040 2122
1464050 2119
1464060 2116
1464070 2116
1464080 2113
1464090 2112
1464100 2112
1464110 2111
1464120 2108
1464130 2108
1464140 2105
1464150 2103
1464160 2103
1464170 2103
1464180 2104
1464190 2105
1464200 2105
1464210 2105
1464220 2105
1464230 2105
1464240 2105
1464250 2105
1464260 2105
1464270 2104
1464280 2102
1464290 2102
1464300 2102
1464310 2100
1464320 2100
1464330 2098
1464340 2097
1464350 2097
1464360 2097
1464370 2098
1464380 2099
1464390 2099
1464400 2097
1464410 2095
1464420 2095
1464430 2093
1464440 2088
1464450 2088
1464460 2083
1464470 2076
1464480 2076
1464490 2069
1464500 2066
1464510 2066
1464520 2064
1464530 2061
1464540 2058
1464550 2058
1464560 2060
1464570 2062
1464580 2062
1464590 2060
1464600 2056
1464610 2056
1464620 2051
1464630 2047
1464640 2047
1464650 2044
1464660 2041
1464670 2041
1464680 2036
1464690 2032
1464700 2032
1464710 2031
1464720 2029
1464730 2028
1464740 2028
1464750 2028
1464760 2029
1464770 2029
1464780 2028
1464790 2023
1464800 2023
1464810 2018
1464820 2014
1464830 2014
1464840 2013
1464850 2015
1464860 2015
1464870 2015
1464880 2013
1464890 2013
1464900 2011
1464910 2006
1464920 1997
1464930 1997
1464940 1990
1464950 1984
1464960 1984
1464970 1977
1464980 1972
1464990 1972
1465000 1969
1465010 1967
1465020 1967
1465030 1962
1465040 1957
1465050 1957
1465060 1955
1465070 1956
1465080 1956
1465090 1955
1465100 1954
1465110 1955
1465120 1955
1465130 1956
1465140 1957
1465150 1957
1465160 1957
1465170 1958
1465180 1958
1465190 1958
1465200 1959
1465210 1959
1465220 1959
1465230 1959
1465240 1959
1465250 1957
1465260 1955
1465270 1955
1465280 1953
1465290 1951
1465300 1952
1465310 1952
1465320 1951
1465330 1949
1465340 1949
1465350 1947
1465360 1944
1465370 1944
1465380 1941
1465390 1937
1465400 1937
1465410 1932
1465420 1930
1465430 1930
1465440 1929
1465450 1926
1465460 1920
1465470 1920
1465480 1909
1465490 1898
1465500 1898
1465510 1884
1465520 1873
1465530 1873
1465540 1861
1465550 1849
1465560 1849
1465570 1841
1465580 1836
1465590 1836
1465600 1831
1465610 1829
1465620 1829
1465630 1832
1465640 1831
1465650 1826
1465660 1826
1465670 1821
1465680 1818
1465690 1818
1465700 1813
1465710 1808
1465720 1808
1465730 1803
1465740 1800
1465750 1800
1465760 1797
1465770 1793
1465780 1793
1465790 1789
1465800 1787
1465810 1787
1465820 1784
1465830 1790
1465840 1799
1465850 1799
1465860 1801
1465870 1804
1465880 1804
1465890 1807
1465900 1809
1465910 1809
1465920 1810
1465930 1808
1465940 1808
1465950 1806
1465960 1807
1465970 1807
1465980 1808
1465990 1808
1466000 1808
1466010 1807
1466020 1806
1466030 1807
1466040 1807
1466050 1807
1466060 1808
1466070 1808
1466080 1808
1466090 1809
1466100 1809
1466110 1811
1466120 1811
1466130 1811
1466140 1810
1466150 1807
1466160 1807
1466170 1806
1466180 1803
1466190 1803
1466200 1797
1466210 1789
1466220 1782
1466230 1782
1466240 1775
1466250 1769
1466260 1769
1466270 1765
1466280 1759
1466290 1759
1466300 1752
1466310 1750
1466320 1750
1466330 1756
1466340 1761
1466350 1761
1466360 1763
1466370 1765
1466380 1765
1466390 1766
1466400 1767
1466410 1768
1466420 1768
1466430 1768
1466440 1770
1466450 1770
1466460 1774
1466470 1778
1466480 1778
1466490 1784
1466500 1790
1466510 1790
1466520 1795
1466530 1797
1466540 1797
1466550 1797
1466560 1797
1466570 1797
1466580 1797
1466590 1797
1466600 1797
1466610 1797
1466620 1797
1466630 1797
1466640 1797
1466650 1797
1466660 1796
1466670 1796
1466680 1794
1466690 1789
1466700 1789
1466710 1784
1466720 1778
1466730 1778
1466740 1772
1466750 1764
1466760 1755
1466770 1755
1466780 1744
1466790 1735
1466800 1735
1466810 1725
1466820 1717
1466830 1717
1466840 1709
1466850 1703
1466860 1703
1466870 1701
1466880 1701
1466890 1701
1466900 1704
1466910 1703
1466920 1703
1466930 1705
1466940 1703
1466950 1698
1466960 1698
1466970 1694
1466980 1691
1466990 1691
1467000 1687
1467010 1683
1467020 1683
1467030 1679
1467040 1675
1467050 1675
1467060 1670
1467070 1665
1467080 1665
1467090 1660
1467100 1653
1467110 1653
1467120 1646
1467130 1637
1467140 1622
1467150 1622
1467160 1606
1467170 1591
1467180 1591
1467190 1578
1467200 1564
1467210 1564
1467220 1555
1467230 1547
1467240 1547
1467250 1540
1467260 1531
1467270 1531
1467280 1524
1467290 1517
1467300 1517
1467310 1510
1467320 1503
1467330 1495
1467340 1495
1467350 1486
1467360 1478
1467370 1478
1467380 1477
1467390 1482
1467400 1482
1467410 1487
1467420 1490
1467430 1490
1467440 1497
1467450 1502
1467460 1502
1467470 1507
1467480 1513
1467490 1513
1467500 1519
1467510 1525
1467520 1531
1467530 1531
1467540 1536
1467550 1542
1467560 1542
1467570 1547
1467580 1553
1467590 1553
1467600 1559
1467610 1565
1467620 1565
1467630 1571
1467640 1579
1467650 1579
1467660 1588
1467670 1597
1467680 1597
1467690 1605
1467700 1615
1467710 1622
1467720 1622
1467730 1629
1467740 1633
1467750 1633
1467760 1637
1467770 1640
1467780 1640
1467790 1642
1467800 1643
1467810 1643
1467820 1641
1467830 1638
1467840 1638
1467850 1635
1467860 1633
1467870 1629
1467880 1629
1467890 1621
1467900 1614
1467910 1614
1467920 1606
1467930 1598
1467940 1598
1467950 1590
1467960 1587
1467970 1587
1467980 1586
1467990 1587
1468000 1587
1468010 1588
1468020 1590
1468030 1590
1468040 1591
1468050 1592
1468060 1592
1468070 1592
1468080 1595
1468090 1600
1468100 1600
1468110 1606
1468120 1609
1468130 1609
1468140 1611
1468150 1612
1468160 1612
1468170 1611
1468180 1610
1468190 1610
1468200 1609
1468210 1608
1468220 1608
1468230 1606
1468240 1604
1468250 1610
1468260 1610
1468270 1620
1468280 1628
1468290 1628
1468300 1636
1468310 1643
1468320 1643
1468330 1649
1468340 1655
1468350 1655
1468360 1659
1468370 1660
1468380 1660
1468390 1663
1468400 1669
1468410 1669
1468420 1675
1468430 1680
1468440 1685
1468450 1685
1468460 1690
1468470 1694
1468480 1694
1468490 1698
1468500 1699
1468510 1699
1468520 1701
1468530 1703
1468540 1703
1468550 1705
1468560 1706
1468570 1706
1468580 1706
1468590 1707
1468600 1707
1468610 1708
1468620 1709
1468630 1708
1468640 1708
1468650 1707
1468660 1706
1468670 1706
1468680 1704
1468690 1706
1468700 1706
1468710 1707
1468720 1707
1468730 1707
1468740 1708
1468750 1711
1468760 1711
1468770 1714
1468780 1716
1468790 1716
1468800 1717
1468810 1719
1468820 1720
1468830 1720
1468840 1720
1468850 1719
1468860 1719
1468870 1718
1468880 1718
1468890 1718
1468900 1718
1468910 1717
1468920 1717
1468930 1716
1468940 1716
1468950 1716
1468960 1715
1468970 1714
1468980 1714
1468990 1714
1469000 1713
1469010 1712
1469020 1712
1469030 1709
1469040 1706
1469050 1706
1469060 1702
1469070 1698
1469080 1698
1469090 1692
1469100 1685
1469110 1685
1469120 1678
1469130 1671
1469140 1671
1469150 1663
1469160 1657
1469170 1651
1469180 1651
1469190 1647
1469200 1643
1469210 1643
1469220 1638
1469230 1632
1469240 1632
1469250 1627
1469260 1621
1469270 1621
1469280 1615
1469290 1609
1469300 1609
1469310 1603
1469320 1598
1469330 1598
1469340 1592
1469350 1587
1469360 1582
1469370 1582
1469380 1576
1469390 1571
1469400 1571
1469410 1567
1469420 1566
1469430 1566
1469440 1566
1469450 1566
1469460 1566
1469470 1564
1469480 1561
1469490 1561
1469500 1557
1469510 1551
1469520 1551
1469530 1542
1469540 1532
1469550 1525
1469560 1525
1469570 1519
1469580 1512
1469590 1512
1469600 1506
1469610 1502
1469620 1502
1469630 1498
1469640 1496
1469650 1496
1469660 1491
1469670 1484
1469680 1484
1469690 1477
1469700 1474
1469710 1474
1469720 1477
1469730 1487
1469740 1498
1469750 1498
1469760 1506
1469770 1516
1469780 1516
1469790 1525
1469800 1531
1469810 1531
1469820 1534
1469830 1540
1469840 1540
1469850 1541
1469860 1538
1469870 1538
1469880 1537
1469890 1539
1469900 1539
1469910 1545
1469920 1553
1469930 1564
1469940 1564
1469950 1570
1469960 1570
1469970 1570
1469980 1572
1469990 1578
1470000 1578
1470010 1583
1470020 1582
1470030 1582
1470040 1581
1470050 1578
1470060 1578
1470070 1575
1470080 1574
1470090 1572
1470100 1572
1470110 1571
1470120 1571
1470130 1571
1470140 1572
1470150 1573
1470160 1573
1470170 1573
1470180 1572
1470190 1572
1470200 1572
1470210 1572
1470220 1572
1470230 1574
1470240 1578
1470250 1578
1470260 1579
1470270 1579
1470280 1579
1470290 1579
1470300 1578
1470310 1575
1470320 1575
1470330 1571
1470340 1567
1470350 1567
1470360 1563
1470370 1560
1470380 1560
1470390 1558
1470400 1557
1470410 1557
1470420 1556
1470430 1554
1470440 1554
1470450 1552
1470460 1548
1470470 1545
1470480 1545
1470490 1541
1470500 1538
1470510 1538
1470520 1535
1470530 1532
1470540 1532
1470550 1531
1470560 1529
1470570 1529
1470580 1527
1470590 1526
1470600 1526
1470610 1525
1470620 1523
1470630 1523
1470640 1517
1470650 1508
1470660 1501
1470670 1501
1470680 1496
1470690 1492
1470700 1492
1470710 1488
1470720 1488
1470730 1488
1470740 1487
1470750 1482
1470760 1482
1470770 1476
1470780 1468
1470790 1468
1470800 1460
1470810 1453
1470820 1453
1470830 1448
1470840 1445
1470850 1442
1470860 1442
1470870 1439
1470880 1435
1470890 1435
1470900 1432
1470910 1428
1470920 1428
1470930 1423
1470940 1420
1470950 1420
1470960 1419
1470970 1416
1470980 1416
1470990 1411
1471000 1415
1471010 1415
1471020 1416
1471030 1415
1471040 1414
1471050 1414
1471060 1413
1471070 1413
1471080 1413
1471090 1413
1471100 1412
1471110 1412
1471120 1412
1471130 1411
1471140 1411
1471150 1410
1471160 1409
1471170 1409
1471180 1407
1471190 1403
1471200 1400
1471210 1400
1471220 1400
1471230 1399
1471240 1399
1471250 1394
1471260 1386
1471270 1386
1471280 1378
1471290 1369
1471300 1369
1471310 1361
1471320 1354
1471330 1354
1471340 1348
1471350 1348
1471360 1348
1471370 1350
1471380 1353
1471390 1357
1471400 1357
1471410 1361
1471420 1364
1471430 1364
1471440 1369
1471450 1377
1471460 1377
1471470 1386
1471480 1396
1471490 1396
1471500 1402
1471510 1407
1471520 1407
1471530 1410
1471540 1414
1471550 1414
1471560 1416
1471570 1416
1471580 1416
1471590 1416
1471600 1415
1471610 1415
1471620 1415
1471630 1414
1471640 1413
1471650 1413
1471660 1410
1471670 1409
1471680 1409
1471690 1406
1471700 1403
1471710 1403
1471720 1399
1471730 1395
1471740 1395
1471750 1393
1471760 1393
1471770 1394
1471780 1394
1471790 1395
1471800 1397
1471810 1397
1471820 1396
1471830 1395
1471840 1395
1471850 1396
1471860 1397
1471870 1397
1471880 1398
1471890 1398
1471900 1398
1471910 1398
1471920 1398
1471930 1398
1471940 1397
1471950 1397
1471960 1398
1471970 1398
1471980 1400
1471990 1401
1472000 1401
1472010 1401
1472020 1402
1472030 1402
1472040 1403
1472050 1403
1472060 1403
1472070 1402
1472080 1401
1472090 1401
1472100 1399
1472110 1394
1472120 1394
1472130 1387
1472140 1383
1472150 1380
1472160 1380
1472170 1378
1472180 1375
1472190 1375
1472200 1372
1472210 1370
1472220 1370
1472230 1367
1472240 1364
1472250 1364
1472260 1359
1472270 1353
1472280 1353
1472290 1346
1472300 1341
1472310 1337
1472320 1337
1472330 1333
1472340 1329
1472350 1329
1472360 1322
1472370 1318
1472380 1318
1472390 1314
1472400 1313
1472410 1313
1472420 1311
1472430 1309
1472440 1309
1472450 1307
1472460 1305
1472470 1305
1472480 1303
1472490 1301
1472500 1298
1472510 1298
1472520 1296
1472530 1294
1472540 1294
1472550 1292
1472560 1290
1472570 1290
1472580 1288
1472590 1286
1472600 1286
1472610 1284
1472620 1282
1472630 1282
1472640 1280
1472650 1278
1472660 1278
1472670 1275
1472680 1272
1472690 1272
1472700 1272
1472710 1271
1472720 1269
1472730 1269
1472740 1266
1472750 1262
1472760 1262
1472770 1257
1472780 1258
1472790 1258
1472800 1259
1472810 1259
1472820 1259
1472830 1258
1472840 1256
1472850 1256
1472860 1253
1472870 1249
1472880 1246
1472890 1246
1472900 1243
1472910 1241
1472920 1241
1472930 1238
1472940 1236
1472950 1236
1472960 1235
1472970 1234
1472980 1234
1472990 1232
1473000 1231
1473010 1231
1473020 1229
1473030 1228
1473040 1228
1473050 1227
1473060 1225
1473070 1224
1473080 1224
1473090 1222
1473100 1219
1473110 1219
1473120 1217
1473130 1215
1473140 1215
1473150 1214
1473160 1214
1473170 1214
1473180 1213
1473190 1214
1473200 1214
1473210 1214
1473220 1214
1473230 1214
1473240 1214
1473250 1214
1473260 1214
1473270 1214
1473280 1214
1473290 1214
1473300 1214
1473310 1214
1473320 1212
1473330 1212
1473340 1210
1473350 1210
1473360 1210
1473370 1210
1473380 1212
1473390 1212
1473400 1215
1473410 1217
1473420 1218
1473430 1218
1473440 1217
1473450 1215
1473460 1215
1473470 1214
1473480 1212
1473490 1212
1473500 1209
1473510 1206
1473520 1206
1473530 1204
1473540 1202
1473550 1202
1473560 1201
1473570 1199
1473580 1199
1473590 1198
1473600 1197
1473610 1195
1473620 1195
1473630 1194
1473640 1192
1473650 1192
1473660 1191
1473670 1189
1473680 1189
1473690 1186
1473700 1184
1473710 1184
1473720 1181
1473730 1178
1473740 1178
1473750 1175
1473760 1172
1473770 1172
1473780 1169
1473790 1165
1473800 1162
1473810 1162
1473820 1159
1473830 1155
1473840 1155
1473850 1151
1473860 1146
1473870 1146
1473880 1142
1473890 1136
1473900 1136
1473910 1131
1473920 1127
1473930 1127
1473940 1125
1473950 1122
1473960 1122
1473970 1118
1473980 1115
1473990 1112
1474000 1112
1474010 1112
1474020 1111
1474030 1111
1474040 1110
1474050 1109
1474060 1109
1474070 1106
1474080 1101
1474090 1101
1474100 1097
1474110 1092
1474120 1092
1474130 1085
1474140 1079
1474150 1079
1474160 1073
1474170 1069
1474180 1067
1474190 1067
1474200 1064
1474210 1061
1474220 1061
1474230 1057
1474240 1053
1474250 1053
1474260 1049
1474270 1045
1474280 1045
1474290 1041
1474300 1038
1474310 1038
1474320 1034
1474330 1029
1474340 1029
1474350 1024
1474360 1019
1474370 1014
1474380 1014
1474390 1009
1474400 1004
1474410 1004
1474420 999
1474430 993
1474440 993
1474450 989
1474460 983
1474470 983
1474480 977
1474490 973
1474500 973
1474510 969
1474520 964
1474530 957
1474540 957
1474550 949
1474560 945
1474570 945
1474580 941
1474590 937
1474600 937
1474610 933
1474620 930
1474630 930
1474640 929
1474650 926
1474660 926
1474670 920
1474680 915
1474690 915
1474700 907
1474710 903
1474720 901
1474730 901
1474740 899
1474750 897
1474760 897
1474770 895
1474780 892
1474790 892
1474800 887
1474810 882
1474820 882
1474830 875
1474840 870
1474850 870
1474860 867
1474870 864
1474880 864
1474890 861
1474900 858
1474910 857
1474920 857
1474930 859
1474940 864
1474950 864
1474960 871
1474970 875
1474980 875
1474990 876
1475000 878
1475010 878
1475020 880
1475030 885
1475040 885
1475050 889
1475060 893
1475070 893
1475080 898
1475090 904
1475100 908
1475110 908
1475120 911
1475130 915
1475140 915
1475150 918
1475160 921
1475170 921
1475180 924
1475190 927
1475200 927
1475210 931
1475220 937
1475230 937
1475240 945
1475250 949
1475260 949
1475270 953
1475280 956
1475290 959
1475300 959
1475310 960
1475320 955
1475330 955
1475340 947
1475350 938
1475360 938
1475370 945
1475380 958
1475390 958
1475400 971
1475410 984
1475420 984
1475430 998
1475440 1010
1475450 1010
1475460 1017
1475470 1023
1475480 1028
1475490 1028
1475500 1032
1475510 1036
1475520 1036
1475530 1040
1475540 1044
1475550 1044
1475560 1049
1475570 1056
1475580 1056
1475590 1061
1475600 1064
1475610 1064
1475620 1065
1475630 1066
1475640 1066
1475650 1068
1475660 1071
1475670 1072
1475680 1072
1475690 1072
1475700 1076
1475710 1076
1475720 1082
1475730 1090
1475740 1090
1475750 1099
1475760 1108
1475770 1108
1475780 1117
1475790 1125
1475800 1125
1475810 1132
1475820 1135
1475830 1136
1475840 1136
1475850 1135
1475860 1127
1475870 1127
1475880 1118
1475890 1109
1475900 1109
1475910 1102
1475920 1107
1475930 1107
1475940 1114
1475950 1118
1475960 1118
1475970 1119
1475980 1120
1475990 1120
1476000 1125
1476010 1134
1476020 1144
1476030 1144
1476040 1153
1476050 1162
1476060 1162
1476070 1171
1476080 1179
1476090 1179
1476100 1185
1476110 1191
1476120 1191
1476130 1198
1476140 1205
1476150 1205
1476160 1211
1476170 1218
1476180 1218
1476190 1226
1476200 1232
1476210 1240
1476220 1240
1476230 1245
1476240 1250
1476250 1250
1476260 1256
1476270 1265
1476280 1265
1476290 1270
1476300 1274
1476310 1274
1476320 1276
1476330 1280
1476340 1280
1476350 1287
1476360 1295
1476370 1295
1476380 1302
1476390 1308
1476400 1314
1476410 1314
1476420 1321
1476430 1327
1476440 1327
1476450 1331
1476460 1336
1476470 1336
1476480 1340
1476490 1344
1476500 1344
1476510 1345
1476520 1346
1476530 1346
1476540 1347
1476550 1347
1476560 1347
1476570 1347
1476580 1347
1476590 1347
1476600 1347
1476610 1347
1476620 1347
1476630 1347
1476640 1346
1476650 1344
1476660 1344
1476670 1344
1476680 1344
1476690 1344
1476700 1342
1476710 1339
1476720 1339
1476730 1337
1476740 1337
1476750 1337
1476760 1336
1476770 1333
1476780 1327
1476790 1327
1476800 1321
1476810 1316
1476820 1316
1476830 1312
1476840 1306
1476850 1306
1476860 1301
1476870 1297
1476880 1297
1476890 1291
1476900 1286
1476910 1286
1476920 1281
1476930 1276
1476940 1270
1476950 1270
1476960 1266
1476970 1262
1476980 1262
1476990 1257
1477000 1253
1477010 1253
1477020 1251
1477030 1249
1477040 1249
1477050 1246
1477060 1242
1477070 1242
1477080 1239
1477090 1235
1477100 1235
1477110 1232
1477120 1229
1477130 1226
1477140 1226
1477150 1222
1477160 1219
1477170 1219
1477180 1216
1477190 1214
1477200 1214
1477210 1213
1477220 1211
1477230 1211
1477240 1210
1477250 1210
1477260 1210
1477270 1209
1477280 1209
1477290 1209
1477300 1209
1477310 1209
1477320 1208
1477330 1208
1477340 1205
1477350 1202
1477360 1202
1477370 1199
1477380 1197
1477390 1197
1477400 1195
1477410 1194
1477420 1194
1477430 1192
1477440 1191
1477450 1191
1477460 1189
1477470 1187
1477480 1187
1477490 1184
1477500 1179
1477510 1175
1477520 1175
1477530 1172
1477540 1169
1477550 1169
1477560 1167
1477570 1165
1477580 1165
1477590 1164
1477600 1162
1477610 1162
1477620 1159
1477630 1158
1477640 1158
1477650 1156
1477660 1155
1477670 1155
1477680 1153
1477690 1152
1477700 1152
1477710 1152
1477720 1152
1477730 1153
1477740 1153
1477750 1153
1477760 1153
1477770 1153
1477780 1152
1477790 1151
1477800 1151
1477810 1149
1477820 1148
1477830 1148
1477840 1146
1477850 1144
1477860 1144
1477870 1142
1477880 1141
1477890 1139
1477900 1139
1477910 1138
1477920 1136
1477930 1136
1477940 1133
1477950 1129
1477960 1129
1477970 1126
1477980 1123
1477990 1123
1478000 1120
1478010 1116
1478020 1116
1478030 1113
1478040 1109
1478050 1107
1478060 1107
1478070 1105
1478080 1102
1478090 1102
1478100 1099
1478110 1096
1478120 1096
1478130 1092
1478140 1088
1478150 1088
1478160 1084
1478170 1080
1478180 1080
1478190 1077
1478200 1074
1478210 1074
1478220 1072
1478230 1070
1478240 1069
1478250 1069
1478260 1067
1478270 1065
1478280 1065
1478290 1062
1478300 1062
1478310 1062
1478320 1061
1478330 1061
1478340 1061
1478350 1062
1478360 1064
1478370 1064
1478380 1063
1478390 1060
1478400 1060
1478410 1054
1478420 1046
1478430 1041
1478440 1041
1478450 1037
1478460 1033
1478470 1033
1478480 1027
1478490 1017
1478500 1017
1478510 1006
1478520 995
1478530 995
1478540 980
1478550 971
1478560 971
1478570 979
1478580 993
1478590 993
1478600 1004
1478610 1014
1478620 1020
1478630 1020
1478640 1023
1478650 1024
1478660 1024
1478670 1025
1478680 1027
1478690 1027
1478700 1029
1478710 1030
1478720 1030
1478730 1031
1478740 1032
1478750 1032
1478760 1033
1478770 1033
1478780 1033
1478790 1032
1478800 1030
1478810 1029
1478820 1029
1478830 1029
1478840 1028
1478850 1028
1478860 1027
1478870 1024
1478880 1024
1478890 1021
1478900 1017
1478910 1017
1478920 1015
1478930 1014
1478940 1014
1478950 1009
1478960 1004
1478970 1004
1478980 999
1478990 993
1479000 989
1479010 989
1479020 986
1479030 981
1479040 981
1479050 974
1479060 969
1479070 969
1479080 966
1479090 964
1479100 964
1479110 962
1479120 959
1479130 959
1479140 955
1479150 952
1479160 952
1479170 949
1479180 946
1479190 943
1479200 943
1479210 941
1479220 938
1479230 938
1479240 934
1479250 929
1479260 929
1479270 924
1479280 924
1479290 924
1479300 921
1479310 919
1479320 919
1479330 915
1479340 909
1479350 902
1479360 902
1479370 895
1479380 889
1479390 889
1479400 883
1479410 876
1479420 876
1479430 872
1479440 867
1479450 867
1479460 861
1479470 859
1479480 859
1479490 858
1479500 855
1479510 855
1479520 853
1479530 851
1479540 849
1479550 849
1479560 844
1479570 840
1479580 840
1479590 838
1479600 836
1479610 836
1479620 834
1479630 831
1479640 831
1479650 827
1479660 823
1479670 823
1479680 818
1479690 815
1479700 815
1479710 812
1479720 810
1479730 807
1479740 807
1479750 804
1479760 800
1479770 800
1479780 797
1479790 793
1479800 793
1479810 788
1479820 786
1479830 786
1479840 784
1479850 781
1479860 781
1479870 777
1479880 773
1479890 773
1479900 768
1479910 763
1479920 759
1479930 759
1479940 761
1479950 769
1479960 769
1479970 772
1479980 771
1479990 771
