1460000 2422
1460010 2418
1460020 2418
1460030 2414
1460040 2405
1460050 2405
1460060 2409
1460070 2403
1460080 2403
1460090 2395
1460100 2393
1460110 2393
1460120 2397
1460130 2397
1460140 2397
1460150 2390
1460160 2385
1460170 2383
1460180 2383
1460190 2379
1460200 2378
1460210 2378
1460220 2375
1460230 2366
1460240 2366
1460250 2359
1460260 2353
1460270 2353
1460280 2340
1460290 2322
1460300 2322
1460310 2321
1460320 2317
1460330 2317
1460340 2313
1460350 2307
1460360 2303
1460370 2303
1460380 2301
1460390 2295
1460400 2295
1460410 2294
1460420 2298
1460430 2298
1460440 2295
1460450 2290
1460460 2290
1460470 2281
1460480 2273
1460490 2273
1460500 2267
1460510 2262
1460520 2262
1460530 2257
1460540 2256
1460550 2255
1460560 2255
1460570 2252
1460580 2244
1460590 2244
1460600 2235
1460610 2226
1460620 2226
1460630 2217
1460640 2205
1460650 2205
1460660 2190
1460670 2178
1460680 2178
1460690 2169
1460700 2160
1460710 2156
1460720 2156
1460730 2152
1460740 2150
1460750 2150
1460760 2147
1460770 2145
1460780 2145
1460790 2142
1460800 2138
1460810 2138
1460820 2137
1460830 2135
1460840 2135
1460850 2136
1460860 2135
1460870 2135
1460880 2132
1460890 2129
1460900 2126
1460910 2126
1460920 2124
1460930 2123
1460940 2123
1460950 2123
1460960 2123
1460970 2123
1460980 2123
1460990 2123
1461000 2123
1461010 2125
1461020 2128
1461030 2128
1461040 2129
1461050 2127
1461060 2127
1461070 2126
1461080 2122
1461090 2118
1461100 2118
1461110 2117
1461120 2118
1461130 2118
1461140 2118
1461150 2118
1461160 2118
1461170 2118
1461180 2117
1461190 2117
1461200 2117
1461210 2121
1461220 2121
1461230 2121
1461240 2122
1461250 2122
1461260 2123
1461270 2125
1461280 2128
1461290 2128
1461300 2126
1461310 2123
1461320 2123
1461330 2121
1461340 2119
1461350 2119
1461360 2117
1461370 2114
1461380 2114
1461390 2111
1461400 2107
1461410 2107
1461420 2104
1461430 2102
1461440 2102
1461450 2102
1461460 2101
1461470 2102
1461480 2102
1461490 2104
1461500 2109
1461510 2109
1461520 2113
1461530 2118
1461540 2118
1461550 2123
1461560 2129
1461570 2129
1461580 2134
1461590 2139
1461600 2139
1461610 2145
1461620 2150
1461630 2150
1461640 2154
1461650 2158
1461660 2164
1461670 2164
1461680 2168
1461690 2170
1461700 2170
1461710 2172
1461720 2176
1461730 2176
1461740 2181
1461750 2188
1461760 2188
1461770 2194
1461780 2201
1461790 2201
1461800 2209
1461810 2220
1461820 2220
1461830 2232
1461840 2243
1461850 2253
1461860 2253
1461870 2266
1461880 2283
1461890 2283
1461900 2298
1461910 2311
1461920 2311
1461930 2324
1461940 2330
1461950 2330
1461960 2335
1461970 2339
1461980 2339
1461990 2345
1462000 2352
1462010 2352
1462020 2358
1462030 2365
1462040 2372
1462050 2372
1462060 2376
1462070 2378
1462080 2378
1462090 2379
1462100 2379
1462110 2379
1462120 2382
1462130 2386
1462140 2386
1462150 2387
1462160 2399
1462170 2399
1462180 2409
1462190 2419
1462200 2426
1462210 2426
1462220 2428
1462230 2424
1462240 2424
1462250 2424
1462260 2436
1462270 2436
1462280 2447
1462290 2453
1462300 2453
1462310 2460
1462320 2470
1462330 2470
1462340 2480
1462350 2489
1462360 2489
1462370 2497
1462380 2506
1462390 2513
1462400 2513
1462410 2518
1462420 2521
1462430 2521
1462440 2525
1462450 2529
1462460 2529
1462470 2538
1462480 2548
1462490 2548
1462500 2558
1462510 2566
1462520 2566
1462530 2573
1462540 2581
1462550 2581
1462560 2589
1462570 2597
1462580 2602
1462590 2602
1462600 2607
1462610 2611
1462620 2611
1462630 2616
1462640 2623
1462650 2623
1462660 2628
1462670 2623
1462680 2623
1462690 2619
1462700 2616
1462710 2616
1462720 2613
1462730 2614
1462740 2614
1462750 2617
1462760 2619
1462770 2616
1462780 2616
1462790 2615
1462800 2616
1462810 2616
1462820 2619
1462830 2612
1462840 2612
1462850 2602
1462860 2594
1462870 2594
1462880 2590
1462890 2584
1462900 2584
1462910 2576
1462920 2563
1462930 2563
1462940 2553
1462950 2548
1462960 2541
1462970 2541
1462980 2531
1462990 2514
1463000 2514
1463010 2507
1463020 2504
1463030 2504
1463040 2499
1463050 2497
1463060 2497
1463070 2496
1463080 2495
1463090 2495
1463100 2485
1463110 2465
1463120 2465
1463130 2452
1463140 2442
1463150 2438
1463160 2438
1463170 2436
1463180 2427
1463190 2427
1463200 2421
1463210 2417
1463220 2417
1463230 2412
1463240 2409
1463250 2409
1463260 2405
1463270 2404
1463280 2404
1463290 2403
1463300 2404
1463310 2404
1463320 2406
1463330 2407
1463340 2408
1463350 2408
1463360 2411
1463370 2414
1463380 2414
1463390 2417
1463400 2419
1463410 2419
1463420 2421
1463430 2425
1463440 2425
1463450 2430
1463460 2435
1463470 2435
1463480 2439
1463490 2444
1463500 2444
1463510 2449
1463520 2457
1463530 2470
1463540 2470
1463550 2479
1463560 2485
1463570 2485
1463580 2482
1463590 2478
1463600 2478
1463610 2473
1463620 2466
1463630 2466
1463640 2466
1463650 2465
1463660 2465
1463670 2460
1463680 2453
1463690 2448
1463700 2448
1463710 2443
1463720 2438
1463730 2438
1463740 2430
1463750 2421
1463760 2421
1463770 2414
1463780 2410
1463790 2410
1463800 2402
1463810 2391
1463820 2391
1463830 2383
1463840 2376
1463850 2376
1463860 2365
1463870 2355
1463880 2347
1463890 2347
1463900 2341
1463910 2337
1463920 2337
1463930 2332
1463940 2324
1463950 2324
1463960 2316
1463970 2311
1463980 2311
1463990 2305
1464000 2299
1464010 2299
1464020 2295
1464030 2293
1464040 2293
1464050 2292
1464060 2291
1464070 2291
1464080 2291
1464090 2290
1464100 2288
1464110 2288
1464120 2288
1464130 2288
1464140 2288
1464150 2288
1464160 2288
1464170 2288
1464180 2287
1464190 2286
1464200 2286
1464210 2286
1464220 2286
1464230 2286
1464240 2287
1464250 2288
1464260 2289
1464270 2289
1464280 2291
1464290 2292
1464300 2292
1464310 2294
1464320 2297
1464330 2297
1464340 2302
1464350 2307
1464360 2307
1464370 2307
1464380 2306
1464390 2306
1464400 2309
1464410 2312
1464420 2312
1464430 2315
1464440 2318
1464450 2322
1464460 2322
1464470 2325
1464480 2328
1464490 2328
1464500 2341
1464510 2350
1464520 2350
1464530 2349
1464540 2342
1464550 2342
1464560 2338
1464570 2346
1464580 2346
1464590 2357
1464600 2362
1464610 2362
1464620 2363
1464630 2367
1464640 2375
1464650 2375
1464660 2389
1464670 2406
1464680 2406
1464690 2409
1464700 2405
1464710 2405
1464720 2402
1464730 2399
1464740 2399
1464750 2398
1464760 2397
1464770 2397
1464780 2398
1464790 2402
1464800 2402
1464810 2406
1464820 2403
1464830 2396
1464840 2396
1464850 2379
1464860 2364
1464870 2364
1464880 2356
1464890 2347
1464900 2347
1464910 2330
1464920 2321
1464930 2321
1464940 2310
1464950 2297
1464960 2297
1464970 2288
1464980 2283
1464990 2283
1465000 2280
1465010 2277
1465020 2274
1465030 2274
1465040 2273
1465050 2271
1465060 2271
1465070 2268
1465080 2264
1465090 2264
1465100 2258
1465110 2252
1465120 2252
1465130 2249
1465140 2246
1465150 2246
1465160 2241
1465170 2236
1465180 2232
1465190 2232
1465200 2226
1465210 2219
1465220 2219
1465230 2213
1465240 2210
1465250 2210
1465260 2205
1465270 2200
1465280 2200
1465290 2195
1465300 2192
1465310 2192
1465320 2188
1465330 2183
1465340 2183
1465350 2176
1465360 2169
1465370 2163
1465380 2163
1465390 2156
1465400 2151
1465410 2151
1465420 2147
1465430 2144
1465440 2144
1465450 2142
1465460 2139
1465470 2139
1465480 2137
1465490 2134
1465500 2134
1465510 2131
1465520 2129
1465530 2129
1465540 2126
1465550 2124
1465560 2122
1465570 2122
1465580 2120
1465590 2117
1465600 2117
1465610 2114
1465620 2112
1465630 2112
1465640 2109
1465650 2105
1465660 2105
1465670 2102
1465680 2099
1465690 2099
1465700 2096
1465710 2095
1465720 2095
1465730 2093
1465740 2091
1465750 2088
1465760 2088
1465770 2086
1465780 2086
1465790 2086
1465800 2085
1465810 2086
1465820 2086
1465830 2087
1465840 2088
1465850 2088
1465860 2088
1465870 2086
1465880 2086
1465890 2083
1465900 2083
1465910 2083
1465920 2082
1465930 2081
1465940 2079
1465950 2079
1465960 2078
1465970 2077
1465980 2077
1465990 2076
1466000 2075
1466010 2075
1466020 2074
1466030 2074
1466040 2074
1466050 2075
1466060 2077
1466070 2077
1466080 2079
1466090 2081
1466100 2081
1466110 2082
1466120 2083
1466130 2085
1466140 2085
1466150 2085
1466160 2086
1466170 2086
1466180 2087
1466190 2088
1466200 2088
1466210 2090
1466220 2092
1466230 2092
1466240 2094
1466250 2096
1466260 2096
1466270 2099
1466280 2104
1466290 2104
1466300 2108
1466310 2107
1466320 2095
1466330 2095
1466340 2082
1466350 2073
1466360 2073
1466370 2065
1466380 2058
1466390 2058
1466400 2050
1466410 2043
1466420 2043
1466430 2035
1466440 2026
1466450 2026
1466460 2017
1466470 2009
1466480 2009
1466490 2000
1466500 1990
1466510 1979
1466520 1979
1466530 1971
1466540 1960
1466550 1960
1466560 1949
1466570 1939
1466580 1939
1466590 1933
1466600 1927
1466610 1927
1466620 1922
1466630 1917
1466640 1917
1466650 1913
1466660 1910
1466670 1908
1466680 1908
1466690 1907
1466700 1907
1466710 1907
1466720 1907
1466730 1903
1466740 1903
1466750 1897
1466760 1891
1466770 1891
1466780 1884
1466790 1877
1466800 1877
1466810 1872
1466820 1868
1466830 1868
1466840 1870
1466850 1871
1466860 1873
1466870 1873
1466880 1873
1466890 1872
1466900 1872
1466910 1875
1466920 1879
1466930 1879
1466940 1882
1466950 1888
1466960 1888
1466970 1894
1466980 1901
1466990 1901
1467000 1904
1467010 1904
1467020 1904
1467030 1905
1467040 1904
1467050 1905
1467060 1905
1467070 1908
1467080 1912
1467090 1912
1467100 1914
1467110 1913
1467120 1913
1467130 1913
1467140 1913
1467150 1913
1467160 1915
1467170 1918
1467180 1918
1467190 1921
1467200 1922
1467210 1922
1467220 1924
1467230 1927
1467240 1932
1467250 1932
1467260 1937
1467270 1944
1467280 1944
1467290 1953
1467300 1960
1467310 1960
1467320 1968
1467330 1982
1467340 1982
1467350 1996
1467360 2007
1467370 2007
1467380 2014
1467390 2018
1467400 2018
1467410 2021
1467420 2023
1467430 2024
1467440 2024
1467450 2023
1467460 2021
1467470 2021
1467480 2017
1467490 2013
1467500 2013
1467510 2010
1467520 2007
1467530 1999
1467540 2003
1467550 2010
1467560 2010
1467570 2013
1467580 2016
1467590 2016
1467600 2020
1467610 2025
1467620 2031
1467630 2031
1467640 2036
1467650 2039
1467660 2039
1467670 2042
1467680 2046
1467690 2046
1467700 2052
1467710 2051
1467720 2051
1467730 2047
1467740 2045
1467750 2045
1467760 2046
1467770 2047
1467780 2047
1467790 2046
1467800 2046
1467810 2051
1467820 2051
1467830 2053
1467840 2057
1467850 2057
1467860 2063
1467870 2073
1467880 2073
1467890 2084
1467900 2088
1467910 2088
1467920 2090
1467930 2092
1467940 2092
1467950 2095
1467960 2098
1467970 2102
1467980 2102
1467990 2108
1468000 2120
1468010 2120
1468020 2128
1468030 2130
1468040 2130
1468050 2131
1468060 2131
1468070 2131
1468080 2134
1468090 2137
1468100 2137
1468110 2140
1468120 2141
1468130 2141
1468140 2142
1468150 2144
1468160 2146
1468170 2146
1468180 2147
1468190 2148
1468200 2148
1468210 2147
1468220 2145
1468230 2145
1468240 2142
1468250 2139
1468260 2139
1468270 2136
1468280 2132
1468290 2132
1468300 2129
1468310 2125
1468320 2125
1468330 2121
1468340 2116
1468350 2112
1468360 2112
1468370 2107
1468380 2102
1468390 2102
1468400 2097
1468410 2094
1468420 2094
1468430 2091
1468440 2087
1468450 2087
1468460 2083
1468470 2078
1468480 2078
1468490 2075
1468500 2071
1468510 2071
1468520 2066
1468530 2060
1468540 2054
1468550 2054
1468560 2050
1468570 2046
1468580 2046
1468590 2043
1468600 2040
1468610 2040
1468620 2037
1468630 2033
1468640 2033
1468650 2030
1468660 2028
1468670 2028
1468680 2026
1468690 2025
1468700 2025
1468710 2023
1468720 2022
1468730 2021
1468740 2021
1468750 2019
1468760 2016
1468770 2016
1468780 2015
1468790 2013
1468800 2013
1468810 2011
1468820 2011
1468830 2011
1468840 2008
1468850 2009
1468860 2009
1468870 2011
1468880 2010
1468890 2010
1468900 2008
1468910 2006
1468920 2005
1468930 2005
1468940 2005
1468950 2002
1468960 2002
1468970 1995
1468980 1989
1468990 1989
1469000 1985
1469010 1982
1469020 1982
1469030 1978
1469040 1975
1469050 1975
1469060 1974
1469070 1974
1469080 1974
1469090 1971
1469100 1969
1469110 1968
1469120 1968
1469130 1965
1469140 1963
1469150 1963
1469160 1960
1469170 1958
1469180 1958
1469190 1956
1469200 1955
1469210 1955
1469220 1953
1469230 1951
1469240 1951
1469250 1950
1469260 1950
1469270 1950
1469280 1950
1469290 1950
1469300 1948
1469310 1948
1469320 1949
1469330 1947
1469340 1947
1469350 1945
1469360 1945
1469370 1945
1469380 1942
1469390 1941
1469400 1941
1469410 1938
1469420 1935
1469430 1935
1469440 1935
1469450 1936
1469460 1936
1469470 1936
1469480 1935
1469490 1935
1469500 1935
1469510 1936
1469520 1939
1469530 1939
1469540 1941
1469550 1940
1469560 1940
1469570 1942
1469580 1946
1469590 1946
1469600 1949
1469610 1949
1469620 1949
1469630 1949
1469640 1949
1469650 1953
1469660 1953
1469670 1955
1469680 1953
1469690 1953
1469700 1949
1469710 1948
1469720 1948
1469730 1952
1469740 1954
1469750 1954
1469760 1954
1469770 1956
1469780 1956
1469790 1958
1469800 1961
1469810 1961
1469820 1962
1469830 1963
1469840 1966
1469850 1966
1469860 1972
1469870 1978
1469880 1978
1469890 1984
1469900 1990
1469910 1990
1469920 1996
1469930 2001
1469940 2001
1469950 2004
1469960 2007
1469970 2007
1469980 2008
1469990 2010
1470000 2010
1470010 2012
1470020 2014
1470030 2017
1470040 2017
1470050 2018
1470060 2020
1470070 2020
1470080 2021
1470090 2022
1470100 2022
1470110 2022
1470120 2021
1470130 2021
1470140 2019
1470150 2018
1470160 2018
1470170 2017
1470180 2016
1470190 2016
1470200 2014
1470210 2012
1470220 2010
1470230 2010
1470240 2007
1470250 2004
1470260 2004
1470270 2001
1470280 1997
1470290 1997
1470300 1994
1470310 1990
1470320 1990
1470330 1987
1470340 1983
1470350 1983
1470360 1980
1470370 1977
1470380 1977
1470390 1974
1470400 1971
1470410 1968
1470420 1968
1470430 1967
1470440 1966
1470450 1966
1470460 1964
1470470 1964
1470480 1964
1470490 1963
1470500 1962
1470510 1962
1470520 1961
1470530 1960
1470540 1960
1470550 1958
1470560 1955
1470570 1955
1470580 1951
1470590 1947
1470600 1942
1470610 1942
1470620 1937
1470630 1930
1470640 1930
1470650 1924
1470660 1918
1470670 1918
1470680 1913
1470690 1906
1470700 1906
1470710 1899
1470720 1893
1470730 1893
1470740 1887
1470750 1882
1470760 1882
1470770 1875
1470780 1867
1470790 1859
1470800 1859
1470810 1851
1470820 1843
1470830 1843
1470840 1836
1470850 1830
1470860 1830
1470870 1824
1470880 1818
1470890 1818
1470900 1812
1470910 1808
1470920 1808
1470930 1805
1470940 1804
1470950 1802
1470960 1802
1470970 1800
1470980 1797
1470990 1797
1471000 1795
1471010 1793
1471020 1793
1471030 1793
1471040 1793
1471050 1793
1471060 1791
1471070 1788
1471080 1788
1471090 1787
1471100 1785
1471110 1785
1471120 1784
1471130 1781
1471140 1775
1471150 1775
1471160 1769
1471170 1762
1471180 1762
1471190 1755
1471200 1752
1471210 1752
1471220 1750
1471230 1747
1471240 1747
1471250 1745
1471260 1742
1471270 1742
1471280 1740
1471290 1737
1471300 1737
1471310 1732
1471320 1727
1471330 1720
1471340 1720
1471350 1714
1471360 1710
1471370 1710
1471380 1706
1471390 1703
1471400 1703
1471410 1699
1471420 1695
1471430 1695
1471440 1692
1471450 1689
1471460 1689
1471470 1686
1471480 1684
1471490 1684
1471500 1680
1471510 1676
1471520 1672
1471530 1672
1471540 1668
1471550 1663
1471560 1663
1471570 1657
1471580 1652
1471590 1652
1471600 1647
1471610 1643
1471620 1643
1471630 1640
1471640 1636
1471650 1636
1471660 1632
1471670 1630
1471680 1630
1471690 1627
1471700 1624
1471710 1621
1471720 1621
1471730 1619
1471740 1618
1471750 1618
1471760 1618
1471770 1619
1471780 1619
1471790 1620
1471800 1620
1471810 1620
1471820 1620
1471830 1619
1471840 1619
1471850 1618
1471860 1617
1471870 1617
1471880 1615
1471890 1614
1471900 1612
1471910 1612
1471920 1610
1471930 1607
1471940 1607
1471950 1605
1471960 1602
1471970 1602
1471980 1599
1471990 1594
1472000 1594
1472010 1589
1472020 1585
1472030 1585
1472040 1580
1472050 1576
1472060 1576
1472070 1572
1472080 1566
1472090 1560
1472100 1560
1472110 1556
1472120 1553
1472130 1553
1472140 1550
1472150 1546
1472160 1546
1472170 1541
1472180 1538
1472190 1538
1472200 1535
1472210 1533
1472220 1533
1472230 1531
1472240 1530
1472250 1528
1472260 1528
1472270 1526
1472280 1524
1472290 1524
1472300 1522
1472310 1522
1472320 1522
1472330 1521
1472340 1521
1472350 1521
1472360 1522
1472370 1524
1472380 1524
1472390 1524
1472400 1524
1472410 1524
1472420 1524
1472430 1523
1472440 1524
1472450 1524
1472460 1526
1472470 1530
1472480 1530
1472490 1534
1472500 1536
1472510 1536
1472520 1540
1472530 1545
1472540 1545
1472550 1549
1472560 1553
1472570 1553
1472580 1557
1472590 1561
1472600 1561
1472610 1564
1472620 1569
1472630 1572
1472640 1572
1472650 1573
1472660 1574
1472670 1574
1472680 1573
1472690 1573
1472700 1573
1472710 1572
1472720 1571
1472730 1571
1472740 1570
1472750 1567
1472760 1567
1472770 1564
1472780 1564
1472790 1564
1472800 1565
1472810 1565
1472820 1566
1472830 1566
1472840 1567
1472850 1568
1472860 1568
1472870 1569
1472880 1569
1472890 1569
1472900 1571
1472910 1572
1472920 1572
1472930 1574
1472940 1577
1472950 1577
1472960 1581
1472970 1586
1472980 1586
1472990 1591
1473000 1592
1473010 1592
1473020 1592
1473030 1592
1473040 1591
1473050 1591
1473060 1590
1473070 1591
1473080 1591
1473090 1594
1473100 1596
1473110 1596
1473120 1598
1473130 1600
1473140 1600
1473150 1603
1473160 1608
1473170 1608
1473180 1612
1473190 1614
1473200 1615
1473210 1615
1473220 1615
1473230 1617
1473240 1617
1473250 1621
1473260 1625
1473270 1625
1473280 1626
1473290 1626
1473300 1626
1473310 1629
1473320 1630
1473330 1630
1473340 1629
1473350 1628
1473360 1628
1473370 1627
1473380 1626
1473390 1627
1473400 1627
1473410 1627
1473420 1625
1473430 1625
1473440 1622
1473450 1618
1473460 1618
1473470 1615
1473480 1613
1473490 1613
1473500 1610
1473510 1606
1473520 1606
1473530 1602
1473540 1599
1473550 1596
1473560 1596
1473570 1593
1473580 1591
1473590 1591
1473600 1589
1473610 1587
1473620 1587
1473630 1583
1473640 1580
1473650 1580
1473660 1578
1473670 1576
1473680 1576
1473690 1575
1473700 1574
1473710 1574
1473720 1571
1473730 1569
1473740 1568
1473750 1568
1473760 1570
1473770 1569
1473780 1569
1473790 1566
1473800 1563
1473810 1563
1473820 1559
1473830 1554
1473840 1554
1473850 1549
1473860 1545
1473870 1545
1473880 1540
1473890 1535
1473900 1535
1473910 1529
1473920 1524
1473930 1520
1473940 1520
1473950 1514
1473960 1507
1473970 1507
1473980 1502
1473990 1496
1474000 1496
1474010 1491
1474020 1487
1474030 1487
1474040 1483
1474050 1479
1474060 1479
1474070 1475
1474080 1471
1474090 1471
1474100 1467
1474110 1463
1474120 1458
1474130 1458
1474140 1452
1474150 1446
1474160 1446
1474170 1440
1474180 1434
1474190 1434
1474200 1428
1474210 1422
1474220 1422
1474230 1416
1474240 1412
1474250 1412
1474260 1409
1474270 1406
1474280 1406
1474290 1404
1474300 1401
1474310 1397
1474320 1397
1474330 1393
1474340 1388
1474350 1388
1474360 1383
1474370 1378
1474380 1378
1474390 1373
1474400 1368
1474410 1368
1474420 1363
1474430 1358
1474440 1358
1474450 1353
1474460 1348
1474470 1348
1474480 1343
1474490 1336
1474500 1331
1474510 1331
1474520 1327
1474530 1323
1474540 1323
1474550 1319
1474560 1315
1474570 1315
1474580 1310
1474590 1306
1474600 1306
1474610 1304
1474620 1301
1474630 1301
1474640 1296
1474650 1292
1474660 1292
1474670 1288
1474680 1283
1474690 1278
1474700 1278
1474710 1274
1474720 1269
1474730 1269
1474740 1264
1474750 1259
1474760 1259
1474770 1254
1474780 1249
1474790 1249
1474800 1243
1474810 1239
1474820 1239
1474830 1234
1474840 1229
1474850 1229
1474860 1224
1474870 1220
1474880 1213
1474890 1213
1474900 1205
1474910 1197
1474920 1197
1474930 1193
1474940 1188
1474950 1188
1474960 1182
1474970 1176
1474980 1176
1474990 1171
1475000 1166
1475010 1166
1475020 1161
1475030 1156
1475040 1152
1475050 1152
1475060 1148
1475070 1145
1475080 1145
1475090 1143
1475100 1140
1475110 1140
1475120 1135
1475130 1128
1475140 1128
1475150 1123
1475160 1117
1475170 1117
1475180 1112
1475190 1108
1475200 1108
1475210 1105
1475220 1102
1475230 1099
1475240 1099
1475250 1094
1475260 1090
1475270 1090
1475280 1088
1475290 1087
1475300 1087
1475310 1084
1475320 1081
1475330 1081
1475340 1077
1475350 1073
1475360 1073
1475370 1068
1475380 1064
1475390 1064
1475400 1061
1475410 1057
1475420 1053
1475430 1053
1475440 1051
1475450 1049
1475460 1049
1475470 1045
1475480 1039
1475490 1039
1475500 1036
1475510 1032
1475520 1032
1475530 1026
1475540 1018
1475550 1018
1475560 1012
1475570 1009
1475580 1009
1475590 1004
1475600 999
1475610 995
1475620 995
1475630 992
1475640 990
1475650 990
1475660 986
1475670 986
1475680 986
1475690 983
1475700 978
1475710 978
1475720 972
1475730 969
1475740 969
1475750 965
1475760 962
1475770 962
1475780 958
1475790 954
1475800 952
1475810 952
1475820 949
1475830 946
1475840 946
1475850 941
1475860 938
1475870 938
1475880 935
1475890 932
1475900 932
1475910 928
1475920 922
1475930 922
1475940 916
1475950 908
1475960 908
1475970 900
1475980 892
1475990 884
1476000 884
1476010 877
1476020 871
1476030 871
1476040 867
1476050 864
1476060 864
1476070 860
1476080 854
1476090 854
1476100 848
1476110 843
1476120 843
1476130 837
1476140 832
1476150 832
1476160 825
1476170 819
1476180 814
1476190 814
1476200 807
1476210 799
1476220 799
1476230 788
1476240 780
1476250 780
1476260 770
1476270 762
1476280 762
1476290 756
1476300 752
1476310 752
1476320 751
1476330 752
1476340 752
1476350 756
1476360 764
1476370 772
1476380 772
1476390 777
1476400 783
1476410 783
1476420 790
1476430 797
1476440 797
1476450 805
1476460 813
1476470 813
1476480 821
1476490 828
1476500 828
1476510 840
1476520 850
1476530 859
1476540 859
1476550 869
1476560 878
1476570 878
1476580 886
1476590 895
1476600 895
1476610 906
1476620 922
1476630 922
1476640 935
1476650 945
1476660 945
1476670 952
1476680 959
1476690 959
1476700 964
1476710 967
1476720 970
1476730 970
1476740 973
1476750 975
1476760 975
1476770 978
1476780 982
1476790 982
1476800 985
1476810 987
1476820 987
1476830 988
1476840 988
1476850 988
1476860 987
1476870 985
1476880 985
1476890 985
1476900 985
1476910 983
1476920 983
1476930 981
1476940 978
1476950 978
1476960 976
1476970 976
1476980 976
1476990 976
1477000 975
1477010 975
1477020 973
1477030 969
1477040 969
1477050 963
1477060 955
1477070 955
1477080 946
1477090 938
1477100 932
1477110 932
1477120 927
1477130 923
1477140 923
1477150 920
1477160 916
1477170 916
1477180 914
1477190 912
1477200 912
1477210 910
1477220 908
1477230 908
1477240 905
1477250 901
1477260 901
1477270 899
1477280 897
1477290 897
1477300 897
1477310 897
1477320 896
1477330 896
1477340 894
1477350 894
1477360 894
1477370 893
1477380 892
1477390 892
1477400 891
1477410 888
1477420 888
1477430 885
1477440 881
1477450 881
1477460 877
1477470 874
1477480 871
1477490 871
1477500 869
1477510 867
1477520 867
1477530 866
1477540 865
1477550 865
1477560 864
1477570 863
1477580 863
1477590 862
1477600 861
1477610 861
1477620 861
1477630 862
1477640 862
1477650 863
1477660 860
1477670 854
1477680 854
1477690 848
1477700 843
1477710 843
1477720 839
1477730 836
1477740 836
1477750 832
1477760 831
1477770 831
1477780 830
1477790 830
1477800 830
1477810 829
1477820 827
1477830 827
1477840 824
1477850 821
1477860 818
1477870 818
1477880 816
1477890 815
1477900 815
1477910 814
1477920 813
1477930 813
1477940 812
1477950 809
1477960 809
1477970 805
1477980 799
1477990 799
1478000 791
1478010 786
1478020 782
1478030 782
1478040 778
1478050 771
1478060 771
1478070 767
1478080 765
1478090 765
1478100 762
1478110 753
1478120 753
1478130 749
1478140 749
1478150 749
1478160 742
1478170 727
1478180 727
1478190 711
1478200 705
1478210 702
1478220 702
1478230 700
1478240 696
1478250 696
1478260 692
1478270 693
1478280 693
1478290 692
1478300 688
1478310 688
1478320 683
1478330 677
1478340 677
1478350 673
1478360 668
1478370 676
1478380 670
1478390 665
1478400 662
1478410 662
1478420 656
1478430 651
1478440 651
1478450 648
1478460 645
1478470 645
1478480 644
1478490 642
1478500 642
1478510 641
1478520 639
1478530 639
1478540 639
1478550 638
1478560 638
1478570 634
1478580 633
1478590 634
1478600 634
1478610 635
1478620 636
1478630 636
1478640 637
1478650 637
1478660 637
1478670 637
1478680 637
1478690 637
1478700 637
1478710 637
1478720 637
1478730 638
1478740 639
1478750 639
1478760 639
1478770 639
1478780 640
1478790 640
1478800 640
1478810 639
1478820 639
1478830 639
1478840 639
1478850 639
1478860 639
1478870 640
1478880 640
1478890 639
1478900 639
1478910 639
1478920 638
1478930 636
1478940 636
1478950 636
1478960 636
1478970 635
1478980 635
1478990 634
1479000 633
1479010 633
1479020 632
1479030 631
1479040 631
1479050 630
1479060 629
1479070 629
1479080 628
1479090 627
1479100 627
1479110 627
1479120 626
1479130 626
1479140 625
1479150 624
1479160 624
1479170 624
1479180 623
1479190 623
1479200 623
1479210 622
1479220 622
1479230 622
1479240 622
1479250 622
1479260 622
1479270 622
1479280 622
1479290 622
1479300 622
1479310 622
1479320 622
1479330 622
1479340 622
1479350 622
1479360 622
1479370 622
1479380 624
1479390 624
1479400 626
1479410 628
1479420 628
1479430 628
1479440 627
1479450 627
1479460 626
1479470 626
1479480 626
1479490 626
1479500 626
1479510 625
1479520 625
1479530 624
1479540 624
1479550 624
1479560 624
1479570 626
1479580 626
1479590 626
1479600 625
1479610 625
1479620 625
1479630 624
1479640 624
1479650 624
1479660 623
1479670 623
1479680 623
1479690 622
1479700 621
1479710 621
1479720 621
1479730 620
1479740 620
1479750 620
1479760 619
1479770 619
1479780 617
1479790 615
1479800 615
1479810 614
1479820 614
1479830 614
1479840 614
1479850 616
1479860 616
1479870 619
1479880 623
1479890 629
1479900 629
1479910 635
1479920 637
1479930 637
1479940 637
1479950 638
1479960 638
1479970 638
1479980 639
1479990 639
