1460000 2447
1460010 2443
1460020 2443
1460030 2433
1460040 2430
1460050 2430
1460060 2433
1460070 2427
1460080 2427
1460090 2421
1460100 2418
1460110 2418
1460120 2416
1460130 2416
1460140 2416
1460150 2413
1460160 2410
1460170 2404
1460180 2404
1460190 2399
1460200 2399
1460210 2399
1460220 2394
1460230 2387
1460240 2387
1460250 2377
1460260 2369
1460270 2369
1460280 2363
1460290 2347
1460300 2347
1460310 2344
1460320 2341
1460330 2341
1460340 2335
1460350 2332
1460360 2328
1460370 2328
1460380 2321
1460390 2316
1460400 2316
1460410 2314
1460420 2315
1460430 2315
1460440 2310
1460450 2303
1460460 2303
1460470 2297
1460480 2290
1460490 2290
1460500 2290
1460510 2285
1460520 2285
1460530 2281
1460540 2279
1460550 2277
1460560 2277
1460570 2269
1460580 2260
1460590 2260
1460600 2251
1460610 2241
1460620 2241
1460630 2229
1460640 2219
1460650 2219
1460660 2193
1460670 2183
1460680 2183
1460690 2176
1460700 2173
1460710 2173
1460720 2170
1460730 2167
1460740 2164
1460750 2164
1460760 2161
1460770 2157
1460780 2157
1460790 2153
1460800 2151
1460810 2151
1460820 2149
1460830 2148
1460840 2148
1460850 2147
1460860 2146
1460870 2146
1460880 2143
1460890 2140
1460900 2139
1460910 2139
1460920 2138
1460930 2137
1460940 2137
1460950 2137
1460960 2136
1460970 2136
1460980 2136
1460990 2135
1461000 2135
1461010 2135
1461020 2134
1461030 2134
1461040 2131
1461050 2127
1461060 2127
1461070 2121
1461080 2116
1461090 2115
1461100 2115
1461110 2115
1461120 2115
1461130 2115
1461140 2115
1461150 2115
1461160 2115
1461170 2115
1461180 2115
1461190 2115
1461200 2115
1461210 2115
1461220 2115
1461230 2115
1461240 2115
1461250 2115
1461260 2120
1461270 2126
1461280 2127
1461290 2127
1461300 2126
1461310 2126
1461320 2126
1461330 2127
1461340 2128
1461350 2128
1461360 2128
1461370 2125
1461380 2125
1461390 2122
1461400 2118
1461410 2118
1461420 2116
1461430 2114
1461440 2114
1461450 2114
1461460 2114
1461470 2115
1461480 2115
1461490 2116
1461500 2119
1461510 2119
1461520 2123
1461530 2126
1461540 2126
1461550 2130
1461560 2134
1461570 2134
1461580 2139
1461590 2144
1461600 2144
1461610 2149
1461620 2155
1461630 2155
1461640 2162
1461650 2168
1461660 2172
1461670 2172
1461680 2174
1461690 2178
1461700 2178
1461710 2183
1461720 2184
1461730 2184
1461740 2188
1461750 2193
1461760 2193
1461770 2200
1461780 2206
1461790 2206
1461800 2214
1461810 2228
1461820 2228
1461830 2243
1461840 2259
1461850 2274
1461860 2274
1461870 2287
1461880 2298
1461890 2298
1461900 2308
1461910 2317
1461920 2317
1461930 2324
1461940 2331
1461950 2331
1461960 2338
1461970 2344
1461980 2344
1461990 2350
1462000 2356
1462010 2356
1462020 2362
1462030 2368
1462040 2375
1462050 2375
1462060 2384
1462070 2392
1462080 2392
1462090 2399
1462100 2406
1462110 2406
1462120 2410
1462130 2413
1462140 2413
1462150 2415
1462160 2421
1462170 2421
1462180 2427
1462190 2431
1462200 2431
1462210 2434
1462220 2439
1462230 2444
1462240 2444
1462250 2447
1462260 2444
1462270 2444
1462280 2448
1462290 2461
1462300 2461
1462310 2470
1462320 2478
1462330 2478
1462340 2485
1462350 2492
1462360 2492
1462370 2499
1462380 2508
1462390 2517
1462400 2517
1462410 2525
1462420 2534
1462430 2534
1462440 2543
1462450 2549
1462460 2549
1462470 2554
1462480 2561
1462490 2561
1462500 2570
1462510 2578
1462520 2578
1462530 2584
1462540 2590
1462550 2590
1462560 2596
1462570 2601
1462580 2603
1462590 2603
1462600 2608
1462610 2612
1462620 2612
1462630 2615
1462640 2615
1462650 2615
1462660 2612
1462670 2608
1462680 2608
1462690 2604
1462700 2601
1462710 2601
1462720 2593
1462730 2595
1462740 2595
1462750 2596
1462760 2597
1462770 2598
1462780 2598
1462790 2598
1462800 2599
1462810 2599
1462820 2600
1462830 2601
1462840 2601
1462850 2596
1462860 2586
1462870 2586
1462880 2576
1462890 2568
1462900 2568
1462910 2562
1462920 2557
1462930 2557
1462940 2545
1462950 2532
1462960 2525
1462970 2525
1462980 2514
1462990 2499
1463000 2499
1463010 2494
1463020 2493
1463030 2493
1463040 2490
1463050 2487
1463060 2487
1463070 2485
1463080 2482
1463090 2482
1463100 2474
1463110 2465
1463120 2465
1463130 2452
1463140 2431
1463150 2425
1463160 2425
1463170 2422
1463180 2417
1463190 2417
1463200 2412
1463210 2406
1463220 2406
1463230 2402
1463240 2398
1463250 2398
1463260 2395
1463270 2393
1463280 2393
1463290 2394
1463300 2396
1463310 2396
1463320 2398
1463330 2399
1463340 2401
1463350 2401
1463360 2405
1463370 2409
1463380 2409
1463390 2412
1463400 2414
1463410 2414
1463420 2415
1463430 2418
1463440 2418
1463450 2422
1463460 2426
1463470 2426
1463480 2430
1463490 2432
1463500 2432
1463510 2435
1463520 2446
1463530 2457
1463540 2457
1463550 2462
1463560 2467
1463570 2467
1463580 2466
1463590 2461
1463600 2461
1463610 2455
1463620 2449
1463630 2449
1463640 2447
1463650 2451
1463660 2451
1463670 2458
1463680 2453
1463690 2453
1463700 2442
1463710 2433
1463720 2426
1463730 2426
1463740 2420
1463750 2413
1463760 2413
1463770 2408
1463780 2403
1463790 2403
1463800 2397
1463810 2390
1463820 2390
1463830 2383
1463840 2376
1463850 2376
1463860 2370
1463870 2362
1463880 2353
1463890 2353
1463900 2346
1463910 2338
1463920 2338
1463930 2331
1463940 2324
1463950 2324
1463960 2317
1463970 2311
1463980 2311
1463990 2304
1464000 2299
1464010 2299
1464020 2295
1464030 2293
1464040 2293
1464050 2292
1464060 2290
1464070 2289
1464080 2289
1464090 2288
1464100 2288
1464110 2288
1464120 2287
1464130 2286
1464140 2286
1464150 2287
1464160 2287
1464170 2287
1464180 2286
1464190 2285
1464200 2285
1464210 2284
1464220 2284
1464230 2284
1464240 2285
1464250 2287
1464260 2288
1464270 2288
1464280 2291
1464290 2292
1464300 2292
1464310 2295
1464320 2296
1464330 2296
1464340 2297
1464350 2299
1464360 2299
1464370 2302
1464380 2302
1464390 2302
1464400 2302
1464410 2303
1464420 2303
1464430 2305
1464440 2308
1464450 2310
1464460 2310
1464470 2311
1464480 2311
1464490 2311
1464500 2313
1464510 2315
1464520 2315
1464530 2325
1464540 2323
1464550 2323
1464560 2321
1464570 2324
1464580 2324
1464590 2336
1464600 2340
1464610 2340
1464620 2346
1464630 2359
1464640 2371
1464650 2371
1464660 2382
1464670 2391
1464680 2391
1464690 2394
1464700 2393
1464710 2393
1464720 2390
1464730 2387
1464740 2387
1464750 2384
1464760 2382
1464770 2382
1464780 2382
1464790 2386
1464800 2386
1464810 2394
1464820 2394
1464830 2390
1464840 2390
1464850 2385
1464860 2377
1464870 2377
1464880 2365
1464890 2355
1464900 2355
1464910 2347
1464920 2337
1464930 2337
1464940 2324
1464950 2311
1464960 2311
1464970 2298
1464980 2290
1464990 2290
1465000 2286
1465010 2282
1465020 2278
1465030 2278
1465040 2276
1465050 2272
1465060 2272
1465070 2267
1465080 2262
1465090 2262
1465100 2257
1465110 2252
1465120 2252
1465130 2249
1465140 2247
1465150 2247
1465160 2244
1465170 2239
1465180 2231
1465190 2231
1465200 2225
1465210 2220
1465220 2220
1465230 2215
1465240 2211
1465250 2211
1465260 2206
1465270 2203
1465280 2203
1465290 2202
1465300 2200
1465310 2200
1465320 2194
1465330 2187
1465340 2187
1465350 2178
1465360 2170
1465370 2163
1465380 2163
1465390 2156
1465400 2151
1465410 2151
1465420 2146
1465430 2142
1465440 2142
1465450 2139
1465460 2137
1465470 2137
1465480 2135
1465490 2133
1465500 2133
1465510 2132
1465520 2129
1465530 2129
1465540 2127
1465550 2124
1465560 2122
1465570 2122
1465580 2119
1465590 2117
1465600 2117
1465610 2114
1465620 2112
1465630 2112
1465640 2109
1465650 2105
1465660 2105
1465670 2102
1465680 2099
1465690 2099
1465700 2097
1465710 2094
1465720 2094
1465730 2092
1465740 2089
1465750 2087
1465760 2087
1465770 2085
1465780 2084
1465790 2084
1465800 2084
1465810 2083
1465820 2083
1465830 2082
1465840 2081
1465850 2081
1465860 2081
1465870 2081
1465880 2081
1465890 2080
1465900 2077
1465910 2077
1465920 2076
1465930 2075
1465940 2074
1465950 2074
1465960 2071
1465970 2069
1465980 2069
1465990 2069
1466000 2069
1466010 2069
1466020 2068
1466030 2067
1466040 2067
1466050 2068
1466060 2069
1466070 2069
1466080 2070
1466090 2073
1466100 2073
1466110 2074
1466120 2076
1466130 2077
1466140 2077
1466150 2078
1466160 2079
1466170 2079
1466180 2080
1466190 2081
1466200 2081
1466210 2082
1466220 2083
1466230 2083
1466240 2085
1466250 2088
1466260 2088
1466270 2090
1466280 2093
1466290 2093
1466300 2097
1466310 2100
1466320 2103
1466330 2103
1466340 2098
1466350 2078
1466360 2078
1466370 2063
1466380 2056
1466390 2056
1466400 2048
1466410 2041
1466420 2041
1466430 2033
1466440 2024
1466450 2024
1466460 2016
1466470 2007
1466480 2007
1466490 1997
1466500 1986
1466510 1975
1466520 1975
1466530 1965
1466540 1954
1466550 1954
1466560 1944
1466570 1937
1466580 1937
1466590 1931
1466600 1925
1466610 1925
1466620 1920
1466630 1914
1466640 1914
1466650 1910
1466660 1907
1466670 1905
1466680 1905
1466690 1903
1466700 1899
1466710 1899
1466720 1895
1466730 1893
1466740 1893
1466750 1889
1466760 1883
1466770 1883
1466780 1876
1466790 1870
1466800 1870
1466810 1864
1466820 1860
1466830 1860
1466840 1859
1466850 1860
1466860 1862
1466870 1862
1466880 1862
1466890 1860
1466900 1860
1466910 1860
1466920 1863
1466930 1863
1466940 1868
1466950 1876
1466960 1876
1466970 1882
1466980 1888
1466990 1888
1467000 1890
1467010 1891
1467020 1891
1467030 1892
1467040 1893
1467050 1895
1467060 1895
1467070 1899
1467080 1902
1467090 1902
1467100 1902
1467110 1901
1467120 1901
1467130 1900
1467140 1902
1467150 1902
1467160 1904
1467170 1905
1467180 1898
1467190 1900
1467200 1903
1467210 1903
1467220 1906
1467230 1911
1467240 1915
1467250 1915
1467260 1920
1467270 1928
1467280 1928
1467290 1938
1467300 1946
1467310 1946
1467320 1954
1467330 1962
1467340 1962
1467350 1973
1467360 1984
1467370 1984
1467380 1991
1467390 1997
1467400 1997
1467410 2001
1467420 2004
1467430 2005
1467440 2005
1467450 2004
1467460 2001
1467470 2001
1467480 1997
1467490 1993
1467500 1993
1467510 1987
1467520 1985
1467530 1985
1467540 1991
1467550 1996
1467560 1996
1467570 1999
1467580 2003
1467590 2003
1467600 2009
1467610 2015
1467620 2018
1467630 2018
1467640 2021
1467650 2023
1467660 2023
1467670 2027
1467680 2031
1467690 2031
1467700 2037
1467710 2038
1467720 2038
1467730 2032
1467740 2029
1467750 2029
1467760 2029
1467770 2030
1467780 2030
1467790 2028
1467800 2031
1467810 2034
1467820 2034
1467830 2040
1467840 2050
1467850 2050
1467860 2059
1467870 2067
1467880 2067
1467890 2070
1467900 2071
1467910 2071
1467920 2073
1467930 2076
1467940 2076
1467950 2078
1467960 2083
1467970 2083
1467980 2089
1467990 2094
1468000 2101
1468010 2101
1468020 2105
1468030 2108
1468040 2108
1468050 2111
1468060 2115
1468070 2115
1468080 2120
1468090 2125
1468100 2125
1468110 2127
1468120 2129
1468130 2129
1468140 2131
1468150 2132
1468160 2133
1468170 2133
1468180 2136
1468190 2138
1468200 2138
1468210 2141
1468220 2142
1468230 2142
1468240 2143
1468250 2143
1468260 2143
1468270 2139
1468280 2136
1468290 2136
1468300 2132
1468310 2128
1468320 2128
1468330 2123
1468340 2119
1468350 2114
1468360 2114
1468370 2109
1468380 2104
1468390 2104
1468400 2099
1468410 2095
1468420 2095
1468430 2090
1468440 2086
1468450 2086
1468460 2083
1468470 2080
1468480 2080
1468490 2076
1468500 2070
1468510 2070
1468520 2066
1468530 2062
1468540 2058
1468550 2058
1468560 2054
1468570 2049
1468580 2049
1468590 2044
1468600 2039
1468610 2039
1468620 2035
1468630 2031
1468640 2031
1468650 2028
1468660 2025
1468670 2025
1468680 2021
1468690 2019
1468700 2019
1468710 2017
1468720 2014
1468730 2012
1468740 2012
1468750 2012
1468760 2012
1468770 2012
1468780 2011
1468790 2010
1468800 2010
1468810 2008
1468820 2006
1468830 2006
1468840 2002
1468850 2002
1468860 2002
1468870 2004
1468880 2004
1468890 2004
1468900 2003
1468910 2001
1468920 1999
1468930 1999
1468940 1995
1468950 1992
1468960 1992
1468970 1989
1468980 1984
1468990 1984
1469000 1980
1469010 1976
1469020 1976
1469030 1974
1469040 1971
1469050 1971
1469060 1967
1469070 1964
1469080 1964
1469090 1961
1469100 1959
1469110 1957
1469120 1957
1469130 1955
1469140 1952
1469150 1952
1469160 1950
1469170 1949
1469180 1949
1469190 1947
1469200 1945
1469210 1945
1469220 1944
1469230 1942
1469240 1942
1469250 1940
1469260 1939
1469270 1939
1469280 1939
1469290 1938
1469300 1936
1469310 1936
1469320 1937
1469330 1936
1469340 1936
1469350 1935
1469360 1934
1469370 1934
1469380 1932
1469390 1928
1469400 1928
1469410 1925
1469420 1923
1469430 1923
1469440 1922
1469450 1922
1469460 1924
1469470 1924
1469480 1925
1469490 1924
1469500 1924
1469510 1924
1469520 1926
1469530 1926
1469540 1928
1469550 1931
1469560 1931
1469570 1935
1469580 1938
1469590 1938
1469600 1939
1469610 1942
1469620 1942
1469630 1943
1469640 1945
1469650 1949
1469660 1949
1469670 1949
1469680 1945
1469690 1945
1469700 1942
1469710 1942
1469720 1942
1469730 1945
1469740 1948
1469750 1948
1469760 1951
1469770 1951
1469780 1951
1469790 1951
1469800 1955
1469810 1955
1469820 1959
1469830 1961
1469840 1966
1469850 1966
1469860 1971
1469870 1977
1469880 1977
1469890 1982
1469900 1986
1469910 1986
1469920 1988
1469930 1989
1469940 1989
1469950 1991
1469960 1994
1469970 1994
1469980 1996
1469990 1997
1470000 1997
1470010 1998
1470020 2000
1470030 2002
1470040 2002
1470050 2004
1470060 2005
1470070 2005
1470080 2006
1470090 2007
1470100 2007
1470110 2008
1470120 2007
1470130 2007
1470140 2006
1470150 2005
1470160 2005
1470170 2003
1470180 2002
1470190 2002
1470200 2001
1470210 1999
1470220 1997
1470230 1997
1470240 1994
1470250 1991
1470260 1991
1470270 1988
1470280 1985
1470290 1985
1470300 1981
1470310 1978
1470320 1978
1470330 1975
1470340 1972
1470350 1972
1470360 1969
1470370 1966
1470380 1966
1470390 1964
1470400 1961
1470410 1958
1470420 1958
1470430 1956
1470440 1955
1470450 1955
1470460 1954
1470470 1954
1470480 1954
1470490 1953
1470500 1953
1470510 1953
1470520 1952
1470530 1951
1470540 1951
1470550 1949
1470560 1948
1470570 1948
1470580 1945
1470590 1942
1470600 1938
1470610 1938
1470620 1933
1470630 1927
1470640 1927
1470650 1922
1470660 1915
1470670 1915
1470680 1907
1470690 1899
1470700 1899
1470710 1893
1470720 1887
1470730 1887
1470740 1881
1470750 1875
1470760 1875
1470770 1869
1470780 1862
1470790 1856
1470800 1856
1470810 1850
1470820 1843
1470830 1843
1470840 1835
1470850 1827
1470860 1827
1470870 1820
1470880 1812
1470890 1812
1470900 1805
1470910 1799
1470920 1799
1470930 1796
1470940 1793
1470950 1791
1470960 1791
1470970 1790
1470980 1789
1470990 1789
1471000 1785
1471010 1783
1471020 1783
1471030 1784
1471040 1785
1471050 1785
1471060 1784
1471070 1781
1471080 1781
1471090 1779
1471100 1778
1471110 1778
1471120 1776
1471130 1773
1471140 1766
1471150 1766
1471160 1759
1471170 1753
1471180 1753
1471190 1747
1471200 1744
1471210 1744
1471220 1742
1471230 1742
1471240 1742
1471250 1740
1471260 1738
1471270 1738
1471280 1736
1471290 1732
1471300 1732
1471310 1726
1471320 1719
1471330 1712
1471340 1712
1471350 1706
1471360 1701
1471370 1701
1471380 1698
1471390 1694
1471400 1694
1471410 1690
1471420 1686
1471430 1686
1471440 1682
1471450 1678
1471460 1678
1471470 1676
1471480 1673
1471490 1673
1471500 1671
1471510 1668
1471520 1664
1471530 1664
1471540 1660
1471550 1656
1471560 1656
1471570 1653
1471580 1648
1471590 1648
1471600 1644
1471610 1639
1471620 1639
1471630 1634
1471640 1630
1471650 1630
1471660 1625
1471670 1622
1471680 1622
1471690 1621
1471700 1618
1471710 1616
1471720 1616
1471730 1614
1471740 1612
1471750 1612
1471760 1611
1471770 1612
1471780 1612
1471790 1613
1471800 1615
1471810 1615
1471820 1615
1471830 1615
1471840 1615
1471850 1615
1471860 1613
1471870 1613
1471880 1611
1471890 1609
1471900 1606
1471910 1606
1471920 1603
1471930 1601
1471940 1601
1471950 1598
1471960 1595
1471970 1595
1471980 1592
1471990 1587
1472000 1587
1472010 1583
1472020 1579
1472030 1579
1472040 1575
1472050 1572
1472060 1572
1472070 1569
1472080 1564
1472090 1558
1472100 1558
1472110 1553
1472120 1549
1472130 1549
1472140 1546
1472150 1543
1472160 1543
1472170 1539
1472180 1534
1472190 1534
1472200 1531
1472210 1529
1472220 1529
1472230 1527
1472240 1526
1472250 1524
1472260 1524
1472270 1523
1472280 1521
1472290 1521
1472300 1519
1472310 1518
1472320 1518
1472330 1517
1472340 1516
1472350 1516
1472360 1515
1472370 1516
1472380 1516
1472390 1518
1472400 1518
1472410 1518
1472420 1518
1472430 1518
1472440 1518
1472450 1518
1472460 1519
1472470 1521
1472480 1521
1472490 1525
1472500 1528
1472510 1528
1472520 1531
1472530 1535
1472540 1535
1472550 1539
1472560 1543
1472570 1543
1472580 1547
1472590 1550
1472600 1550
1472610 1553
1472620 1557
1472630 1561
1472640 1561
1472650 1563
1472660 1565
1472670 1565
1472680 1566
1472690 1566
1472700 1566
1472710 1564
1472720 1562
1472730 1562
1472740 1559
1472750 1557
1472760 1557
1472770 1554
1472780 1552
1472790 1552
1472800 1552
1472810 1553
1472820 1553
1472830 1553
1472840 1553
1472850 1553
1472860 1553
1472870 1554
1472880 1555
1472890 1555
1472900 1557
1472910 1558
1472920 1558
1472930 1560
1472940 1562
1472950 1562
1472960 1567
1472970 1572
1472980 1572
1472990 1575
1473000 1578
1473010 1579
1473020 1579
1473030 1580
1473040 1581
1473050 1581
1473060 1580
1473070 1579
1473080 1579
1473090 1581
1473100 1584
1473110 1584
1473120 1586
1473130 1589
1473140 1589
1473150 1591
1473160 1594
1473170 1594
1473180 1597
1473190 1601
1473200 1603
1473210 1603
1473220 1605
1473230 1605
1473240 1605
1473250 1608
1473260 1611
1473270 1611
1473280 1615
1473290 1618
1473300 1618
1473310 1619
1473320 1618
1473330 1618
1473340 1617
1473350 1616
1473360 1616
1473370 1615
1473380 1614
1473390 1613
1473400 1613
1473410 1612
1473420 1611
1473430 1611
1473440 1610
1473450 1609
1473460 1609
1473470 1606
1473480 1602
1473490 1602
1473500 1597
1473510 1593
1473520 1593
1473530 1589
1473540 1587
1473550 1587
1473560 1586
1473570 1585
1473580 1582
1473590 1582
1473600 1578
1473610 1576
1473620 1576
1473630 1575
1473640 1573
1473650 1573
1473660 1569
1473670 1566
1473680 1566
1473690 1564
1473700 1562
1473710 1562
1473720 1559
1473730 1557
1473740 1555
1473750 1555
1473760 1554
1473770 1553
1473780 1553
1473790 1551
1473800 1549
1473810 1549
1473820 1546
1473830 1542
1473840 1542
1473850 1537
1473860 1531
1473870 1531
1473880 1527
1473890 1524
1473900 1524
1473910 1519
1473920 1516
1473930 1512
1473940 1512
1473950 1508
1473960 1502
1473970 1502
1473980 1496
1473990 1490
1474000 1490
1474010 1483
1474020 1478
1474030 1478
1474040 1473
1474050 1469
1474060 1469
1474070 1465
1474080 1461
1474090 1461
1474100 1458
1474110 1454
1474120 1450
1474130 1450
1474140 1446
1474150 1440
1474160 1440
1474170 1435
1474180 1430
1474190 1430
1474200 1424
1474210 1419
1474220 1419
1474230 1413
1474240 1405
1474250 1405
1474260 1401
1474270 1399
1474280 1399
1474290 1397
1474300 1395
1474310 1393
1474320 1393
1474330 1390
1474340 1386
1474350 1386
1474360 1383
1474370 1378
1474380 1378
1474390 1374
1474400 1369
1474410 1369
1474420 1364
1474430 1359
1474440 1359
1474450 1354
1474460 1348
1474470 1348
1474480 1343
1474490 1338
1474500 1333
1474510 1333
1474520 1328
1474530 1323
1474540 1323
1474550 1318
1474560 1313
1474570 1313
1474580 1308
1474590 1303
1474600 1303
1474610 1296
1474620 1290
1474630 1290
1474640 1285
1474650 1284
1474660 1284
1474670 1280
1474680 1274
1474690 1270
1474700 1270
1474710 1266
1474720 1262
1474730 1262
1474740 1257
1474750 1253
1474760 1253
1474770 1247
1474780 1242
1474790 1242
1474800 1237
1474810 1233
1474820 1233
1474830 1228
1474840 1223
1474850 1223
1474860 1218
1474870 1214
1474880 1209
1474890 1209
1474900 1204
1474910 1197
1474920 1197
1474930 1193
1474940 1187
1474950 1187
1474960 1182
1474970 1177
1474980 1177
1474990 1172
1475000 1168
1475010 1168
1475020 1163
1475030 1156
1475040 1145
1475050 1145
1475060 1138
1475070 1134
1475080 1134
1475090 1131
1475100 1130
1475110 1130
1475120 1129
1475130 1127
1475140 1127
1475150 1122
1475160 1117
1475170 1117
1475180 1111
1475190 1107
1475200 1107
1475210 1102
1475220 1097
1475230 1092
1475240 1092
1475250 1089
1475260 1085
1475270 1085
1475280 1081
1475290 1077
1475300 1077
1475310 1074
1475320 1070
1475330 1070
1475340 1067
1475350 1066
1475360 1066
1475370 1065
1475380 1061
1475390 1061
1475400 1056
1475410 1050
1475420 1045
1475430 1045
1475440 1041
1475450 1038
1475460 1038
1475470 1035
1475480 1032
1475490 1032
1475500 1026
1475510 1020
1475520 1020
1475530 1014
1475540 1009
1475550 1009
1475560 1003
1475570 996
1475580 996
1475590 991
1475600 988
1475610 986
1475620 986
1475630 982
1475640 979
1475650 979
1475660 977
1475670 973
1475680 973
1475690 972
1475700 969
1475710 969
1475720 964
1475730 959
1475740 959
1475750 955
1475760 952
1475770 952
1475780 949
1475790 944
1475800 939
1475810 939
1475820 935
1475830 933
1475840 933
1475850 931
1475860 929
1475870 929
1475880 927
1475890 924
1475900 924
1475910 921
1475920 918
1475930 918
1475940 914
1475950 908
1475960 908
1475970 901
1475980 892
1475990 884
1476000 884
1476010 875
1476020 869
1476030 869
1476040 863
1476050 857
1476060 857
1476070 851
1476080 846
1476090 846
1476100 841
1476110 835
1476120 835
1476130 831
1476140 827
1476150 827
1476160 821
1476170 813
1476180 802
1476190 802
1476200 796
1476210 794
1476220 794
1476230 775
1476240 760
1476250 760
1476260 756
1476270 753
1476280 753
1476290 754
1476300 758
1476310 758
1476320 761
1476330 766
1476340 766
1476350 772
1476360 781
1476370 792
1476380 792
1476390 802
1476400 806
1476410 806
1476420 811
1476430 817
1476440 817
1476450 824
1476460 834
1476470 834
1476480 844
1476490 849
1476500 849
1476510 852
1476520 857
1476530 864
1476540 864
1476550 874
1476560 880
1476570 880
1476580 887
1476590 897
1476600 897
1476610 908
1476620 918
1476630 918
1476640 928
1476650 938
1476660 938
1476670 947
1476680 957
1476690 957
1476700 965
1476710 972
1476720 977
1476730 977
1476740 980
1476750 982
1476760 982
1476770 985
1476780 988
1476790 988
1476800 990
1476810 991
1476820 991
1476830 992
1476840 991
1476850 991
1476860 991
1476870 990
1476880 990
1476890 990
1476900 990
1476910 989
1476920 989
1476930 988
1476940 987
1476950 987
1476960 985
1476970 984
1476980 984
1476990 982
1477000 980
1477010 980
1477020 976
1477030 970
1477040 970
1477050 961
1477060 954
1477070 954
1477080 947
1477090 941
1477100 935
1477110 935
1477120 930
1477130 926
1477140 926
1477150 922
1477160 919
1477170 919
1477180 917
1477190 915
1477200 915
1477210 914
1477220 913
1477230 913
1477240 912
1477250 910
1477260 910
1477270 908
1477280 905
1477290 902
1477300 902
1477310 897
1477320 893
1477330 893
1477340 890
1477350 888
1477360 888
1477370 888
1477380 889
1477390 889
1477400 888
1477410 886
1477420 886
1477430 883
1477440 879
1477450 879
1477460 876
1477470 873
1477480 870
1477490 868
1477500 865
1477510 863
1477520 863
1477530 860
1477540 859
1477550 859
1477560 859
1477570 859
1477580 859
1477590 858
1477600 857
1477610 857
1477620 855
1477630 853
1477640 853
1477650 849
1477660 846
1477670 842
1477680 842
1477690 839
1477700 837
1477710 837
1477720 835
1477730 834
1477740 834
1477750 833
1477760 831
1477770 831
1477780 829
1477790 827
1477800 827
1477810 825
1477820 823
1477830 823
1477840 820
1477850 817
1477860 814
1477870 814
1477880 811
1477890 809
1477900 809
1477910 806
1477920 806
1477930 806
1477940 806
1477950 806
1477960 806
1477970 805
1477980 804
1477990 804
1478000 801
1478010 797
1478020 793
1478030 793
1478040 788
1478050 784
1478060 784
1478070 782
1478080 779
1478090 779
1478100 776
1478110 773
1478120 773
1478130 769
1478140 767
1478150 767
1478160 765
1478170 762
1478180 762
1478190 758
1478200 753
1478210 751
1478220 751
1478230 749
1478240 747
1478250 747
1478260 745
1478270 737
1478280 737
1478290 723
1478300 715
1478310 715
1478320 710
1478330 706
1478340 706
1478350 701
1478360 693
1478370 693
1478380 685
1478390 679
1478400 672
1478410 672
1478420 667
1478430 662
1478440 662
1478450 657
1478460 654
1478470 654
1478480 651
1478490 649
1478500 649
1478510 647
1478520 646
1478530 646
1478540 644
1478550 643
1478560 643
1478570 640
1478580 638
1478590 636
1478600 636
1478610 636
1478620 637
1478630 637
1478640 638
1478650 638
1478660 638
1478670 639
1478680 639
1478690 639
1478700 639
1478710 639
1478720 639
1478730 640
1478740 641
1478750 641
1478760 641
1478770 642
1478780 642
1478790 642
1478800 642
1478810 642
1478820 642
1478830 642
1478840 642
1478850 642
1478860 642
1478870 642
1478880 642
1478890 642
1478900 640
1478910 640
1478920 638
1478930 639
1478940 639
1478950 638
1478960 638
1478970 637
1478980 637
1478990 636
1479000 634
1479010 634
1479020 633
1479030 632
1479040 632
1479050 631
1479060 631
1479070 631
1479080 630
1479090 628
1479100 628
1479110 628
1479120 627
1479130 627
1479140 625
1479150 625
1479160 624
1479170 624
1479180 623
1479190 623
1479200 623
1479210 623
1479220 622
1479230 622
1479240 622
1479250 623
1479260 623
1479270 624
1479280 625
1479290 625
1479300 627
1479310 628
1479320 628
1479330 627
1479340 627
1479350 628
1479360 628
1479370 628
1479380 629
1479390 629
1479400 630
1479410 630
1479420 630
1479430 630
1479440 630
1479450 630
1479460 630
1479470 629
1479480 629
1479490 628
1479500 628
1479510 628
1479520 628
1479530 629
1479540 629
1479550 629
1479560 629
1479570 629
1479580 629
1479590 628
1479600 628
1479610 628
1479620 628
1479630 628
1479640 628
1479650 626
1479660 625
1479670 625
1479680 625
1479690 624
1479700 624
1479710 624
1479720 623
1479730 621
1479740 621
1479750 621
1479760 619
1479770 619
1479780 618
1479790 617
1479800 617
1479810 616
1479820 615
1479830 615
1479840 614
1479850 614
1479860 614
1479870 614
1479880 616
1479890 619
1479900 619
1479910 623
1479920 630
1479930 630
1479940 635
1479950 636
1479960 636
1479970 636
1479980 637
1479990 637
