1460000 2171
1460010 2174
1460020 2174
1460030 2177
1460040 2179
1460050 2179
1460060 2181
1460070 2187
1460080 2196
1460090 2196
1460100 2206
1460110 2217
1460120 2217
1460130 2226
1460140 2231
1460150 2231
1460160 2236
1460170 2238
1460180 2238
1460190 2237
1460200 2231
1460210 2231
1460220 2224
1460230 2216
1460240 2216
1460250 2209
1460260 2202
1460270 2194
1460280 2194
1460290 2184
1460300 2176
1460310 2176
1460320 2168
1460330 2158
1460340 2158
1460350 2149
1460360 2140
1460370 2140
1460380 2130
1460390 2122
1460400 2122
1460410 2112
1460420 2102
1460430 2102
1460440 2092
1460450 2080
1460460 2070
1460470 2070
1460480 2060
1460490 2052
1460500 2052
1460510 2044
1460520 2037
1460530 2037
1460540 2031
1460550 2024
1460560 2024
1460570 2018
1460580 2012
1460590 2012
1460600 2007
1460610 2002
1460620 2002
1460630 1996
1460640 1991
1460650 1986
1460660 1986
1460670 1981
1460680 1975
1460690 1975
1460700 1969
1460710 1962
1460720 1962
1460730 1955
1460740 1950
1460750 1950
1460760 1943
1460770 1936
1460780 1936
1460790 1930
1460800 1925
1460810 1917
1460820 1917
1460830 1911
1460840 1905
1460850 1905
1460860 1901
1460870 1896
1460880 1896
1460890 1894
1460900 1892
1460910 1892
1460920 1891
1460930 1888
1460940 1888
1460950 1887
1460960 1885
1460970 1885
1460980 1883
1460990 1882
1461000 1881
1461010 1881
1461020 1881
1461030 1880
1461040 1882
1461050 1882
1461060 1881
1461070 1881
1461080 1883
1461090 1883
1461100 1883
1461110 1880
1461120 1877
1461130 1877
1461140 1874
1461150 1874
1461160 1874
1461170 1875
1461180 1876
1461190 1877
1461200 1877
1461210 1879
1461220 1880
1461230 1880
1461240 1881
1461250 1882
1461260 1882
1461270 1884
1461280 1885
1461290 1885
1461300 1888
1461310 1891
1461320 1891
1461330 1892
1461340 1895
1461350 1895
1461360 1899
1461370 1902
1461380 1904
1461390 1904
1461400 1907
1461410 1910
1461420 1910
1461430 1913
1461440 1916
1461450 1916
1461460 1919
1461470 1923
1461480 1923
1461490 1926
1461500 1928
1461510 1928
1461520 1931
1461530 1933
1461540 1933
1461550 1936
1461560 1941
1461570 1945
1461580 1945
1461590 1949
1461600 1952
1461610 1952
1461620 1956
1461630 1960
1461640 1960
1461650 1964
1461660 1966
1461670 1966
1461680 1969
1461690 1970
1461700 1970
1461710 1970
1461720 1973
1461730 1973
1461740 1982
1461750 1992
1461760 2004
1461770 2004
1461780 2027
1461790 2041
1461800 2041
1461810 2050
1461820 2062
1461830 2062
1461840 2077
1461850 2082
1461860 2082
1461870 2086
1461880 2095
1461890 2095
1461900 2102
1461910 2112
1461920 2112
1461930 2126
1461940 2136
1461950 2144
1461960 2144
1461970 2153
1461980 2161
1461990 2161
1462000 2170
1462010 2176
1462020 2176
1462030 2183
1462040 2189
1462050 2189
1462060 2195
1462070 2202
1462080 2202
1462090 2211
1462100 2220
1462110 2220
1462120 2230
1462130 2238
1462140 2244
1462150 2244
1462160 2252
1462170 2258
1462180 2258
1462190 2265
1462200 2275
1462210 2275
1462220 2285
1462230 2296
1462240 2296
1462250 2307
1462260 2318
1462270 2318
1462280 2330
1462290 2339
1462300 2339
1462310 2347
1462320 2348
1462330 2340
1462340 2340
1462350 2331
1462360 2319
1462370 2319
1462380 2305
1462390 2297
1462400 2297
1462410 2291
1462420 2290
1462430 2290
1462440 2289
1462450 2289
1462460 2289
1462470 2286
1462480 2287
1462490 2287
1462500 2293
1462510 2296
1462520 2303
1462530 2303
1462540 2315
1462550 2317
1462560 2317
1462570 2327
1462580 2333
1462590 2333
1462600 2341
1462610 2347
1462620 2347
1462630 2348
1462640 2342
1462650 2342
1462660 2332
1462670 2322
1462680 2313
1462690 2313
1462700 2308
1462710 2305
1462720 2305
1462730 2304
1462740 2307
1462750 2307
1462760 2316
1462770 2315
1462780 2315
1462790 2305
1462800 2301
1462810 2301
1462820 2307
1462830 2307
1462840 2307
1462850 2305
1462860 2303
1462870 2300
1462880 2300
1462890 2290
1462900 2284
1462910 2284
1462920 2279
1462930 2280
1462940 2280
1462950 2299
1462960 2312
1462970 2312
1462980 2316
1462990 2318
1463000 2318
1463010 2315
1463020 2310
1463030 2310
1463040 2316
1463050 2322
1463060 2321
1463070 2321
1463080 2312
1463090 2308
1463100 2308
1463110 2308
1463120 2299
1463130 2299
1463140 2296
1463150 2299
1463160 2299
1463170 2308
1463180 2308
1463190 2308
1463200 2283
1463210 2259
1463220 2259
1463230 2270
1463240 2281
1463250 2292
1463260 2292
1463270 2301
1463280 2296
1463290 2296
1463300 2265
1463310 2259
1463320 2259
1463330 2261
1463340 2258
1463350 2258
1463360 2247
1463370 2237
1463380 2237
1463390 2235
1463400 2237
1463410 2237
1463420 2240
1463430 2242
1463440 2242
1463450 2242
1463460 2243
1463470 2244
1463480 2244
1463490 2245
1463500 2246
1463510 2246
1463520 2246
1463530 2247
1463540 2247
1463550 2247
1463560 2248
1463570 2248
1463580 2249
1463590 2250
1463600 2250
1463610 2249
1463620 2249
1463630 2248
1463640 2248
1463650 2247
1463660 2246
1463670 2246
1463680 2244
1463690 2243
1463700 2243
1463710 2244
1463720 2248
1463730 2248
1463740 2252
1463750 2256
1463760 2256
1463770 2261
1463780 2265
1463790 2265
1463800 2269
1463810 2274
1463820 2278
1463830 2278
1463840 2282
1463850 2286
1463860 2286
1463870 2290
1463880 2295
1463890 2295
1463900 2300
1463910 2304
1463920 2304
1463930 2310
1463940 2315
1463950 2315
1463960 2320
1463970 2325
1463980 2325
1463990 2331
1464000 2335
1464010 2341
1464020 2341
1464030 2346
1464040 2351
1464050 2351
1464060 2357
1464070 2363
1464080 2363
1464090 2369
1464100 2376
1464110 2376
1464120 2382
1464130 2389
1464140 2389
1464150 2396
1464160 2403
1464170 2403
1464180 2410
1464190 2417
1464200 2423
1464210 2423
1464220 2430
1464230 2437
1464240 2437
1464250 2447
1464260 2459
1464270 2459
1464280 2469
1464290 2475
1464300 2475
1464310 2482
1464320 2488
1464330 2488
1464340 2496
1464350 2504
1464360 2517
1464370 2517
1464380 2524
1464390 2531
1464400 2531
1464410 2544
1464420 2561
1464430 2561
1464440 2577
1464450 2580
1464460 2580
1464470 2577
1464480 2574
1464490 2574
1464500 2570
1464510 2566
1464520 2566
1464530 2561
1464540 2556
1464550 2555
1464560 2555
1464570 2550
1464580 2545
1464590 2545
1464600 2535
1464610 2525
1464620 2525
1464630 2530
1464640 2537
1464650 2537
1464660 2528
1464670 2521
1464680 2521
1464690 2513
1464700 2507
1464710 2507
1464720 2503
1464730 2497
1464740 2490
1464750 2490
1464760 2487
1464770 2486
1464780 2486
1464790 2486
1464800 2487
1464810 2487
1464820 2488
1464830 2488
1464840 2488
1464850 2488
1464860 2490
1464870 2490
1464880 2493
1464890 2497
1464900 2497
1464910 2499
1464920 2504
1464930 2508
1464940 2508
1464950 2512
1464960 2514
1464970 2514
1464980 2516
1464990 2521
1465000 2521
1465010 2524
1465020 2524
1465030 2524
1465040 2529
1465050 2531
1465060 2531
1465070 2532
1465080 2540
1465090 2540
1465100 2543
1465110 2541
1465120 2544
1465130 2544
1465140 2544
1465150 2538
1465160 2538
1465170 2531
1465180 2526
1465190 2526
1465200 2521
1465210 2517
1465220 2517
1465230 2514
1465240 2512
1465250 2512
1465260 2511
1465270 2511
1465280 2511
1465290 2510
1465300 2510
1465310 2507
1465320 2507
1465330 2504
1465340 2500
1465350 2500
1465360 2499
1465370 2497
1465380 2497
1465390 2492
1465400 2491
1465410 2491
1465420 2491
1465430 2493
1465440 2493
1465450 2495
1465460 2499
1465470 2499
1465480 2498
1465490 2497
1465500 2491
1465510 2491
1465520 2477
1465530 2465
1465540 2465
1465550 2451
1465560 2441
1465570 2441
1465580 2439
1465590 2446
1465600 2446
1465610 2439
1465620 2439
1465630 2439
1465640 2456
1465650 2466
1465660 2466
1465670 2469
1465680 2466
1465690 2469
1465700 2469
1465710 2468
1465720 2475
1465730 2475
1465740 2479
1465750 2473
1465760 2473
1465770 2465
1465780 2460
1465790 2460
1465800 2458
1465810 2459
1465820 2459
1465830 2460
1465840 2455
1465850 2455
1465860 2446
1465870 2439
1465880 2431
1465890 2431
1465900 2423
1465910 2414
1465920 2414
1465930 2407
1465940 2400
1465950 2400
1465960 2392
1465970 2384
1465980 2384
1465990 2376
1466000 2369
1466010 2369
1466020 2363
1466030 2359
1466040 2359
1466050 2356
1466060 2349
1466070 2339
1466080 2339
1466090 2326
1466100 2316
1466110 2316
1466120 2310
1466130 2299
1466140 2299
1466150 2285
1466160 2272
1466170 2272
1466180 2261
1466190 2251
1466200 2251
1466210 2244
1466220 2236
1466230 2227
1466240 2227
1466250 2219
1466260 2213
1466270 2213
1466280 2207
1466290 2201
1466300 2201
1466310 2196
1466320 2191
1466330 2191
1466340 2186
1466350 2184
1466360 2184
1466370 2182
1466380 2179
1466390 2179
1466400 2176
1466410 2174
1466420 2171
1466430 2171
1466440 2167
1466450 2163
1466460 2163
1466470 2160
1466480 2158
1466490 2158
1466500 2154
1466510 2145
1466520 2145
1466530 2136
1466540 2132
1466550 2132
1466560 2131
1466570 2130
1466580 2130
1466590 2130
1466600 2133
1466610 2135
1466620 2135
1466630 2139
1466640 2144
1466650 2144
1466660 2146
1466670 2145
1466680 2145
1466690 2144
1466700 2142
1466710 2142
1466720 2141
1466730 2140
1466740 2140
1466750 2139
1466760 2139
1466770 2139
1466780 2138
1466790 2135
1466800 2132
1466810 2132
1466820 2131
1466830 2128
1466840 2128
1466850 2126
1466860 2124
1466870 2124
1466880 2122
1466890 2120
1466900 2120
1466910 2119
1466920 2119
1466930 2119
1466940 2123
1466950 2127
1466960 2127
1466970 2127
1466980 2127
1466990 2127
1467000 2127
1467010 2123
1467020 2115
1467030 2115
1467040 2110
1467050 2107
1467060 2107
1467070 2108
1467080 2109
1467090 2109
1467100 2111
1467110 2112
1467120 2112
1467130 2113
1467140 2115
1467150 2115
1467160 2117
1467170 2119
1467180 2122
1467190 2122
1467200 2124
1467210 2123
1467220 2123
1467230 2126
1467240 2129
1467250 2129
1467260 2132
1467270 2136
1467280 2136
1467290 2141
1467300 2145
1467310 2145
1467320 2150
1467330 2155
1467340 2155
1467350 2159
1467360 2164
1467370 2168
1467380 2168
1467390 2173
1467400 2177
1467410 2177
1467420 2181
1467430 2188
1467440 2188
1467450 2210
1467460 2229
1467470 2229
1467480 2244
1467490 2254
1467500 2254
1467510 2264
1467520 2275
1467530 2275
1467540 2280
1467550 2281
1467560 2284
1467570 2284
1467580 2283
1467590 2287
1467600 2287
1467610 2301
1467620 2314
1467630 2314
1467640 2331
1467650 2343
1467660 2343
1467670 2347
1467680 2352
1467690 2352
1467700 2356
1467710 2360
1467720 2360
1467730 2363
1467740 2365
1467750 2368
1467760 2368
1467770 2370
1467780 2372
1467790 2372
1467800 2374
1467810 2376
1467820 2376
1467830 2379
1467840 2382
1467850 2382
1467860 2385
1467870 2389
1467880 2389
1467890 2393
1467900 2396
1467910 2392
1467920 2392
1467930 2380
1467940 2364
1467950 2364
1467960 2347
1467970 2338
1467980 2338
1467990 2331
1468000 2317
1468010 2317
1468020 2304
1468030 2295
1468040 2295
1468050 2289
1468060 2282
1468070 2282
1468080 2275
1468090 2271
1468100 2269
1468110 2269
1468120 2266
1468130 2259
1468140 2259
1468150 2247
1468160 2236
1468170 2236
1468180 2232
1468190 2229
1468200 2229
1468210 2227
1468220 2227
1468230 2227
1468240 2227
1468250 2225
1468260 2225
1468270 2225
1468280 2224
1468290 2221
1468300 2221
1468310 2220
1468320 2220
1468330 2220
1468340 2217
1468350 2218
1468360 2218
1468370 2220
1468380 2223
1468390 2223
1468400 2225
1468410 2224
1468420 2224
1468430 2221
1468440 2218
1468450 2218
1468460 2216
1468470 2215
1468480 2214
1468490 2214
1468500 2214
1468510 2214
1468520 2214
1468530 2215
1468540 2214
1468550 2214
1468560 2212
1468570 2209
1468580 2209
1468590 2207
1468600 2204
1468610 2204
1468620 2200
1468630 2195
1468640 2195
1468650 2193
1468660 2192
1468670 2193
1468680 2193
1468690 2197
1468700 2199
1468710 2199
1468720 2202
1468730 2205
1468740 2205
1468750 2208
1468760 2211
1468770 2211
1468780 2217
1468790 2226
1468800 2226
1468810 2234
1468820 2242
1468830 2242
1468840 2255
1468850 2267
1468860 2278
1468870 2278
1468880 2286
1468890 2288
1468900 2288
1468910 2290
1468920 2292
1468930 2292
1468940 2294
1468950 2296
1468960 2296
1468970 2298
1468980 2300
1468990 2300
1469000 2302
1469010 2304
1469020 2304
1469030 2306
1469040 2307
1469050 2309
1469060 2309
1469070 2308
1469080 2301
1469090 2301
1469100 2292
1469110 2276
1469120 2276
1469130 2261
1469140 2251
1469150 2251
1469160 2244
1469170 2236
1469180 2236
1469190 2230
1469200 2223
1469210 2223
1469220 2216
1469230 2209
1469240 2202
1469250 2202
1469260 2196
1469270 2189
1469280 2189
1469290 2178
1469300 2166
1469310 2166
1469320 2156
1469330 2153
1469340 2153
1469350 2152
1469360 2150
1469370 2150
1469380 2147
1469390 2143
1469400 2143
1469410 2139
1469420 2135
1469430 2132
1469440 2132
1469450 2130
1469460 2128
1469470 2128
1469480 2126
1469490 2124
1469500 2124
1469510 2121
1469520 2118
1469530 2118
1469540 2114
1469550 2112
1469560 2112
1469570 2110
1469580 2109
1469590 2109
1469600 2109
1469610 2108
1469620 2108
1469630 2108
1469640 2108
1469650 2109
1469660 2109
1469670 2111
1469680 2113
1469690 2113
1469700 2114
1469710 2116
1469720 2116
1469730 2112
1469740 2108
1469750 2108
1469760 2109
1469770 2110
1469780 2112
1469790 2112
1469800 2114
1469810 2116
1469820 2116
1469830 2119
1469840 2122
1469850 2122
1469860 2123
1469870 2125
1469880 2125
1469890 2128
1469900 2133
1469910 2133
1469920 2138
1469930 2144
1469940 2144
1469950 2150
1469960 2155
1469970 2161
1469980 2161
1469990 2169
1470000 2176
1470010 2176
1470020 2185
1470030 2193
1470040 2193
1470050 2202
1470060 2209
1470070 2209
1470080 2216
1470090 2223
1470100 2223
1470110 2231
1470120 2236
1470130 2236
1470140 2241
1470150 2241
1470160 2240
1470170 2240
1470180 2237
1470190 2235
1470200 2235
1470210 2232
1470220 2229
1470230 2229
1470240 2226
1470250 2224
1470260 2224
1470270 2222
1470280 2221
1470290 2221
1470300 2218
1470310 2216
1470320 2216
1470330 2213
1470340 2210
1470350 2208
1470360 2208
1470370 2206
1470380 2204
1470390 2204
1470400 2202
1470410 2199
1470420 2199
1470430 2196
1470440 2194
1470450 2194
1470460 2192
1470470 2190
1470480 2190
1470490 2188
1470500 2186
1470510 2186
1470520 2184
1470530 2182
1470540 2180
1470550 2180
1470560 2178
1470570 2176
1470580 2176
1470590 2174
1470600 2172
1470610 2172
1470620 2171
1470630 2169
1470640 2169
1470650 2168
1470660 2167
1470670 2167
1470680 2165
1470690 2163
1470700 2163
1470710 2160
1470720 2154
1470730 2147
1470740 2147
1470750 2143
1470760 2139
1470770 2139
1470780 2134
1470790 2126
1470800 2126
1470810 2118
1470820 2106
1470830 2106
1470840 2098
1470850 2092
1470860 2092
1470870 2088
1470880 2084
1470890 2084
1470900 2080
1470910 2075
1470920 2070
1470930 2070
1470940 2065
1470950 2058
1470960 2058
1470970 2052
1470980 2052
1470990 2052
1471000 2053
1471010 2054
1471020 2054
1471030 2054
1471040 2051
1471050 2051
1471060 2045
1471070 2035
1471080 2035
1471090 2024
1471100 2014
1471110 2006
1471120 2006
1471130 2000
1471140 1997
1471150 1997
1471160 1995
1471170 1993
1471180 1993
1471190 1991
1471200 1988
1471210 1988
1471220 1985
1471230 1981
1471240 1981
1471250 1975
1471260 1970
1471270 1970
1471280 1966
1471290 1963
1471300 1960
1471310 1960
1471320 1956
1471330 1953
1471340 1953
1471350 1948
1471360 1943
1471370 1943
1471380 1940
1471390 1938
1471400 1938
1471410 1936
1471420 1933
1471430 1933
1471440 1930
1471450 1929
1471460 1928
1471470 1928
1471480 1927
1471490 1928
1471500 1928
1471510 1928
1471520 1928
1471530 1928
1471540 1926
1471550 1924
1471560 1924
1471570 1924
1471580 1924
1471590 1924
1471600 1923
1471610 1921
1471620 1921
1471630 1915
1471640 1913
1471650 1912
1471660 1912
1471670 1909
1471680 1906
1471690 1906
1471700 1902
1471710 1898
1471720 1898
1471730 1893
1471740 1890
1471750 1890
1471760 1888
1471770 1885
1471780 1885
1471790 1882
1471800 1878
1471810 1878
1471820 1870
1471830 1863
1471840 1857
1471850 1857
1471860 1853
1471870 1851
1471880 1851
1471890 1848
1471900 1845
1471910 1845
1471920 1844
1471930 1844
1471940 1844
1471950 1843
1471960 1843
1471970 1843
1471980 1842
1471990 1842
1472000 1842
1472010 1843
1472020 1843
1472030 1841
1472040 1841
1472050 1839
1472060 1837
1472070 1837
1472080 1836
1472090 1834
1472100 1834
1472110 1833
1472120 1832
1472130 1832
1472140 1831
1472150 1830
1472160 1830
1472170 1829
1472180 1827
1472190 1827
1472200 1826
1472210 1826
1472220 1825
1472230 1825
1472240 1824
1472250 1822
1472260 1822
1472270 1821
1472280 1819
1472290 1819
1472300 1817
1472310 1816
1472320 1816
1472330 1814
1472340 1811
1472350 1811
1472360 1807
1472370 1805
1472380 1805
1472390 1802
1472400 1801
1472410 1802
1472420 1802
1472430 1804
1472440 1806
1472450 1806
1472460 1807
1472470 1809
1472480 1809
1472490 1810
1472500 1810
1472510 1810
1472520 1811
1472530 1811
1472540 1811
1472550 1813
1472560 1816
1472570 1816
1472580 1817
1472590 1820
1472600 1823
1472610 1823
1472620 1824
1472630 1824
1472640 1824
1472650 1824
1472660 1825
1472670 1825
1472680 1826
1472690 1827
1472700 1827
1472710 1829
1472720 1832
1472730 1832
1472740 1834
1472750 1835
1472760 1835
1472770 1837
1472780 1839
1472790 1840
1472800 1840
1472810 1841
1472820 1841
1472830 1841
1472840 1841
1472850 1842
1472860 1842
1472870 1842
1472880 1843
1472890 1843
1472900 1844
1472910 1845
1472920 1845
1472930 1846
1472940 1846
1472950 1846
1472960 1846
1472970 1845
1472980 1845
1472990 1845
1473000 1844
1473010 1844
1473020 1844
1473030 1844
1473040 1843
1473050 1843
1473060 1843
1473070 1844
1473080 1844
1473090 1844
1473100 1844
1473110 1844
1473120 1844
1473130 1844
1473140 1842
1473150 1842
1473160 1839
1473170 1836
1473180 1836
1473190 1833
1473200 1830
1473210 1830
1473220 1828
1473230 1826
1473240 1826
1473250 1824
1473260 1822
1473270 1822
1473280 1820
1473290 1818
1473300 1818
1473310 1816
1473320 1814
1473330 1812
1473340 1812
1473350 1810
1473360 1807
1473370 1807
1473380 1803
1473390 1800
1473400 1800
1473410 1796
1473420 1790
1473430 1790
1473440 1784
1473450 1782
1473460 1782
1473470 1780
1473480 1775
1473490 1775
1473500 1767
1473510 1761
1473520 1757
1473530 1757
1473540 1752
1473550 1749
1473560 1749
1473570 1745
1473580 1742
1473590 1742
1473600 1737
1473610 1733
1473620 1733
1473630 1727
1473640 1722
1473650 1722
1473660 1717
1473670 1711
1473680 1711
1473690 1705
1473700 1699
1473710 1692
1473720 1692
1473730 1685
1473740 1680
1473750 1680
1473760 1675
1473770 1670
1473780 1670
1473790 1666
1473800 1662
1473810 1662
1473820 1659
1473830 1654
1473840 1654
1473850 1649
1473860 1643
1473870 1643
1473880 1638
1473890 1633
1473900 1627
1473910 1627
1473920 1621
1473930 1615
1473940 1615
1473950 1610
1473960 1603
1473970 1603
1473980 1596
1473990 1588
1474000 1588
1474010 1579
1474020 1571
1474030 1571
1474040 1564
1474050 1559
1474060 1559
1474070 1554
1474080 1550
1474090 1544
1474100 1544
1474110 1535
1474120 1523
1474130 1523
1474140 1511
1474150 1504
1474160 1504
1474170 1499
1474180 1493
1474190 1493
1474200 1488
1474210 1483
1474220 1483
1474230 1480
1474240 1476
1474250 1476
1474260 1470
1474270 1466
1474280 1462
1474290 1462
1474300 1457
1474310 1452
1474320 1452
1474330 1448
1474340 1443
1474350 1443
1474360 1439
1474370 1433
1474380 1433
1474390 1428
1474400 1424
1474410 1424
1474420 1421
1474430 1418
1474440 1418
1474450 1415
1474460 1412
1474470 1407
1474480 1407
1474490 1406
1474500 1406
1474510 1406
1474520 1406
1474530 1407
1474540 1407
1474550 1406
1474560 1405
1474570 1405
1474580 1404
1474590 1404
1474600 1404
1474610 1403
1474620 1403
1474630 1403
1474640 1403
1474650 1404
1474660 1405
1474670 1405
1474680 1406
1474690 1406
1474700 1406
1474710 1405
1474720 1404
1474730 1404
1474740 1404
1474750 1407
1474760 1407
1474770 1410
1474780 1409
1474790 1409
1474800 1405
1474810 1400
1474820 1396
1474830 1396
1474840 1391
1474850 1387
1474860 1387
1474870 1382
1474880 1379
1474890 1379
1474900 1376
1474910 1371
1474920 1371
1474930 1368
1474940 1365
1474950 1365
1474960 1362
1474970 1359
1474980 1359
1474990 1357
1475000 1354
1475010 1351
1475020 1351
1475030 1347
1475040 1343
1475050 1343
1475060 1339
1475070 1334
1475080 1334
1475090 1328
1475100 1321
1475110 1321
1475120 1315
1475130 1309
1475140 1309
1475150 1304
1475160 1299
1475170 1299
1475180 1295
1475190 1292
1475200 1288
1475210 1288
1475220 1283
1475230 1276
1475240 1276
1475250 1270
1475260 1264
1475270 1264
1475280 1261
1475290 1258
1475300 1258
1475310 1255
1475320 1251
1475330 1251
1475340 1249
1475350 1247
1475360 1247
1475370 1243
1475380 1241
1475390 1239
1475400 1239
1475410 1237
1475420 1233
1475430 1233
1475440 1229
1475450 1227
1475460 1227
1475470 1224
1475480 1217
1475490 1217
1475500 1208
1475510 1198
1475520 1198
1475530 1190
1475540 1182
1475550 1182
1475560 1175
1475570 1174
1475580 1171
1475590 1171
1475600 1165
1475610 1161
1475620 1161
1475630 1157
1475640 1152
1475650 1152
1475660 1144
1475670 1133
1475680 1133
1475690 1127
1475700 1122
1475710 1122
1475720 1117
1475730 1112
1475740 1112
1475750 1108
1475760 1101
1475770 1095
1475780 1095
1475790 1090
1475800 1085
1475810 1085
1475820 1078
1475830 1069
1475840 1069
1475850 1059
1475860 1051
1475870 1051
1475880 1042
1475890 1033
1475900 1033
1475910 1026
1475920 1018
1475930 1018
1475940 1010
1475950 1000
1475960 991
1475970 991
1475980 980
1475990 971
1476000 971
1476010 964
1476020 958
1476030 958
1476040 947
1476050 937
1476060 937
1476070 928
1476080 920
1476090 920
1476100 913
1476110 907
1476120 907
1476130 900
1476140 892
1476150 884
1476160 884
1476170 878
1476180 872
1476190 872
1476200 867
1476210 862
1476220 862
1476230 857
1476240 852
1476250 852
1476260 847
1476270 843
1476280 843
1476290 839
1476300 834
1476310 834
1476320 829
1476330 824
1476340 820
1476350 820
1476360 817
1476370 816
1476380 816
1476390 816
1476400 813
1476410 813
1476420 809
1476430 804
1476440 804
1476450 799
1476460 794
1476470 794
1476480 788
1476490 783
1476500 777
1476510 777
1476520 771
1476530 765
1476540 765
1476550 758
1476560 744
1476570 744
1476580 726
1476590 712
1476600 712
1476610 696
1476620 684
1476630 684
1476640 680
1476650 683
1476660 683
1476670 695
1476680 702
1476690 703
1476700 703
1476710 702
1476720 697
1476730 697
1476740 693
1476750 688
1476760 688
1476770 686
1476780 690
1476790 690
1476800 693
1476810 703
1476820 703
1476830 705
1476840 703
1476850 703
1476860 699
1476870 696
1476880 692
1476890 692
1476900 688
1476910 683
1476920 683
1476930 679
1476940 674
1476950 674
1476960 671
1476970 666
1476980 666
1476990 663
1477000 662
1477010 662
1477020 661
1477030 660
1477040 660
1477050 659
1477060 659
1477070 658
1477080 658
1477090 657
1477100 656
1477110 656
1477120 655
1477130 655
1477140 655
1477150 654
1477160 653
1477170 653
1477180 653
1477190 652
1477200 652
1477210 652
1477220 651
1477230 651
1477240 650
1477250 650
1477260 649
1477270 649
1477280 649
1477290 648
1477300 648
1477310 648
1477320 647
1477330 647
1477340 647
1477350 646
1477360 646
1477370 646
1477380 645
1477390 645
1477400 645
1477410 644
1477420 644
1477430 644
1477440 643
1477450 643
1477460 643
1477470 643
1477480 641
1477490 641
1477500 639
1477510 638
1477520 638
1477530 638
1477540 638
1477550 638
1477560 637
1477570 637
1477580 637
1477590 637
1477600 637
1477610 637
1477620 636
1477630 636
1477640 635
1477650 635
1477660 635
1477670 635
1477680 635
1477690 635
1477700 634
1477710 634
1477720 634
1477730 634
1477740 634
1477750 634
1477760 633
1477770 633
1477780 633
1477790 632
1477800 632
1477810 632
1477820 631
1477830 631
1477840 631
1477850 631
1477860 630
1477870 630
1477880 630
1477890 630
1477900 630
1477910 630
1477920 629
1477930 629
1477940 629
1477950 629
1477960 629
1477970 629
1477980 629
1477990 629
1478000 629
1478010 629
1478020 629
1478030 629
1478040 629
1478050 629
1478060 629
1478070 629
1478080 629
1478090 629
1478100 629
1478110 629
1478120 629
1478130 629
1478140 629
1478150 629
1478160 629
1478170 628
1478180 628
1478190 628
1478200 629
1478210 628
1478220 628
1478230 627
1478240 628
1478250 628
1478260 629
1478270 628
1478280 628
1478290 626
1478300 626
1478310 626
1478320 626
1478330 626
1478340 626
1478350 627
1478360 633
1478370 644
1478380 644
1478390 667
1478400 677
1478410 677
1478420 682
1478430 683
1478440 683
1478450 686
1478460 689
1478470 689
1478480 695
1478490 698
1478500 698
1478510 700
1478520 702
1478530 702
1478540 702
1478550 700
1478560 698
1478570 698
1478580 696
1478590 693
1478600 693
1478610 687
1478620 682
1478630 682
1478640 679
1478650 676
1478660 676
1478670 673
1478680 671
1478690 671
1478700 670
1478710 669
1478720 669
1478730 668
1478740 668
1478750 668
1478760 668
1478770 669
1478780 670
1478790 670
1478800 670
1478810 668
1478820 668
1478830 665
1478840 663
1478850 663
1478860 663
1478870 666
1478880 666
1478890 667
1478900 666
1478910 666
1478920 667
1478930 666
1478940 666
1478950 666
1478960 667
1478970 668
1478980 668
1478990 668
1479000 668
1479010 668
1479020 671
1479030 674
1479040 674
1479050 679
1479060 683
1479070 683
1479080 687
1479090 690
1479100 690
1479110 693
1479120 696
1479130 696
1479140 696
1479150 696
1479160 697
1479170 697
1479180 698
1479190 698
1479200 698
1479210 699
1479220 700
1479230 700
1479240 702
1479250 704
1479260 704
1479270 707
1479280 710
1479290 710
1479300 714
1479310 718
1479320 721
1479330 721
1479340 724
1479350 728
1479360 728
1479370 733
1479380 738
1479390 738
1479400 743
1479410 748
1479420 748
1479430 752
1479440 755
1479450 755
1479460 758
1479470 761
1479480 761
1479490 763
1479500 765
1479510 770
1479520 770
1479530 773
1479540 773
1479550 773
1479560 772
1479570 772
1479580 772
1479590 771
1479600 774
1479610 774
1479620 775
1479630 777
1479640 777
1479650 778
1479660 780
1479670 780
1479680 781
1479690 781
1479700 780
1479710 780
1479720 779
1479730 777
1479740 777
1479750 776
1479760 773
1479770 773
1479780 770
1479790 764
1479800 764
1479810 752
1479820 743
1479830 743
1479840 738
1479850 735
1479860 735
1479870 733
1479880 731
1479890 729
1479900 729
1479910 728
1479920 727
1479930 727
1479940 726
1479950 724
1479960 724
1479970 723
1479980 721
1479990 721
