1460000 1936
1460010 1932
1460020 1927
1460030 1927
1460040 1923
1460050 1919
1460060 1919
1460070 1915
1460080 1911
1460090 1911
1460100 1906
1460110 1901
1460120 1897
1460130 1897
1460140 1893
1460150 1889
1460160 1889
1460170 1885
1460180 1882
1460190 1882
1460200 1877
1460210 1870
1460220 1870
1460230 1863
1460240 1856
1460250 1856
1460260 1848
1460270 1840
1460280 1840
1460290 1833
1460300 1827
1460310 1821
1460320 1821
1460330 1816
1460340 1809
1460350 1809
1460360 1802
1460370 1795
1460380 1795
1460390 1787
1460400 1778
1460410 1778
1460420 1768
1460430 1759
1460440 1759
1460450 1750
1460460 1742
1460470 1742
1460480 1734
1460490 1727
1460500 1719
1460510 1719
1460520 1712
1460530 1704
1460540 1704
1460550 1697
1460560 1691
1460570 1691
1460580 1684
1460590 1676
1460600 1676
1460610 1667
1460620 1660
1460630 1660
1460640 1655
1460650 1650
1460660 1650
1460670 1645
1460680 1639
1460690 1634
1460700 1634
1460710 1628
1460720 1623
1460730 1623
1460740 1618
1460750 1613
1460760 1613
1460770 1609
1460780 1605
1460790 1605
1460800 1601
1460810 1595
1460820 1595
1460830 1588
1460840 1580
1460850 1580
1460860 1577
1460870 1577
1460880 1577
1460890 1577
1460900 1577
1460910 1579
1460920 1579
1460930 1580
1460940 1580
1460950 1580
1460960 1580
1460970 1581
1460980 1581
1460990 1581
1461000 1582
1461010 1582
1461020 1582
1461030 1583
1461040 1583
1461050 1584
1461060 1585
1461070 1584
1461080 1584
1461090 1584
1461100 1585
1461110 1585
1461120 1585
1461130 1586
1461140 1586
1461150 1587
1461160 1589
1461170 1589
1461180 1591
1461190 1594
1461200 1594
1461210 1597
1461220 1601
1461230 1601
1461240 1604
1461250 1607
1461260 1611
1461270 1611
1461280 1614
1461290 1617
1461300 1617
1461310 1622
1461320 1626
1461330 1626
1461340 1630
1461350 1634
1461360 1634
1461370 1640
1461380 1645
1461390 1645
1461400 1649
1461410 1653
1461420 1653
1461430 1654
1461440 1654
1461450 1653
1461460 1653
1461470 1647
1461480 1641
1461490 1641
1461500 1632
1461510 1636
1461520 1636
1461530 1650
1461540 1661
1461550 1661
1461560 1667
1461570 1672
1461580 1672
1461590 1676
1461600 1680
1461610 1680
1461620 1685
1461630 1690
1461640 1698
1461650 1698
1461660 1702
1461670 1704
1461680 1704
1461690 1708
1461700 1713
1461710 1713
1461720 1714
1461730 1714
1461740 1714
1461750 1713
1461760 1712
1461770 1712
1461780 1712
1461790 1711
1461800 1711
1461810 1711
1461820 1709
1461830 1708
1461840 1708
1461850 1707
1461860 1708
1461870 1708
1461880 1709
1461890 1709
1461900 1709
1461910 1710
1461920 1713
1461930 1713
1461940 1715
1461950 1717
1461960 1717
1461970 1713
1461980 1715
1461990 1726
1462000 1726
1462010 1736
1462020 1743
1462030 1743
1462040 1749
1462050 1756
1462060 1756
1462070 1762
1462080 1764
1462090 1764
1462100 1766
1462110 1770
1462120 1770
1462130 1773
1462140 1776
1462150 1776
1462160 1780
1462170 1787
1462180 1792
1462190 1792
1462200 1798
1462210 1804
1462220 1804
1462230 1810
1462240 1815
1462250 1815
1462260 1820
1462270 1825
1462280 1825
1462290 1828
1462300 1832
1462310 1832
1462320 1835
1462330 1839
1462340 1839
1462350 1844
1462360 1847
1462370 1851
1462380 1851
1462390 1854
1462400 1859
1462410 1859
1462420 1862
1462430 1864
1462440 1864
1462450 1866
1462460 1870
1462470 1870
1462480 1874
1462490 1877
1462500 1877
1462510 1878
1462520 1879
1462530 1879
1462540 1883
1462550 1889
1462560 1896
1462570 1896
1462580 1903
1462590 1908
1462600 1908
1462610 1913
1462620 1918
1462630 1918
1462640 1923
1462650 1927
1462660 1927
1462670 1932
1462680 1937
1462690 1937
1462700 1943
1462710 1949
1462720 1949
1462730 1955
1462740 1962
1462750 1971
1462760 1971
1462770 1981
1462780 1990
1462790 1990
1462800 2000
1462810 2011
1462820 2011
1462830 2019
1462840 2025
1462850 2025
1462860 2029
1462870 2032
1462880 2032
1462890 2036
1462900 2039
1462910 2039
1462920 2042
1462930 2044
1462940 2047
1462950 2047
1462960 2050
1462970 2053
1462980 2053
1462990 2056
1463000 2058
1463010 2058
1463020 2060
1463030 2061
1463040 2061
1463050 2061
1463060 2062
1463070 2062
1463080 2062
1463090 2063
1463100 2063
1463110 2064
1463120 2067
1463130 2068
1463140 2068
1463150 2070
1463160 2071
1463170 2071
1463180 2073
1463190 2072
1463200 2072
1463210 2074
1463220 2077
1463230 2077
1463240 2079
1463250 2081
1463260 2081
1463270 2084
1463280 2086
1463290 2086
1463300 2088
1463310 2091
1463320 2093
1463330 2093
1463340 2094
1463350 2095
1463360 2095
1463370 2096
1463380 2097
1463390 2097
1463400 2100
1463410 2102
1463420 2102
1463430 2105
1463440 2107
1463450 2107
1463460 2109
1463470 2111
1463480 2111
1463490 2113
1463500 2115
1463510 2117
1463520 2117
1463530 2120
1463540 2123
1463550 2123
1463560 2126
1463570 2129
1463580 2129
1463590 2133
1463600 2136
1463610 2136
1463620 2140
1463630 2143
1463640 2143
1463650 2145
1463660 2148
1463670 2148
1463680 2150
1463690 2153
1463700 2157
1463710 2157
1463720 2163
1463730 2168
1463740 2168
1463750 2174
1463760 2179
1463770 2179
1463780 2184
1463790 2189
1463800 2189
1463810 2195
1463820 2199
1463830 2199
1463840 2203
1463850 2207
1463860 2207
1463870 2212
1463880 2217
1463890 2223
1463900 2223
1463910 2228
1463920 2234
1463930 2234
1463940 2240
1463950 2245
1463960 2245
1463970 2251
1463980 2257
1463990 2257
1464000 2262
1464010 2267
1464020 2267
1464030 2271
1464040 2276
1464050 2276
1464060 2281
1464070 2285
1464080 2290
1464090 2290
1464100 2294
1464110 2298
1464120 2298
1464130 2301
1464140 2305
1464150 2305
1464160 2308
1464170 2312
1464180 2312
1464190 2317
1464200 2326
1464210 2326
1464220 2334
1464230 2339
1464240 2339
1464250 2344
1464260 2348
1464270 2352
1464280 2352
1464290 2356
1464300 2360
1464310 2360
1464320 2364
1464330 2367
1464340 2367
1464350 2370
1464360 2375
1464370 2375
1464380 2379
1464390 2383
1464400 2383
1464410 2387
1464420 2391
1464430 2394
1464440 2394
1464450 2397
1464460 2400
1464470 2400
1464480 2403
1464490 2407
1464500 2407
1464510 2410
1464520 2414
1464530 2414
1464540 2418
1464550 2423
1464560 2423
1464570 2429
1464580 2435
1464590 2435
1464600 2442
1464610 2448
1464620 2455
1464630 2455
1464640 2461
1464650 2469
1464660 2469
1464670 2475
1464680 2480
1464690 2480
1464700 2485
1464710 2488
1464720 2488
1464730 2491
1464740 2494
1464750 2494
1464760 2496
1464770 2496
1464780 2496
1464790 2495
1464800 2495
1464810 2495
1464820 2495
1464830 2495
1464840 2496
1464850 2496
1464860 2496
1464870 2498
1464880 2498
1464890 2500
1464900 2504
1464910 2504
1464920 2509
1464930 2511
1464940 2511
1464950 2513
1464960 2517
1464970 2517
1464980 2520
1464990 2526
1465000 2533
1465010 2533
1465020 2542
1465030 2549
1465040 2549
1465050 2556
1465060 2573
1465070 2573
1465080 2588
1465090 2602
1465100 2602
1465110 2606
1465120 2595
1465130 2595
1465140 2584
1465150 2580
1465160 2580
1465170 2577
1465180 2574
1465190 2571
1465200 2571
1465210 2568
1465220 2565
1465230 2565
1465240 2562
1465250 2558
1465260 2558
1465270 2558
1465280 2560
1465290 2560
1465300 2558
1465310 2558
1465320 2558
1465330 2561
1465340 2564
1465350 2564
1465360 2566
1465370 2563
1465380 2556
1465390 2556
1465400 2554
1465410 2553
1465420 2553
1465430 2539
1465440 2528
1465450 2528
1465460 2523
1465470 2511
1465480 2511
1465490 2501
1465500 2492
1465510 2492
1465520 2486
1465530 2480
1465540 2480
1465550 2469
1465560 2459
1465570 2452
1465580 2452
1465590 2447
1465600 2443
1465610 2443
1465620 2440
1465630 2436
1465640 2436
1465650 2433
1465660 2432
1465670 2432
1465680 2431
1465690 2431
1465700 2431
1465710 2430
1465720 2428
1465730 2428
1465740 2423
1465750 2417
1465760 2413
1465770 2413
1465780 2410
1465790 2408
1465800 2408
1465810 2408
1465820 2406
1465830 2406
1465840 2405
1465850 2407
1465860 2407
1465870 2408
1465880 2408
1465890 2408
1465900 2408
1465910 2409
1465920 2409
1465930 2410
1465940 2414
1465950 2419
1465960 2419
1465970 2424
1465980 2429
1465990 2429
1466000 2435
1466010 2444
1466020 2444
1466030 2452
1466040 2462
1466050 2462
1466060 2473
1466070 2486
1466080 2486
1466090 2493
1466100 2488
1466110 2488
1466120 2472
1466130 2461
1466140 2453
1466150 2453
1466160 2440
1466170 2429
1466180 2429
1466190 2415
1466200 2406
1466210 2406
1466220 2398
1466230 2391
1466240 2391
1466250 2383
1466260 2376
1466270 2376
1466280 2369
1466290 2362
1466300 2362
1466310 2355
1466320 2348
1466330 2340
1466340 2340
1466350 2333
1466360 2326
1466370 2326
1466380 2321
1466390 2317
1466400 2317
1466410 2314
1466420 2310
1466430 2310
1466440 2307
1466450 2304
1466460 2304
1466470 2302
1466480 2300
1466490 2300
1466500 2298
1466510 2297
1466520 2297
1466530 2297
1466540 2298
1466550 2298
1466560 2298
1466570 2300
1466580 2300
1466590 2300
1466600 2301
1466610 2302
1466620 2302
1466630 2304
1466640 2304
1466650 2304
1466660 2306
1466670 2309
1466680 2309
1466690 2314
1466700 2316
1466710 2319
1466720 2319
1466730 2323
1466740 2331
1466750 2331
1466760 2336
1466770 2335
1466780 2335
1466790 2325
1466800 2311
1466810 2311
1466820 2299
1466830 2286
1466840 2286
1466850 2279
1466860 2281
1466870 2281
1466880 2280
1466890 2278
1466900 2270
1466910 2270
1466920 2260
1466930 2248
1466940 2248
1466950 2240
1466960 2232
1466970 2232
1466980 2221
1466990 2213
1467000 2213
1467010 2202
1467020 2185
1467030 2185
1467040 2169
1467050 2157
1467060 2157
1467070 2142
1467080 2131
1467090 2123
1467100 2123
1467110 2117
1467120 2115
1467130 2115
1467140 2111
1467150 2106
1467160 2106
1467170 2103
1467180 2101
1467190 2101
1467200 2100
1467210 2103
1467220 2103
1467230 2106
1467240 2112
1467250 2117
1467260 2117
1467270 2116
1467280 2114
1467290 2114
1467300 2114
1467310 2110
1467320 2110
1467330 2104
1467340 2099
1467350 2099
1467360 2090
1467370 2081
1467380 2081
1467390 2071
1467400 2060
1467410 2060
1467420 2049
1467430 2039
1467440 2028
1467450 2028
1467460 2018
1467470 2012
1467480 2012
1467490 2008
1467500 2006
1467510 2006
1467520 2001
1467530 1996
1467540 1996
1467550 1994
1467560 1998
1467570 1998
1467580 1998
1467590 1995
1467600 1995
1467610 1992
1467620 1990
1467630 1986
1467640 1986
1467650 1979
1467660 1985
1467670 1985
1467680 1998
1467690 2003
1467700 2003
1467710 2002
1467720 1996
1467730 1996
1467740 1991
1467750 1989
1467760 1989
1467770 1989
1467780 1991
1467790 1991
1467800 1994
1467810 1994
1467820 1992
1467830 1992
1467840 1994
1467850 1994
1467860 1994
1467870 1998
1467880 2000
1467890 2000
1467900 2001
1467910 2001
1467920 2001
1467930 2001
1467940 2000
1467950 2000
1467960 2000
1467970 2000
1467980 2000
1467990 2000
1468000 2004
1468010 2011
1468020 2011
1468030 2018
1468040 2019
1468050 2019
1468060 2016
1468070 2011
1468080 2011
1468090 2010
1468100 2015
1468110 2015
1468120 2022
1468130 2026
1468140 2026
1468150 2027
1468160 2027
1468170 2027
1468180 2027
1468190 2029
1468200 2030
1468210 2030
1468220 2031
1468230 2034
1468240 2034
1468250 2038
1468260 2043
1468270 2043
1468280 2046
1468290 2052
1468300 2052
1468310 2058
1468320 2062
1468330 2062
1468340 2066
1468350 2071
1468360 2071
1468370 2077
1468380 2081
1468390 2084
1468400 2084
1468410 2087
1468420 2092
1468430 2092
1468440 2100
1468450 2109
1468460 2109
1468470 2115
1468480 2121
1468490 2121
1468500 2126
1468510 2133
1468520 2133
1468530 2136
1468540 2135
1468550 2135
1468560 2145
1468570 2153
1468580 2159
1468590 2159
1468600 2163
1468610 2168
1468620 2168
1468630 2173
1468640 2177
1468650 2177
1468660 2183
1468670 2188
1468680 2188
1468690 2188
1468700 2186
1468710 2186
1468720 2188
1468730 2193
1468740 2193
1468750 2197
1468760 2205
1468770 2213
1468780 2213
1468790 2223
1468800 2231
1468810 2231
1468820 2239
1468830 2246
1468840 2246
1468850 2253
1468860 2265
1468870 2265
1468880 2276
1468890 2289
1468900 2289
1468910 2294
1468920 2284
1468930 2284
1468940 2274
1468950 2266
1468960 2262
1468970 2262
1468980 2257
1468990 2248
1469000 2248
1469010 2238
1469020 2229
1469030 2229
1469040 2222
1469050 2217
1469060 2217
1469070 2210
1469080 2203
1469090 2203
1469100 2192
1469110 2180
1469120 2180
1469130 2169
1469140 2164
1469150 2161
1469160 2161
1469170 2158
1469180 2156
1469190 2156
1469200 2155
1469210 2154
1469220 2154
1469230 2154
1469240 2153
1469250 2153
1469260 2151
1469270 2150
1469280 2150
1469290 2151
1469300 2155
1469310 2155
1469320 2157
1469330 2150
1469340 2141
1469350 2141
1469360 2132
1469370 2123
1469380 2123
1469390 2117
1469400 2120
1469410 2120
1469420 2123
1469430 2131
1469440 2131
1469450 2137
1469460 2134
1469470 2134
1469480 2130
1469490 2125
1469500 2125
1469510 2117
1469520 2107
1469530 2098
1469540 2098
1469550 2087
1469560 2078
1469570 2078
1469580 2077
1469590 2083
1469600 2083
1469610 2083
1469620 2076
1469630 2076
1469640 2069
1469650 2063
1469660 2063
1469670 2056
1469680 2048
1469690 2048
1469700 2040
1469710 2031
1469720 2024
1469730 2024
1469740 2017
1469750 2010
1469760 2010
1469770 2002
1469780 1992
1469790 1992
1469800 1983
1469810 1975
1469820 1975
1469830 1967
1469840 1961
1469850 1961
1469860 1957
1469870 1951
1469880 1945
1469890 1945
1469900 1940
1469910 1936
1469920 1936
1469930 1934
1469940 1931
1469950 1931
1469960 1928
1469970 1925
1469980 1925
1469990 1921
1470000 1917
1470010 1917
1470020 1913
1470030 1908
1470040 1908
1470050 1904
1470060 1899
1470070 1895
1470080 1895
1470090 1891
1470100 1888
1470110 1888
1470120 1888
1470130 1889
1470140 1889
1470150 1889
1470160 1888
1470170 1888
1470180 1888
1470190 1887
1470200 1887
1470210 1887
1470220 1886
1470230 1886
1470240 1885
1470250 1884
1470260 1883
1470270 1883
1470280 1888
1470290 1887
1470300 1887
1470310 1886
1470320 1884
1470330 1884
1470340 1883
1470350 1883
1470360 1883
1470370 1884
1470380 1883
1470390 1883
1470400 1883
1470410 1884
1470420 1884
1470430 1885
1470440 1887
1470450 1889
1470460 1889
1470470 1890
1470480 1892
1470490 1892
1470500 1894
1470510 1896
1470520 1896
1470530 1899
1470540 1899
1470550 1899
1470560 1902
1470570 1905
1470580 1905
1470590 1912
1470600 1920
1470610 1920
1470620 1928
1470630 1937
1470640 1946
1470650 1946
1470660 1953
1470670 1957
1470680 1957
1470690 1959
1470700 1963
1470710 1963
1470720 1969
1470730 1976
1470740 1976
1470750 1982
1470760 1986
1470770 1986
1470780 1987
1470790 1984
1470800 1984
1470810 1982
1470820 1983
1470830 1983
1470840 1983
1470850 1983
1470860 1982
1470870 1982
1470880 1978
1470890 1975
1470900 1975
1470910 1973
1470920 1972
1470930 1972
1470940 1970
1470950 1969
1470960 1969
1470970 1969
1470980 1970
1470990 1970
1471000 1969
1471010 1968
1471020 1967
1471030 1967
1471040 1966
1471050 1963
1471060 1963
1471070 1958
1471080 1953
1471090 1953
1471100 1949
1471110 1944
1471120 1944
1471130 1940
1471140 1935
1471150 1935
1471160 1931
1471170 1926
1471180 1926
1471190 1921
1471200 1916
1471210 1910
1471220 1910
1471230 1904
1471240 1898
1471250 1898
1471260 1891
1471270 1884
1471280 1884
1471290 1879
1471300 1873
1471310 1873
1471320 1867
1471330 1863
1471340 1863
1471350 1862
1471360 1863
1471370 1863
1471380 1862
1471390 1861
1471400 1860
1471410 1860
1471420 1858
1471430 1855
1471440 1855
1471450 1852
1471460 1849
1471470 1849
1471480 1846
1471490 1847
1471500 1847
1471510 1848
1471520 1848
1471530 1848
1471540 1845
1471550 1840
1471560 1840
1471570 1834
1471580 1829
1471590 1827
1471600 1827
1471610 1826
1471620 1825
1471630 1825
1471640 1820
1471650 1815
1471660 1815
1471670 1808
1471680 1802
1471690 1802
1471700 1795
1471710 1787
1471720 1787
1471730 1783
1471740 1778
1471750 1778
1471760 1771
1471770 1764
1471780 1759
1471790 1759
1471800 1753
1471810 1749
1471820 1749
1471830 1745
1471840 1742
1471850 1742
1471860 1738
1471870 1733
1471880 1733
1471890 1728
1471900 1724
1471910 1724
1471920 1723
1471930 1720
1471940 1720
1471950 1717
1471960 1713
1471970 1709
1471980 1709
1471990 1707
1472000 1707
1472010 1707
1472020 1704
1472030 1701
1472040 1701
1472050 1697
1472060 1693
1472070 1693
1472080 1689
1472090 1685
1472100 1685
1472110 1680
1472120 1677
1472130 1677
1472140 1677
1472150 1679
1472160 1681
1472170 1681
1472180 1677
1472190 1671
1472200 1671
1472210 1668
1472220 1664
1472230 1664
1472240 1660
1472250 1656
1472260 1656
1472270 1652
1472280 1648
1472290 1648
1472300 1645
1472310 1642
1472320 1639
1472330 1639
1472340 1636
1472350 1631
1472360 1631
1472370 1626
1472380 1621
1472390 1621
1472400 1616
1472410 1610
1472420 1610
1472430 1604
1472440 1599
1472450 1599
1472460 1596
1472470 1594
1472480 1594
1472490 1592
1472500 1589
1472510 1584
1472520 1584
1472530 1577
1472540 1571
1472550 1571
1472560 1566
1472570 1561
1472580 1561
1472590 1557
1472600 1551
1472610 1551
1472620 1547
1472630 1544
1472640 1544
1472650 1540
1472660 1539
1472670 1539
1472680 1538
1472690 1535
1472700 1533
1472710 1533
1472720 1531
1472730 1526
1472740 1526
1472750 1521
1472760 1517
1472770 1517
1472780 1513
1472790 1510
1472800 1510
1472810 1506
1472820 1502
1472830 1502
1472840 1500
1472850 1499
1472860 1499
1472870 1498
1472880 1495
1472890 1492
1472900 1492
1472910 1487
1472920 1482
1472930 1482
1472940 1476
1472950 1472
1472960 1472
1472970 1468
1472980 1464
1472990 1464
1473000 1459
1473010 1453
1473020 1453
1473030 1446
1473040 1440
1473050 1440
1473060 1434
1473070 1428
1473080 1424
1473090 1424
1473100 1421
1473110 1419
1473120 1419
1473130 1416
1473140 1414
1473150 1414
1473160 1413
1473170 1409
1473180 1409
1473190 1406
1473200 1404
1473210 1404
1473220 1403
1473230 1400
1473240 1400
1473250 1397
1473260 1392
1473270 1387
1473280 1387
1473290 1384
1473300 1380
1473310 1380
1473320 1375
1473330 1371
1473340 1371
1473350 1364
1473360 1357
1473370 1357
1473380 1351
1473390 1345
1473400 1345
1473410 1342
1473420 1339
1473430 1339
1473440 1337
1473450 1334
1473460 1330
1473470 1330
1473480 1327
1473490 1324
1473500 1324
1473510 1320
1473520 1314
1473530 1314
1473540 1309
1473550 1304
1473560 1304
1473570 1299
1473580 1294
1473590 1294
1473600 1291
1473610 1287
1473620 1287
1473630 1284
1473640 1279
1473650 1275
1473660 1275
1473670 1271
1473680 1266
1473690 1266
1473700 1260
1473710 1255
1473720 1255
1473730 1250
1473740 1244
1473750 1244
1473760 1239
1473770 1233
1473780 1233
1473790 1227
1473800 1221
1473810 1221
1473820 1214
1473830 1207
1473840 1201
1473850 1201
1473860 1195
1473870 1191
1473880 1191
1473890 1188
1473900 1183
1473910 1183
1473920 1177
1473930 1171
1473940 1171
1473950 1165
1473960 1160
1473970 1160
1473980 1156
1473990 1153
1474000 1153
1474010 1149
1474020 1146
1474030 1144
1474040 1144
1474050 1141
1474060 1138
1474070 1138
1474080 1135
1474090 1132
1474100 1132
1474110 1130
1474120 1127
1474130 1127
1474140 1124
1474150 1121
1474160 1121
1474170 1119
1474180 1116
1474190 1116
1474200 1113
1474210 1110
1474220 1106
1474230 1106
1474240 1100
1474250 1095
1474260 1095
1474270 1091
1474280 1086
1474290 1086
1474300 1082
1474310 1078
1474320 1078
1474330 1074
1474340 1068
1474350 1068
1474360 1063
1474370 1059
1474380 1059
1474390 1063
1474400 1065
1474410 1064
1474420 1064
1474430 1061
1474440 1060
1474450 1060
1474460 1059
1474470 1057
1474480 1057
1474490 1055
1474500 1054
1474510 1054
1474520 1054
1474530 1055
1474540 1055
1474550 1057
1474560 1058
1474570 1058
1474580 1058
1474590 1056
1474600 1054
1474610 1054
1474620 1053
1474630 1053
1474640 1053
1474650 1052
1474660 1052
1474670 1052
1474680 1051
1474690 1049
1474700 1049
1474710 1047
1474720 1043
1474730 1043
1474740 1039
1474750 1033
1474760 1033
1474770 1028
1474780 1022
1474790 1017
1474800 1017
1474810 1013
1474820 1010
1474830 1010
1474840 1008
1474850 1007
1474860 1007
1474870 1006
1474880 1005
1474890 1005
1474900 1005
1474910 1004
1474920 1004
1474930 1003
1474940 1003
1474950 1004
1474960 1004
1474970 1006
1474980 1007
1474990 1007
1475000 1004
1475010 1002
1475020 1002
1475030 998
1475040 994
1475050 994
1475060 990
1475070 985
1475080 985
1475090 979
1475100 975
1475110 975
1475120 969
1475130 965
1475140 961
1475150 961
1475160 959
1475170 957
1475180 957
1475190 955
1475200 951
1475210 951
1475220 946
1475230 941
1475240 941
1475250 938
1475260 935
1475270 935
1475280 933
1475290 930
1475300 930
1475310 926
1475320 923
1475330 918
1475340 918
1475350 914
1475360 908
1475370 908
1475380 902
1475390 897
1475400 897
1475410 893
1475420 889
1475430 889
1475440 885
1475450 879
1475460 879
1475470 873
1475480 868
1475490 868
1475500 862
1475510 857
1475520 852
1475530 852
1475540 846
1475550 841
1475560 841
1475570 834
1475580 828
1475590 828
1475600 821
1475610 813
1475620 813
1475630 804
1475640 796
1475650 796
1475660 790
1475670 783
1475680 783
1475690 775
1475700 768
1475710 760
1475720 760
1475730 753
1475740 749
1475750 749
1475760 741
1475770 733
1475780 733
1475790 727
1475800 720
1475810 720
1475820 715
1475830 709
1475840 709
1475850 704
1475860 699
1475870 699
1475880 695
1475890 690
1475900 684
1475910 684
1475920 678
1475930 672
1475940 672
1475950 668
1475960 662
1475970 662
1475980 658
1475990 655
1476000 655
1476010 653
1476020 651
1476030 651
1476040 649
1476050 645
1476060 645
1476070 644
1476080 643
1476090 641
1476100 641
1476110 640
1476120 640
1476130 640
1476140 640
1476150 639
1476160 639
1476170 638
1476180 637
1476190 637
1476200 637
1476210 637
1476220 637
1476230 637
1476240 637
1476250 637
1476260 637
1476270 637
1476280 637
1476290 637
1476300 637
1476310 637
1476320 637
1476330 637
1476340 637
1476350 637
1476360 638
1476370 638
1476380 638
1476390 638
1476400 638
1476410 638
1476420 638
1476430 638
1476440 638
1476450 638
1476460 640
1476470 639
1476480 639
1476490 638
1476500 638
1476510 638
1476520 638
1476530 638
1476540 638
1476550 638
1476560 638
1476570 638
1476580 638
1476590 638
1476600 638
1476610 638
1476620 638
1476630 638
1476640 638
1476650 638
1476660 638
1476670 638
1476680 639
1476690 640
1476700 640
1476710 640
1476720 640
1476730 640
1476740 640
1476750 641
1476760 641
1476770 641
1476780 641
1476790 641
1476800 641
1476810 641
1476820 641
1476830 641
1476840 641
1476850 641
1476860 641
1476870 641
1476880 641
1476890 641
1476900 641
1476910 640
1476920 640
1476930 640
1476940 640
1476950 640
1476960 640
1476970 640
1476980 640
1476990 639
1477000 639
1477010 639
1477020 639
1477030 638
1477040 638
1477050 638
1477060 637
1477070 637
1477080 637
1477090 637
1477100 637
1477110 637
1477120 637
1477130 636
1477140 636
1477150 636
1477160 636
1477170 636
1477180 636
1477190 636
1477200 636
1477210 635
1477220 634
1477230 633
1477240 633
1477250 633
1477260 633
1477270 633
1477280 637
1477290 646
1477300 646
1477310 653
1477320 661
1477330 661
1477340 666
1477350 671
1477360 671
1477370 676
1477380 682
1477390 682
1477400 688
1477410 696
1477420 703
1477430 703
1477440 708
1477450 712
1477460 712
1477470 716
1477480 718
1477490 718
1477500 721
1477510 724
1477520 724
1477530 728
1477540 733
1477550 733
1477560 737
1477570 741
1477580 746
1477590 746
1477600 752
1477610 758
1477620 758
1477630 764
1477640 769
1477650 769
1477660 772
1477670 776
1477680 776
1477690 780
1477700 784
1477710 784
1477720 788
1477730 792
1477740 792
1477750 798
1477760 804
1477770 810
1477780 810
1477790 815
1477800 819
1477810 819
1477820 822
1477830 825
1477840 825
1477850 827
1477860 829
1477870 829
1477880 831
1477890 833
1477900 833
1477910 836
1477920 839
1477930 839
1477940 841
1477950 844
1477960 846
1477970 846
1477980 847
1477990 848
1478000 848
1478010 849
1478020 851
1478030 851
1478040 852
1478050 855
1478060 855
1478070 859
1478080 863
1478090 863
1478100 867
1478110 869
1478120 869
1478130 870
1478140 870
1478150 869
1478160 869
1478170 867
1478180 866
1478190 866
1478200 864
1478210 861
1478220 861
1478230 857
1478240 850
1478250 850
1478260 846
1478270 842
1478280 842
1478290 838
1478300 834
1478310 834
1478320 831
1478330 827
1478340 823
1478350 823
1478360 819
1478370 815
1478380 815
1478390 812
1478400 808
1478410 808
1478420 807
1478430 806
1478440 806
1478450 806
1478460 806
1478470 806
1478480 806
1478490 806
1478500 806
1478510 806
1478520 807
1478530 807
1478540 807
1478550 807
1478560 807
1478570 807
1478580 808
1478590 808
1478600 808
1478610 809
1478620 809
1478630 809
1478640 810
1478650 810
1478660 810
1478670 811
1478680 812
1478690 812
1478700 812
1478710 813
1478720 813
1478730 813
1478740 812
1478750 812
1478760 812
1478770 813
1478780 813
1478790 813
1478800 814
1478810 814
1478820 814
1478830 813
1478840 813
1478850 813
1478860 813
1478870 814
1478880 814
1478890 814
1478900 812
1478910 814
1478920 814
1478930 817
1478940 820
1478950 820
1478960 823
1478970 824
1478980 824
1478990 825
1479000 825
1479010 825
1479020 824
1479030 824
1479040 824
1479050 825
1479060 828
1479070 828
1479080 832
1479090 834
1479100 837
1479110 837
1479120 839
1479130 841
1479140 841
1479150 842
1479160 845
1479170 845
1479180 847
1479190 849
1479200 849
1479210 851
1479220 851
1479230 851
1479240 852
1479250 853
1479260 853
1479270 856
1479280 859
1479290 864
1479300 864
1479310 869
1479320 874
1479330 874
1479340 877
1479350 879
1479360 879
1479370 881
1479380 882
1479390 882
1479400 884
1479410 885
1479420 885
1479430 887
1479440 888
1479450 888
1479460 890
1479470 892
1479480 893
1479490 893
1479500 896
1479510 898
1479520 898
1479530 899
1479540 901
1479550 901
1479560 904
1479570 907
1479580 907
1479590 910
1479600 913
1479610 913
1479620 916
1479630 916
1479640 916
1479650 918
1479660 919
1479670 920
1479680 920
1479690 922
1479700 925
1479710 925
1479720 928
1479730 931
1479740 931
1479750 933
1479760 938
1479770 938
1479780 941
1479790 945
1479800 945
1479810 952
1479820 958
1479830 958
1479840 961
1479850 963
1479860 965
1479870 965
1479880 967
1479890 968
1479900 968
1479910 971
1479920 975
1479930 975
1479940 977
1479950 979
1479960 979
1479970 980
1479980 982
1479990 982
