1460000 2105
1460010 2105
1460020 2100
1460030 2093
1460040 2093
1460050 2087
1460060 2081
1460070 2081
1460080 2076
1460090 2071
1460100 2071
1460110 2063
1460120 2053
1460130 2053
1460140 2047
1460150 2038
1460160 2038
1460170 2029
1460180 2021
1460190 2013
1460200 2013
1460210 2006
1460220 1997
1460230 1997
1460240 1990
1460250 1982
1460260 1982
1460270 1976
1460280 1971
1460290 1971
1460300 1966
1460310 1961
1460320 1961
1460330 1954
1460340 1949
1460350 1949
1460360 1943
1460370 1939
1460380 1936
1460390 1936
1460400 1931
1460410 1926
1460420 1926
1460430 1922
1460440 1917
1460450 1917
1460460 1912
1460470 1908
1460480 1908
1460490 1903
1460500 1899
1460510 1899
1460520 1894
1460530 1889
1460540 1889
1460550 1884
1460560 1879
1460570 1874
1460580 1874
1460590 1870
1460600 1868
1460610 1868
1460620 1864
1460630 1859
1460640 1859
1460650 1852
1460660 1843
1460670 1843
1460680 1833
1460690 1825
1460700 1825
1460710 1818
1460720 1811
1460730 1811
1460740 1807
1460750 1802
1460760 1799
1460770 1799
1460780 1794
1460790 1790
1460800 1790
1460810 1784
1460820 1779
1460830 1779
1460840 1774
1460850 1767
1460860 1767
1460870 1757
1460880 1750
1460890 1750
1460900 1743
1460910 1738
1460920 1738
1460930 1733
1460940 1726
1460950 1718
1460960 1718
1460970 1710
1460980 1701
1460990 1701
1461000 1690
1461010 1683
1461020 1683
1461030 1678
1461040 1671
1461050 1671
1461060 1663
1461070 1654
1461080 1654
1461090 1647
1461100 1640
1461110 1640
1461120 1633
1461130 1625
1461140 1618
1461150 1618
1461160 1611
1461170 1605
1461180 1605
1461190 1600
1461200 1594
1461210 1594
1461220 1587
1461230 1580
1461240 1580
1461250 1576
1461260 1571
1461270 1571
1461280 1566
1461290 1560
1461300 1560
1461310 1554
1461320 1548
1461330 1543
1461340 1543
1461350 1537
1461360 1533
1461370 1533
1461380 1528
1461390 1521
1461400 1521
1461410 1515
1461420 1509
1461430 1509
1461440 1503
1461450 1497
1461460 1497
1461470 1490
1461480 1482
1461490 1475
1461500 1475
1461510 1468
1461520 1459
1461530 1459
1461540 1451
1461550 1442
1461560 1442
1461570 1434
1461580 1426
1461590 1426
1461600 1417
1461610 1410
1461620 1410
1461630 1402
1461640 1392
1461650 1392
1461660 1382
1461670 1373
1461680 1365
1461690 1365
1461700 1359
1461710 1357
1461720 1357
1461730 1357
1461740 1355
1461750 1355
1461760 1356
1461770 1358
1461780 1358
1461790 1362
1461800 1367
1461810 1367
1461820 1372
1461830 1376
1461840 1376
1461850 1381
1461860 1385
1461870 1384
1461880 1384
1461890 1387
1461900 1394
1461910 1394
1461920 1402
1461930 1409
1461940 1409
1461950 1416
1461960 1423
1461970 1423
1461980 1433
1461990 1443
1462000 1443
1462010 1463
1462020 1489
1462030 1489
1462040 1502
1462050 1510
1462060 1520
1462070 1520
1462080 1528
1462090 1533
1462100 1533
1462110 1536
1462120 1543
1462130 1543
1462140 1554
1462150 1562
1462160 1562
1462170 1573
1462180 1589
1462190 1589
1462200 1603
1462210 1614
1462220 1614
1462230 1625
1462240 1639
1462250 1653
1462260 1653
1462270 1666
1462280 1677
1462290 1677
1462300 1688
1462310 1698
1462320 1698
1462330 1709
1462340 1717
1462350 1717
1462360 1725
1462370 1736
1462380 1736
1462390 1749
1462400 1758
1462410 1758
1462420 1769
1462430 1786
1462440 1798
1462450 1798
1462460 1821
1462470 1841
1462480 1841
1462490 1851
1462500 1854
1462510 1854
1462520 1852
1462530 1847
1462540 1847
1462550 1838
1462560 1830
1462570 1830
1462580 1824
1462590 1821
1462600 1821
1462610 1816
1462620 1811
1462630 1808
1462640 1808
1462650 1804
1462660 1801
1462670 1801
1462680 1799
1462690 1797
1462700 1797
1462710 1792
1462720 1778
1462730 1778
1462740 1765
1462750 1764
1462760 1764
1462770 1798
1462780 1819
1462790 1819
1462800 1832
1462810 1845
1462820 1855
1462830 1855
1462840 1875
1462850 1891
1462860 1891
1462870 1905
1462880 1917
1462890 1917
1462900 1931
1462910 1944
1462920 1944
1462930 1947
1462940 1949
1462950 1949
1462960 1954
1462970 1958
1462980 1958
1462990 1958
1463000 1961
1463010 1967
1463020 1967
1463030 1974
1463040 1979
1463050 1979
1463060 1983
1463070 1985
1463080 1985
1463090 1991
1463100 1997
1463110 1997
1463120 2003
1463130 2005
1463140 2005
1463150 2003
1463160 2000
1463170 2000
1463180 1994
1463190 1989
1463200 1983
1463210 1983
1463220 1981
1463230 1981
1463240 1981
1463250 1984
1463260 1986
1463270 1986
1463280 1987
1463290 1989
1463300 1989
1463310 1990
1463320 1991
1463330 1991
1463340 1994
1463350 1993
1463360 1993
1463370 1987
1463380 1983
1463390 1989
1463400 1989
1463410 2007
1463420 2009
1463430 2009
1463440 2005
1463450 2004
1463460 2004
1463470 2002
1463480 1999
1463490 1999
1463500 1997
1463510 1995
1463520 1995
1463530 1991
1463540 1989
1463550 1989
1463560 1984
1463570 1987
1463580 1995
1463590 1995
1463600 2001
1463610 2023
1463620 2023
1463630 2043
1463640 2065
1463650 2065
1463660 2085
1463670 2099
1463680 2099
1463690 2110
1463700 2117
1463710 2117
1463720 2126
1463730 2134
1463740 2134
1463750 2144
1463760 2151
1463770 2157
1463780 2157
1463790 2164
1463800 2179
1463810 2179
1463820 2185
1463830 2191
1463840 2191
1463850 2198
1463860 2207
1463870 2207
1463880 2216
1463890 2223
1463900 2223
1463910 2231
1463920 2239
1463930 2239
1463940 2248
1463950 2265
1463960 2276
1463970 2276
1463980 2283
1463990 2291
1464000 2291
1464010 2299
1464020 2309
1464030 2309
1464040 2327
1464050 2364
1464060 2364
1464070 2384
1464080 2397
1464090 2397
1464100 2409
1464110 2421
1464120 2421
1464130 2426
1464140 2425
1464150 2423
1464160 2423
1464170 2422
1464180 2423
1464190 2423
1464200 2424
1464210 2423
1464220 2423
1464230 2423
1464240 2424
1464250 2424
1464260 2425
1464270 2427
1464280 2427
1464290 2428
1464300 2430
1464310 2437
1464320 2439
1464330 2441
1464340 2443
1464350 2443
1464360 2446
1464370 2449
1464380 2449
1464390 2455
1464400 2460
1464410 2460
1464420 2464
1464430 2467
1464440 2467
1464450 2471
1464460 2475
1464470 2475
1464480 2478
1464490 2483
1464500 2483
1464510 2487
1464520 2491
1464530 2493
1464540 2493
1464550 2494
1464560 2497
1464570 2497
1464580 2517
1464590 2530
1464600 2530
1464610 2547
1464620 2559
1464630 2559
1464640 2572
1464650 2585
1464660 2585
1464670 2603
1464680 2615
1464690 2615
1464700 2628
1464710 2637
1464720 2647
1464730 2647
1464740 2657
1464750 2665
1464760 2665
1464770 2677
1464780 2692
1464790 2692
1464800 2705
1464810 2705
1464820 2705
1464830 2697
1464840 2682
1464850 2682
1464860 2664
1464870 2644
1464880 2644
1464890 2630
1464900 2620
1464910 2612
1464920 2612
1464930 2605
1464940 2597
1464950 2597
1464960 2589
1464970 2581
1464980 2581
1464990 2574
1465000 2566
1465010 2566
1465020 2557
1465030 2544
1465040 2544
1465050 2528
1465060 2514
1465070 2514
1465080 2504
1465090 2502
1465100 2497
1465110 2497
1465120 2494
1465130 2489
1465140 2489
1465150 2483
1465160 2478
1465170 2478
1465180 2474
1465190 2471
1465200 2471
1465210 2469
1465220 2468
1465230 2468
1465240 2464
1465250 2459
1465260 2459
1465270 2454
1465280 2450
1465290 2448
1465300 2448
1465310 2445
1465320 2442
1465330 2442
1465340 2440
1465350 2438
1465360 2438
1465370 2437
1465380 2436
1465390 2436
1465400 2436
1465410 2436
1465420 2436
1465430 2438
1465440 2441
1465450 2441
1465460 2440
1465470 2440
1465480 2441
1465490 2441
1465500 2440
1465510 2440
1465520 2440
1465530 2439
1465540 2438
1465550 2438
1465560 2437
1465570 2435
1465580 2435
1465590 2434
1465600 2428
1465610 2428
1465620 2419
1465630 2414
1465640 2414
1465650 2407
1465660 2400
1465670 2393
1465680 2393
1465690 2377
1465700 2366
1465710 2366
1465720 2359
1465730 2351
1465740 2351
1465750 2342
1465760 2333
1465770 2333
1465780 2326
1465790 2319
1465800 2319
1465810 2313
1465820 2309
1465830 2309
1465840 2304
1465850 2298
1465860 2293
1465870 2293
1465880 2288
1465890 2283
1465900 2283
1465910 2280
1465920 2275
1465930 2275
1465940 2271
1465950 2269
1465960 2269
1465970 2268
1465980 2266
1465990 2266
1466000 2262
1466010 2257
1466020 2257
1466030 2250
1466040 2242
1466050 2237
1466060 2237
1466070 2231
1466080 2226
1466090 2226
1466100 2219
1466110 2215
1466120 2215
1466130 2213
1466140 2213
1466150 2213
1466160 2214
1466170 2215
1466180 2215
1466190 2215
1466200 2212
1466210 2212
1466220 2204
1466230 2180
1466240 2158
1466250 2158
1466260 2151
1466270 2145
1466280 2145
1466290 2139
1466300 2132
1466310 2132
1466320 2128
1466330 2124
1466340 2124
1466350 2121
1466360 2105
1466370 2105
1466380 2081
1466390 2059
1466400 2059
1466410 2047
1466420 2038
1466430 2030
1466440 2030
1466450 2024
1466460 2019
1466470 2019
1466480 2015
1466490 2011
1466500 2011
1466510 2007
1466520 2003
1466530 2003
1466540 1998
1466550 1992
1466560 1992
1466570 1986
1466580 1976
1466590 1968
1466600 1968
1466610 1957
1466620 1948
1466630 1948
1466640 1941
1466650 1933
1466660 1933
1466670 1927
1466680 1920
1466690 1920
1466700 1913
1466710 1906
1466720 1906
1466730 1899
1466740 1892
1466750 1892
1466760 1886
1466770 1881
1466780 1876
1466790 1876
1466800 1872
1466810 1869
1466820 1869
1466830 1865
1466840 1860
1466850 1860
1466860 1854
1466870 1849
1466880 1849
1466890 1842
1466900 1832
1466910 1832
1466920 1826
1466930 1824
1466940 1824
1466950 1825
1466960 1826
1466970 1821
1466980 1821
1466990 1814
1467000 1806
1467010 1806
1467020 1796
1467030 1785
1467040 1785
1467050 1776
1467060 1768
1467070 1768
1467080 1762
1467090 1758
1467100 1758
1467110 1753
1467120 1748
1467130 1748
1467140 1741
1467150 1733
1467160 1725
1467170 1725
1467180 1714
1467190 1706
1467200 1706
1467210 1697
1467220 1685
1467230 1685
1467240 1680
1467250 1669
1467260 1669
1467270 1660
1467280 1654
1467290 1654
1467300 1648
1467310 1641
1467320 1641
1467330 1634
1467340 1628
1467350 1622
1467360 1622
1467370 1617
1467380 1615
1467390 1615
1467400 1609
1467410 1601
1467420 1601
1467430 1593
1467440 1585
1467450 1585
1467460 1578
1467470 1572
1467480 1572
1467490 1567
1467500 1562
1467510 1562
1467520 1558
1467530 1554
1467540 1552
1467550 1552
1467560 1550
1467570 1549
1467580 1549
1467590 1549
1467600 1547
1467610 1547
1467620 1546
1467630 1546
1467640 1546
1467650 1545
1467660 1545
1467670 1545
1467680 1544
1467690 1542
1467700 1542
1467710 1540
1467720 1537
1467730 1534
1467740 1534
1467750 1533
1467760 1532
1467770 1532
1467780 1531
1467790 1528
1467800 1528
1467810 1527
1467820 1526
1467830 1526
1467840 1526
1467850 1526
1467860 1526
1467870 1525
1467880 1523
1467890 1523
1467900 1524
1467910 1524
1467920 1523
1467930 1523
1467940 1521
1467950 1520
1467960 1520
1467970 1518
1467980 1517
1467990 1517
1468000 1518
1468010 1522
1468020 1522
1468030 1528
1468040 1532
1468050 1532
1468060 1536
1468070 1539
1468080 1539
1468090 1543
1468100 1558
1468110 1577
1468120 1577
1468130 1591
1468140 1609
1468150 1609
1468160 1621
1468170 1618
1468180 1618
1468190 1622
1468200 1631
1468210 1631
1468220 1640
1468230 1659
1468240 1659
1468250 1674
1468260 1684
1468270 1684
1468280 1693
1468290 1701
1468300 1710
1468310 1710
1468320 1724
1468330 1738
1468340 1738
1468350 1744
1468360 1747
1468370 1747
1468380 1746
1468390 1743
1468400 1743
1468410 1742
1468420 1740
1468430 1740
1468440 1736
1468450 1736
1468460 1736
1468470 1739
1468480 1738
1468490 1733
1468500 1733
1468510 1748
1468520 1761
1468530 1761
1468540 1763
1468550 1767
1468560 1767
1468570 1772
1468580 1776
1468590 1776
1468600 1778
1468610 1781
1468620 1781
1468630 1785
1468640 1788
1468650 1788
1468660 1792
1468670 1798
1468680 1805
1468690 1805
1468700 1812
1468710 1823
1468720 1823
1468730 1830
1468740 1834
1468750 1834
1468760 1838
1468770 1842
1468780 1842
1468790 1849
1468800 1853
1468810 1853
1468820 1851
1468830 1848
1468840 1848
1468850 1853
1468860 1866
1468870 1871
1468880 1871
1468890 1869
1468900 1868
1468910 1868
1468920 1869
1468930 1874
1468940 1874
1468950 1885
1468960 1894
1468970 1894
1468980 1904
1468990 1913
1469000 1913
1469010 1919
1469020 1923
1469030 1923
1469040 1928
1469050 1934
1469060 1941
1469070 1941
1469080 1949
1469090 1956
1469100 1956
1469110 1962
1469120 1969
1469130 1969
1469140 1976
1469150 1983
1469160 1983
1469170 1992
1469180 2000
1469190 2000
1469200 2008
1469210 2017
1469220 2017
1469230 2027
1469240 2038
1469250 2051
1469260 2051
1469270 2060
1469280 2065
1469290 2065
1469300 2069
1469310 2070
1469320 2070
1469330 2072
1469340 2074
1469350 2074
1469360 2074
1469370 2073
1469380 2073
1469390 2073
1469400 2069
1469410 2069
1469420 2064
1469430 2061
1469440 2059
1469450 2059
1469460 2055
1469470 2049
1469480 2049
1469490 2044
1469500 2038
1469510 2038
1469520 2030
1469530 2022
1469540 2022
1469550 2017
1469560 2012
1469570 2012
1469580 2006
1469590 1998
1469600 1998
1469610 1990
1469620 1982
1469630 1972
1469640 1972
1469650 1964
1469660 1956
1469670 1956
1469680 1949
1469690 1942
1469700 1942
1469710 1937
1469720 1932
1469730 1932
1469740 1929
1469750 1925
1469760 1925
1469770 1920
1469780 1913
1469790 1913
1469800 1906
1469810 1900
1469820 1894
1469830 1894
1469840 1888
1469850 1883
1469860 1883
1469870 1879
1469880 1875
1469890 1875
1469900 1870
1469910 1866
1469920 1866
1469930 1861
1469940 1856
1469950 1856
1469960 1852
1469970 1847
1469980 1847
1469990 1841
1470000 1837
1470010 1831
1470020 1831
1470030 1825
1470040 1819
1470050 1819
1470060 1813
1470070 1806
1470080 1806
1470090 1800
1470100 1793
1470110 1793
1470120 1786
1470130 1779
1470140 1779
1470150 1773
1470160 1768
1470170 1768
1470180 1762
1470190 1758
1470200 1753
1470210 1753
1470220 1748
1470230 1743
1470240 1743
1470250 1738
1470260 1733
1470270 1733
1470280 1729
1470290 1724
1470300 1724
1470310 1719
1470320 1713
1470330 1713
1470340 1708
1470350 1703
1470360 1703
1470370 1698
1470380 1694
1470390 1689
1470400 1689
1470410 1684
1470420 1679
1470430 1679
1470440 1675
1470450 1671
1470460 1671
1470470 1667
1470480 1662
1470490 1662
1470500 1658
1470510 1654
1470520 1654
1470530 1649
1470540 1645
1470550 1645
1470560 1640
1470570 1635
1470580 1632
1470590 1632
1470600 1630
1470610 1626
1470620 1626
1470630 1620
1470640 1614
1470650 1614
1470660 1608
1470670 1602
1470680 1602
1470690 1596
1470700 1591
1470710 1591
1470720 1585
1470730 1579
1470740 1579
1470750 1574
1470760 1568
1470770 1561
1470780 1561
1470790 1555
1470800 1549
1470810 1549
1470820 1542
1470830 1537
1470840 1537
1470850 1531
1470860 1528
1470870 1528
1470880 1525
1470890 1522
1470900 1522
1470910 1518
1470920 1513
1470930 1513
1470940 1508
1470950 1504
1470960 1503
1470970 1503
1470980 1504
1470990 1504
1471000 1504
1471010 1503
1471020 1502
1471030 1502
1471040 1506
1471050 1514
1471060 1514
1471070 1521
1471080 1523
1471090 1523
1471100 1519
1471110 1513
1471120 1513
1471130 1507
1471140 1505
1471150 1507
1471160 1507
1471170 1510
1471180 1513
1471190 1513
1471200 1516
1471210 1521
1471220 1521
1471230 1524
1471240 1524
1471250 1524
1471260 1522
1471270 1522
1471280 1522
1471290 1522
1471300 1521
1471310 1521
1471320 1521
1471330 1521
1471340 1519
1471350 1519
1471360 1517
1471370 1516
1471380 1516
1471390 1514
1471400 1513
1471410 1513
1471420 1511
1471430 1510
1471440 1510
1471450 1507
1471460 1505
1471470 1505
1471480 1503
1471490 1500
1471500 1497
1471510 1497
1471520 1497
1471530 1495
1471540 1495
1471550 1492
1471560 1489
1471570 1489
1471580 1487
1471590 1487
1471600 1487
1471610 1488
1471620 1487
1471630 1487
1471640 1483
1471650 1481
1471660 1481
1471670 1479
1471680 1478
1471690 1475
1471700 1475
1471710 1472
1471720 1468
1471730 1468
1471740 1466
1471750 1463
1471760 1463
1471770 1458
1471780 1455
1471790 1455
1471800 1451
1471810 1447
1471820 1447
1471830 1445
1471840 1443
1471850 1443
1471860 1440
1471870 1437
1471880 1432
1471890 1432
1471900 1426
1471910 1420
1471920 1420
1471930 1414
1471940 1409
1471950 1409
1471960 1404
1471970 1400
1471980 1400
1471990 1397
1472000 1396
1472010 1396
1472020 1396
1472030 1397
1472040 1397
1472050 1397
1472060 1399
1472070 1399
1472080 1399
1472090 1397
1472100 1394
1472110 1394
1472120 1390
1472130 1388
1472140 1388
1472150 1386
1472160 1384
1472170 1384
1472180 1381
1472190 1379
1472200 1379
1472210 1377
1472220 1376
1472230 1376
1472240 1374
1472250 1373
1472260 1371
1472270 1371
1472280 1370
1472290 1368
1472300 1368
1472310 1367
1472320 1366
1472330 1366
1472340 1365
1472350 1364
1472360 1364
1472370 1363
1472380 1362
1472390 1362
1472400 1361
1472410 1358
1472420 1358
1472430 1355
1472440 1352
1472450 1350
1472460 1350
1472470 1347
1472480 1344
1472490 1344
1472500 1340
1472510 1337
1472520 1337
1472530 1334
1472540 1332
1472550 1332
1472560 1330
1472570 1327
1472580 1327
1472590 1326
1472600 1324
1472610 1324
1472620 1322
1472630 1320
1472640 1317
1472650 1317
1472660 1315
1472670 1313
1472680 1313
1472690 1313
1472700 1312
1472710 1312
1472720 1309
1472730 1306
1472740 1306
1472750 1302
1472760 1299
1472770 1299
1472780 1295
1472790 1291
1472800 1291
1472810 1286
1472820 1282
1472830 1279
1472840 1279
1472850 1278
1472860 1276
1472870 1276
1472880 1273
1472890 1269
1472900 1269
1472910 1265
1472920 1259
1472930 1259
1472940 1253
1472950 1249
1472960 1249
1472970 1245
1472980 1242
1472990 1242
1473000 1238
1473010 1235
1473020 1232
1473030 1232
1473040 1231
1473050 1230
1473060 1230
1473070 1230
1473080 1229
1473090 1229
1473100 1227
1473110 1225
1473120 1225
1473130 1224
1473140 1223
1473150 1223
1473160 1223
1473170 1222
1473180 1222
1473190 1222
1473200 1221
1473210 1220
1473220 1220
1473230 1218
1473240 1216
1473250 1216
1473260 1213
1473270 1208
1473280 1208
1473290 1202
1473300 1197
1473310 1197
1473320 1193
1473330 1189
1473340 1189
1473350 1184
1473360 1177
1473370 1177
1473380 1168
1473390 1164
1473400 1159
1473410 1159
1473420 1155
1473430 1153
1473440 1153
1473450 1151
1473460 1149
1473470 1149
1473480 1145
1473490 1142
1473500 1142
1473510 1140
1473520 1140
1473530 1140
1473540 1139
1473550 1138
1473560 1138
1473570 1137
1473580 1135
1473590 1133
1473600 1133
1473610 1130
1473620 1127
1473630 1127
1473640 1121
1473650 1113
1473660 1113
1473670 1106
1473680 1105
1473690 1105
1473700 1105
1473710 1099
1473720 1099
1473730 1095
1473740 1092
1473750 1092
1473760 1088
1473770 1081
1473780 1073
1473790 1073
1473800 1067
1473810 1061
1473820 1061
1473830 1056
1473840 1051
1473850 1051
1473860 1046
1473870 1041
1473880 1041
1473890 1035
1473900 1029
1473910 1029
1473920 1023
1473930 1018
1473940 1018
1473950 1012
1473960 1006
1473970 1001
1473980 1001
1473990 995
1474000 990
1474010 990
1474020 985
1474030 981
1474040 981
1474050 980
1474060 981
1474070 981
1474080 979
1474090 976
1474100 976
1474110 972
1474120 968
1474130 968
1474140 964
1474150 960
1474160 955
1474170 955
1474180 951
1474190 947
1474200 947
1474210 944
1474220 941
1474230 941
1474240 938
1474250 935
1474260 935
1474270 931
1474280 928
1474290 928
1474300 924
1474310 921
1474320 921
1474330 918
1474340 915
1474350 912
1474360 912
1474370 911
1474380 908
1474390 908
1474400 904
1474410 900
1474420 900
1474430 898
1474440 893
1474450 893
1474460 886
1474470 882
1474480 882
1474490 879
1474500 877
1474510 877
1474520 875
1474530 872
1474540 870
1474550 870
1474560 867
1474570 865
1474580 865
1474590 862
1474600 859
1474610 859
1474620 854
1474630 849
1474640 849
1474650 843
1474660 838
1474670 838
1474680 834
1474690 829
1474700 829
1474710 824
1474720 819
1474730 816
1474740 816
1474750 813
1474760 809
1474770 809
1474780 806
1474790 802
1474800 802
1474810 796
1474820 790
1474830 790
1474840 784
1474850 778
1474860 778
1474870 771
1474880 764
1474890 764
1474900 755
1474910 747
1474920 742
1474930 742
1474940 738
1474950 735
1474960 735
1474970 733
1474980 730
1474990 730
1475000 727
1475010 724
1475020 724
1475030 722
1475040 720
1475050 720
1475060 719
1475070 718
1475080 718
1475090 717
1475100 716
1475110 715
1475120 715
1475130 714
1475140 714
1475150 714
1475160 713
1475170 713
1475180 713
1475190 712
1475200 711
1475210 711
1475220 709
1475230 707
1475240 707
1475250 706
1475260 705
1475270 705
1475280 704
1475290 703
1475300 701
1475310 701
1475320 700
1475330 699
1475340 699
1475350 698
1475360 697
1475370 697
1475380 696
1475390 695
1475400 695
1475410 694
1475420 692
1475430 692
1475440 691
1475450 690
1475460 690
1475470 689
1475480 688
1475490 688
1475500 688
1475510 687
1475520 685
1475530 685
1475540 684
1475550 683
1475560 683
1475570 681
1475580 680
1475590 680
1475600 678
1475610 677
1475620 677
1475630 676
1475640 675
1475650 675
1475660 674
1475670 672
1475680 671
1475690 671
1475700 670
1475710 669
1475720 669
1475730 668
1475740 666
1475750 666
1475760 665
1475770 664
1475780 664
1475790 663
1475800 662
1475810 662
1475820 661
1475830 659
1475840 659
1475850 658
1475860 657
1475870 656
1475880 656
1475890 655
1475900 652
1475910 652
1475920 651
1475930 650
1475940 650
1475950 649
1475960 648
1475970 648
1475980 647
1475990 646
1476000 646
1476010 643
1476020 641
1476030 641
1476040 641
1476050 641
1476060 640
1476070 640
1476080 641
1476090 641
1476100 641
1476110 640
1476120 640
1476130 640
1476140 640
1476150 640
1476160 640
1476170 640
1476180 640
1476190 640
1476200 640
1476210 640
1476220 638
1476230 638
1476240 637
1476250 637
1476260 637
1476270 637
1476280 638
1476290 638
1476300 639
1476310 639
1476320 639
1476330 639
1476340 639
1476350 639
1476360 639
1476370 639
1476380 639
1476390 639
1476400 640
1476410 641
1476420 641
1476430 642
1476440 643
1476450 643
1476460 644
1476470 645
1476480 645
1476490 645
1476500 646
1476510 646
1476520 647
1476530 648
1476540 648
1476550 650
1476560 651
1476570 651
1476580 652
1476590 654
1476600 656
1476610 656
1476620 658
1476630 659
1476640 659
1476650 659
1476660 662
1476670 662
1476680 663
1476690 664
1476700 664
1476710 667
1476720 671
1476730 671
1476740 673
1476750 675
1476760 675
1476770 676
1476780 678
1476790 681
1476800 681
1476810 683
1476820 685
1476830 685
1476840 688
1476850 690
1476860 690
1476870 692
1476880 695
1476890 695
1476900 698
1476910 703
1476920 703
1476930 705
1476940 708
1476950 708
1476960 710
1476970 713
1476980 717
1476990 717
1477000 723
1477010 729
1477020 729
1477030 735
1477040 743
1477050 743
1477060 750
1477070 759
1477080 759
1477090 767
1477100 771
1477110 771
1477120 773
1477130 774
1477140 774
1477150 772
1477160 771
1477170 775
1477180 775
1477190 781
1477200 786
1477210 786
1477220 788
1477230 790
1477240 790
1477250 789
1477260 789
1477270 789
1477280 789
1477290 788
1477300 788
1477310 785
1477320 784
1477330 784
1477340 784
1477350 785
1477360 786
1477370 786
1477380 786
1477390 787
1477400 787
1477410 787
1477420 791
1477430 791
1477440 798
1477450 806
1477460 806
1477470 813
1477480 820
1477490 820
1477500 826
1477510 832
1477520 832
1477530 840
1477540 847
1477550 855
1477560 855
1477570 862
1477580 867
1477590 867
1477600 869
1477610 871
1477620 871
1477630 872
1477640 874
1477650 874
1477660 878
1477670 881
1477680 881
1477690 882
1477700 883
1477710 883
1477720 886
1477730 889
1477740 892
1477750 892
1477760 893
1477770 895
1477780 895
1477790 898
1477800 901
1477810 901
1477820 905
1477830 909
1477840 909
1477850 914
1477860 919
1477870 919
1477880 921
1477890 924
1477900 924
1477910 926
1477920 931
1477930 935
1477940 935
1477950 938
1477960 942
1477970 942
1477980 946
1477990 951
1478000 951
1478010 956
1478020 960
1478030 960
1478040 964
1478050 968
1478060 968
1478070 973
1478080 973
1478090 973
1478100 971
1478110 975
1478120 982
1478130 982
1478140 989
1478150 995
1478160 995
1478170 999
1478180 1002
1478190 1002
1478200 1005
1478210 1008
1478220 1008
1478230 1010
1478240 1014
1478250 1014
1478260 1017
1478270 1021
1478280 1021
1478290 1025
1478300 1028
1478310 1031
1478320 1031
1478330 1033
1478340 1034
1478350 1034
1478360 1036
1478370 1037
1478380 1037
1478390 1039
1478400 1042
1478410 1042
1478420 1046
1478430 1050
1478440 1050
1478450 1053
1478460 1057
1478470 1057
1478480 1061
1478490 1064
1478500 1068
1478510 1068
1478520 1073
1478530 1079
1478540 1079
1478550 1084
1478560 1088
1478570 1088
1478580 1091
1478590 1093
1478600 1093
1478610 1095
1478620 1098
1478630 1098
1478640 1102
1478650 1108
1478660 1108
1478670 1113
1478680 1118
1478690 1124
1478700 1124
1478710 1130
1478720 1137
1478730 1137
1478740 1143
1478750 1142
1478760 1142
1478770 1137
1478780 1129
1478790 1129
1478800 1128
1478810 1137
1478820 1137
1478830 1149
1478840 1157
1478850 1157
1478860 1164
1478870 1165
1478880 1168
1478890 1168
1478900 1172
1478910 1176
1478920 1176
1478930 1181
1478940 1185
1478950 1185
1478960 1188
1478970 1192
1478980 1192
1478990 1195
1479000 1199
1479010 1199
1479020 1204
1479030 1208
1479040 1208
1479050 1208
1479060 1212
1479070 1218
1479080 1218
1479090 1225
1479100 1231
1479110 1231
1479120 1235
1479130 1237
1479140 1237
1479150 1237
1479160 1236
1479170 1236
1479180 1238
1479190 1246
1479200 1246
1479210 1252
1479220 1260
1479230 1260
1479240 1265
1479250 1269
1479260 1272
1479270 1272
1479280 1274
1479290 1276
1479300 1276
1479310 1276
1479320 1272
1479330 1272
1479340 1269
1479350 1274
1479360 1274
1479370 1281
1479380 1288
1479390 1288
1479400 1292
1479410 1297
1479420 1297
1479430 1303
1479440 1311
1479450 1320
1479460 1320
1479470 1334
1479480 1343
1479490 1343
1479500 1349
1479510 1356
1479520 1356
1479530 1362
1479540 1369
1479550 1369
1479560 1374
1479570 1379
1479580 1379
1479590 1384
1479600 1389
1479610 1389
1479620 1394
1479630 1399
1479640 1404
1479650 1404
1479660 1408
1479670 1413
1479680 1413
1479690 1418
1479700 1422
1479710 1422
1479720 1426
1479730 1431
1479740 1431
1479750 1435
1479760 1442
1479770 1442
1479780 1450
1479790 1457
1479800 1457
1479810 1464
1479820 1473
1479830 1485
1479840 1485
1479850 1497
1479860 1509
1479870 1509
1479880 1519
1479890 1528
1479900 1528
1479910 1535
1479920 1539
1479930 1539
1479940 1541
1479950 1543
1479960 1543
1479970 1545
1479980 1546
1479990 1546
