1460000 1690
1460010 1691
1460020 1691
1460030 1690
1460040 1684
1460050 1684
1460060 1677
1460070 1677
1460080 1677
1460090 1682
1460100 1681
1460110 1681
1460120 1681
1460130 1679
1460140 1679
1460150 1679
1460160 1676
1460170 1676
1460180 1676
1460190 1674
1460200 1671
1460210 1671
1460220 1666
1460230 1672
1460240 1672
1460250 1673
1460260 1670
1460270 1670
1460280 1666
1460290 1667
1460300 1670
1460310 1670
1460320 1673
1460330 1677
1460340 1677
1460350 1681
1460360 1683
1460370 1683
1460380 1686
1460390 1690
1460400 1690
1460410 1694
1460420 1699
1460430 1699
1460440 1703
1460450 1707
1460460 1707
1460470 1713
1460480 1718
1460490 1718
1460500 1722
1460510 1725
1460520 1728
1460530 1728
1460540 1729
1460550 1729
1460560 1729
1460570 1729
1460580 1729
1460590 1729
1460600 1728
1460610 1728
1460620 1728
1460630 1727
1460640 1726
1460650 1726
1460660 1728
1460670 1731
1460680 1731
1460690 1735
1460700 1740
1460710 1745
1460720 1745
1460730 1750
1460740 1752
1460750 1752
1460760 1756
1460770 1761
1460780 1761
1460790 1765
1460800 1771
1460810 1771
1460820 1776
1460830 1782
1460840 1782
1460850 1788
1460860 1794
1460870 1794
1460880 1802
1460890 1810
1460900 1820
1460910 1820
1460920 1834
1460930 1840
1460940 1840
1460950 1844
1460960 1847
1460970 1847
1460980 1849
1460990 1847
1461000 1847
1461010 1837
1461020 1824
1461030 1824
1461040 1816
1461050 1807
1461060 1807
1461070 1798
1461080 1790
1461090 1784
1461100 1784
1461110 1777
1461120 1771
1461130 1771
1461140 1764
1461150 1757
1461160 1757
1461170 1748
1461180 1740
1461190 1740
1461200 1733
1461210 1726
1461220 1726
1461230 1719
1461240 1712
1461250 1712
1461260 1703
1461270 1693
1461280 1681
1461290 1681
1461300 1671
1461310 1661
1461320 1661
1461330 1651
1461340 1639
1461350 1639
1461360 1628
1461370 1618
1461380 1618
1461390 1607
1461400 1597
1461410 1597
1461420 1586
1461430 1575
1461440 1575
1461450 1567
1461460 1560
1461470 1554
1461480 1554
1461490 1549
1461500 1544
1461510 1544
1461520 1538
1461530 1532
1461540 1532
1461550 1526
1461560 1519
1461570 1519
1461580 1514
1461590 1509
1461600 1509
1461610 1504
1461620 1498
1461630 1498
1461640 1493
1461650 1489
1461660 1485
1461670 1485
1461680 1482
1461690 1480
1461700 1480
1461710 1478
1461720 1476
1461730 1476
1461740 1472
1461750 1468
1461760 1468
1461770 1464
1461780 1458
1461790 1458
1461800 1454
1461810 1450
1461820 1450
1461830 1445
1461840 1440
1461850 1434
1461860 1434
1461870 1427
1461880 1420
1461890 1420
1461900 1412
1461910 1405
1461920 1405
1461930 1397
1461940 1388
1461950 1388
1461960 1380
1461970 1371
1461980 1371
1461990 1364
1462000 1356
1462010 1356
1462020 1348
1462030 1341
1462040 1334
1462050 1334
1462060 1327
1462070 1320
1462080 1320
1462090 1314
1462100 1306
1462110 1306
1462120 1300
1462130 1296
1462140 1296
1462150 1292
1462160 1285
1462170 1285
1462180 1278
1462190 1271
1462200 1271
1462210 1264
1462220 1258
1462230 1253
1462240 1253
1462250 1247
1462260 1241
1462270 1241
1462280 1235
1462290 1228
1462300 1228
1462310 1221
1462320 1213
1462330 1213
1462340 1206
1462350 1200
1462360 1200
1462370 1193
1462380 1185
1462390 1185
1462400 1177
1462410 1169
1462420 1162
1462430 1162
1462440 1154
1462450 1146
1462460 1146
1462470 1138
1462480 1134
1462490 1134
1462500 1131
1462510 1129
1462520 1129
1462530 1131
1462540 1132
1462550 1132
1462560 1135
1462570 1141
1462580 1141
1462590 1146
1462600 1148
1462610 1149
1462620 1149
1462630 1154
1462640 1162
1462650 1162
1462660 1169
1462670 1175
1462680 1175
1462690 1180
1462700 1184
1462710 1184
1462720 1190
1462730 1196
1462740 1196
1462750 1203
1462760 1209
1462770 1209
1462780 1211
1462790 1214
1462800 1216
1462810 1216
1462820 1220
1462830 1230
1462840 1230
1462850 1244
1462860 1260
1462870 1260
1462880 1283
1462890 1306
1462900 1306
1462910 1328
1462920 1349
1462930 1349
1462940 1371
1462950 1391
1462960 1391
1462970 1411
1462980 1429
1462990 1439
1463000 1439
1463010 1447
1463020 1456
1463030 1456
1463040 1463
1463050 1469
1463060 1469
1463070 1474
1463080 1479
1463090 1479
1463100 1485
1463110 1487
1463120 1487
1463130 1486
1463140 1491
1463150 1491
1463160 1504
1463170 1513
1463180 1519
1463190 1519
1463200 1528
1463210 1537
1463220 1537
1463230 1548
1463240 1557
1463250 1557
1463260 1570
1463270 1582
1463280 1582
1463290 1591
1463300 1599
1463310 1599
1463320 1610
1463330 1619
1463340 1619
1463350 1628
1463360 1637
1463370 1648
1463380 1648
1463390 1659
1463400 1670
1463410 1670
1463420 1679
1463430 1688
1463440 1688
1463450 1698
1463460 1707
1463470 1707
1463480 1717
1463490 1730
1463500 1730
1463510 1740
1463520 1750
1463530 1750
1463540 1757
1463550 1764
1463560 1772
1463570 1772
1463580 1779
1463590 1786
1463600 1786
1463610 1790
1463620 1791
1463630 1791
1463640 1792
1463650 1793
1463660 1793
1463670 1792
1463680 1792
1463690 1792
1463700 1790
1463710 1786
1463720 1786
1463730 1787
1463740 1788
1463750 1787
1463760 1787
1463770 1784
1463780 1780
1463790 1780
1463800 1775
1463810 1768
1463820 1768
1463830 1776
1463840 1794
1463850 1794
1463860 1804
1463870 1821
1463880 1821
1463890 1847
1463900 1866
1463910 1866
1463920 1877
1463930 1882
1463940 1885
1463950 1885
1463960 1886
1463970 1887
1463980 1887
1463990 1888
1464000 1886
1464010 1886
1464020 1882
1464030 1879
1464040 1879
1464050 1876
1464060 1875
1464070 1875
1464080 1873
1464090 1875
1464100 1875
1464110 1876
1464120 1878
1464130 1879
1464140 1879
1464150 1879
1464160 1879
1464170 1879
1464180 1880
1464190 1880
1464200 1880
1464210 1879
1464220 1880
1464230 1880
1464240 1885
1464250 1888
1464260 1888
1464270 1888
1464280 1885
1464290 1885
1464300 1881
1464310 1875
1464320 1868
1464330 1868
1464340 1860
1464350 1858
1464360 1858
1464370 1858
1464380 1856
1464390 1856
1464400 1854
1464410 1852
1464420 1852
1464430 1851
1464440 1851
1464450 1851
1464460 1851
1464470 1851
1464480 1851
1464490 1850
1464500 1849
1464510 1848
1464520 1848
1464530 1844
1464540 1840
1464550 1840
1464560 1837
1464570 1833
1464580 1833
1464590 1828
1464600 1825
1464610 1825
1464620 1827
1464630 1828
1464640 1828
1464650 1830
1464660 1830
1464670 1830
1464680 1829
1464690 1829
1464700 1828
1464710 1828
1464720 1826
1464730 1825
1464740 1825
1464750 1825
1464760 1825
1464770 1825
1464780 1826
1464790 1825
1464800 1825
1464810 1826
1464820 1829
1464830 1829
1464840 1832
1464850 1829
1464860 1829
1464870 1830
1464880 1833
1464890 1842
1464900 1842
1464910 1859
1464920 1877
1464930 1877
1464940 1889
1464950 1899
1464960 1899
1464970 1902
1464980 1903
1464990 1903
1465000 1903
1465010 1907
1465020 1907
1465030 1910
1465040 1914
1465050 1914
1465060 1918
1465070 1925
1465080 1932
1465090 1932
1465100 1943
1465110 1957
1465120 1957
1465130 1970
1465140 1980
1465150 1980
1465160 1988
1465170 1995
1465180 1995
1465190 1999
1465200 2005
1465210 2005
1465220 2005
1465230 2004
1465240 2004
1465250 2013
1465260 2013
1465270 2012
1465280 2012
1465290 2012
1465300 2012
1465310 2012
1465320 2012
1465330 2013
1465340 2013
1465350 2014
1465360 2014
1465370 2014
1465380 2014
1465390 2015
1465400 2015
1465410 2016
1465420 2017
1465430 2017
1465440 2017
1465450 2018
1465460 2019
1465470 2019
1465480 2018
1465490 2018
1465500 2018
1465510 2018
1465520 2018
1465530 2018
1465540 2014
1465550 2011
1465560 2011
1465570 2011
1465580 2008
1465590 2008
1465600 2004
1465610 2001
1465620 2001
1465630 1998
1465640 1995
1465650 1992
1465660 1992
1465670 1990
1465680 1986
1465690 1986
1465700 1984
1465710 1982
1465720 1982
1465730 1979
1465740 1978
1465750 1978
1465760 1979
1465770 1980
1465780 1980
1465790 1981
1465800 1981
1465810 1981
1465820 1976
1465830 1969
1465840 1962
1465850 1962
1465860 1953
1465870 1945
1465880 1945
1465890 1937
1465900 1928
1465910 1928
1465920 1919
1465930 1908
1465940 1908
1465950 1898
1465960 1888
1465970 1888
1465980 1879
1465990 1869
1466000 1869
1466010 1859
1466020 1849
1466030 1840
1466040 1840
1466050 1832
1466060 1823
1466070 1823
1466080 1815
1466090 1806
1466100 1806
1466110 1798
1466120 1790
1466130 1790
1466140 1782
1466150 1774
1466160 1774
1466170 1767
1466180 1760
1466190 1760
1466200 1754
1466210 1747
1466220 1741
1466230 1741
1466240 1735
1466250 1730
1466260 1730
1466270 1724
1466280 1721
1466290 1721
1466300 1718
1466310 1714
1466320 1714
1466330 1713
1466340 1711
1466350 1711
1466360 1708
1466370 1707
1466380 1707
1466390 1708
1466400 1709
1466410 1708
1466420 1708
1466430 1709
1466440 1709
1466450 1709
1466460 1708
1466470 1707
1466480 1707
1466490 1705
1466500 1701
1466510 1701
1466520 1699
1466530 1698
1466540 1698
1466550 1698
1466560 1696
1466570 1696
1466580 1694
1466590 1693
1466600 1692
1466610 1692
1466620 1690
1466630 1688
1466640 1688
1466650 1686
1466660 1683
1466670 1683
1466680 1682
1466690 1681
1466700 1681
1466710 1681
1466720 1684
1466730 1684
1466740 1686
1466750 1687
1466760 1687
1466770 1690
1466780 1691
1466790 1692
1466800 1692
1466810 1697
1466820 1710
1466830 1710
1466840 1717
1466850 1718
1466860 1718
1466870 1720
1466880 1721
1466890 1721
1466900 1721
1466910 1721
1466920 1721
1466930 1720
1466940 1718
1466950 1718
1466960 1717
1466970 1716
1466980 1715
1466990 1715
1467000 1716
1467010 1718
1467020 1718
1467030 1720
1467040 1721
1467050 1721
1467060 1722
1467070 1722
1467080 1722
1467090 1720
1467100 1719
1467110 1719
1467120 1718
1467130 1716
1467140 1716
1467150 1713
1467160 1710
1467170 1708
1467180 1708
1467190 1706
1467200 1705
1467210 1705
1467220 1703
1467230 1701
1467240 1701
1467250 1698
1467260 1696
1467270 1696
1467280 1693
1467290 1692
1467300 1692
1467310 1690
1467320 1688
1467330 1688
1467340 1686
1467350 1683
1467360 1681
1467370 1681
1467380 1678
1467390 1676
1467400 1676
1467410 1673
1467420 1671
1467430 1671
1467440 1669
1467450 1667
1467460 1667
1467470 1665
1467480 1663
1467490 1663
1467500 1661
1467510 1660
1467520 1660
1467530 1659
1467540 1658
1467550 1656
1467560 1656
1467570 1654
1467580 1650
1467590 1650
1467600 1647
1467610 1643
1467620 1643
1467630 1641
1467640 1638
1467650 1638
1467660 1635
1467670 1633
1467680 1633
1467690 1632
1467700 1631
1467710 1631
1467720 1632
1467730 1631
1467740 1631
1467750 1630
1467760 1628
1467770 1626
1467780 1626
1467790 1623
1467800 1620
1467810 1620
1467820 1617
1467830 1614
1467840 1614
1467850 1612
1467860 1609
1467870 1609
1467880 1607
1467890 1605
1467900 1605
1467910 1604
1467920 1601
1467930 1601
1467940 1598
1467950 1595
1467960 1593
1467970 1593
1467980 1592
1467990 1590
1468000 1590
1468010 1587
1468020 1584
1468030 1584
1468040 1579
1468050 1575
1468060 1575
1468070 1573
1468080 1571
1468090 1571
1468100 1569
1468110 1568
1468120 1568
1468130 1566
1468140 1564
1468150 1562
1468160 1562
1468170 1561
1468180 1560
1468190 1560
1468200 1558
1468210 1555
1468220 1555
1468230 1552
1468240 1549
1468250 1549
1468260 1546
1468270 1542
1468280 1542
1468290 1539
1468300 1537
1468310 1537
1468320 1535
1468330 1533
1468340 1530
1468350 1530
1468360 1527
1468370 1523
1468380 1523
1468390 1516
1468400 1510
1468410 1510
1468420 1505
1468430 1500
1468440 1500
1468450 1495
1468460 1491
1468470 1491
1468480 1487
1468490 1482
1468500 1482
1468510 1477
1468520 1472
1468530 1467
1468540 1467
1468550 1462
1468560 1456
1468570 1456
1468580 1448
1468590 1441
1468600 1441
1468610 1435
1468620 1428
1468630 1428
1468640 1425
1468650 1423
1468660 1423
1468670 1420
1468680 1415
1468690 1415
1468700 1408
1468710 1401
1468720 1396
1468730 1396
1468740 1391
1468750 1386
1468760 1386
1468770 1379
1468780 1373
1468790 1373
1468800 1367
1468810 1362
1468820 1362
1468830 1358
1468840 1351
1468850 1351
1468860 1344
1468870 1336
1468880 1336
1468890 1327
1468900 1320
1468910 1311
1468920 1311
1468930 1303
1468940 1294
1468950 1294
1468960 1286
1468970 1279
1468980 1279
1468990 1272
1469000 1265
1469010 1265
1469020 1259
1469030 1252
1469040 1252
1469050 1245
1469060 1239
1469070 1239
1469080 1233
1469090 1226
1469100 1217
1469110 1217
1469120 1208
1469130 1203
1469140 1203
1469150 1197
1469160 1191
1469170 1191
1469180 1183
1469190 1177
1469200 1177
1469210 1171
1469220 1165
1469230 1165
1469240 1159
1469250 1152
1469260 1152
1469270 1146
1469280 1138
1469290 1131
1469300 1131
1469310 1125
1469320 1117
1469330 1117
1469340 1111
1469350 1104
1469360 1104
1469370 1095
1469380 1088
1469390 1088
1469400 1079
1469410 1074
1469420 1074
1469430 1072
1469440 1074
1469450 1074
1469460 1076
1469470 1077
1469480 1082
1469490 1082
1469500 1086
1469510 1089
1469520 1089
1469530 1094
1469540 1102
1469550 1102
1469560 1106
1469570 1112
1469580 1112
1469590 1121
1469600 1129
1469610 1129
1469620 1136
1469630 1142
1469640 1142
1469650 1147
1469660 1154
1469670 1168
1469680 1168
1469690 1179
1469700 1185
1469710 1185
1469720 1190
1469730 1194
1469740 1194
1469750 1197
1469760 1201
1469770 1201
1469780 1204
1469790 1206
1469800 1206
1469810 1209
1469820 1213
1469830 1213
1469840 1217
1469850 1220
1469860 1223
1469870 1223
1469880 1227
1469890 1231
1469900 1231
1469910 1235
1469920 1236
1469930 1236
1469940 1235
1469950 1235
1469960 1235
1469970 1233
1469980 1231
1469990 1231
1470000 1229
1470010 1227
1470020 1227
1470030 1226
1470040 1224
1470050 1222
1470060 1222
1470070 1220
1470080 1218
1470090 1218
1470100 1216
1470110 1213
1470120 1213
1470130 1210
1470140 1209
1470150 1209
1470160 1208
1470170 1205
1470180 1205
1470190 1203
1470200 1203
1470210 1203
1470220 1202
1470230 1200
1470240 1198
1470250 1198
1470260 1196
1470270 1194
1470280 1194
1470290 1192
1470300 1190
1470310 1190
1470320 1188
1470330 1185
1470340 1185
1470350 1181
1470360 1176
1470370 1176
1470380 1171
1470390 1166
1470400 1166
1470410 1162
1470420 1158
1470430 1155
1470440 1155
1470450 1152
1470460 1150
1470470 1150
1470480 1146
1470490 1142
1470500 1142
1470510 1137
1470520 1131
1470530 1131
1470540 1126
1470550 1122
1470560 1122
1470570 1119
1470580 1115
1470590 1115
1470600 1111
1470610 1109
1470620 1105
1470630 1105
1470640 1102
1470650 1100
1470660 1100
1470670 1098
1470680 1095
1470690 1095
1470700 1092
1470710 1087
1470720 1087
1470730 1084
1470740 1082
1470750 1082
1470760 1078
1470770 1075
1470780 1075
1470790 1072
1470800 1070
1470810 1067
1470820 1067
1470830 1065
1470840 1060
1470850 1060
1470860 1056
1470870 1053
1470880 1053
1470890 1047
1470900 1043
1470910 1043
1470920 1039
1470930 1035
1470940 1035
1470950 1031
1470960 1027
1470970 1027
1470980 1024
1470990 1021
1471000 1018
1471010 1018
1471020 1014
1471030 1010
1471040 1010
1471050 1006
1471060 1003
1471070 1003
1471080 1001
1471090 1000
1471100 1000
1471110 1000
1471120 998
1471130 998
1471140 995
1471150 991
1471160 991
1471170 985
1471180 982
1471190 977
1471200 977
1471210 978
1471220 977
1471230 977
1471240 975
1471250 973
1471260 973
1471270 970
1471280 966
1471290 966
1471300 965
1471310 962
1471320 962
1471330 959
1471340 957
1471350 957
1471360 955
1471370 953
1471380 950
1471390 950
1471400 948
1471410 945
1471420 945
1471430 938
1471440 930
1471450 930
1471460 928
1471470 926
1471480 926
1471490 922
1471500 918
1471510 918
1471520 915
1471530 912
1471540 912
1471550 908
1471560 902
1471570 899
1471580 899
1471590 895
1471600 892
1471610 892
1471620 892
1471630 891
1471640 891
1471650 889
1471660 887
1471670 887
1471680 880
1471690 873
1471700 873
1471710 872
1471720 869
1471730 869
1471740 865
1471750 861
1471760 860
1471770 860
1471780 859
1471790 856
1471800 856
1471810 852
1471820 848
1471830 848
1471840 843
1471850 837
1471860 837
1471870 833
1471880 829
1471890 829
1471900 825
1471910 818
1471920 818
1471930 810
1471940 806
1471950 803
1471960 803
1471970 801
1471980 799
1471990 799
1472000 797
1472010 794
1472020 794
1472030 792
1472040 788
1472050 788
1472060 786
1472070 784
1472080 784
1472090 781
1472100 779
1472110 779
1472120 776
1472130 774
1472140 772
1472150 772
1472160 771
1472170 769
1472180 769
1472190 767
1472200 765
1472210 765
1472220 762
1472230 760
1472240 760
1472250 758
1472260 756
1472270 756
1472280 754
1472290 752
1472300 752
1472310 750
1472320 748
1472330 746
1472340 746
1472350 745
1472360 743
1472370 743
1472380 741
1472390 739
1472400 739
1472410 738
1472420 736
1472430 736
1472440 735
1472450 734
1472460 734
1472470 732
1472480 730
1472490 730
1472500 729
1472510 728
1472520 728
1472530 728
1472540 728
1472550 727
1472560 727
1472570 723
1472580 717
1472590 717
1472600 713
1472610 710
1472620 710
1472630 706
1472640 703
1472650 703
1472660 699
1472670 694
1472680 694
1472690 690
1472700 685
1472710 681
1472720 681
1472730 677
1472740 675
1472750 675
1472760 674
1472770 673
1472780 673
1472790 673
1472800 672
1472810 672
1472820 672
1472830 672
1472840 672
1472850 672
1472860 672
1472870 672
1472880 672
1472890 672
1472900 672
1472910 672
1472920 672
1472930 672
1472940 672
1472950 672
1472960 673
1472970 673
1472980 673
1472990 673
1473000 673
1473010 673
1473020 673
1473030 673
1473040 673
1473050 673
1473060 673
1473070 672
1473080 672
1473090 672
1473100 672
1473110 671
1473120 671
1473130 671
1473140 670
1473150 669
1473160 669
1473170 670
1473180 670
1473190 670
1473200 669
1473210 669
1473220 669
1473230 668
1473240 667
1473250 667
1473260 666
1473270 665
1473280 665
1473290 665
1473300 664
1473310 663
1473320 663
1473330 662
1473340 660
1473350 660
1473360 659
1473370 658
1473380 658
1473390 658
1473400 656
1473410 656
1473420 655
1473430 655
1473440 655
1473450 655
1473460 659
1473470 661
1473480 661
1473490 661
1473500 662
1473510 662
1473520 662
1473530 663
1473540 663
1473550 664
1473560 664
1473570 664
1473580 665
1473590 666
1473600 666
1473610 667
1473620 667
1473630 667
1473640 667
1473650 667
1473660 668
1473670 668
1473680 669
1473690 669
1473700 669
1473710 670
1473720 670
1473730 670
1473740 671
1473750 671
1473760 671
1473770 672
1473780 672
1473790 672
1473800 673
1473810 673
1473820 673
1473830 674
1473840 674
1473850 675
1473860 675
1473870 676
1473880 676
1473890 676
1473900 677
1473910 676
1473920 676
1473930 676
1473940 677
1473950 677
1473960 678
1473970 680
1473980 680
1473990 680
1474000 680
1474010 680
1474020 681
1474030 681
1474040 681
1474050 681
1474060 681
1474070 682
1474080 682
1474090 683
1474100 683
1474110 683
1474120 684
1474130 684
1474140 684
1474150 685
1474160 685
1474170 685
1474180 685
1474190 685
1474200 685
1474210 686
1474220 687
1474230 688
1474240 688
1474250 689
1474260 690
1474270 690
1474280 690
1474290 691
1474300 691
1474310 691
1474320 692
1474330 692
1474340 693
1474350 692
1474360 692
1474370 693
1474380 694
1474390 694
1474400 696
1474410 697
1474420 698
1474430 698
1474440 698
1474450 699
1474460 699
1474470 700
1474480 701
1474490 701
1474500 703
1474510 704
1474520 704
1474530 704
1474540 705
1474550 705
1474560 706
1474570 707
1474580 707
1474590 708
1474600 709
1474610 711
1474620 711
1474630 711
1474640 712
1474650 712
1474660 713
1474670 714
1474680 714
1474690 714
1474700 714
1474710 714
1474720 715
1474730 716
1474740 716
1474750 718
1474760 719
1474770 719
1474780 720
1474790 720
1474800 721
1474810 721
1474820 723
1474830 723
1474840 723
1474850 724
1474860 724
1474870 724
1474880 723
1474890 722
1474900 722
1474910 721
1474920 720
1474930 720
1474940 718
1474950 718
1474960 718
1474970 719
1474980 721
1474990 723
1475000 723
1475010 727
1475020 733
1475030 733
1475040 738
1475050 743
1475060 743
1475070 747
1475080 751
1475090 751
1475100 755
1475110 759
1475120 759
1475130 764
1475140 769
1475150 769
1475160 774
1475170 779
1475180 784
1475190 784
1475200 789
1475210 793
1475220 793
1475230 798
1475240 803
1475250 803
1475260 808
1475270 813
1475280 813
1475290 818
1475300 823
1475310 823
1475320 828
1475330 833
1475340 833
1475350 838
1475360 842
1475370 845
1475380 845
1475390 846
1475400 847
1475410 847
1475420 849
1475430 852
1475440 852
1475450 855
1475460 858
1475470 858
1475480 862
1475490 865
1475500 865
1475510 869
1475520 870
1475530 870
1475540 868
1475550 864
1475560 864
1475570 860
1475580 855
1475590 853
1475600 853
1475610 854
1475620 858
1475630 858
1475640 864
1475650 871
1475660 871
1475670 877
1475680 881
1475690 881
1475700 884
1475710 887
1475720 887
1475730 891
1475740 896
1475750 896
1475760 899
1475770 899
1475780 899
1475790 899
1475800 901
1475810 906
1475820 906
1475830 911
1475840 915
1475850 915
1475860 918
1475870 922
1475880 922
1475890 928
1475900 934
1475910 934
1475920 940
1475930 945
1475940 945
1475950 949
1475960 953
1475970 957
1475980 957
1475990 962
1476000 969
1476010 969
1476020 974
1476030 977
1476040 977
1476050 981
1476060 987
1476070 987
1476080 993
1476090 1000
1476100 1000
1476110 1005
1476120 1009
1476130 1009
1476140 1013
1476150 1018
1476160 1021
1476170 1021
1476180 1024
1476190 1026
1476200 1026
1476210 1029
1476220 1034
1476230 1034
1476240 1040
1476250 1044
1476260 1044
1476270 1047
1476280 1048
1476290 1048
1476300 1049
1476310 1051
1476320 1051
1476330 1052
1476340 1053
1476350 1056
1476360 1056
1476370 1059
1476380 1062
1476390 1062
1476400 1064
1476410 1068
1476420 1068
1476430 1071
1476440 1075
1476450 1075
1476460 1078
1476470 1081
1476480 1081
1476490 1085
1476500 1089
1476510 1089
1476520 1094
1476530 1098
1476540 1101
1476550 1101
1476560 1104
1476570 1109
1476580 1109
1476590 1112
1476600 1117
1476610 1117
1476620 1123
1476630 1129
1476640 1129
1476650 1134
1476660 1140
1476670 1140
1476680 1146
1476690 1151
1476700 1151
1476710 1156
1476720 1161
1476730 1165
1476740 1165
1476750 1169
1476760 1173
1476770 1173
1476780 1178
1476790 1182
1476800 1182
1476810 1187
1476820 1192
1476830 1192
1476840 1198
1476850 1204
1476860 1204
1476870 1210
1476880 1216
1476890 1216
1476900 1223
1476910 1230
1476920 1238
1476930 1238
1476940 1245
1476950 1253
1476960 1253
1476970 1263
1476980 1273
1476990 1273
1477000 1281
1477010 1288
1477020 1288
1477030 1295
1477040 1306
1477050 1306
1477060 1317
1477070 1324
1477080 1324
1477090 1327
1477100 1330
1477110 1333
1477120 1333
1477130 1337
1477140 1341
1477150 1341
1477160 1346
1477170 1351
1477180 1351
1477190 1358
1477200 1363
1477210 1363
1477220 1368
1477230 1372
1477240 1372
1477250 1376
1477260 1380
1477270 1380
1477280 1384
1477290 1389
1477300 1395
1477310 1395
1477320 1402
1477330 1410
1477340 1410
1477350 1419
1477360 1428
1477370 1428
1477380 1436
1477390 1443
1477400 1443
1477410 1449
1477420 1456
1477430 1456
1477440 1462
1477450 1468
1477460 1468
1477470 1473
1477480 1481
1477490 1488
1477500 1488
1477510 1494
1477520 1499
1477530 1499
1477540 1505
1477550 1512
1477560 1512
1477570 1519
1477580 1525
1477590 1525
1477600 1532
1477610 1538
1477620 1538
1477630 1542
1477640 1549
1477650 1549
1477660 1554
1477670 1559
1477680 1564
1477690 1564
1477700 1569
1477710 1576
1477720 1576
1477730 1582
1477740 1588
1477750 1588
1477760 1594
1477770 1599
1477780 1599
1477790 1604
1477800 1609
1477810 1609
1477820 1611
1477830 1612
1477840 1612
1477850 1614
1477860 1617
1477870 1619
1477880 1619
1477890 1621
1477900 1623
1477910 1623
1477920 1624
1477930 1624
1477940 1624
1477950 1624
1477960 1624
1477970 1624
1477980 1623
1477990 1624
1478000 1624
1478010 1624
1478020 1625
1478030 1625
1478040 1626
1478050 1627
1478060 1628
1478070 1628
1478080 1630
1478090 1633
1478100 1633
1478110 1636
1478120 1642
1478130 1642
1478140 1647
1478150 1651
1478160 1651
1478170 1655
1478180 1660
1478190 1660
1478200 1665
1478210 1670
1478220 1670
1478230 1675
1478240 1680
1478250 1685
1478260 1685
1478270 1690
1478280 1694
1478290 1694
1478300 1697
1478310 1701
1478320 1701
1478330 1705
1478340 1707
1478350 1707
1478360 1709
1478370 1710
1478380 1710
1478390 1713
1478400 1716
1478410 1716
1478420 1719
1478430 1722
1478440 1726
1478450 1726
1478460 1729
1478470 1733
1478480 1733
1478490 1737
1478500 1742
1478510 1742
1478520 1746
1478530 1750
1478540 1750
1478550 1753
1478560 1757
1478570 1757
1478580 1762
1478590 1767
1478600 1767
1478610 1771
1478620 1775
1478630 1778
1478640 1778
1478650 1780
1478660 1783
1478670 1783
1478680 1786
1478690 1789
1478700 1789
1478710 1793
1478720 1796
1478730 1796
1478740 1800
1478750 1803
1478760 1803
1478770 1807
1478780 1811
1478790 1811
1478800 1816
1478810 1820
1478820 1824
1478830 1824
1478840 1828
1478850 1832
1478860 1832
1478870 1836
1478880 1839
1478890 1839
1478900 1842
1478910 1843
1478920 1843
1478930 1845
1478940 1850
1478950 1850
1478960 1856
1478970 1860
1478980 1860
1478990 1863
1479000 1868
1479010 1872
1479020 1872
1479030 1877
1479040 1881
1479050 1881
1479060 1885
1479070 1889
1479080 1889
1479090 1892
1479100 1896
1479110 1896
1479120 1899
1479130 1903
1479140 1903
1479150 1907
1479160 1911
1479170 1911
1479180 1915
1479190 1919
1479200 1922
1479210 1922
1479220 1924
1479230 1926
1479240 1926
1479250 1928
1479260 1929
1479270 1929
1479280 1929
1479290 1929
1479300 1929
1479310 1931
1479320 1933
1479330 1933
1479340 1935
1479350 1937
1479360 1937
1479370 1940
1479380 1942
1479390 1945
1479400 1945
1479410 1949
1479420 1954
1479430 1954
1479440 1956
1479450 1958
1479460 1958
1479470 1959
1479480 1961
1479490 1961
1479500 1962
1479510 1962
1479520 1962
1479530 1963
1479540 1963
1479550 1963
1479560 1963
1479570 1963
1479580 1963
1479590 1963
1479600 1963
1479610 1962
1479620 1962
1479630 1962
1479640 1960
1479650 1960
1479660 1959
1479670 1957
1479680 1957
1479690 1956
1479700 1954
1479710 1954
1479720 1952
1479730 1949
1479740 1949
1479750 1945
1479760 1942
1479770 1939
1479780 1939
1479790 1939
1479800 1939
1479810 1939
1479820 1940
1479830 1941
1479840 1941
1479850 1942
1479860 1942
1479870 1942
1479880 1942
1479890 1944
1479900 1944
1479910 1947
1479920 1947
1479930 1947
1479940 1946
1479950 1944
1479960 1943
1479970 1943
1479980 1942
1479990 1941
