1460000 1142
1460010 1144
1460020 1148
1460030 1148
1460040 1152
1460050 1154
1460060 1154
1460070 1156
1460080 1157
1460090 1157
1460100 1157
1460110 1158
1460120 1158
1460130 1159
1460140 1160
1460150 1159
1460160 1159
1460170 1160
1460180 1160
1460190 1160
1460200 1159
1460210 1158
1460220 1158
1460230 1157
1460240 1159
1460250 1159
1460260 1163
1460270 1165
1460280 1165
1460290 1166
1460300 1168
1460310 1168
1460320 1170
1460330 1171
1460340 1171
1460350 1171
1460360 1170
1460370 1170
1460380 1170
1460390 1170
1460400 1168
1460410 1168
1460420 1166
1460430 1168
1460440 1168
1460450 1170
1460460 1172
1460470 1172
1460480 1174
1460490 1176
1460500 1176
1460510 1177
1460520 1175
1460530 1170
1460540 1170
1460550 1166
1460560 1168
1460570 1168
1460580 1173
1460590 1179
1460600 1179
1460610 1183
1460620 1186
1460630 1186
1460640 1188
1460650 1191
1460660 1191
1460670 1193
1460680 1195
1460690 1195
1460700 1197
1460710 1200
1460720 1202
1460730 1202
1460740 1203
1460750 1204
1460760 1204
1460770 1204
1460780 1204
1460790 1204
1460800 1204
1460810 1203
1460820 1203
1460830 1202
1460840 1201
1460850 1201
1460860 1199
1460870 1201
1460880 1201
1460890 1203
1460900 1204
1460910 1205
1460920 1205
1460930 1206
1460940 1208
1460950 1208
1460960 1210
1460970 1212
1460980 1212
1460990 1213
1461000 1214
1461010 1214
1461020 1215
1461030 1217
1461040 1217
1461050 1218
1461060 1219
1461070 1219
1461080 1221
1461090 1222
1461100 1223
1461110 1223
1461120 1223
1461130 1224
1461140 1224
1461150 1223
1461160 1224
1461170 1224
1461180 1224
1461190 1224
1461200 1224
1461210 1225
1461220 1225
1461230 1225
1461240 1226
1461250 1228
1461260 1228
1461270 1230
1461280 1232
1461290 1234
1461300 1234
1461310 1234
1461320 1236
1461330 1236
1461340 1239
1461350 1241
1461360 1241
1461370 1241
1461380 1241
1461390 1241
1461400 1240
1461410 1240
1461420 1240
1461430 1242
1461440 1245
1461450 1245
1461460 1245
1461470 1245
1461480 1246
1461490 1246
1461500 1246
1461510 1245
1461520 1245
1461530 1244
1461540 1244
1461550 1244
1461560 1244
1461570 1244
1461580 1244
1461590 1242
1461600 1241
1461610 1241
1461620 1242
1461630 1244
1461640 1244
1461650 1244
1461660 1243
1461670 1241
1461680 1241
1461690 1240
1461700 1242
1461710 1242
1461720 1243
1461730 1244
1461740 1244
1461750 1245
1461760 1246
1461770 1246
1461780 1248
1461790 1249
1461800 1249
1461810 1250
1461820 1251
1461830 1251
1461840 1252
1461850 1253
1461860 1253
1461870 1253
1461880 1254
1461890 1254
1461900 1254
1461910 1255
1461920 1255
1461930 1255
1461940 1255
1461950 1255
1461960 1255
1461970 1254
1461980 1253
1461990 1253
1462000 1251
1462010 1251
1462020 1251
1462030 1251
1462040 1252
1462050 1254
1462060 1254
1462070 1255
1462080 1257
1462090 1257
1462100 1259
1462110 1261
1462120 1261
1462130 1262
1462140 1262
1462150 1262
1462160 1260
1462170 1254
1462180 1254
1462190 1249
1462200 1244
1462210 1244
1462220 1237
1462230 1231
1462240 1225
1462250 1225
1462260 1219
1462270 1215
1462280 1215
1462290 1208
1462300 1202
1462310 1202
1462320 1195
1462330 1186
1462340 1186
1462350 1176
1462360 1164
1462370 1164
1462380 1153
1462390 1139
1462400 1139
1462410 1128
1462420 1118
1462430 1118
1462440 1107
1462450 1096
1462460 1085
1462470 1085
1462480 1075
1462490 1066
1462500 1066
1462510 1057
1462520 1046
1462530 1046
1462540 1032
1462550 1021
1462560 1021
1462570 1014
1462580 1006
1462590 1006
1462600 997
1462610 989
1462620 989
1462630 982
1462640 974
1462650 966
1462660 966
1462670 958
1462680 951
1462690 951
1462700 946
1462710 938
1462720 938
1462730 929
1462740 919
1462750 919
1462760 922
1462770 930
1462780 930
1462790 936
1462800 942
1462810 942
1462820 947
1462830 952
1462840 958
1462850 958
1462860 965
1462870 972
1462880 972
1462890 979
1462900 984
1462910 984
1462920 988
1462930 994
1462940 994
1462950 1000
1462960 1006
1462970 1006
1462980 1013
1462990 1024
1463000 1024
1463010 1036
1463020 1044
1463030 1059
1463040 1059
1463050 1076
1463060 1088
1463070 1088
1463080 1098
1463090 1108
1463100 1108
1463110 1118
1463120 1125
1463130 1125
1463140 1132
1463150 1136
1463160 1136
1463170 1138
1463180 1141
1463190 1141
1463200 1145
1463210 1148
1463220 1151
1463230 1151
1463240 1154
1463250 1157
1463260 1157
1463270 1161
1463280 1167
1463290 1167
1463300 1173
1463310 1179
1463320 1179
1463330 1186
1463340 1193
1463350 1193
1463360 1200
1463370 1209
1463380 1209
1463390 1215
1463400 1219
1463410 1224
1463420 1224
1463430 1230
1463440 1235
1463450 1235
1463460 1239
1463470 1243
1463480 1243
1463490 1247
1463500 1249
1463510 1249
1463520 1248
1463530 1250
1463540 1250
1463550 1252
1463560 1254
1463570 1254
1463580 1256
1463590 1258
1463600 1260
1463610 1260
1463620 1263
1463630 1266
1463640 1266
1463650 1269
1463660 1272
1463670 1272
1463680 1275
1463690 1277
1463700 1277
1463710 1278
1463720 1280
1463730 1280
1463740 1282
1463750 1284
1463760 1284
1463770 1286
1463780 1287
1463790 1289
1463800 1289
1463810 1291
1463820 1293
1463830 1293
1463840 1295
1463850 1296
1463860 1296
1463870 1298
1463880 1300
1463890 1300
1463900 1301
1463910 1302
1463920 1302
1463930 1304
1463940 1305
1463950 1305
1463960 1307
1463970 1308
1463980 1310
1463990 1310
1464000 1312
1464010 1313
1464020 1313
1464030 1314
1464040 1313
1464050 1313
1464060 1313
1464070 1312
1464080 1312
1464090 1309
1464100 1306
1464110 1306
1464120 1303
1464130 1299
1464140 1299
1464150 1296
1464160 1292
1464170 1289
1464180 1289
1464190 1285
1464200 1280
1464210 1280
1464220 1277
1464230 1277
1464240 1277
1464250 1284
1464260 1287
1464270 1287
1464280 1290
1464290 1292
1464300 1292
1464310 1295
1464320 1299
1464330 1299
1464340 1302
1464350 1306
1464360 1309
1464370 1309
1464380 1310
1464390 1312
1464400 1312
1464410 1313
1464420 1313
1464430 1313
1464440 1315
1464450 1315
1464460 1315
1464470 1315
1464480 1315
1464490 1315
1464500 1315
1464510 1315
1464520 1315
1464530 1316
1464540 1316
1464550 1318
1464560 1318
1464570 1319
1464580 1320
1464590 1320
1464600 1321
1464610 1323
1464620 1323
1464630 1324
1464640 1325
1464650 1325
1464660 1325
1464670 1326
1464680 1326
1464690 1326
1464700 1325
1464710 1325
1464720 1323
1464730 1320
1464740 1315
1464750 1315
1464760 1305
1464770 1293
1464780 1293
1464790 1283
1464800 1277
1464810 1277
1464820 1271
1464830 1265
1464840 1265
1464850 1259
1464860 1251
1464870 1251
1464880 1242
1464890 1237
1464900 1237
1464910 1233
1464920 1227
1464930 1227
1464940 1227
1464950 1233
1464960 1238
1464970 1238
1464980 1244
1464990 1248
1465000 1248
1465010 1252
1465020 1256
1465030 1256
1465040 1262
1465050 1268
1465060 1268
1465070 1276
1465080 1285
1465090 1285
1465100 1294
1465110 1301
1465120 1301
1465130 1303
1465140 1300
1465150 1298
1465160 1298
1465170 1297
1465180 1299
1465190 1299
1465200 1301
1465210 1303
1465220 1303
1465230 1305
1465240 1307
1465250 1307
1465260 1310
1465270 1313
1465280 1313
1465290 1319
1465300 1326
1465310 1326
1465320 1336
1465330 1340
1465340 1344
1465350 1344
1465360 1348
1465370 1353
1465380 1353
1465390 1357
1465400 1358
1465410 1358
1465420 1358
1465430 1357
1465440 1357
1465450 1356
1465460 1355
1465470 1355
1465480 1356
1465490 1355
1465500 1355
1465510 1354
1465520 1352
1465530 1350
1465540 1350
1465550 1348
1465560 1350
1465570 1350
1465580 1354
1465590 1354
1465600 1354
1465610 1353
1465620 1350
1465630 1350
1465640 1348
1465650 1346
1465660 1346
1465670 1355
1465680 1357
1465690 1357
1465700 1359
1465710 1361
1465720 1361
1465730 1361
1465740 1360
1465750 1360
1465760 1360
1465770 1359
1465780 1359
1465790 1359
1465800 1360
1465810 1360
1465820 1360
1465830 1360
1465840 1361
1465850 1361
1465860 1361
1465870 1362
1465880 1362
1465890 1363
1465900 1363
1465910 1362
1465920 1362
1465930 1361
1465940 1361
1465950 1361
1465960 1361
1465970 1361
1465980 1361
1465990 1360
1466000 1357
1466010 1357
1466020 1355
1466030 1352
1466040 1352
1466050 1350
1466060 1348
1466070 1348
1466080 1347
1466090 1349
1466100 1353
1466110 1353
1466120 1355
1466130 1356
1466140 1356
1466150 1357
1466160 1357
1466170 1357
1466180 1355
1466190 1353
1466200 1353
1466210 1352
1466220 1352
1466230 1352
1466240 1350
1466250 1349
1466260 1349
1466270 1348
1466280 1348
1466290 1350
1466300 1350
1466310 1350
1466320 1348
1466330 1348
1466340 1346
1466350 1345
1466360 1345
1466370 1343
1466380 1341
1466390 1341
1466400 1340
1466410 1339
1466420 1339
1466430 1338
1466440 1337
1466450 1337
1466460 1336
1466470 1334
1466480 1332
1466490 1332
1466500 1330
1466510 1325
1466520 1325
1466530 1317
1466540 1312
1466550 1312
1466560 1308
1466570 1305
1466580 1305
1466590 1301
1466600 1299
1466610 1299
1466620 1297
1466630 1295
1466640 1295
1466650 1292
1466660 1288
1466670 1282
1466680 1282
1466690 1281
1466700 1283
1466710 1283
1466720 1283
1466730 1282
1466740 1282
1466750 1279
1466760 1276
1466770 1276
1466780 1273
1466790 1269
1466800 1269
1466810 1265
1466820 1262
1466830 1262
1466840 1259
1466850 1256
1466860 1253
1466870 1253
1466880 1249
1466890 1246
1466900 1246
1466910 1247
1466920 1246
1466930 1246
1466940 1243
1466950 1239
1466960 1239
1466970 1234
1466980 1232
1466990 1232
1467000 1232
1467010 1233
1467020 1233
1467030 1232
1467040 1229
1467050 1225
1467060 1225
1467070 1221
1467080 1217
1467090 1217
1467100 1211
1467110 1205
1467120 1205
1467130 1199
1467140 1193
1467150 1193
1467160 1186
1467170 1179
1467180 1179
1467190 1179
1467200 1183
1467210 1183
1467220 1185
1467230 1188
1467240 1191
1467250 1191
1467260 1192
1467270 1193
1467280 1193
1467290 1195
1467300 1195
1467310 1195
1467320 1193
1467330 1191
1467340 1191
1467350 1187
1467360 1183
1467370 1183
1467380 1180
1467390 1176
1467400 1176
1467410 1172
1467420 1168
1467430 1163
1467440 1163
1467450 1160
1467460 1156
1467470 1156
1467480 1153
1467490 1150
1467500 1150
1467510 1146
1467520 1143
1467530 1143
1467540 1140
1467550 1137
1467560 1137
1467570 1134
1467580 1129
1467590 1129
1467600 1125
1467610 1124
1467620 1123
1467630 1123
1467640 1119
1467650 1114
1467660 1114
1467670 1108
1467680 1103
1467690 1103
1467700 1099
1467710 1097
1467720 1097
1467730 1094
1467740 1092
1467750 1092
1467760 1089
1467770 1085
1467780 1085
1467790 1081
1467800 1076
1467810 1076
1467820 1072
1467830 1070
1467840 1069
1467850 1069
1467860 1071
1467870 1070
1467880 1070
1467890 1069
1467900 1067
1467910 1067
1467920 1063
1467930 1059
1467940 1059
1467950 1055
1467960 1052
1467970 1052
1467980 1049
1467990 1047
1468000 1047
1468010 1046
1468020 1046
1468030 1043
1468040 1043
1468050 1038
1468060 1034
1468070 1034
1468080 1031
1468090 1031
1468100 1031
1468110 1030
1468120 1029
1468130 1029
1468140 1027
1468150 1025
1468160 1025
1468170 1022
1468180 1020
1468190 1020
1468200 1017
1468210 1014
1468220 1010
1468230 1010
1468240 1007
1468250 1004
1468260 1004
1468270 1001
1468280 998
1468290 998
1468300 992
1468310 990
1468320 990
1468330 989
1468340 988
1468350 988
1468360 986
1468370 983
1468380 983
1468390 981
1468400 978
1468410 976
1468420 976
1468430 972
1468440 969
1468450 969
1468460 969
1468470 967
1468480 967
1468490 965
1468500 963
1468510 963
1468520 962
1468530 959
1468540 959
1468550 957
1468560 956
1468570 956
1468580 954
1468590 953
1468600 953
1468610 953
1468620 951
1468630 950
1468640 950
1468650 949
1468660 947
1468670 947
1468680 944
1468690 940
1468700 940
1468710 938
1468720 937
1468730 937
1468740 935
1468750 931
1468760 931
1468770 926
1468780 919
1468790 914
1468800 914
1468810 909
1468820 906
1468830 906
1468840 905
1468850 902
1468860 902
1468870 897
1468880 894
1468890 894
1468900 892
1468910 890
1468920 890
1468930 888
1468940 885
1468950 885
1468960 881
1468970 877
1468980 872
1468990 872
1469000 868
1469010 865
1469020 865
1469030 863
1469040 861
1469050 861
1469060 859
1469070 857
1469080 857
1469090 854
1469100 850
1469110 850
1469120 848
1469130 845
1469140 845
1469150 843
1469160 840
1469170 837
1469180 837
1469190 833
1469200 830
1469210 830
1469220 828
1469230 825
1469240 825
1469250 821
1469260 817
1469270 817
1469280 814
1469290 813
1469300 813
1469310 811
1469320 808
1469330 808
1469340 805
1469350 802
1469360 799
1469370 799
1469380 795
1469390 792
1469400 792
1469410 789
1469420 786
1469430 786
1469440 784
1469450 780
1469460 780
1469470 777
1469480 773
1469490 773
1469500 768
1469510 765
1469520 765
1469530 763
1469540 759
1469550 755
1469560 755
1469570 752
1469580 749
1469590 749
1469600 747
1469610 745
1469620 745
1469630 743
1469640 740
1469650 740
1469660 737
1469670 732
1469680 732
1469690 727
1469700 721
1469710 721
1469720 722
1469730 724
1469740 723
1469750 723
1469760 720
1469770 718
1469780 718
1469790 716
1469800 713
1469810 713
1469820 713
1469830 711
1469840 711
1469850 709
1469860 709
1469870 709
1469880 709
1469890 710
1469900 710
1469910 708
1469920 711
1469930 711
1469940 711
1469950 710
1469960 710
1469970 710
1469980 709
1469990 708
1470000 708
1470010 707
1470020 706
1470030 706
1470040 706
1470050 705
1470060 705
1470070 703
1470080 702
1470090 702
1470100 701
1470110 700
1470120 698
1470130 698
1470140 697
1470150 695
1470160 695
1470170 694
1470180 693
1470190 693
1470200 692
1470210 691
1470220 691
1470230 690
1470240 689
1470250 689
1470260 688
1470270 687
1470280 687
1470290 685
1470300 684
1470310 684
1470320 684
1470330 683
1470340 682
1470350 682
1470360 681
1470370 680
1470380 680
1470390 679
1470400 679
1470410 679
1470420 678
1470430 677
1470440 677
1470450 676
1470460 676
1470470 676
1470480 675
1470490 675
1470500 675
1470510 673
1470520 673
1470530 672
1470540 672
1470550 671
1470560 671
1470570 671
1470580 669
1470590 668
1470600 668
1470610 667
1470620 666
1470630 666
1470640 666
1470650 665
1470660 665
1470670 664
1470680 663
1470690 663
1470700 663
1470710 663
1470720 663
1470730 663
1470740 663
1470750 663
1470760 663
1470770 663
1470780 662
1470790 662
1470800 661
1470810 661
1470820 661
1470830 661
1470840 661
1470850 661
1470860 662
1470870 663
1470880 663
1470890 663
1470900 663
1470910 663
1470920 663
1470930 663
1470940 663
1470950 663
1470960 663
1470970 663
1470980 663
1470990 663
1471000 663
1471010 663
1471020 662
1471030 662
1471040 662
1471050 662
1471060 662
1471070 662
1471080 662
1471090 662
1471100 662
1471110 662
1471120 662
1471130 662
1471140 662
1471150 662
1471160 662
1471170 662
1471180 662
1471190 662
1471200 662
1471210 662
1471220 662
1471230 662
1471240 662
1471250 662
1471260 662
1471270 662
1471280 662
1471290 662
1471300 662
1471310 662
1471320 662
1471330 662
1471340 662
1471350 662
1471360 662
1471370 662
1471380 662
1471390 662
1471400 662
1471410 662
1471420 662
1471430 662
1471440 662
1471450 662
1471460 662
1471470 661
1471480 661
1471490 661
1471500 662
1471510 661
1471520 661
1471530 661
1471540 661
1471550 661
1471560 661
1471570 661
1471580 661
1471590 661
1471600 661
1471610 661
1471620 661
1471630 661
1471640 661
1471650 661
1471660 661
1471670 661
1471680 661
1471690 661
1471700 661
1471710 661
1471720 661
1471730 661
1471740 661
1471750 661
1471760 661
1471770 661
1471780 661
1471790 661
1471800 661
1471810 661
1471820 661
1471830 661
1471840 661
1471850 661
1471860 661
1471870 661
1471880 661
1471890 661
1471900 661
1471910 661
1471920 661
1471930 661
1471940 661
1471950 660
1471960 660
1471970 660
1471980 661
1471990 661
1472000 661
1472010 660
1472020 660
1472030 660
1472040 660
1472050 661
1472060 661
1472070 661
1472080 660
1472090 660
1472100 660
1472110 660
1472120 660
1472130 661
1472140 661
1472150 661
1472160 661
1472170 661
1472180 661
1472190 661
1472200 660
1472210 660
1472220 660
1472230 660
1472240 660
1472250 660
1472260 660
1472270 660
1472280 660
1472290 660
1472300 660
1472310 660
1472320 660
1472330 660
1472340 660
1472350 660
1472360 660
1472370 660
1472380 660
1472390 660
1472400 660
1472410 660
1472420 660
1472430 660
1472440 660
1472450 660
1472460 661
1472470 661
1472480 660
1472490 660
1472500 660
1472510 660
1472520 660
1472530 660
1472540 660
1472550 661
1472560 661
1472570 661
1472580 661
1472590 661
1472600 661
1472610 661
1472620 661
1472630 661
1472640 661
1472650 661
1472660 661
1472670 662
1472680 662
1472690 662
1472700 662
1472710 663
1472720 663
1472730 663
1472740 663
1472750 663
1472760 664
1472770 664
1472780 664
1472790 665
1472800 665
1472810 666
1472820 666
1472830 666
1472840 666
1472850 666
1472860 667
1472870 667
1472880 667
1472890 668
1472900 669
1472910 669
1472920 669
1472930 671
1472940 671
1472950 672
1472960 672
1472970 672
1472980 673
1472990 674
1473000 674
1473010 674
1473020 675
1473030 676
1473040 676
1473050 678
1473060 680
1473070 680
1473080 681
1473090 683
1473100 683
1473110 685
1473120 687
1473130 687
1473140 690
1473150 693
1473160 693
1473170 696
1473180 699
1473190 699
1473200 705
1473210 711
1473220 717
1473230 717
1473240 723
1473250 729
1473260 729
1473270 733
1473280 735
1473290 735
1473300 734
1473310 732
1473320 732
1473330 738
1473340 748
1473350 748
1473360 752
1473370 754
1473380 754
1473390 758
1473400 761
1473410 765
1473420 765
1473430 769
1473440 772
1473450 772
1473460 775
1473470 779
1473480 779
1473490 783
1473500 786
1473510 786
1473520 788
1473530 788
1473540 788
1473550 784
1473560 778
1473570 778
1473580 774
1473590 770
1473600 766
1473610 766
1473620 761
1473630 760
1473640 760
1473650 755
1473660 755
1473670 755
1473680 762
1473690 772
1473700 772
1473710 781
1473720 790
1473730 790
1473740 799
1473750 808
1473760 808
1473770 815
1473780 821
1473790 828
1473800 828
1473810 835
1473820 840
1473830 840
1473840 845
1473850 852
1473860 852
1473870 859
1473880 867
1473890 867
1473900 871
1473910 871
1473920 871
1473930 869
1473940 863
1473950 863
1473960 857
1473970 847
1473980 839
1473990 839
1474000 838
1474010 838
1474020 838
1474030 838
1474040 836
1474050 836
1474060 837
1474070 842
1474080 842
1474090 851
1474100 859
1474110 859
1474120 866
1474130 870
1474140 870
1474150 871
1474160 875
1474170 880
1474180 880
1474190 885
1474200 887
1474210 887
1474220 888
1474230 893
1474240 893
1474250 899
1474260 910
1474270 910
1474280 921
1474290 928
1474300 928
1474310 933
1474320 937
1474330 937
1474340 939
1474350 941
1474360 947
1474370 947
1474380 952
1474390 950
1474400 950
1474410 955
1474420 961
1474430 961
1474440 965
1474450 968
1474460 968
1474470 972
1474480 979
1474490 979
1474500 984
1474510 988
1474520 988
1474530 992
1474540 997
1474550 1001
1474560 1001
1474570 1006
1474580 1011
1474590 1011
1474600 1015
1474610 1019
1474620 1019
1474630 1023
1474640 1027
1474650 1027
1474660 1032
1474670 1035
1474680 1035
1474690 1039
1474700 1042
1474710 1042
1474720 1046
1474730 1049
1474740 1053
1474750 1053
1474760 1056
1474770 1058
1474780 1058
1474790 1061
1474800 1065
1474810 1065
1474820 1069
1474830 1072
1474840 1072
1474850 1075
1474860 1078
1474870 1078
1474880 1081
1474890 1082
1474900 1082
1474910 1084
1474920 1086
1474930 1088
1474940 1088
1474950 1090
1474960 1092
1474970 1092
1474980 1094
1474990 1097
1475000 1097
1475010 1099
1475020 1100
1475030 1100
1475040 1102
1475050 1105
1475060 1105
1475070 1107
1475080 1109
1475090 1109
1475100 1111
1475110 1112
1475120 1113
1475130 1113
1475140 1115
1475150 1116
1475160 1116
1475170 1117
1475180 1118
1475190 1118
1475200 1119
1475210 1120
1475220 1120
1475230 1120
1475240 1121
1475250 1121
1475260 1121
1475270 1122
1475280 1122
1475290 1122
1475300 1122
1475310 1123
1475320 1123
1475330 1123
1475340 1123
1475350 1123
1475360 1123
1475370 1123
1475380 1123
1475390 1122
1475400 1122
1475410 1122
1475420 1122
1475430 1121
1475440 1121
1475450 1120
1475460 1121
1475470 1121
1475480 1122
1475490 1122
1475500 1121
1475510 1121
1475520 1120
1475530 1119
1475540 1119
1475550 1118
1475560 1118
1475570 1118
1475580 1118
1475590 1119
1475600 1119
1475610 1119
1475620 1119
1475630 1119
1475640 1119
1475650 1120
1475660 1120
1475670 1118
1475680 1117
1475690 1117
1475700 1117
1475710 1117
1475720 1118
1475730 1118
1475740 1118
1475750 1117
1475760 1117
1475770 1116
1475780 1114
1475790 1114
1475800 1112
1475810 1109
1475820 1109
1475830 1104
1475840 1105
1475850 1105
1475860 1108
1475870 1108
1475880 1108
1475890 1107
1475900 1107
1475910 1107
1475920 1107
1475930 1106
1475940 1107
1475950 1107
1475960 1108
1475970 1109
1475980 1109
1475990 1109
1476000 1109
1476010 1109
1476020 1110
1476030 1109
1476040 1109
1476050 1106
1476060 1098
1476070 1098
1476080 1088
1476090 1082
1476100 1080
1476110 1080
1476120 1080
1476130 1083
1476140 1083
1476150 1087
1476160 1089
1476170 1089
1476180 1090
1476190 1090
1476200 1090
1476210 1090
1476220 1091
1476230 1091
1476240 1091
1476250 1092
1476260 1092
1476270 1097
1476280 1102
1476290 1104
1476300 1104
1476310 1105
1476320 1105
1476330 1105
1476340 1105
1476350 1103
1476360 1103
1476370 1101
1476380 1100
1476390 1100
1476400 1098
1476410 1095
1476420 1095
1476430 1092
1476440 1088
1476450 1088
1476460 1085
1476470 1082
1476480 1078
1476490 1078
1476500 1073
1476510 1067
1476520 1067
1476530 1060
1476540 1052
1476550 1052
1476560 1037
1476570 1019
1476580 1019
1476590 1023
1476600 1034
1476610 1034
1476620 1046
1476630 1060
1476640 1060
1476650 1078
1476660 1092
1476670 1103
1476680 1103
1476690 1113
1476700 1122
1476710 1122
1476720 1134
1476730 1147
1476740 1147
1476750 1154
1476760 1161
1476770 1161
1476780 1167
1476790 1172
1476800 1172
1476810 1177
1476820 1180
1476830 1180
1476840 1181
1476850 1183
1476860 1188
1476870 1188
1476880 1194
1476890 1201
1476900 1201
1476910 1210
1476920 1219
1476930 1219
1476940 1225
1476950 1232
1476960 1232
1476970 1238
1476980 1244
1476990 1244
1477000 1249
1477010 1255
1477020 1255
1477030 1261
1477040 1266
1477050 1272
1477060 1272
1477070 1279
1477080 1284
1477090 1284
1477100 1289
1477110 1296
1477120 1296
1477130 1301
1477140 1308
1477150 1308
1477160 1314
1477170 1320
1477180 1320
1477190 1326
1477200 1333
1477210 1333
1477220 1339
1477230 1346
1477240 1352
1477250 1352
1477260 1358
1477270 1365
1477280 1365
1477290 1370
1477300 1377
1477310 1377
1477320 1384
1477330 1390
1477340 1390
1477350 1396
1477360 1403
1477370 1403
1477380 1409
1477390 1415
1477400 1415
1477410 1420
1477420 1426
1477430 1430
1477440 1430
1477450 1434
1477460 1440
1477470 1440
1477480 1442
1477490 1444
1477500 1444
1477510 1447
1477520 1452
1477530 1452
1477540 1456
1477550 1469
1477560 1469
1477570 1478
1477580 1482
1477590 1482
1477600 1489
1477610 1497
1477620 1505
1477630 1505
1477640 1504
1477650 1501
1477660 1501
1477670 1500
1477680 1505
1477690 1505
1477700 1512
1477710 1513
1477720 1513
1477730 1508
1477740 1516
1477750 1516
1477760 1528
1477770 1540
1477780 1540
1477790 1547
1477800 1557
1477810 1567
1477820 1567
1477830 1577
1477840 1589
1477850 1589
1477860 1598
1477870 1607
1477880 1607
1477890 1616
1477900 1624
1477910 1624
1477920 1631
1477930 1640
1477940 1640
1477950 1652
1477960 1666
1477970 1666
1477980 1682
1477990 1695
1478000 1707
1478010 1707
1478020 1715
1478030 1721
1478040 1721
1478050 1726
1478060 1736
1478070 1736
1478080 1748
1478090 1752
1478100 1752
1478110 1756
1478120 1760
1478130 1760
1478140 1759
1478150 1758
1478160 1758
1478170 1754
1478180 1753
1478190 1757
1478200 1757
1478210 1762
1478220 1769
1478230 1769
1478240 1776
1478250 1779
1478260 1779
1478270 1781
1478280 1782
1478290 1782
1478300 1786
1478310 1791
1478320 1791
1478330 1795
1478340 1801
1478350 1801
1478360 1806
1478370 1812
1478380 1818
1478390 1818
1478400 1825
1478410 1833
1478420 1833
1478430 1840
1478440 1849
1478450 1849
1478460 1857
1478470 1865
1478480 1865
1478490 1872
1478500 1877
1478510 1877
1478520 1881
1478530 1884
1478540 1884
1478550 1888
1478560 1892
1478570 1892
1478580 1897
1478590 1903
1478600 1910
1478610 1910
1478620 1915
1478630 1921
1478640 1921
1478650 1927
1478660 1933
1478670 1933
1478680 1940
1478690 1947
1478700 1947
1478710 1953
1478720 1959
1478730 1959
1478740 1965
1478750 1971
1478760 1971
1478770 1977
1478780 1983
1478790 1988
1478800 1988
1478810 1993
1478820 1999
1478830 1999
1478840 2006
1478850 2015
1478860 2015
1478870 2024
1478880 2034
1478890 2034
1478900 2042
1478910 2049
1478920 2049
1478930 2057
1478940 2063
1478950 2063
1478960 2071
1478970 2077
1478980 2083
1478990 2083
1479000 2089
1479010 2096
1479020 2096
1479030 2103
1479040 2109
1479050 2109
1479060 2116
1479070 2122
1479080 2122
1479090 2128
1479100 2133
1479110 2133
1479120 2138
1479130 2142
1479140 2142
1479150 2146
1479160 2150
1479170 2154
1479180 2154
1479190 2159
1479200 2163
1479210 2163
1479220 2168
1479230 2173
1479240 2173
1479250 2176
1479260 2180
1479270 2180
1479280 2185
1479290 2189
1479300 2189
1479310 2192
1479320 2195
1479330 2195
1479340 2199
1479350 2204
1479360 2209
1479370 2209
1479380 2214
1479390 2218
1479400 2218
1479410 2223
1479420 2226
1479430 2226
1479440 2229
1479450 2231
1479460 2231
1479470 2233
1479480 2235
1479490 2235
1479500 2237
1479510 2239
1479520 2239
1479530 2240
1479540 2243
1479550 2247
1479560 2247
1479570 2251
1479580 2257
1479590 2257
1479600 2263
1479610 2268
1479620 2268
1479630 2272
1479640 2276
1479650 2276
1479660 2283
1479670 2288
1479680 2288
1479690 2295
1479700 2301
1479710 2301
1479720 2305
1479730 2309
1479740 2311
1479750 2311
1479760 2310
1479770 2307
1479780 2307
1479790 2305
1479800 2301
1479810 2301
1479820 2297
1479830 2293
1479840 2293
1479850 2288
1479860 2285
1479870 2285
1479880 2281
1479890 2277
1479900 2277
1479910 2276
1479920 2278
1479930 2282
1479940 2282
1479950 2284
1479960 2286
1479970 2286
1479980 2289
1479990 2291
