1460000 749
1460010 749
1460020 750
1460030 750
1460040 750
1460050 751
1460060 751
1460070 751
1460080 751
1460090 751
1460100 750
1460110 750
1460120 749
1460130 751
1460140 751
1460150 751
1460160 752
1460170 752
1460180 751
1460190 750
1460200 750
1460210 749
1460220 747
1460230 747
1460240 746
1460250 746
1460260 746
1460270 745
1460280 743
1460290 740
1460300 740
1460310 739
1460320 738
1460330 738
1460340 737
1460350 737
1460360 737
1460370 736
1460380 737
1460390 737
1460400 738
1460410 737
1460420 737
1460430 736
1460440 735
1460450 735
1460460 734
1460470 733
1460480 733
1460490 732
1460500 732
1460510 731
1460520 731
1460530 731
1460540 730
1460550 730
1460560 730
1460570 729
1460580 729
1460590 729
1460600 729
1460610 729
1460620 729
1460630 729
1460640 729
1460650 728
1460660 728
1460670 728
1460680 728
1460690 727
1460700 724
1460710 724
1460720 724
1460730 724
1460740 724
1460750 723
1460760 721
1460770 721
1460780 720
1460790 720
1460800 720
1460810 719
1460820 718
1460830 718
1460840 716
1460850 715
1460860 715
1460870 715
1460880 714
1460890 713
1460900 713
1460910 713
1460920 712
1460930 712
1460940 711
1460950 710
1460960 710
1460970 710
1460980 709
1460990 709
1461000 709
1461010 708
1461020 708
1461030 707
1461040 706
1461050 706
1461060 706
1461070 705
1461080 704
1461090 704
1461100 704
1461110 703
1461120 703
1461130 703
1461140 703
1461150 703
1461160 702
1461170 702
1461180 702
1461190 701
1461200 700
1461210 700
1461220 700
1461230 699
1461240 699
1461250 699
1461260 698
1461270 698
1461280 698
1461290 697
1461300 697
1461310 697
1461320 696
1461330 696
1461340 696
1461350 695
1461360 695
1461370 695
1461380 695
1461390 694
1461400 694
1461410 694
1461420 694
1461430 694
1461440 694
1461450 694
1461460 694
1461470 694
1461480 694
1461490 694
1461500 694
1461510 694
1461520 694
1461530 694
1461540 695
1461550 695
1461560 695
1461570 696
1461580 696
1461590 696
1461600 696
1461610 697
1461620 697
1461630 697
1461640 698
1461650 698
1461660 698
1461670 698
1461680 699
1461690 699
1461700 699
1461710 700
1461720 700
1461730 700
1461740 701
1461750 701
1461760 702
1461770 702
1461780 702
1461790 703
1461800 703
1461810 703
1461820 704
1461830 704
1461840 705
1461850 705
1461860 705
1461870 706
1461880 706
1461890 707
1461900 707
1461910 707
1461920 707
1461930 709
1461940 709
1461950 710
1461960 711
1461970 711
1461980 712
1461990 713
1462000 713
1462010 714
1462020 713
1462030 713
1462040 715
1462050 716
1462060 715
1462070 715
1462080 715
1462090 715
1462100 715
1462110 715
1462120 715
1462130 715
1462140 715
1462150 716
1462160 716
1462170 716
1462180 716
1462190 716
1462200 717
1462210 716
1462220 716
1462230 715
1462240 715
1462250 715
1462260 715
1462270 715
1462280 715
1462290 715
1462300 715
1462310 714
1462320 714
1462330 714
1462340 714
1462350 714
1462360 713
1462370 713
1462380 713
1462390 713
1462400 712
1462410 712
1462420 712
1462430 712
1462440 712
1462450 712
1462460 712
1462470 713
1462480 713
1462490 713
1462500 712
1462510 712
1462520 711
1462530 711
1462540 711
1462550 711
1462560 710
1462570 710
1462580 708
1462590 708
1462600 708
1462610 707
1462620 707
1462630 706
1462640 706
1462650 706
1462660 705
1462670 705
1462680 705
1462690 703
1462700 703
1462710 702
1462720 701
1462730 701
1462740 701
1462750 701
1462760 701
1462770 701
1462780 700
1462790 700
1462800 700
1462810 699
1462820 698
1462830 698
1462840 697
1462850 697
1462860 697
1462870 697
1462880 697
1462890 697
1462900 697
1462910 697
1462920 697
1462930 696
1462940 694
1462950 694
1462960 692
1462970 690
1462980 690
1462990 689
1463000 688
1463010 687
1463020 687
1463030 686
1463040 686
1463050 686
1463060 686
1463070 686
1463080 686
1463090 686
1463100 686
1463110 686
1463120 686
1463130 687
1463140 687
1463150 687
1463160 688
1463170 688
1463180 688
1463190 688
1463200 688
1463210 688
1463220 688
1463230 688
1463240 688
1463250 688
1463260 687
1463270 687
1463280 687
1463290 686
1463300 686
1463310 686
1463320 686
1463330 686
1463340 686
1463350 686
1463360 686
1463370 686
1463380 685
1463390 685
1463400 686
1463410 686
1463420 686
1463430 686
1463440 686
1463450 685
1463460 685
1463470 685
1463480 685
1463490 685
1463500 685
1463510 685
1463520 685
1463530 685
1463540 685
1463550 685
1463560 685
1463570 685
1463580 685
1463590 684
1463600 684
1463610 684
1463620 684
1463630 684
1463640 684
1463650 684
1463660 684
1463670 683
1463680 683
1463690 683
1463700 683
1463710 683
1463720 683
1463730 683
1463740 683
1463750 683
1463760 683
1463770 683
1463780 683
1463790 684
1463800 684
1463810 684
1463820 685
1463830 685
1463840 685
1463850 685
1463860 685
1463870 685
1463880 684
1463890 684
1463900 684
1463910 684
1463920 683
1463930 683
1463940 683
1463950 683
1463960 683
1463970 683
1463980 683
1463990 683
1464000 683
1464010 683
1464020 683
1464030 683
1464040 683
1464050 683
1464060 683
1464070 683
1464080 683
1464090 683
1464100 682
1464110 682
1464120 682
1464130 682
1464140 682
1464150 682
1464160 682
1464170 682
1464180 682
1464190 682
1464200 682
1464210 682
1464220 682
1464230 682
1464240 682
1464250 682
1464260 682
1464270 682
1464280 682
1464290 682
1464300 681
1464310 681
1464320 681
1464330 681
1464340 681
1464350 681
1464360 681
1464370 681
1464380 681
1464390 681
1464400 681
1464410 681
1464420 681
1464430 681
1464440 681
1464450 681
1464460 681
1464470 681
1464480 681
1464490 681
1464500 681
1464510 681
1464520 681
1464530 681
1464540 681
1464550 681
1464560 681
1464570 681
1464580 681
1464590 681
1464600 681
1464610 681
1464620 681
1464630 681
1464640 681
1464650 681
1464660 681
1464670 681
1464680 681
1464690 681
1464700 681
1464710 680
1464720 680
1464730 680
1464740 680
1464750 680
1464760 680
1464770 680
1464780 680
1464790 680
1464800 680
1464810 681
1464820 681
1464830 681
1464840 681
1464850 681
1464860 681
1464870 681
1464880 681
1464890 682
1464900 682
1464910 682
1464920 683
1464930 683
1464940 683
1464950 683
1464960 684
1464970 685
1464980 685
1464990 686
1465000 687
1465010 687
1465020 688
1465030 688
1465040 688
1465050 688
1465060 688
1465070 688
1465080 687
1465090 688
1465100 688
1465110 689
1465120 689
1465130 689
1465140 690
1465150 690
1465160 691
1465170 691
1465180 691
1465190 691
1465200 691
1465210 691
1465220 692
1465230 692
1465240 692
1465250 692
1465260 692
1465270 693
1465280 693
1465290 693
1465300 693
1465310 693
1465320 693
1465330 693
1465340 694
1465350 694
1465360 694
1465370 694
1465380 694
1465390 694
1465400 694
1465410 695
1465420 695
1465430 695
1465440 695
1465450 695
1465460 695
1465470 695
1465480 695
1465490 695
1465500 695
1465510 695
1465520 695
1465530 694
1465540 694
1465550 694
1465560 694
1465570 693
1465580 693
1465590 693
1465600 693
1465610 693
1465620 692
1465630 692
1465640 692
1465650 691
1465660 691
1465670 691
1465680 691
1465690 691
1465700 691
1465710 690
1465720 690
1465730 690
1465740 690
1465750 690
1465760 690
1465770 690
1465780 689
1465790 689
1465800 689
1465810 689
1465820 689
1465830 689
1465840 689
1465850 688
1465860 688
1465870 688
1465880 687
1465890 687
1465900 686
1465910 686
1465920 686
1465930 686
1465940 686
1465950 685
1465960 685
1465970 684
1465980 683
1465990 683
1466000 683
1466010 682
1466020 682
1466030 681
1466040 680
1466050 680
1466060 680
1466070 679
1466080 679
1466090 679
1466100 679
1466110 679
1466120 679
1466130 678
1466140 678
1466150 678
1466160 677
1466170 677
1466180 677
1466190 677
1466200 676
1466210 676
1466220 676
1466230 676
1466240 676
1466250 676
1466260 676
1466270 676
1466280 676
1466290 676
1466300 676
1466310 676
1466320 676
1466330 676
1466340 676
1466350 676
1466360 676
1466370 676
1466380 676
1466390 676
1466400 676
1466410 676
1466420 676
1466430 676
1466440 676
1466450 676
1466460 676
1466470 676
1466480 676
1466490 676
1466500 676
1466510 675
1466520 675
1466530 675
1466540 675
1466550 675
1466560 675
1466570 675
1466580 674
1466590 674
1466600 674
1466610 673
1466620 673
1466630 673
1466640 673
1466650 673
1466660 673
1466670 673
1466680 673
1466690 673
1466700 674
1466710 675
1466720 675
1466730 675
1466740 675
1466750 675
1466760 675
1466770 675
1466780 675
1466790 675
1466800 675
1466810 675
1466820 674
1466830 674
1466840 674
1466850 674
1466860 674
1466870 674
1466880 674
1466890 675
1466900 675
1466910 675
1466920 674
1466930 675
1466940 675
1466950 675
1466960 674
1466970 674
1466980 674
1466990 674
1467000 674
1467010 674
1467020 674
1467030 674
1467040 674
1467050 674
1467060 674
1467070 674
1467080 674
1467090 674
1467100 674
1467110 674
1467120 674
1467130 674
1467140 674
1467150 674
1467160 674
1467170 674
1467180 674
1467190 674
1467200 674
1467210 674
1467220 674
1467230 673
1467240 672
1467250 672
1467260 671
1467270 672
1467280 673
1467290 673
1467300 674
1467310 674
1467320 674
1467330 674
1467340 674
1467350 674
1467360 674
1467370 674
1467380 674
1467390 674
1467400 674
1467410 674
1467420 675
1467430 673
1467440 673
1467450 674
1467460 674
1467470 674
1467480 674
1467490 674
1467500 674
1467510 674
1467520 673
1467530 673
1467540 673
1467550 673
1467560 673
1467570 673
1467580 673
1467590 673
1467600 673
1467610 673
1467620 673
1467630 673
1467640 674
1467650 674
1467660 674
1467670 674
1467680 674
1467690 674
1467700 674
1467710 674
1467720 674
1467730 674
1467740 674
1467750 674
1467760 674
1467770 674
1467780 674
1467790 674
1467800 674
1467810 674
1467820 674
1467830 674
1467840 674
1467850 674
1467860 674
1467870 674
1467880 674
1467890 674
1467900 674
1467910 674
1467920 674
1467930 674
1467940 674
1467950 674
1467960 674
1467970 674
1467980 674
1467990 674
1468000 674
1468010 674
1468020 674
1468030 674
1468040 674
1468050 674
1468060 674
1468070 674
1468080 674
1468090 674
1468100 674
1468110 674
1468120 674
1468130 674
1468140 674
1468150 673
1468160 673
1468170 673
1468180 673
1468190 673
1468200 673
1468210 673
1468220 673
1468230 673
1468240 673
1468250 673
1468260 673
1468270 673
1468280 673
1468290 673
1468300 673
1468310 673
1468320 673
1468330 673
1468340 673
1468350 672
1468360 672
1468370 672
1468380 672
1468390 672
1468400 672
1468410 672
1468420 672
1468430 672
1468440 672
1468450 672
1468460 672
1468470 672
1468480 672
1468490 672
1468500 672
1468510 672
1468520 672
1468530 673
1468540 675
1468550 675
1468560 675
1468570 675
1468580 675
1468590 676
1468600 676
1468610 676
1468620 677
1468630 677
1468640 677
1468650 677
1468660 677
1468670 677
1468680 677
1468690 677
1468700 678
1468710 678
1468720 678
1468730 679
1468740 679
1468750 679
1468760 680
1468770 680
1468780 680
1468790 681
1468800 681
1468810 682
1468820 684
1468830 686
1468840 686
1468850 686
1468860 686
1468870 686
1468880 686
1468890 686
1468900 686
1468910 687
1468920 687
1468930 687
1468940 688
1468950 689
1468960 689
1468970 689
1468980 690
1468990 690
1469000 690
1469010 691
1469020 692
1469030 692
1469040 693
1469050 693
1469060 693
1469070 694
1469080 694
1469090 694
1469100 695
1469110 696
1469120 696
1469130 697
1469140 698
1469150 698
1469160 698
1469170 699
1469180 699
1469190 700
1469200 700
1469210 701
1469220 701
1469230 702
1469240 703
1469250 703
1469260 703
1469270 703
1469280 703
1469290 703
1469300 704
1469310 704
1469320 704
1469330 704
1469340 704
1469350 705
1469360 706
1469370 706
1469380 707
1469390 707
1469400 707
1469410 708
1469420 708
1469430 707
1469440 707
1469450 706
1469460 706
1469470 706
1469480 705
1469490 706
1469500 706
1469510 706
1469520 705
1469530 705
1469540 705
1469550 705
1469560 705
1469570 705
1469580 706
1469590 706
1469600 707
1469610 707
1469620 707
1469630 707
1469640 705
1469650 703
1469660 703
1469670 702
1469680 702
1469690 702
1469700 701
1469710 702
1469720 702
1469730 702
1469740 702
1469750 702
1469760 704
1469770 705
1469780 705
1469790 705
1469800 705
1469810 705
1469820 705
1469830 705
1469840 705
1469850 705
1469860 706
1469870 707
1469880 707
1469890 709
1469900 711
1469910 711
1469920 714
1469930 716
1469940 716
1469950 717
1469960 719
1469970 719
1469980 720
1469990 722
1470000 724
1470010 724
1470020 726
1470030 729
1470040 729
1470050 732
1470060 734
1470070 734
1470080 737
1470090 739
1470100 739
1470110 741
1470120 742
1470130 742
1470140 743
1470150 744
1470160 744
1470170 746
1470180 749
1470190 753
1470200 753
1470210 758
1470220 761
1470230 761
1470240 767
1470250 772
1470260 772
1470270 778
1470280 783
1470290 783
1470300 788
1470310 793
1470320 793
1470330 798
1470340 802
1470350 802
1470360 810
1470370 819
1470380 826
1470390 826
1470400 831
1470410 836
1470420 836
1470430 841
1470440 844
1470450 844
1470460 849
1470470 855
1470480 855
1470490 858
1470500 862
1470510 862
1470520 866
1470530 871
1470540 871
1470550 874
1470560 876
1470570 876
1470580 876
1470590 877
1470600 878
1470610 878
1470620 881
1470630 883
1470640 883
1470650 886
1470660 888
1470670 888
1470680 891
1470690 894
1470700 894
1470710 896
1470720 898
1470730 898
1470740 899
1470750 900
1470760 904
1470770 904
1470780 907
1470790 910
1470800 910
1470810 912
1470820 913
1470830 913
1470840 914
1470850 914
1470860 914
1470870 913
1470880 916
1470890 916
1470900 919
1470910 922
1470920 922
1470930 924
1470940 923
1470950 923
1470960 923
1470970 925
1470980 927
1470990 927
1471000 932
1471010 937
1471020 937
1471030 940
1471040 944
1471050 944
1471060 947
1471070 951
1471080 951
1471090 955
1471100 959
1471110 959
1471120 964
1471130 969
1471140 969
1471150 975
1471160 981
1471170 986
1471180 986
1471190 991
1471200 996
1471210 996
1471220 1000
1471230 1005
1471240 1005
1471250 1011
1471260 1017
1471270 1017
1471280 1023
1471290 1034
1471300 1034
1471310 1040
1471320 1044
1471330 1044
1471340 1049
1471350 1056
1471360 1058
1471370 1051
1471380 1059
1471390 1062
1471400 1062
1471410 1064
1471420 1066
1471430 1066
1471440 1070
1471450 1074
1471460 1074
1471470 1078
1471480 1084
1471490 1084
1471500 1090
1471510 1095
1471520 1095
1471530 1099
1471540 1102
1471550 1106
1471560 1106
1471570 1109
1471580 1112
1471590 1112
1471600 1115
1471610 1118
1471620 1118
1471630 1120
1471640 1122
1471650 1122
1471660 1123
1471670 1124
1471680 1124
1471690 1124
1471700 1124
1471710 1124
1471720 1124
1471730 1125
1471740 1126
1471750 1126
1471760 1128
1471770 1130
1471780 1130
1471790 1133
1471800 1136
1471810 1136
1471820 1140
1471830 1143
1471840 1143
1471850 1146
1471860 1149
1471870 1149
1471880 1151
1471890 1153
1471900 1153
1471910 1155
1471920 1156
1471930 1158
1471940 1158
1471950 1159
1471960 1160
1471970 1160
1471980 1162
1471990 1164
1472000 1164
1472010 1165
1472020 1166
1472030 1166
1472040 1168
1472050 1169
1472060 1169
1472070 1171
1472080 1173
1472090 1173
1472100 1175
1472110 1177
1472120 1179
1472130 1179
1472140 1180
1472150 1182
1472160 1182
1472170 1184
1472180 1186
1472190 1186
1472200 1187
1472210 1188
1472220 1188
1472230 1189
1472240 1190
1472250 1190
1472260 1191
1472270 1192
1472280 1192
1472290 1194
1472300 1195
1472310 1197
1472320 1197
1472330 1197
1472340 1196
1472350 1196
1472360 1196
1472370 1197
1472380 1197
1472390 1198
1472400 1197
1472410 1197
1472420 1197
1472430 1195
1472440 1195
1472450 1193
1472460 1190
1472470 1190
1472480 1188
1472490 1186
1472500 1186
1472510 1184
1472520 1190
1472530 1192
1472540 1192
1472550 1192
1472560 1191
1472570 1191
1472580 1190
1472590 1190
1472600 1190
1472610 1191
1472620 1193
1472630 1193
1472640 1195
1472650 1196
1472660 1196
1472670 1195
1472680 1193
1472690 1193
1472700 1192
1472710 1192
1472720 1190
1472730 1190
1472740 1189
1472750 1187
1472760 1187
1472770 1185
1472780 1185
1472790 1185
1472800 1183
1472810 1180
1472820 1180
1472830 1176
1472840 1172
1472850 1172
1472860 1167
1472870 1170
1472880 1170
1472890 1179
1472900 1186
1472910 1193
1472920 1193
1472930 1203
1472940 1210
1472950 1210
1472960 1216
1472970 1223
1472980 1223
1472990 1228
1473000 1233
1473010 1233
1473020 1238
1473030 1243
1473040 1243
1473050 1247
1473060 1250
1473070 1250
1473080 1252
1473090 1257
1473100 1269
1473110 1269
1473120 1280
1473130 1289
1473140 1289
1473150 1299
1473160 1303
1473170 1303
1473180 1305
1473190 1307
1473200 1307
1473210 1312
1473220 1318
1473230 1318
1473240 1325
1473250 1333
1473260 1333
1473270 1341
1473280 1349
1473290 1358
1473300 1358
1473310 1366
1473320 1376
1473330 1376
1473340 1387
1473350 1400
1473360 1400
1473370 1411
1473380 1421
1473390 1421
1473400 1428
1473410 1438
1473420 1438
1473430 1458
1473440 1465
1473450 1465
1473460 1471
1473470 1475
1473480 1481
1473490 1481
1473500 1489
1473510 1497
1473520 1497
1473530 1503
1473540 1506
1473550 1506
1473560 1510
1473570 1513
1473580 1513
1473590 1517
1473600 1520
1473610 1520
1473620 1523
1473630 1527
1473640 1527
1473650 1529
1473660 1531
1473670 1532
1473680 1532
1473690 1533
1473700 1534
1473710 1534
1473720 1535
1473730 1536
1473740 1536
1473750 1537
1473760 1537
1473770 1537
1473780 1537
1473790 1534
1473800 1534
1473810 1531
1473820 1526
1473830 1526
1473840 1520
1473850 1520
1473860 1520
1473870 1520
1473880 1520
1473890 1519
1473900 1519
1473910 1515
1473920 1508
1473930 1508
1473940 1502
1473950 1497
1473960 1497
1473970 1494
1473980 1491
1473990 1491
1474000 1482
1474010 1474
1474020 1474
1474030 1469
1474040 1464
1474050 1464
1474060 1459
1474070 1454
1474080 1450
1474090 1450
1474100 1445
1474110 1440
1474120 1440
1474130 1435
1474140 1431
1474150 1431
1474160 1427
1474170 1421
1474180 1421
1474190 1417
1474200 1413
1474210 1413
1474220 1408
1474230 1405
1474240 1405
1474250 1401
1474260 1394
1474270 1392
1474280 1392
1474290 1391
1474300 1388
1474310 1388
1474320 1385
1474330 1379
1474340 1379
1474350 1374
1474360 1371
1474370 1371
1474380 1369
1474390 1367
1474400 1367
1474410 1363
1474420 1359
1474430 1359
1474440 1353
1474450 1352
1474460 1354
1474470 1354
1474480 1357
1474490 1358
1474500 1358
1474510 1359
1474520 1357
1474530 1357
1474540 1356
1474550 1357
1474560 1357
1474570 1357
1474580 1356
1474590 1356
1474600 1355
1474610 1352
1474620 1352
1474630 1350
1474640 1347
1474650 1346
1474660 1346
1474670 1345
1474680 1344
1474690 1344
1474700 1343
1474710 1342
1474720 1342
1474730 1342
1474740 1342
1474750 1342
1474760 1343
1474770 1345
1474780 1345
1474790 1350
1474800 1354
1474810 1354
1474820 1359
1474830 1362
1474840 1364
1474850 1364
1474860 1367
1474870 1369
1474880 1369
1474890 1371
1474900 1375
1474910 1375
1474920 1378
1474930 1381
1474940 1381
1474950 1383
1474960 1388
1474970 1388
1474980 1395
1474990 1401
1475000 1401
1475010 1408
1475020 1410
1475030 1414
1475040 1414
1475050 1420
1475060 1426
1475070 1426
1475080 1431
1475090 1433
1475100 1433
1475110 1436
1475120 1442
1475130 1442
1475140 1448
1475150 1452
1475160 1452
1475170 1455
1475180 1458
1475190 1458
1475200 1461
1475210 1463
1475220 1468
1475230 1468
1475240 1473
1475250 1476
1475260 1476
1475270 1482
1475280 1487
1475290 1487
1475300 1491
1475310 1498
1475320 1498
1475330 1505
1475340 1512
1475350 1512
1475360 1518
1475370 1523
1475380 1523
1475390 1527
1475400 1533
1475410 1533
1475420 1538
1475430 1544
1475440 1549
1475450 1549
1475460 1554
1475470 1557
1475480 1557
1475490 1561
1475500 1566
1475510 1566
1475520 1569
1475530 1572
1475540 1572
1475550 1575
1475560 1581
1475570 1581
1475580 1588
1475590 1595
1475600 1595
1475610 1602
1475620 1609
1475630 1616
1475640 1616
1475650 1624
1475660 1632
1475670 1632
1475680 1637
1475690 1646
1475700 1646
1475710 1653
1475720 1660
1475730 1660
1475740 1668
1475750 1675
1475760 1675
1475770 1683
1475780 1689
1475790 1689
1475800 1694
1475810 1701
1475820 1709
1475830 1709
1475840 1716
1475850 1721
1475860 1721
1475870 1725
1475880 1727
1475890 1727
1475900 1733
1475910 1741
1475920 1741
1475930 1748
1475940 1756
1475950 1756
1475960 1763
1475970 1771
1475980 1771
1475990 1779
1476000 1787
1476010 1794
1476020 1794
1476030 1801
1476040 1808
1476050 1808
1476060 1817
1476070 1825
1476080 1825
1476090 1833
1476100 1841
1476110 1841
1476120 1848
1476130 1857
1476140 1857
1476150 1863
1476160 1867
1476170 1867
1476180 1875
1476190 1882
1476200 1886
1476210 1886
1476220 1889
1476230 1893
1476240 1893
1476250 1894
1476260 1897
1476270 1897
1476280 1899
1476290 1899
1476300 1899
1476310 1899
1476320 1901
1476330 1901
1476340 1902
1476350 1901
1476360 1901
1476370 1901
1476380 1901
1476390 1899
1476400 1899
1476410 1893
1476420 1886
1476430 1886
1476440 1880
1476450 1873
1476460 1873
1476470 1868
1476480 1862
1476490 1862
1476500 1855
1476510 1850
1476520 1850
1476530 1846
1476540 1843
1476550 1843
1476560 1843
1476570 1845
1476580 1842
1476590 1842
1476600 1832
1476610 1825
1476620 1825
1476630 1821
1476640 1820
1476650 1820
1476660 1814
1476670 1804
1476680 1804
1476690 1797
1476700 1791
1476710 1791
1476720 1786
1476730 1781
1476740 1781
1476750 1778
1476760 1775
1476770 1772
1476780 1772
1476790 1770
1476800 1770
1476810 1770
1476820 1770
1476830 1771
1476840 1771
1476850 1773
1476860 1775
1476870 1775
1476880 1778
1476890 1779
1476900 1779
1476910 1777
1476920 1771
1476930 1771
1476940 1763
1476950 1755
1476960 1755
1476970 1747
1476980 1741
1476990 1734
1477000 1734
1477010 1727
1477020 1720
1477030 1720
1477040 1712
1477050 1704
1477060 1704
1477070 1697
1477080 1689
1477090 1689
1477100 1680
1477110 1672
1477120 1672
1477130 1664
1477140 1657
1477150 1657
1477160 1653
1477170 1648
1477180 1638
1477190 1638
1477200 1627
1477210 1621
1477220 1621
1477230 1616
1477240 1612
1477250 1612
1477260 1612
1477270 1610
1477280 1610
1477290 1604
1477300 1595
1477310 1595
1477320 1587
1477330 1572
1477340 1572
1477350 1558
1477360 1551
1477370 1544
1477380 1544
1477390 1540
1477400 1551
1477410 1551
1477420 1562
1477430 1571
1477440 1571
1477450 1579
1477460 1590
1477470 1590
1477480 1604
1477490 1616
1477500 1616
1477510 1620
1477520 1627
1477530 1627
1477540 1636
1477550 1646
1477560 1648
1477570 1648
1477580 1645
1477590 1642
1477600 1642
1477610 1639
1477620 1637
1477630 1637
1477640 1627
1477650 1619
1477660 1619
1477670 1611
1477680 1603
1477690 1603
1477700 1596
1477710 1589
1477720 1589
1477730 1585
1477740 1581
1477750 1579
1477760 1579
1477770 1576
1477780 1572
1477790 1572
1477800 1569
1477810 1565
1477820 1565
1477830 1560
1477840 1555
1477850 1555
1477860 1551
1477870 1549
1477880 1549
1477890 1547
1477900 1544
1477910 1544
1477920 1541
1477930 1538
1477940 1535
1477950 1535
1477960 1531
1477970 1528
1477980 1528
1477990 1525
1478000 1523
1478010 1523
1478020 1519
1478030 1515
1478040 1515
1478050 1511
1478060 1508
1478070 1508
1478080 1505
1478090 1502
1478100 1502
1478110 1500
1478120 1498
1478130 1497
1478140 1497
1478150 1497
1478160 1496
1478170 1496
1478180 1496
1478190 1492
1478200 1492
1478210 1490
1478220 1495
1478230 1495
1478240 1501
1478250 1506
1478260 1506
1478270 1510
1478280 1512
1478290 1512
1478300 1513
1478310 1517
1478320 1521
1478330 1521
1478340 1525
1478350 1530
1478360 1530
1478370 1535
1478380 1540
1478390 1540
1478400 1547
1478410 1554
1478420 1554
1478430 1561
1478440 1568
1478450 1568
1478460 1575
1478470 1580
1478480 1580
1478490 1584
1478500 1589
1478510 1589
1478520 1594
1478530 1598
1478540 1604
1478550 1604
1478560 1610
1478570 1617
1478580 1617
1478590 1623
1478600 1629
1478610 1629
1478620 1635
1478630 1642
1478640 1642
1478650 1648
1478660 1655
1478670 1655
1478680 1661
1478690 1668
1478700 1668
1478710 1674
1478720 1681
1478730 1687
1478740 1687
1478750 1694
1478760 1701
1478770 1701
1478780 1708
1478790 1715
1478800 1715
1478810 1722
1478820 1728
1478830 1728
1478840 1735
1478850 1742
1478860 1742
1478870 1748
1478880 1752
1478890 1752
1478900 1757
1478910 1762
1478920 1765
1478930 1765
1478940 1766
1478950 1767
1478960 1767
1478970 1768
1478980 1769
1478990 1769
1479000 1771
1479010 1774
1479020 1774
1479030 1777
1479040 1782
1479050 1782
1479060 1787
1479070 1793
1479080 1793
1479090 1799
1479100 1805
1479110 1811
1479120 1811
1479130 1817
1479140 1820
1479150 1820
1479160 1823
1479170 1824
1479180 1824
1479190 1826
1479200 1829
1479210 1829
1479220 1832
1479230 1836
1479240 1836
1479250 1838
1479260 1841
1479270 1841
1479280 1842
1479290 1844
1479300 1846
1479310 1846
1479320 1847
1479330 1848
1479340 1848
1479350 1849
1479360 1850
1479370 1850
1479380 1851
1479390 1853
1479400 1853
1479410 1856
1479420 1859
1479430 1859
1479440 1863
1479450 1867
1479460 1867
1479470 1873
1479480 1879
1479490 1884
1479500 1884
1479510 1889
1479520 1895
1479530 1895
1479540 1901
1479550 1908
1479560 1908
1479570 1917
1479580 1924
1479590 1924
1479600 1934
1479610 1950
1479620 1950
1479630 1967
1479640 1974
1479650 1974
1479660 1981
1479670 1988
1479680 1995
1479690 1995
1479700 2001
1479710 2007
1479720 2007
1479730 2011
1479740 2016
1479750 2016
1479760 2020
1479770 2024
1479780 2024
1479790 2030
1479800 2041
1479810 2041
1479820 2052
1479830 2059
1479840 2059
1479850 2064
1479860 2061
1479870 2061
1479880 2061
1479890 2066
1479900 2072
1479910 2072
1479920 2079
1479930 2086
1479940 2086
1479950 2086
1479960 2086
1479970 2086
1479980 2091
1479990 2102
