1460000 1357
1460010 1358
1460020 1358
1460030 1357
1460040 1354
1460050 1352
1460060 1352
1460070 1353
1460080 1353
1460090 1353
1460100 1350
1460110 1347
1460120 1347
1460130 1344
1460140 1343
1460150 1343
1460160 1344
1460170 1344
1460180 1344
1460190 1345
1460200 1347
1460210 1347
1460220 1349
1460230 1350
1460240 1350
1460250 1350
1460260 1352
1460270 1353
1460280 1353
1460290 1354
1460300 1354
1460310 1354
1460320 1354
1460330 1354
1460340 1354
1460350 1353
1460360 1350
1460370 1350
1460380 1348
1460390 1345
1460400 1345
1460410 1343
1460420 1342
1460430 1342
1460440 1342
1460450 1344
1460460 1346
1460470 1346
1460480 1348
1460490 1347
1460500 1347
1460510 1343
1460520 1342
1460530 1342
1460540 1348
1460550 1350
1460560 1350
1460570 1351
1460580 1352
1460590 1352
1460600 1354
1460610 1357
1460620 1359
1460630 1359
1460640 1363
1460650 1365
1460660 1365
1460670 1366
1460680 1368
1460690 1368
1460700 1369
1460710 1371
1460720 1371
1460730 1372
1460740 1374
1460750 1374
1460760 1376
1460770 1377
1460780 1377
1460790 1377
1460800 1375
1460810 1375
1460820 1373
1460830 1368
1460840 1360
1460850 1360
1460860 1354
1460870 1351
1460880 1351
1460890 1351
1460900 1356
1460910 1356
1460920 1363
1460930 1368
1460940 1368
1460950 1372
1460960 1376
1460970 1376
1460980 1378
1460990 1382
1461000 1382
1461010 1384
1461020 1385
1461030 1385
1461040 1385
1461050 1385
1461060 1384
1461070 1384
1461080 1382
1461090 1380
1461100 1380
1461110 1382
1461120 1383
1461130 1383
1461140 1383
1461150 1381
1461160 1381
1461170 1379
1461180 1379
1461190 1379
1461200 1380
1461210 1380
1461220 1381
1461230 1381
1461240 1379
1461250 1382
1461260 1382
1461270 1385
1461280 1388
1461290 1388
1461300 1389
1461310 1390
1461320 1390
1461330 1392
1461340 1393
1461350 1393
1461360 1394
1461370 1395
1461380 1395
1461390 1395
1461400 1395
1461410 1394
1461420 1394
1461430 1394
1461440 1393
1461450 1393
1461460 1392
1461470 1392
1461480 1392
1461490 1391
1461500 1379
1461510 1379
1461520 1370
1461530 1370
1461540 1370
1461550 1374
1461560 1377
1461570 1377
1461580 1382
1461590 1391
1461600 1400
1461610 1400
1461620 1410
1461630 1416
1461640 1416
1461650 1420
1461660 1426
1461670 1426
1461680 1432
1461690 1436
1461700 1436
1461710 1439
1461720 1443
1461730 1443
1461740 1447
1461750 1445
1461760 1445
1461770 1438
1461780 1433
1461790 1433
1461800 1429
1461810 1422
1461820 1416
1461830 1416
1461840 1411
1461850 1406
1461860 1406
1461870 1399
1461880 1392
1461890 1392
1461900 1385
1461910 1380
1461920 1380
1461930 1377
1461940 1374
1461950 1374
1461960 1371
1461970 1369
1461980 1369
1461990 1365
1462000 1363
1462010 1361
1462020 1361
1462030 1358
1462040 1357
1462050 1357
1462060 1356
1462070 1354
1462080 1354
1462090 1353
1462100 1348
1462110 1348
1462120 1340
1462130 1335
1462140 1335
1462150 1333
1462160 1328
1462170 1328
1462180 1322
1462190 1318
1462200 1310
1462210 1310
1462220 1299
1462230 1287
1462240 1287
1462250 1278
1462260 1271
1462270 1271
1462280 1266
1462290 1261
1462300 1261
1462310 1255
1462320 1251
1462330 1251
1462340 1244
1462350 1236
1462360 1236
1462370 1225
1462380 1217
1462390 1208
1462400 1208
1462410 1197
1462420 1199
1462430 1199
1462440 1216
1462450 1230
1462460 1230
1462470 1242
1462480 1251
1462490 1251
1462500 1258
1462510 1264
1462520 1264
1462530 1269
1462540 1276
1462550 1276
1462560 1283
1462570 1290
1462580 1298
1462590 1298
1462600 1305
1462610 1312
1462620 1312
1462630 1317
1462640 1323
1462650 1323
1462660 1329
1462670 1330
1462680 1330
1462690 1330
1462700 1329
1462710 1329
1462720 1330
1462730 1331
1462740 1331
1462750 1333
1462760 1335
1462770 1335
1462780 1335
1462790 1333
1462800 1334
1462810 1334
1462820 1335
1462830 1336
1462840 1336
1462850 1337
1462860 1338
1462870 1338
1462880 1338
1462890 1339
1462900 1339
1462910 1340
1462920 1343
1462930 1343
1462940 1346
1462950 1348
1462960 1348
1462970 1350
1462980 1352
1462990 1355
1463000 1355
1463010 1358
1463020 1361
1463030 1361
1463040 1364
1463050 1367
1463060 1367
1463070 1369
1463080 1372
1463090 1372
1463100 1375
1463110 1377
1463120 1377
1463130 1381
1463140 1386
1463150 1386
1463160 1390
1463170 1394
1463180 1397
1463190 1397
1463200 1402
1463210 1407
1463220 1407
1463230 1412
1463240 1416
1463250 1416
1463260 1420
1463270 1426
1463280 1426
1463290 1432
1463300 1435
1463310 1435
1463320 1436
1463330 1436
1463340 1436
1463350 1435
1463360 1432
1463370 1429
1463380 1429
1463390 1426
1463400 1423
1463410 1423
1463420 1421
1463430 1421
1463440 1421
1463450 1423
1463460 1426
1463470 1426
1463480 1428
1463490 1430
1463500 1430
1463510 1430
1463520 1429
1463530 1429
1463540 1428
1463550 1425
1463560 1418
1463570 1418
1463580 1414
1463590 1409
1463600 1409
1463610 1404
1463620 1401
1463630 1401
1463640 1399
1463650 1396
1463660 1396
1463670 1393
1463680 1390
1463690 1390
1463700 1388
1463710 1386
1463720 1386
1463730 1385
1463740 1385
1463750 1385
1463760 1384
1463770 1383
1463780 1381
1463790 1381
1463800 1379
1463810 1379
1463820 1379
1463830 1380
1463840 1380
1463850 1380
1463860 1376
1463870 1370
1463880 1370
1463890 1363
1463900 1356
1463910 1356
1463920 1348
1463930 1338
1463940 1338
1463950 1330
1463960 1320
1463970 1309
1463980 1309
1463990 1300
1464000 1290
1464010 1290
1464020 1279
1464030 1266
1464040 1266
1464050 1258
1464060 1256
1464070 1256
1464080 1259
1464090 1263
1464100 1263
1464110 1266
1464120 1270
1464130 1270
1464140 1274
1464150 1277
1464160 1282
1464170 1282
1464180 1287
1464190 1290
1464200 1290
1464210 1293
1464220 1297
1464230 1297
1464240 1301
1464250 1303
1464260 1303
1464270 1304
1464280 1305
1464290 1305
1464300 1307
1464310 1309
1464320 1309
1464330 1311
1464340 1313
1464350 1316
1464360 1316
1464370 1318
1464380 1320
1464390 1320
1464400 1322
1464410 1323
1464420 1323
1464430 1324
1464440 1324
1464450 1324
1464460 1324
1464470 1319
1464480 1319
1464490 1317
1464500 1315
1464510 1315
1464520 1313
1464530 1311
1464540 1309
1464550 1309
1464560 1307
1464570 1305
1464580 1305
1464590 1303
1464600 1301
1464610 1301
1464620 1299
1464630 1297
1464640 1297
1464650 1295
1464660 1292
1464670 1292
1464680 1290
1464690 1288
1464700 1288
1464710 1286
1464720 1284
1464730 1284
1464740 1282
1464750 1282
1464760 1279
1464770 1279
1464780 1274
1464790 1271
1464800 1271
1464810 1272
1464820 1270
1464830 1270
1464840 1268
1464850 1265
1464860 1265
1464870 1263
1464880 1260
1464890 1260
1464900 1255
1464910 1246
1464920 1246
1464930 1237
1464940 1228
1464950 1220
1464960 1220
1464970 1214
1464980 1208
1464990 1208
1465000 1203
1465010 1198
1465020 1198
1465030 1194
1465040 1189
1465050 1189
1465060 1185
1465070 1182
1465080 1182
1465090 1179
1465100 1179
1465110 1179
1465120 1180
1465130 1179
1465140 1180
1465150 1180
1465160 1181
1465170 1179
1465180 1179
1465190 1174
1465200 1167
1465210 1167
1465220 1161
1465230 1155
1465240 1155
1465250 1150
1465260 1142
1465270 1142
1465280 1134
1465290 1126
1465300 1126
1465310 1119
1465320 1111
1465330 1106
1465340 1106
1465350 1101
1465360 1095
1465370 1095
1465380 1089
1465390 1085
1465400 1085
1465410 1086
1465420 1089
1465430 1089
1465440 1092
1465450 1096
1465460 1096
1465470 1108
1465480 1118
1465490 1118
1465500 1127
1465510 1133
1465520 1141
1465530 1141
1465540 1148
1465550 1156
1465560 1156
1465570 1170
1465580 1187
1465590 1187
1465600 1199
1465610 1208
1465620 1208
1465630 1215
1465640 1223
1465650 1223
1465660 1231
1465670 1237
1465680 1237
1465690 1242
1465700 1246
1465710 1246
1465720 1252
1465730 1258
1465740 1266
1465750 1266
1465760 1272
1465770 1278
1465780 1278
1465790 1282
1465800 1284
1465810 1284
1465820 1285
1465830 1285
1465840 1285
1465850 1286
1465860 1286
1465870 1286
1465880 1286
1465890 1287
1465900 1287
1465910 1287
1465920 1287
1465930 1288
1465940 1288
1465950 1289
1465960 1289
1465970 1289
1465980 1290
1465990 1290
1466000 1290
1466010 1291
1466020 1291
1466030 1291
1466040 1290
1466050 1289
1466060 1289
1466070 1286
1466080 1284
1466090 1284
1466100 1280
1466110 1277
1466120 1274
1466130 1274
1466140 1271
1466150 1267
1466160 1267
1466170 1261
1466180 1254
1466190 1254
1466200 1245
1466210 1238
1466220 1238
1466230 1231
1466240 1225
1466250 1225
1466260 1220
1466270 1213
1466280 1213
1466290 1206
1466300 1198
1466310 1191
1466320 1191
1466330 1183
1466340 1175
1466350 1175
1466360 1167
1466370 1159
1466380 1159
1466390 1151
1466400 1143
1466410 1143
1466420 1135
1466430 1129
1466440 1129
1466450 1125
1466460 1120
1466470 1120
1466480 1115
1466490 1107
1466500 1099
1466510 1099
1466520 1092
1466530 1085
1466540 1085
1466550 1078
1466560 1074
1466570 1074
1466580 1069
1466590 1063
1466600 1063
1466610 1057
1466620 1050
1466630 1050
1466640 1040
1466650 1031
1466660 1031
1466670 1022
1466680 1013
1466690 1013
1466700 1006
1466710 1002
1466720 999
1466730 999
1466740 994
1466750 990
1466760 990
1466770 986
1466780 980
1466790 980
1466800 976
1466810 972
1466820 972
1466830 972
1466840 971
1466850 971
1466860 968
1466870 961
1466880 961
1466890 955
1466900 948
1466910 940
1466920 940
1466930 934
1466940 927
1466950 927
1466960 923
1466970 919
1466980 919
1466990 914
1467000 909
1467010 909
1467020 903
1467030 898
1467040 898
1467050 892
1467060 886
1467070 886
1467080 882
1467090 878
1467100 873
1467110 873
1467120 867
1467130 862
1467140 862
1467150 855
1467160 849
1467170 849
1467180 848
1467190 847
1467200 847
1467210 843
1467220 841
1467230 841
1467240 844
1467250 846
1467260 846
1467270 850
1467280 857
1467290 862
1467300 862
1467310 870
1467320 879
1467330 879
1467340 888
1467350 896
1467360 896
1467370 905
1467380 910
1467390 910
1467400 909
1467410 907
1467420 907
1467430 905
1467440 903
1467450 903
1467460 900
1467470 900
1467480 900
1467490 900
1467500 900
1467510 901
1467520 901
1467530 901
1467540 901
1467550 901
1467560 901
1467570 901
1467580 901
1467590 902
1467600 903
1467610 903
1467620 905
1467630 906
1467640 906
1467650 909
1467660 912
1467670 912
1467680 915
1467690 920
1467700 926
1467710 926
1467720 931
1467730 937
1467740 937
1467750 943
1467760 949
1467770 949
1467780 957
1467790 965
1467800 965
1467810 973
1467820 981
1467830 981
1467840 990
1467850 998
1467860 998
1467870 1007
1467880 1015
1467890 1023
1467900 1023
1467910 1032
1467920 1039
1467930 1039
1467940 1047
1467950 1055
1467960 1055
1467970 1062
1467980 1070
1467990 1070
1468000 1078
1468010 1085
1468020 1085
1468030 1094
1468040 1102
1468050 1102
1468060 1109
1468070 1114
1468080 1119
1468090 1119
1468100 1124
1468110 1130
1468120 1130
1468130 1138
1468140 1146
1468150 1146
1468160 1154
1468170 1162
1468180 1162
1468190 1171
1468200 1177
1468210 1177
1468220 1181
1468230 1185
1468240 1185
1468250 1189
1468260 1193
1468270 1198
1468280 1198
1468290 1202
1468300 1205
1468310 1205
1468320 1208
1468330 1213
1468340 1213
1468350 1219
1468360 1224
1468370 1224
1468380 1229
1468390 1234
1468400 1234
1468410 1240
1468420 1245
1468430 1245
1468440 1252
1468450 1258
1468460 1264
1468470 1264
1468480 1271
1468490 1277
1468500 1277
1468510 1286
1468520 1294
1468530 1294
1468540 1298
1468550 1301
1468560 1301
1468570 1303
1468580 1303
1468590 1303
1468600 1304
1468610 1305
1468620 1305
1468630 1306
1468640 1306
1468650 1306
1468660 1306
1468670 1306
1468680 1309
1468690 1309
1468700 1312
1468710 1313
1468720 1313
1468730 1315
1468740 1320
1468750 1320
1468760 1324
1468770 1328
1468780 1328
1468790 1333
1468800 1340
1468810 1340
1468820 1343
1468830 1345
1468840 1345
1468850 1348
1468860 1352
1468870 1356
1468880 1356
1468890 1359
1468900 1363
1468910 1363
1468920 1367
1468930 1371
1468940 1371
1468950 1374
1468960 1378
1468970 1378
1468980 1383
1468990 1388
1469000 1388
1469010 1392
1469020 1395
1469030 1395
1469040 1400
1469050 1405
1469060 1409
1469070 1409
1469080 1413
1469090 1418
1469100 1418
1469110 1422
1469120 1426
1469130 1426
1469140 1430
1469150 1434
1469160 1434
1469170 1437
1469180 1442
1469190 1442
1469200 1446
1469210 1449
1469220 1449
1469230 1451
1469240 1453
1469250 1454
1469260 1454
1469270 1456
1469280 1459
1469290 1459
1469300 1462
1469310 1464
1469320 1464
1469330 1464
1469340 1465
1469350 1465
1469360 1467
1469370 1470
1469380 1470
1469390 1473
1469400 1476
1469410 1476
1469420 1478
1469430 1479
1469440 1479
1469450 1479
1469460 1478
1469470 1477
1469480 1477
1469490 1477
1469500 1475
1469510 1475
1469520 1472
1469530 1469
1469540 1469
1469550 1466
1469560 1461
1469570 1461
1469580 1456
1469590 1450
1469600 1450
1469610 1445
1469620 1440
1469630 1440
1469640 1435
1469650 1429
1469660 1422
1469670 1422
1469680 1415
1469690 1407
1469700 1407
1469710 1399
1469720 1392
1469730 1392
1469740 1385
1469750 1378
1469760 1378
1469770 1371
1469780 1364
1469790 1364
1469800 1356
1469810 1350
1469820 1350
1469830 1344
1469840 1340
1469850 1336
1469860 1336
1469870 1332
1469880 1328
1469890 1328
1469900 1323
1469910 1318
1469920 1318
1469930 1312
1469940 1305
1469950 1305
1469960 1299
1469970 1297
1469980 1297
1469990 1297
1470000 1298
1470010 1298
1470020 1301
1470030 1306
1470040 1307
1470050 1307
1470060 1307
1470070 1311
1470080 1311
1470090 1314
1470100 1318
1470110 1318
1470120 1324
1470130 1330
1470140 1330
1470150 1333
1470160 1334
1470170 1334
1470180 1337
1470190 1338
1470200 1338
1470210 1338
1470220 1338
1470230 1341
1470240 1341
1470250 1344
1470260 1347
1470270 1347
1470280 1352
1470290 1356
1470300 1356
1470310 1358
1470320 1360
1470330 1360
1470340 1362
1470350 1363
1470360 1363
1470370 1364
1470380 1365
1470390 1365
1470400 1370
1470410 1377
1470420 1381
1470430 1381
1470440 1385
1470450 1388
1470460 1388
1470470 1388
1470480 1389
1470490 1389
1470500 1391
1470510 1393
1470520 1393
1470530 1397
1470540 1396
1470550 1396
1470560 1394
1470570 1394
1470580 1394
1470590 1395
1470600 1399
1470610 1399
1470620 1404
1470630 1405
1470640 1409
1470650 1409
1470660 1413
1470670 1414
1470680 1414
1470690 1411
1470700 1413
1470710 1413
1470720 1418
1470730 1422
1470740 1422
1470750 1423
1470760 1420
1470770 1420
1470780 1416
1470790 1411
1470800 1411
1470810 1407
1470820 1404
1470830 1401
1470840 1401
1470850 1398
1470860 1396
1470870 1396
1470880 1393
1470890 1391
1470900 1391
1470910 1388
1470920 1385
1470930 1385
1470940 1383
1470950 1379
1470960 1379
1470970 1374
1470980 1369
1470990 1369
1471000 1366
1471010 1361
1471020 1354
1471030 1354
1471040 1349
1471050 1343
1471060 1343
1471070 1337
1471080 1333
1471090 1333
1471100 1329
1471110 1327
1471120 1327
1471130 1326
1471140 1326
1471150 1326
1471160 1326
1471170 1324
1471180 1324
1471190 1321
1471200 1315
1471210 1308
1471220 1308
1471230 1298
1471240 1288
1471250 1288
1471260 1277
1471270 1271
1471280 1271
1471290 1267
1471300 1266
1471310 1266
1471320 1266
1471330 1265
1471340 1265
1471350 1262
1471360 1256
1471370 1256
1471380 1253
1471390 1251
1471400 1247
1471410 1247
1471420 1244
1471430 1235
1471440 1235
1471450 1227
1471460 1220
1471470 1220
1471480 1220
1471490 1219
1471500 1219
1471510 1215
1471520 1212
1471530 1212
1471540 1208
1471550 1204
1471560 1204
1471570 1200
1471580 1188
1471590 1188
1471600 1180
1471610 1177
1471620 1178
1471630 1178
1471640 1180
1471650 1183
1471660 1183
1471670 1185
1471680 1188
1471690 1188
1471700 1190
1471710 1192
1471720 1192
1471730 1194
1471740 1196
1471750 1196
1471760 1199
1471770 1201
1471780 1201
1471790 1205
1471800 1211
1471810 1214
1471820 1214
1471830 1219
1471840 1226
1471850 1226
1471860 1226
1471870 1227
1471880 1227
1471890 1229
1471900 1234
1471910 1234
1471920 1238
1471930 1246
1471940 1246
1471950 1253
1471960 1258
1471970 1258
1471980 1264
1471990 1271
1472000 1273
1472010 1273
1472020 1270
1472030 1274
1472040 1274
1472050 1282
1472060 1288
1472070 1288
1472080 1294
1472090 1300
1472100 1300
1472110 1306
1472120 1311
1472130 1311
1472140 1317
1472150 1322
1472160 1322
1472170 1327
1472180 1334
1472190 1340
1472200 1340
1472210 1346
1472220 1352
1472230 1352
1472240 1360
1472250 1367
1472260 1376
1472270 1381
1472280 1381
1472290 1381
1472300 1381
1472310 1385
1472320 1385
1472330 1392
1472340 1402
1472350 1402
1472360 1412
1472370 1421
1472380 1424
1472390 1424
1472400 1424
1472410 1425
1472420 1425
1472430 1430
1472440 1434
1472450 1434
1472460 1440
1472470 1445
1472480 1445
1472490 1451
1472500 1457
1472510 1457
1472520 1463
1472530 1469
1472540 1469
1472550 1475
1472560 1481
1472570 1481
1472580 1487
1472590 1493
1472600 1499
1472610 1499
1472620 1506
1472630 1514
1472640 1514
1472650 1521
1472660 1529
1472670 1529
1472680 1536
1472690 1543
1472700 1543
1472710 1549
1472720 1555
1472730 1555
1472740 1561
1472750 1566
1472760 1566
1472770 1571
1472780 1577
1472790 1582
1472800 1582
1472810 1587
1472820 1591
1472830 1591
1472840 1595
1472850 1598
1472860 1598
1472870 1602
1472880 1606
1472890 1606
1472900 1610
1472910 1614
1472920 1614
1472930 1618
1472940 1621
1472950 1621
1472960 1624
1472970 1628
1472980 1632
1472990 1632
1473000 1635
1473010 1638
1473020 1638
1473030 1638
1473040 1639
1473050 1639
1473060 1636
1473070 1631
1473080 1631
1473090 1627
1473100 1622
1473110 1622
1473120 1615
1473130 1615
1473140 1615
1473150 1618
1473160 1623
1473170 1627
1473180 1627
1473190 1632
1473200 1636
1473210 1636
1473220 1640
1473230 1642
1473240 1642
1473250 1644
1473260 1645
1473270 1645
1473280 1647
1473290 1649
1473300 1649
1473310 1650
1473320 1651
1473330 1651
1473340 1653
1473350 1655
1473360 1656
1473370 1656
1473380 1655
1473390 1656
1473400 1656
1473410 1657
1473420 1655
1473430 1655
1473440 1653
1473450 1649
1473460 1649
1473470 1645
1473480 1646
1473490 1646
1473500 1651
1473510 1653
1473520 1653
1473530 1654
1473540 1652
1473550 1652
1473560 1649
1473570 1647
1473580 1647
1473590 1647
1473600 1645
1473610 1648
1473620 1648
1473630 1653
1473640 1658
1473650 1658
1473660 1666
1473670 1674
1473680 1674
1473690 1682
1473700 1689
1473710 1689
1473720 1694
1473730 1697
1473740 1697
1473750 1697
1473760 1699
1473770 1701
1473780 1701
1473790 1703
1473800 1703
1473810 1703
1473820 1702
1473830 1703
1473840 1703
1473850 1709
1473860 1712
1473870 1712
1473880 1713
1473890 1713
1473900 1713
1473910 1712
1473920 1709
1473930 1709
1473940 1706
1473950 1707
1473960 1712
1473970 1712
1473980 1719
1473990 1727
1474000 1727
1474010 1733
1474020 1737
1474030 1737
1474040 1738
1474050 1738
1474060 1738
1474070 1736
1474080 1737
1474090 1737
1474100 1743
1474110 1751
1474120 1751
1474130 1760
1474140 1768
1474150 1776
1474160 1776
1474170 1783
1474180 1787
1474190 1787
1474200 1787
1474210 1783
1474220 1783
1474230 1790
1474240 1796
1474250 1796
1474260 1800
1474270 1805
1474280 1805
1474290 1810
1474300 1815
1474310 1815
1474320 1820
1474330 1827
1474340 1834
1474350 1834
1474360 1842
1474370 1849
1474380 1849
1474390 1857
1474400 1864
1474410 1864
1474420 1869
1474430 1873
1474440 1873
1474450 1879
1474460 1884
1474470 1884
1474480 1889
1474490 1894
1474500 1894
1474510 1899
1474520 1905
1474530 1905
1474540 1909
1474550 1912
1474560 1914
1474570 1914
1474580 1916
1474590 1916
1474600 1916
1474610 1918
1474620 1920
1474630 1920
1474640 1922
1474650 1924
1474660 1924
1474670 1926
1474680 1929
1474690 1929
1474700 1932
1474710 1935
1474720 1935
1474730 1939
1474740 1943
1474750 1948
1474760 1948
1474770 1952
1474780 1957
1474790 1957
1474800 1962
1474810 1968
1474820 1968
1474830 1974
1474840 1980
1474850 1980
1474860 1986
1474870 1992
1474880 1992
1474890 1997
1474900 2003
1474910 2003
1474920 2008
1474930 2014
1474940 2020
1474950 2020
1474960 2027
1474970 2033
1474980 2033
1474990 2040
1475000 2046
1475010 2046
1475020 2053
1475030 2060
1475040 2060
1475050 2068
1475060 2076
1475070 2076
1475080 2084
1475090 2091
1475100 2091
1475110 2098
1475120 2105
1475130 2113
1475140 2113
1475150 2120
1475160 2127
1475170 2127
1475180 2134
1475190 2138
1475200 2138
1475210 2141
1475220 2144
1475230 2144
1475240 2149
1475250 2155
1475260 2155
1475270 2161
1475280 2166
1475290 2166
1475300 2172
1475310 2177
1475320 2181
1475330 2181
1475340 2186
1475350 2189
1475360 2189
1475370 2195
1475380 2202
1475390 2202
1475400 2208
1475410 2212
1475420 2212
1475430 2216
1475440 2219
1475450 2219
1475460 2219
1475470 2223
1475480 2223
1475490 2229
1475500 2236
1475510 2238
1475520 2238
1475530 2237
1475540 2240
1475550 2240
1475560 2244
1475570 2247
1475580 2247
1475590 2250
1475600 2255
1475610 2255
1475620 2259
1475630 2262
1475640 2262
1475650 2265
1475660 2270
1475670 2270
1475680 2270
1475690 2265
1475700 2265
1475710 2259
1475720 2263
1475730 2267
1475740 2267
1475750 2260
1475760 2253
1475770 2253
1475780 2244
1475790 2237
1475800 2237
1475810 2234
1475820 2233
1475830 2233
1475840 2230
1475850 2228
1475860 2228
1475870 2226
1475880 2221
1475890 2221
1475900 2217
1475910 2217
1475920 2221
1475930 2221
1475940 2226
1475950 2229
1475960 2229
1475970 2231
1475980 2231
1475990 2231
1476000 2232
1476010 2235
1476020 2235
1476030 2237
1476040 2241
1476050 2241
1476060 2245
1476070 2248
1476080 2248
1476090 2251
1476100 2253
1476110 2257
1476120 2257
1476130 2261
1476140 2265
1476150 2265
1476160 2270
1476170 2276
1476180 2276
1476190 2284
1476200 2292
1476210 2292
1476220 2298
1476230 2305
1476240 2305
1476250 2310
1476260 2311
1476270 2311
1476280 2311
1476290 2310
1476300 2309
1476310 2309
1476320 2305
1476330 2306
1476340 2306
1476350 2310
1476360 2313
1476370 2313
1476380 2316
1476390 2318
1476400 2318
1476410 2322
1476420 2325
1476430 2325
1476440 2328
1476450 2331
1476460 2331
1476470 2333
1476480 2335
1476490 2339
1476500 2339
1476510 2343
1476520 2349
1476530 2349
1476540 2355
1476550 2360
1476560 2360
1476570 2366
1476580 2373
1476590 2373
1476600 2380
1476610 2388
1476620 2388
1476630 2397
1476640 2404
1476650 2404
1476660 2411
1476670 2417
1476680 2417
1476690 2423
1476700 2430
1476710 2437
1476720 2437
1476730 2445
1476740 2454
1476750 2454
1476760 2466
1476770 2477
1476780 2477
1476790 2489
1476800 2497
1476810 2497
1476820 2508
1476830 2517
1476840 2517
1476850 2525
1476860 2530
1476870 2530
1476880 2538
1476890 2547
1476900 2558
1476910 2558
1476920 2566
1476930 2575
1476940 2575
1476950 2585
1476960 2596
1476970 2596
1476980 2606
1476990 2602
1477000 2602
1477010 2595
1477020 2589
1477030 2589
1477040 2586
1477050 2585
1477060 2585
1477070 2579
1477080 2573
1477090 2571
1477100 2571
1477110 2569
1477120 2565
1477130 2565
1477140 2563
1477150 2562
1477160 2562
1477170 2563
1477180 2563
1477190 2563
1477200 2563
1477210 2564
1477220 2564
1477230 2562
1477240 2557
1477250 2557
1477260 2552
1477270 2546
1477280 2540
1477290 2540
1477300 2532
1477310 2525
1477320 2525
1477330 2517
1477340 2510
1477350 2510
1477360 2504
1477370 2497
1477380 2497
1477390 2488
1477400 2479
1477410 2479
1477420 2467
1477430 2455
1477440 2455
1477450 2445
1477460 2438
1477470 2432
1477480 2432
1477490 2427
1477500 2422
1477510 2422
1477520 2418
1477530 2413
1477540 2413
1477550 2409
1477560 2405
1477570 2405
1477580 2402
1477590 2399
1477600 2399
1477610 2391
1477620 2381
1477630 2381
1477640 2371
1477650 2364
1477660 2364
1477670 2358
1477680 2352
1477690 2349
1477700 2349
1477710 2345
1477720 2341
1477730 2341
1477740 2339
1477750 2336
1477760 2336
1477770 2333
1477780 2331
1477790 2331
1477800 2328
1477810 2325
1477820 2325
1477830 2322
1477840 2322
1477850 2322
1477860 2321
1477870 2323
1477880 2324
1477890 2324
1477900 2324
1477910 2322
1477920 2322
1477930 2316
1477940 2313
1477950 2313
1477960 2314
1477970 2315
1477980 2315
1477990 2314
1478000 2315
1478010 2315
1478020 2318
1478030 2319
1478040 2319
1478050 2321
1478060 2323
1478070 2325
1478080 2325
1478090 2326
1478100 2330
1478110 2330
1478120 2336
1478130 2342
1478140 2342
1478150 2347
1478160 2354
1478170 2354
1478180 2361
1478190 2357
1478200 2357
1478210 2356
1478220 2359
1478230 2359
1478240 2363
1478250 2368
1478260 2374
1478270 2374
1478280 2378
1478290 2375
1478300 2375
1478310 2365
1478320 2353
1478330 2353
1478340 2343
1478350 2331
1478360 2331
1478370 2318
1478380 2305
1478390 2305
1478400 2295
1478410 2288
1478420 2288
1478430 2281
1478440 2275
1478450 2269
1478460 2269
1478470 2264
1478480 2260
1478490 2260
1478500 2257
1478510 2255
1478520 2255
1478530 2253
1478540 2251
1478550 2251
1478560 2251
1478570 2251
1478580 2251
1478590 2252
1478600 2251
1478610 2251
1478620 2249
1478630 2245
1478640 2245
1478650 2240
1478660 2236
1478670 2232
1478680 2232
1478690 2228
1478700 2225
1478710 2225
1478720 2223
1478730 2219
1478740 2219
1478750 2215
1478760 2210
1478770 2210
1478780 2206
1478790 2204
1478800 2204
1478810 2201
1478820 2197
1478830 2197
1478840 2195
1478850 2193
1478860 2191
1478870 2191
1478880 2190
1478890 2188
1478900 2188
1478910 2188
1478920 2190
1478930 2190
1478940 2192
1478950 2193
1478960 2193
1478970 2195
1478980 2198
1478990 2198
1479000 2199
1479010 2199
1479020 2199
1479030 2200
1479040 2200
1479050 2201
1479060 2201
1479070 2203
1479080 2206
1479090 2206
1479100 2210
1479110 2214
1479120 2214
1479130 2218
1479140 2222
1479150 2222
1479160 2224
1479170 2226
1479180 2226
1479190 2230
1479200 2233
1479210 2233
1479220 2238
1479230 2243
1479240 2249
1479250 2249
1479260 2255
1479270 2262
1479280 2262
1479290 2260
1479300 2252
1479310 2252
1479320 2246
1479330 2248
1479340 2248
1479350 2248
1479360 2246
1479370 2246
1479380 2245
1479390 2244
1479400 2244
1479410 2246
1479420 2248
1479430 2248
1479440 2248
1479450 2241
1479460 2235
1479470 2235
1479480 2228
1479490 2218
1479500 2218
1479510 2212
1479520 2206
1479530 2206
1479540 2199
1479550 2193
1479560 2193
1479570 2187
1479580 2181
1479590 2181
1479600 2175
1479610 2169
1479620 2169
1479630 2166
1479640 2164
1479650 2162
1479660 2162
1479670 2159
1479680 2157
1479690 2157
1479700 2155
1479710 2153
1479720 2153
1479730 2150
1479740 2146
1479750 2146
1479760 2141
1479770 2136
1479780 2136
1479790 2130
1479800 2126
1479810 2126
1479820 2121
1479830 2117
1479840 2117
1479850 2117
1479860 2119
1479870 2122
1479880 2122
1479890 2124
1479900 2125
1479910 2125
1479920 2126
1479930 2126
1479940 2126
1479950 2128
1479960 2128
1479970 2128
1479980 2127
1479990 2126
