1460000 1622
1460010 1625
1460020 1627
1460030 1627
1460040 1630
1460050 1633
1460060 1633
1460070 1635
1460080 1637
1460090 1637
1460100 1641
1460110 1645
1460120 1645
1460130 1649
1460140 1653
1460150 1658
1460160 1658
1460170 1661
1460180 1664
1460190 1664
1460200 1668
1460210 1672
1460220 1672
1460230 1674
1460240 1676
1460250 1676
1460260 1677
1460270 1680
1460280 1680
1460290 1682
1460300 1684
1460310 1684
1460320 1687
1460330 1690
1460340 1691
1460350 1691
1460360 1691
1460370 1690
1460380 1690
1460390 1691
1460400 1692
1460410 1692
1460420 1694
1460430 1696
1460440 1696
1460450 1697
1460460 1699
1460470 1699
1460480 1700
1460490 1702
1460500 1702
1460510 1704
1460520 1707
1460530 1709
1460540 1709
1460550 1711
1460560 1713
1460570 1713
1460580 1715
1460590 1716
1460600 1716
1460610 1717
1460620 1719
1460630 1719
1460640 1720
1460650 1723
1460660 1723
1460670 1727
1460680 1729
1460690 1729
1460700 1729
1460710 1729
1460720 1729
1460730 1730
1460740 1730
1460750 1730
1460760 1730
1460770 1730
1460780 1732
1460790 1732
1460800 1734
1460810 1737
1460820 1737
1460830 1739
1460840 1739
1460850 1739
1460860 1737
1460870 1735
1460880 1735
1460890 1735
1460900 1737
1460910 1737
1460920 1740
1460930 1742
1460940 1744
1460950 1744
1460960 1747
1460970 1750
1460980 1750
1460990 1753
1461000 1755
1461010 1755
1461020 1758
1461030 1759
1461040 1759
1461050 1761
1461060 1763
1461070 1763
1461080 1763
1461090 1763
1461100 1763
1461110 1763
1461120 1762
1461130 1760
1461140 1760
1461150 1760
1461160 1761
1461170 1761
1461180 1761
1461190 1760
1461200 1760
1461210 1762
1461220 1765
1461230 1765
1461240 1766
1461250 1765
1461260 1765
1461270 1766
1461280 1766
1461290 1766
1461300 1766
1461310 1765
1461320 1762
1461330 1762
1461340 1761
1461350 1761
1461360 1761
1461370 1760
1461380 1759
1461390 1759
1461400 1757
1461410 1756
1461420 1756
1461430 1756
1461440 1756
1461450 1756
1461460 1756
1461470 1755
1461480 1755
1461490 1754
1461500 1750
1461510 1747
1461520 1747
1461530 1746
1461540 1747
1461550 1747
1461560 1746
1461570 1743
1461580 1743
1461590 1739
1461600 1734
1461610 1734
1461620 1728
1461630 1721
1461640 1721
1461650 1713
1461660 1703
1461670 1703
1461680 1695
1461690 1686
1461700 1686
1461710 1678
1461720 1670
1461730 1663
1461740 1663
1461750 1657
1461760 1647
1461770 1647
1461780 1640
1461790 1633
1461800 1633
1461810 1627
1461820 1621
1461830 1621
1461840 1616
1461850 1621
1461860 1621
1461870 1624
1461880 1621
1461890 1621
1461900 1623
1461910 1613
1461920 1615
1461930 1615
1461940 1613
1461950 1614
1461960 1614
1461970 1615
1461980 1612
1461990 1612
1462000 1606
1462010 1598
1462020 1598
1462030 1598
1462040 1598
1462050 1598
1462060 1608
1462070 1619
1462080 1619
1462090 1623
1462100 1624
1462110 1631
1462120 1631
1462130 1637
1462140 1638
1462150 1638
1462160 1637
1462170 1633
1462180 1633
1462190 1627
1462200 1619
1462210 1619
1462220 1612
1462230 1605
1462240 1605
1462250 1598
1462260 1591
1462270 1591
1462280 1586
1462290 1589
1462300 1593
1462310 1593
1462320 1595
1462330 1598
1462340 1598
1462350 1601
1462360 1602
1462370 1602
1462380 1600
1462390 1597
1462400 1597
1462410 1597
1462420 1599
1462430 1599
1462440 1600
1462450 1597
1462460 1597
1462470 1590
1462480 1581
1462490 1581
1462500 1578
1462510 1584
1462520 1593
1462530 1593
1462540 1600
1462550 1609
1462560 1609
1462570 1616
1462580 1624
1462590 1624
1462600 1630
1462610 1636
1462620 1636
1462630 1640
1462640 1645
1462650 1645
1462660 1651
1462670 1656
1462680 1656
1462690 1660
1462700 1663
1462710 1665
1462720 1665
1462730 1667
1462740 1669
1462750 1669
1462760 1671
1462770 1672
1462780 1672
1462790 1674
1462800 1675
1462810 1675
1462820 1677
1462830 1679
1462840 1679
1462850 1682
1462860 1685
1462870 1685
1462880 1687
1462890 1689
1462900 1690
1462910 1690
1462920 1692
1462930 1694
1462940 1694
1462950 1696
1462960 1697
1462970 1697
1462980 1699
1462990 1699
1463000 1699
1463010 1699
1463020 1700
1463030 1700
1463040 1701
1463050 1702
1463060 1702
1463070 1705
1463080 1707
1463090 1709
1463100 1709
1463110 1711
1463120 1712
1463130 1712
1463140 1713
1463150 1714
1463160 1714
1463170 1713
1463180 1712
1463190 1712
1463200 1712
1463210 1711
1463220 1711
1463230 1710
1463240 1708
1463250 1708
1463260 1705
1463270 1704
1463280 1703
1463290 1703
1463300 1701
1463310 1700
1463320 1700
1463330 1698
1463340 1695
1463350 1695
1463360 1692
1463370 1691
1463380 1691
1463390 1689
1463400 1686
1463410 1686
1463420 1681
1463430 1676
1463440 1676
1463450 1670
1463460 1663
1463470 1663
1463480 1656
1463490 1649
1463500 1642
1463510 1642
1463520 1633
1463530 1625
1463540 1625
1463550 1617
1463560 1608
1463570 1608
1463580 1600
1463590 1592
1463600 1592
1463610 1584
1463620 1577
1463630 1577
1463640 1570
1463650 1563
1463660 1563
1463670 1556
1463680 1550
1463690 1542
1463700 1542
1463710 1536
1463720 1533
1463730 1533
1463740 1534
1463750 1540
1463760 1540
1463770 1547
1463780 1554
1463790 1554
1463800 1560
1463810 1566
1463820 1566
1463830 1571
1463840 1575
1463850 1575
1463860 1579
1463870 1581
1463880 1584
1463890 1584
1463900 1587
1463910 1588
1463920 1588
1463930 1591
1463940 1595
1463950 1595
1463960 1599
1463970 1603
1463980 1603
1463990 1605
1464000 1609
1464010 1609
1464020 1611
1464030 1613
1464040 1613
1464050 1615
1464060 1618
1464070 1619
1464080 1619
1464090 1619
1464100 1619
1464110 1619
1464120 1619
1464130 1620
1464140 1620
1464150 1623
1464160 1625
1464170 1625
1464180 1628
1464190 1631
1464200 1631
1464210 1634
1464220 1636
1464230 1636
1464240 1638
1464250 1639
1464260 1639
1464270 1641
1464280 1642
1464290 1639
1464300 1639
1464310 1635
1464320 1633
1464330 1633
1464340 1632
1464350 1632
1464360 1632
1464370 1632
1464380 1633
1464390 1633
1464400 1633
1464410 1632
1464420 1632
1464430 1631
1464440 1631
1464450 1631
1464460 1631
1464470 1632
1464480 1633
1464490 1633
1464500 1635
1464510 1636
1464520 1636
1464530 1638
1464540 1641
1464550 1641
1464560 1644
1464570 1647
1464580 1647
1464590 1649
1464600 1652
1464610 1652
1464620 1654
1464630 1655
1464640 1655
1464650 1651
1464660 1638
1464670 1633
1464680 1633
1464690 1633
1464700 1629
1464710 1629
1464720 1619
1464730 1611
1464740 1611
1464750 1603
1464760 1595
1464770 1595
1464780 1586
1464790 1578
1464800 1578
1464810 1570
1464820 1564
1464830 1564
1464840 1554
1464850 1545
1464860 1536
1464870 1536
1464880 1529
1464890 1520
1464900 1520
1464910 1511
1464920 1504
1464930 1504
1464940 1497
1464950 1487
1464960 1487
1464970 1475
1464980 1464
1464990 1464
1465000 1459
1465010 1457
1465020 1457
1465030 1454
1465040 1451
1465050 1451
1465060 1450
1465070 1447
1465080 1442
1465090 1442
1465100 1438
1465110 1435
1465120 1435
1465130 1431
1465140 1429
1465150 1429
1465160 1426
1465170 1421
1465180 1421
1465190 1420
1465200 1419
1465210 1419
1465220 1417
1465230 1413
1465240 1413
1465250 1411
1465260 1410
1465270 1409
1465280 1409
1465290 1406
1465300 1404
1465310 1404
1465320 1400
1465330 1395
1465340 1395
1465350 1389
1465360 1386
1465370 1386
1465380 1383
1465390 1382
1465400 1382
1465410 1384
1465420 1386
1465430 1386
1465440 1389
1465450 1392
1465460 1398
1465470 1398
1465480 1402
1465490 1406
1465500 1406
1465510 1410
1465520 1413
1465530 1413
1465540 1415
1465550 1417
1465560 1417
1465570 1419
1465580 1421
1465590 1421
1465600 1425
1465610 1428
1465620 1428
1465630 1431
1465640 1434
1465650 1439
1465660 1439
1465670 1443
1465680 1447
1465690 1447
1465700 1452
1465710 1454
1465720 1454
1465730 1458
1465740 1461
1465750 1461
1465760 1464
1465770 1467
1465780 1467
1465790 1470
1465800 1474
1465810 1474
1465820 1480
1465830 1485
1465840 1488
1465850 1488
1465860 1495
1465870 1505
1465880 1505
1465890 1513
1465900 1518
1465910 1518
1465920 1526
1465930 1536
1465940 1536
1465950 1546
1465960 1552
1465970 1552
1465980 1557
1465990 1561
1466000 1561
1466010 1554
1466020 1544
1466030 1544
1466040 1533
1466050 1518
1466060 1505
1466070 1505
1466080 1495
1466090 1486
1466100 1486
1466110 1477
1466120 1467
1466130 1467
1466140 1458
1466150 1450
1466160 1450
1466170 1442
1466180 1433
1466190 1433
1466200 1423
1466210 1413
1466220 1413
1466230 1404
1466240 1393
1466250 1384
1466260 1384
1466270 1375
1466280 1367
1466290 1367
1466300 1361
1466310 1355
1466320 1355
1466330 1351
1466340 1346
1466350 1346
1466360 1340
1466370 1333
1466380 1333
1466390 1326
1466400 1322
1466410 1322
1466420 1319
1466430 1315
1466440 1307
1466450 1307
1466460 1300
1466470 1296
1466480 1296
1466490 1293
1466500 1289
1466510 1289
1466520 1283
1466530 1275
1466540 1275
1466550 1267
1466560 1261
1466570 1261
1466580 1255
1466590 1251
1466600 1251
1466610 1246
1466620 1240
1466630 1236
1466640 1236
1466650 1232
1466660 1227
1466670 1227
1466680 1220
1466690 1215
1466700 1215
1466710 1211
1466720 1206
1466730 1206
1466740 1201
1466750 1196
1466760 1196
1466770 1189
1466780 1182
1466790 1182
1466800 1175
1466810 1169
1466820 1169
1466830 1163
1466840 1156
1466850 1148
1466860 1148
1466870 1140
1466880 1133
1466890 1133
1466900 1127
1466910 1119
1466920 1119
1466930 1112
1466940 1106
1466950 1106
1466960 1100
1466970 1092
1466980 1092
1466990 1085
1467000 1078
1467010 1078
1467020 1073
1467030 1067
1467040 1063
1467050 1063
1467060 1062
1467070 1057
1467080 1057
1467090 1050
1467100 1041
1467110 1041
1467120 1033
1467130 1026
1467140 1026
1467150 1020
1467160 1015
1467170 1015
1467180 1012
1467190 1007
1467200 1007
1467210 1001
1467220 996
1467230 990
1467240 990
1467250 984
1467260 979
1467270 979
1467280 974
1467290 969
1467300 969
1467310 962
1467320 953
1467330 953
1467340 945
1467350 937
1467360 937
1467370 927
1467380 918
1467390 918
1467400 911
1467410 907
1467420 910
1467430 910
1467440 918
1467450 924
1467460 924
1467470 927
1467480 930
1467490 930
1467500 931
1467510 932
1467520 932
1467530 934
1467540 936
1467550 936
1467560 938
1467570 939
1467580 939
1467590 942
1467600 944
1467610 945
1467620 945
1467630 948
1467640 950
1467650 950
1467660 954
1467670 957
1467680 957
1467690 960
1467700 962
1467710 962
1467720 964
1467730 965
1467740 965
1467750 963
1467760 961
1467770 961
1467780 962
1467790 964
1467800 964
1467810 966
1467820 969
1467830 971
1467840 971
1467850 972
1467860 973
1467870 973
1467880 974
1467890 975
1467900 975
1467910 976
1467920 977
1467930 977
1467940 979
1467950 982
1467960 982
1467970 984
1467980 987
1467990 987
1468000 990
1468010 993
1468020 997
1468030 997
1468040 1001
1468050 1005
1468060 1005
1468070 1008
1468080 1012
1468090 1012
1468100 1017
1468110 1023
1468120 1023
1468130 1027
1468140 1032
1468150 1032
1468160 1039
1468170 1047
1468180 1047
1468190 1053
1468200 1062
1468210 1071
1468220 1071
1468230 1077
1468240 1082
1468250 1082
1468260 1090
1468270 1096
1468280 1096
1468290 1105
1468300 1114
1468310 1114
1468320 1121
1468330 1129
1468340 1129
1468350 1136
1468360 1143
1468370 1143
1468380 1146
1468390 1158
1468400 1162
1468410 1162
1468420 1168
1468430 1172
1468440 1172
1468450 1177
1468460 1183
1468470 1183
1468480 1189
1468490 1197
1468500 1197
1468510 1204
1468520 1211
1468530 1211
1468540 1218
1468550 1226
1468560 1226
1468570 1234
1468580 1243
1468590 1243
1468600 1251
1468610 1260
1468620 1270
1468630 1270
1468640 1279
1468650 1288
1468660 1288
1468670 1296
1468680 1305
1468690 1305
1468700 1315
1468710 1323
1468720 1323
1468730 1330
1468740 1334
1468750 1334
1468760 1336
1468770 1340
1468780 1340
1468790 1347
1468800 1355
1468810 1367
1468820 1367
1468830 1377
1468840 1384
1468850 1384
1468860 1390
1468870 1395
1468880 1395
1468890 1401
1468900 1408
1468910 1408
1468920 1418
1468930 1426
1468940 1426
1468950 1433
1468960 1442
1468970 1442
1468980 1451
1468990 1459
1469000 1466
1469010 1466
1469020 1472
1469030 1477
1469040 1477
1469050 1483
1469060 1489
1469070 1489
1469080 1494
1469090 1499
1469100 1499
1469110 1503
1469120 1507
1469130 1507
1469140 1511
1469150 1516
1469160 1516
1469170 1523
1469180 1529
1469190 1535
1469200 1535
1469210 1541
1469220 1548
1469230 1548
1469240 1554
1469250 1560
1469260 1560
1469270 1564
1469280 1570
1469290 1570
1469300 1575
1469310 1578
1469320 1578
1469330 1583
1469340 1588
1469350 1588
1469360 1593
1469370 1598
1469380 1602
1469390 1602
1469400 1606
1469410 1611
1469420 1611
1469430 1615
1469440 1620
1469450 1620
1469460 1623
1469470 1626
1469480 1626
1469490 1630
1469500 1633
1469510 1633
1469520 1638
1469530 1642
1469540 1642
1469550 1644
1469560 1646
1469570 1646
1469580 1649
1469590 1651
1469600 1651
1469610 1651
1469620 1650
1469630 1650
1469640 1650
1469650 1650
1469660 1651
1469670 1651
1469680 1652
1469690 1652
1469700 1652
1469710 1652
1469720 1653
1469730 1653
1469740 1654
1469750 1655
1469760 1655
1469770 1657
1469780 1658
1469790 1658
1469800 1658
1469810 1657
1469820 1656
1469830 1656
1469840 1654
1469850 1653
1469860 1653
1469870 1651
1469880 1649
1469890 1649
1469900 1648
1469910 1649
1469920 1649
1469930 1652
1469940 1656
1469950 1656
1469960 1659
1469970 1665
1469980 1670
1469990 1670
1470000 1671
1470010 1673
1470020 1673
1470030 1677
1470040 1682
1470050 1682
1470060 1686
1470070 1687
1470080 1687
1470090 1687
1470100 1686
1470110 1686
1470120 1685
1470130 1685
1470140 1685
1470150 1686
1470160 1689
1470170 1691
1470180 1691
1470190 1693
1470200 1695
1470210 1695
1470220 1695
1470230 1696
1470240 1696
1470250 1698
1470260 1701
1470270 1701
1470280 1703
1470290 1705
1470300 1705
1470310 1707
1470320 1710
1470330 1710
1470340 1714
1470350 1718
1470360 1718
1470370 1722
1470380 1724
1470390 1726
1470400 1726
1470410 1728
1470420 1730
1470430 1730
1470440 1731
1470450 1731
1470460 1731
1470470 1730
1470480 1731
1470490 1731
1470500 1732
1470510 1732
1470520 1732
1470530 1732
1470540 1733
1470550 1733
1470560 1733
1470570 1733
1470580 1734
1470590 1734
1470600 1735
1470610 1738
1470620 1738
1470630 1742
1470640 1747
1470650 1747
1470660 1752
1470670 1754
1470680 1754
1470690 1754
1470700 1754
1470710 1754
1470720 1752
1470730 1750
1470740 1750
1470750 1748
1470760 1746
1470770 1743
1470780 1743
1470790 1742
1470800 1742
1470810 1742
1470820 1741
1470830 1741
1470840 1741
1470850 1742
1470860 1744
1470870 1744
1470880 1746
1470890 1748
1470900 1748
1470910 1749
1470920 1748
1470930 1748
1470940 1746
1470950 1744
1470960 1743
1470970 1743
1470980 1743
1470990 1743
1471000 1743
1471010 1742
1471020 1742
1471030 1742
1471040 1741
1471050 1738
1471060 1738
1471070 1736
1471080 1733
1471090 1733
1471100 1730
1471110 1727
1471120 1727
1471130 1723
1471140 1719
1471150 1714
1471160 1714
1471170 1710
1471180 1706
1471190 1706
1471200 1703
1471210 1701
1471220 1701
1471230 1699
1471240 1696
1471250 1696
1471260 1695
1471270 1693
1471280 1693
1471290 1690
1471300 1686
1471310 1686
1471320 1683
1471330 1681
1471340 1681
1471350 1679
1471360 1676
1471370 1672
1471380 1672
1471390 1669
1471400 1666
1471410 1666
1471420 1665
1471430 1663
1471440 1663
1471450 1662
1471460 1660
1471470 1660
1471480 1659
1471490 1658
1471500 1658
1471510 1657
1471520 1656
1471530 1656
1471540 1654
1471550 1653
1471560 1652
1471570 1652
1471580 1651
1471590 1648
1471600 1648
1471610 1644
1471620 1642
1471630 1642
1471640 1642
1471650 1639
1471660 1639
1471670 1636
1471680 1632
1471690 1632
1471700 1626
1471710 1619
1471720 1619
1471730 1609
1471740 1599
1471750 1589
1471760 1589
1471770 1580
1471780 1572
1471790 1572
1471800 1567
1471810 1563
1471820 1563
1471830 1558
1471840 1557
1471850 1557
1471860 1558
1471870 1561
1471880 1561
1471890 1567
1471900 1572
1471910 1572
1471920 1575
1471930 1577
1471940 1579
1471950 1579
1471960 1582
1471970 1585
1471980 1585
1471990 1588
1472000 1592
1472010 1592
1472020 1597
1472030 1600
1472040 1600
1472050 1601
1472060 1603
1472070 1603
1472080 1606
1472090 1608
1472100 1608
1472110 1608
1472120 1607
1472130 1607
1472140 1605
1472150 1601
1472160 1597
1472170 1597
1472180 1594
1472190 1593
1472200 1593
1472210 1591
1472220 1591
1472230 1591
1472240 1589
1472250 1588
1472260 1588
1472270 1587
1472280 1586
1472290 1586
1472300 1585
1472310 1585
1472320 1585
1472330 1584
1472340 1582
1472350 1581
1472360 1581
1472370 1579
1472380 1577
1472390 1577
1472400 1575
1472410 1573
1472420 1573
1472430 1572
1472440 1572
1472450 1572
1472460 1573
1472470 1573
1472480 1573
1472490 1572
1472500 1570
1472510 1570
1472520 1568
1472530 1566
1472540 1563
1472550 1563
1472560 1559
1472570 1556
1472580 1556
1472590 1552
1472600 1548
1472610 1548
1472620 1545
1472630 1542
1472640 1542
1472650 1540
1472660 1538
1472670 1538
1472680 1536
1472690 1536
1472700 1536
1472710 1534
1472720 1531
1472730 1527
1472740 1527
1472750 1523
1472760 1517
1472770 1517
1472780 1508
1472790 1500
1472800 1500
1472810 1494
1472820 1491
1472830 1491
1472840 1491
1472850 1495
1472860 1495
1472870 1502
1472880 1510
1472890 1510
1472900 1515
1472910 1519
1472920 1520
1472930 1520
1472940 1528
1472950 1536
1472960 1536
1472970 1542
1472980 1544
1472990 1544
1473000 1546
1473010 1550
1473020 1550
1473030 1555
1473040 1562
1473050 1562
1473060 1570
1473070 1577
1473080 1577
1473090 1582
1473100 1582
1473110 1582
1473120 1580
1473130 1577
1473140 1574
1473150 1574
1473160 1573
1473170 1572
1473180 1572
1473190 1571
1473200 1570
1473210 1570
1473220 1570
1473230 1568
1473240 1568
1473250 1566
1473260 1568
1473270 1568
1473280 1568
1473290 1568
1473300 1568
1473310 1569
1473320 1569
1473330 1570
1473340 1570
1473350 1568
1473360 1567
1473370 1567
1473380 1567
1473390 1567
1473400 1567
1473410 1567
1473420 1568
1473430 1568
1473440 1568
1473450 1569
1473460 1569
1473470 1569
1473480 1569
1473490 1569
1473500 1569
1473510 1569
1473520 1568
1473530 1568
1473540 1568
1473550 1567
1473560 1567
1473570 1565
1473580 1563
1473590 1563
1473600 1562
1473610 1561
1473620 1561
1473630 1560
1473640 1559
1473650 1559
1473660 1557
1473670 1556
1473680 1556
1473690 1554
1473700 1554
1473710 1554
1473720 1554
1473730 1553
1473740 1551
1473750 1551
1473760 1549
1473770 1546
1473780 1546
1473790 1543
1473800 1539
1473810 1539
1473820 1536
1473830 1532
1473840 1532
1473850 1528
1473860 1524
1473870 1524
1473880 1520
1473890 1515
1473900 1515
1473910 1513
1473920 1512
1473930 1510
1473940 1510
1473950 1509
1473960 1509
1473970 1509
1473980 1509
1473990 1510
1474000 1510
1474010 1512
1474020 1513
1474030 1513
1474040 1514
1474050 1514
1474060 1514
1474070 1515
1474080 1516
1474090 1516
1474100 1517
1474110 1518
1474120 1519
1474130 1519
1474140 1520
1474150 1521
1474160 1521
1474170 1522
1474180 1524
1474190 1524
1474200 1525
1474210 1525
1474220 1525
1474230 1526
1474240 1526
1474250 1526
1474260 1528
1474270 1531
1474280 1531
1474290 1537
1474300 1543
1474310 1548
1474320 1548
1474330 1554
1474340 1559
1474350 1559
1474360 1565
1474370 1571
1474380 1571
1474390 1578
1474400 1586
1474410 1586
1474420 1593
1474430 1605
1474440 1605
1474450 1620
1474460 1636
1474470 1636
1474480 1645
1474490 1654
1474500 1663
1474510 1663
1474520 1674
1474530 1688
1474540 1688
1474550 1697
1474560 1699
1474570 1699
1474580 1690
1474590 1682
1474600 1682
1474610 1682
1474620 1687
1474630 1687
1474640 1697
1474650 1712
1474660 1712
1474670 1725
1474680 1736
1474690 1745
1474700 1745
1474710 1753
1474720 1759
1474730 1759
1474740 1765
1474750 1771
1474760 1771
1474770 1775
1474780 1780
1474790 1780
1474800 1785
1474810 1791
1474820 1791
1474830 1797
1474840 1802
1474850 1802
1474860 1807
1474870 1812
1474880 1812
1474890 1817
1474900 1823
1474910 1827
1474920 1827
1474930 1833
1474940 1838
1474950 1838
1474960 1844
1474970 1850
1474980 1850
1474990 1855
1475000 1859
1475010 1859
1475020 1864
1475030 1868
1475040 1868
1475050 1872
1475060 1877
1475070 1877
1475080 1882
1475090 1887
1475100 1890
1475110 1890
1475120 1888
1475130 1883
1475140 1883
1475150 1876
1475160 1866
1475170 1866
1475180 1861
1475190 1863
1475200 1863
1475210 1868
1475220 1873
1475230 1873
1475240 1881
1475250 1890
1475260 1890
1475270 1895
1475280 1898
1475290 1902
1475300 1902
1475310 1911
1475320 1920
1475330 1920
1475340 1930
1475350 1939
1475360 1939
1475370 1948
1475380 1955
1475390 1955
1475400 1962
1475410 1970
1475420 1970
1475430 1977
1475440 1983
1475450 1983
1475460 1986
1475470 1987
1475480 1990
1475490 1990
1475500 1993
1475510 1996
1475520 1996
1475530 1999
1475540 2003
1475550 2003
1475560 2006
1475570 2009
1475580 2009
1475590 2011
1475600 2014
1475610 2014
1475620 2018
1475630 2023
1475640 2023
1475650 2029
1475660 2035
1475670 2035
1475680 2040
1475690 2045
1475700 2049
1475710 2049
1475720 2052
1475730 2055
1475740 2055
1475750 2058
1475760 2060
1475770 2060
1475780 2061
1475790 2062
1475800 2062
1475810 2064
1475820 2065
1475830 2065
1475840 2067
1475850 2068
1475860 2068
1475870 2069
1475880 2070
1475890 2072
1475900 2072
1475910 2073
1475920 2074
1475930 2074
1475940 2076
1475950 2078
1475960 2078
1475970 2081
1475980 2084
1475990 2084
1476000 2088
1476010 2091
1476020 2091
1476030 2094
1476040 2098
1476050 2098
1476060 2101
1476070 2104
1476080 2108
1476090 2108
1476100 2112
1476110 2115
1476120 2115
1476130 2119
1476140 2122
1476150 2122
1476160 2126
1476170 2130
1476180 2130
1476190 2134
1476200 2138
1476210 2138
1476220 2141
1476230 2145
1476240 2145
1476250 2148
1476260 2152
1476270 2155
1476280 2155
1476290 2159
1476300 2163
1476310 2163
1476320 2167
1476330 2171
1476340 2171
1476350 2175
1476360 2179
1476370 2179
1476380 2183
1476390 2187
1476400 2187
1476410 2191
1476420 2195
1476430 2195
1476440 2199
1476450 2204
1476460 2208
1476470 2208
1476480 2212
1476490 2216
1476500 2216
1476510 2221
1476520 2226
1476530 2226
1476540 2230
1476550 2234
1476560 2234
1476570 2239
1476580 2245
1476590 2245
1476600 2252
1476610 2258
1476620 2258
1476630 2265
1476640 2272
1476650 2272
1476660 2280
1476670 2287
1476680 2294
1476690 2294
1476700 2301
1476710 2308
1476720 2308
1476730 2315
1476740 2322
1476750 2322
1476760 2329
1476770 2336
1476780 2336
1476790 2343
1476800 2354
1476810 2354
1476820 2372
1476830 2388
1476840 2388
1476850 2399
1476860 2406
1476870 2414
1476880 2414
1476890 2424
1476900 2439
1476910 2439
1476920 2450
1476930 2458
1476940 2458
1476950 2469
1476960 2480
1476970 2480
1476980 2486
1476990 2491
1477000 2491
1477010 2501
1477020 2509
1477030 2509
1477040 2519
1477050 2532
1477060 2533
1477070 2533
1477080 2522
1477090 2517
1477100 2517
1477110 2515
1477120 2509
1477130 2509
1477140 2501
1477150 2491
1477160 2491
1477170 2479
1477180 2468
1477190 2468
1477200 2459
1477210 2452
1477220 2452
1477230 2443
1477240 2433
1477250 2433
1477260 2433
1477270 2434
1477280 2437
1477290 2437
1477300 2446
1477310 2458
1477320 2458
1477330 2473
1477340 2490
1477350 2490
1477360 2502
1477370 2506
1477380 2506
1477390 2512
1477400 2518
1477410 2518
1477420 2526
1477430 2537
1477440 2537
1477450 2545
1477460 2548
1477470 2548
1477480 2548
1477490 2547
1477500 2545
1477510 2545
1477520 2550
1477530 2554
1477540 2554
1477550 2556
1477560 2559
1477570 2559
1477580 2561
1477590 2565
1477600 2565
1477610 2569
1477620 2572
1477630 2572
1477640 2581
1477650 2593
1477660 2604
1477670 2604
1477680 2612
1477690 2613
1477700 2613
1477710 2612
1477720 2601
1477730 2601
1477740 2590
1477750 2579
1477760 2579
1477770 2575
1477780 2583
1477790 2583
1477800 2590
1477810 2596
1477820 2596
1477830 2594
1477840 2593
1477850 2598
1477860 2598
1477870 2602
1477880 2603
1477890 2603
1477900 2607
1477910 2611
1477920 2611
1477930 2613
1477940 2613
1477950 2613
1477960 2618
1477970 2625
1477980 2625
1477990 2631
1478000 2625
1478010 2625
1478020 2624
1478030 2625
1478040 2632
1478050 2632
1478060 2638
1478070 2639
1478080 2639
1478090 2639
1478100 2641
1478110 2641
1478120 2644
1478130 2647
1478140 2647
1478150 2638
1478160 2622
1478170 2622
1478180 2609
1478190 2601
1478200 2601
1478210 2588
1478220 2561
1478230 2548
1478240 2548
1478250 2539
1478260 2527
1478270 2527
1478280 2513
1478290 2502
1478300 2502
1478310 2492
1478320 2485
1478330 2485
1478340 2479
1478350 2473
1478360 2473
1478370 2467
1478380 2463
1478390 2463
1478400 2460
1478410 2459
1478420 2459
1478430 2459
1478440 2457
1478450 2455
1478460 2455
1478470 2453
1478480 2449
1478490 2449
1478500 2447
1478510 2447
1478520 2447
1478530 2449
1478540 2449
1478550 2449
1478560 2448
1478570 2446
1478580 2446
1478590 2445
1478600 2444
1478610 2444
1478620 2443
1478630 2441
1478640 2437
1478650 2437
1478660 2434
1478670 2435
1478680 2435
1478690 2438
1478700 2439
1478710 2439
1478720 2440
1478730 2443
1478740 2443
1478750 2447
1478760 2452
1478770 2452
1478780 2456
1478790 2458
1478800 2458
1478810 2461
1478820 2464
1478830 2468
1478840 2468
1478850 2473
1478860 2477
1478870 2477
1478880 2481
1478890 2484
1478900 2484
1478910 2487
1478920 2488
1478930 2488
1478940 2488
1478950 2488
1478960 2488
1478970 2488
1478980 2491
1478990 2491
1479000 2495
1479010 2498
1479020 2499
1479030 2499
1479040 2501
1479050 2504
1479060 2504
1479070 2508
1479080 2514
1479090 2514
1479100 2523
1479110 2525
1479120 2525
1479130 2527
1479140 2532
1479150 2532
1479160 2535
1479170 2545
1479180 2545
1479190 2554
1479200 2559
1479210 2559
1479220 2569
1479230 2572
1479240 2570
1479250 2570
1479260 2571
1479270 2563
1479280 2563
1479290 2551
1479300 2540
1479310 2540
1479320 2532
1479330 2524
1479340 2524
1479350 2518
1479360 2513
1479370 2513
1479380 2507
1479390 2503
1479400 2503
1479410 2504
1479420 2501
1479430 2495
1479440 2495
1479450 2494
1479460 2498
1479470 2498
1479480 2487
1479490 2476
1479500 2476
1479510 2471
1479520 2466
1479530 2466
1479540 2461
1479550 2459
1479560 2459
1479570 2456
1479580 2451
1479590 2451
1479600 2446
1479610 2445
1479620 2444
1479630 2444
1479640 2444
1479650 2442
1479660 2442
1479670 2435
1479680 2428
1479690 2428
1479700 2425
1479710 2423
1479720 2423
1479730 2422
1479740 2421
1479750 2421
1479760 2422
1479770 2420
1479780 2420
1479790 2418
1479800 2415
1479810 2410
1479820 2410
1479830 2409
1479840 2408
1479850 2408
1479860 2409
1479870 2411
1479880 2411
1479890 2412
1479900 2413
1479910 2413
1479920 2414
1479930 2416
1479940 2416
1479950 2419
1479960 2419
1479970 2419
1479980 2420
1479990 2423
