1460000 1935
1460010 1935
1460020 1939
1460030 1944
1460040 1944
1460050 1951
1460060 1959
1460070 1971
1460080 1971
1460090 1981
1460100 1985
1460110 1985
1460120 1987
1460130 1989
1460140 1989
1460150 1989
1460160 1990
1460170 1990
1460180 1990
1460190 1992
1460200 1992
1460210 1993
1460220 1991
1460230 1991
1460240 1992
1460250 1993
1460260 1993
1460270 1993
1460280 1994
1460290 1994
1460300 1994
1460310 1995
1460320 1996
1460330 1996
1460340 1997
1460350 1998
1460360 1998
1460370 1998
1460380 2000
1460390 2000
1460400 2003
1460410 2006
1460420 2006
1460430 2010
1460440 2014
1460450 2014
1460460 2019
1460470 2026
1460480 2033
1460490 2033
1460500 2040
1460510 2050
1460520 2050
1460530 2062
1460540 2071
1460550 2071
1460560 2079
1460570 2085
1460580 2085
1460590 2095
1460600 2112
1460610 2112
1460620 2127
1460630 2126
1460640 2126
1460650 2128
1460660 2131
1460670 2136
1460680 2136
1460690 2140
1460700 2146
1460710 2146
1460720 2153
1460730 2167
1460740 2167
1460750 2176
1460760 2187
1460770 2187
1460780 2201
1460790 2213
1460800 2213
1460810 2219
1460820 2218
1460830 2218
1460840 2214
1460850 2213
1460860 2213
1460870 2215
1460880 2220
1460890 2227
1460900 2227
1460910 2237
1460920 2249
1460930 2249
1460940 2259
1460950 2267
1460960 2267
1460970 2276
1460980 2286
1460990 2286
1461000 2296
1461010 2309
1461020 2309
1461030 2315
1461040 2317
1461050 2317
1461060 2318
1461070 2321
1461080 2326
1461090 2326
1461100 2331
1461110 2338
1461120 2338
1461130 2348
1461140 2360
1461150 2360
1461160 2363
1461170 2360
1461180 2360
1461190 2360
1461200 2362
1461210 2362
1461220 2368
1461230 2377
1461240 2377
1461250 2382
1461260 2384
1461270 2387
1461280 2387
1461290 2392
1461300 2398
1461310 2398
1461320 2406
1461330 2416
1461340 2416
1461350 2424
1461360 2432
1461370 2432
1461380 2440
1461390 2450
1461400 2450
1461410 2461
1461420 2472
1461430 2472
1461440 2480
1461450 2490
1461460 2497
1461470 2497
1461480 2496
1461490 2490
1461500 2490
1461510 2485
1461520 2479
1461530 2479
1461540 2472
1461550 2465
1461560 2465
1461570 2458
1461580 2451
1461590 2451
1461600 2443
1461610 2435
1461620 2435
1461630 2427
1461640 2421
1461650 2421
1461660 2415
1461670 2410
1461680 2405
1461690 2405
1461700 2400
1461710 2394
1461720 2394
1461730 2389
1461740 2385
1461750 2385
1461760 2381
1461770 2376
1461780 2376
1461790 2370
1461800 2363
1461810 2363
1461820 2355
1461830 2349
1461840 2349
1461850 2342
1461860 2335
1461870 2328
1461880 2328
1461890 2321
1461900 2313
1461910 2313
1461920 2305
1461930 2298
1461940 2298
1461950 2291
1461960 2286
1461970 2286
1461980 2279
1461990 2273
1462000 2273
1462010 2267
1462020 2260
1462030 2260
1462040 2252
1462050 2244
1462060 2236
1462070 2236
1462080 2229
1462090 2224
1462100 2224
1462110 2220
1462120 2217
1462130 2217
1462140 2214
1462150 2213
1462160 2213
1462170 2214
1462180 2214
1462190 2214
1462200 2213
1462210 2212
1462220 2212
1462230 2210
1462240 2204
1462250 2204
1462260 2199
1462270 2193
1462280 2188
1462290 2188
1462300 2186
1462310 2186
1462320 2186
1462330 2186
1462340 2184
1462350 2184
1462360 2181
1462370 2179
1462380 2179
1462390 2177
1462400 2175
1462410 2175
1462420 2174
1462430 2173
1462440 2173
1462450 2171
1462460 2167
1462470 2164
1462480 2164
1462490 2159
1462500 2155
1462510 2155
1462520 2152
1462530 2149
1462540 2149
1462550 2145
1462560 2141
1462570 2141
1462580 2137
1462590 2134
1462600 2134
1462610 2137
1462620 2139
1462630 2139
1462640 2141
1462650 2141
1462660 2141
1462670 2141
1462680 2142
1462690 2143
1462700 2143
1462710 2143
1462720 2145
1462730 2145
1462740 2148
1462750 2150
1462760 2150
1462770 2152
1462780 2155
1462790 2155
1462800 2157
1462810 2158
1462820 2158
1462830 2160
1462840 2161
1462850 2161
1462860 2163
1462870 2163
1462880 2163
1462890 2163
1462900 2163
1462910 2163
1462920 2163
1462930 2162
1462940 2161
1462950 2161
1462960 2159
1462970 2155
1462980 2155
1462990 2151
1463000 2147
1463010 2147
1463020 2143
1463030 2139
1463040 2139
1463050 2135
1463060 2132
1463070 2131
1463080 2131
1463090 2131
1463100 2131
1463110 2131
1463120 2133
1463130 2136
1463140 2136
1463150 2137
1463160 2137
1463170 2137
1463180 2138
1463190 2140
1463200 2140
1463210 2142
1463220 2147
1463230 2147
1463240 2153
1463250 2160
1463260 2165
1463270 2165
1463280 2165
1463290 2163
1463300 2163
1463310 2161
1463320 2158
1463330 2158
1463340 2155
1463350 2152
1463360 2152
1463370 2149
1463380 2146
1463390 2146
1463400 2143
1463410 2142
1463420 2142
1463430 2140
1463440 2138
1463450 2138
1463460 2138
1463470 2139
1463480 2140
1463490 2140
1463500 2140
1463510 2141
1463520 2141
1463530 2141
1463540 2141
1463550 2141
1463560 2141
1463570 2138
1463580 2138
1463590 2136
1463600 2135
1463610 2135
1463620 2134
1463630 2132
1463640 2132
1463650 2125
1463660 2116
1463670 2109
1463680 2109
1463690 2105
1463700 2102
1463710 2102
1463720 2097
1463730 2091
1463740 2091
1463750 2083
1463760 2076
1463770 2076
1463780 2070
1463790 2065
1463800 2065
1463810 2061
1463820 2058
1463830 2058
1463840 2054
1463850 2053
1463860 2052
1463870 2052
1463880 2051
1463890 2050
1463900 2050
1463910 2049
1463920 2049
1463930 2049
1463940 2050
1463950 2050
1463960 2050
1463970 2046
1463980 2045
1463990 2045
1464000 2044
1464010 2045
1464020 2045
1464030 2047
1464040 2051
1464050 2054
1464060 2054
1464070 2057
1464080 2060
1464090 2060
1464100 2065
1464110 2069
1464120 2069
1464130 2074
1464140 2079
1464150 2079
1464160 2084
1464170 2089
1464180 2089
1464190 2095
1464200 2099
1464210 2099
1464220 2105
1464230 2112
1464240 2112
1464250 2119
1464260 2125
1464270 2130
1464280 2130
1464290 2136
1464300 2142
1464310 2142
1464320 2147
1464330 2149
1464340 2149
1464350 2152
1464360 2154
1464370 2154
1464380 2156
1464390 2157
1464400 2157
1464410 2158
1464420 2158
1464430 2158
1464440 2158
1464450 2156
1464460 2151
1464470 2151
1464480 2145
1464490 2140
1464500 2140
1464510 2134
1464520 2129
1464530 2129
1464540 2123
1464550 2119
1464560 2119
1464570 2115
1464580 2112
1464590 2112
1464600 2109
1464610 2102
1464620 2102
1464630 2096
1464640 2090
1464650 2084
1464660 2084
1464670 2078
1464680 2074
1464690 2074
1464700 2070
1464710 2064
1464720 2064
1464730 2058
1464740 2051
1464750 2051
1464760 2045
1464770 2039
1464780 2039
1464790 2031
1464800 2026
1464810 2026
1464820 2020
1464830 2010
1464840 1988
1464850 1988
1464860 1976
1464870 1968
1464880 1968
1464890 1959
1464900 1951
1464910 1951
1464920 1944
1464930 1938
1464940 1938
1464950 1932
1464960 1926
1464970 1926
1464980 1919
1464990 1914
1465000 1914
1465010 1909
1465020 1904
1465030 1904
1465040 1899
1465050 1894
1465060 1889
1465070 1889
1465080 1883
1465090 1876
1465100 1876
1465110 1870
1465120 1863
1465130 1863
1465140 1855
1465150 1849
1465160 1849
1465170 1842
1465180 1837
1465190 1837
1465200 1832
1465210 1826
1465220 1826
1465230 1819
1465240 1812
1465250 1806
1465260 1806
1465270 1800
1465280 1795
1465290 1795
1465300 1790
1465310 1786
1465320 1786
1465330 1783
1465340 1779
1465350 1779
1465360 1775
1465370 1771
1465380 1771
1465390 1769
1465400 1765
1465410 1765
1465420 1760
1465430 1756
1465440 1752
1465450 1752
1465460 1749
1465470 1746
1465480 1746
1465490 1744
1465500 1741
1465510 1741
1465520 1739
1465530 1738
1465540 1738
1465550 1736
1465560 1735
1465570 1735
1465580 1735
1465590 1735
1465600 1735
1465610 1733
1465620 1732
1465630 1732
1465640 1732
1465650 1732
1465660 1731
1465670 1731
1465680 1729
1465690 1725
1465700 1725
1465710 1720
1465720 1715
1465730 1715
1465740 1711
1465750 1706
1465760 1706
1465770 1702
1465780 1696
1465790 1696
1465800 1690
1465810 1685
1465820 1685
1465830 1681
1465840 1676
1465850 1670
1465860 1670
1465870 1666
1465880 1662
1465890 1662
1465900 1658
1465910 1655
1465920 1655
1465930 1653
1465940 1650
1465950 1650
1465960 1647
1465970 1642
1465980 1642
1465990 1637
1466000 1632
1466010 1632
1466020 1625
1466030 1618
1466040 1613
1466050 1613
1466060 1609
1466070 1604
1466080 1604
1466090 1599
1466100 1594
1466110 1594
1466120 1589
1466130 1584
1466140 1584
1466150 1580
1466160 1575
1466170 1575
1466180 1570
1466190 1565
1466200 1565
1466210 1560
1466220 1555
1466230 1555
1466240 1548
1466250 1542
1466260 1537
1466270 1537
1466280 1533
1466290 1529
1466300 1529
1466310 1525
1466320 1521
1466330 1521
1466340 1515
1466350 1511
1466360 1511
1466370 1505
1466380 1497
1466390 1497
1466400 1490
1466410 1486
1466420 1486
1466430 1481
1466440 1478
1466450 1474
1466460 1474
1466470 1469
1466480 1462
1466490 1462
1466500 1455
1466510 1448
1466520 1448
1466530 1444
1466540 1441
1466550 1441
1466560 1435
1466570 1428
1466580 1428
1466590 1423
1466600 1418
1466610 1418
1466620 1414
1466630 1411
1466640 1409
1466650 1409
1466660 1405
1466670 1402
1466680 1402
1466690 1398
1466700 1395
1466710 1395
1466720 1391
1466730 1388
1466740 1388
1466750 1384
1466760 1381
1466770 1381
1466780 1378
1466790 1374
1466800 1374
1466810 1370
1466820 1364
1466830 1358
1466840 1358
1466850 1351
1466860 1344
1466870 1344
1466880 1338
1466890 1332
1466900 1332
1466910 1324
1466920 1315
1466930 1315
1466940 1305
1466950 1297
1466960 1297
1466970 1293
1466980 1290
1466990 1290
1467000 1282
1467010 1275
1467020 1275
1467030 1265
1467040 1256
1467050 1249
1467060 1249
1467070 1243
1467080 1237
1467090 1237
1467100 1232
1467110 1227
1467120 1227
1467130 1221
1467140 1215
1467150 1215
1467160 1210
1467170 1205
1467180 1205
1467190 1199
1467200 1194
1467210 1194
1467220 1189
1467230 1184
1467240 1179
1467250 1179
1467260 1175
1467270 1171
1467280 1171
1467290 1168
1467300 1165
1467310 1165
1467320 1163
1467330 1161
1467340 1161
1467350 1160
1467360 1159
1467370 1159
1467380 1158
1467390 1160
1467400 1160
1467410 1160
1467420 1158
1467430 1157
1467440 1157
1467450 1155
1467460 1153
1467470 1153
1467480 1150
1467490 1148
1467500 1148
1467510 1145
1467520 1144
1467530 1144
1467540 1142
1467550 1138
1467560 1138
1467570 1137
1467580 1136
1467590 1136
1467600 1134
1467610 1132
1467620 1132
1467630 1129
1467640 1127
1467650 1124
1467660 1124
1467670 1122
1467680 1119
1467690 1119
1467700 1116
1467710 1116
1467720 1116
1467730 1114
1467740 1112
1467750 1112
1467760 1109
1467770 1108
1467780 1108
1467790 1103
1467800 1100
1467810 1100
1467820 1098
1467830 1096
1467840 1095
1467850 1095
1467860 1094
1467870 1093
1467880 1093
1467890 1092
1467900 1087
1467910 1087
1467920 1078
1467930 1070
1467940 1070
1467950 1064
1467960 1061
1467970 1061
1467980 1057
1467990 1049
1468000 1049
1468010 1040
1468020 1032
1468030 1025
1468040 1025
1468050 1018
1468060 1016
1468070 1016
1468080 1017
1468090 1021
1468100 1021
1468110 1023
1468120 1023
1468130 1023
1468140 1024
1468150 1025
1468160 1025
1468170 1025
1468180 1026
1468190 1026
1468200 1026
1468210 1026
1468220 1026
1468230 1027
1468240 1031
1468250 1033
1468260 1033
1468270 1034
1468280 1037
1468290 1037
1468300 1044
1468310 1053
1468320 1053
1468330 1063
1468340 1071
1468350 1071
1468360 1078
1468370 1084
1468380 1084
1468390 1089
1468400 1095
1468410 1095
1468420 1101
1468430 1106
1468440 1111
1468450 1111
1468460 1115
1468470 1121
1468480 1121
1468490 1128
1468500 1131
1468510 1131
1468520 1134
1468530 1135
1468540 1135
1468550 1139
1468560 1147
1468570 1147
1468580 1154
1468590 1160
1468600 1160
1468610 1168
1468620 1178
1468630 1187
1468640 1187
1468650 1195
1468660 1203
1468670 1203
1468680 1210
1468690 1215
1468700 1215
1468710 1213
1468720 1217
1468730 1217
1468740 1227
1468750 1239
1468760 1239
1468770 1252
1468780 1260
1468790 1260
1468800 1265
1468810 1270
1468820 1275
1468830 1275
1468840 1279
1468850 1283
1468860 1283
1468870 1286
1468880 1290
1468890 1290
1468900 1295
1468910 1301
1468920 1301
1468930 1307
1468940 1314
1468950 1314
1468960 1320
1468970 1326
1468980 1326
1468990 1332
1469000 1339
1469010 1339
1469020 1345
1469030 1351
1469040 1357
1469050 1357
1469060 1364
1469070 1371
1469080 1371
1469090 1378
1469100 1385
1469110 1385
1469120 1392
1469130 1397
1469140 1397
1469150 1402
1469160 1408
1469170 1408
1469180 1414
1469190 1421
1469200 1421
1469210 1428
1469220 1435
1469230 1442
1469240 1442
1469250 1448
1469260 1455
1469270 1455
1469280 1461
1469290 1467
1469300 1467
1469310 1471
1469320 1474
1469330 1474
1469340 1478
1469350 1484
1469360 1484
1469370 1489
1469380 1494
1469390 1494
1469400 1500
1469410 1505
1469420 1510
1469430 1510
1469440 1516
1469450 1521
1469460 1521
1469470 1526
1469480 1531
1469490 1531
1469500 1536
1469510 1541
1469520 1541
1469530 1545
1469540 1549
1469550 1549
1469560 1553
1469570 1557
1469580 1557
1469590 1561
1469600 1563
1469610 1563
1469620 1559
1469630 1554
1469640 1550
1469650 1550
1469660 1550
1469670 1550
1469680 1550
1469690 1554
1469700 1560
1469710 1560
1469720 1566
1469730 1573
1469740 1573
1469750 1578
1469760 1584
1469770 1584
1469780 1589
1469790 1595
1469800 1595
1469810 1600
1469820 1605
1469830 1611
1469840 1611
1469850 1615
1469860 1617
1469870 1617
1469880 1620
1469890 1628
1469900 1628
1469910 1637
1469920 1644
1469930 1644
1469940 1650
1469950 1657
1469960 1657
1469970 1663
1469980 1669
1469990 1669
1470000 1675
1470010 1680
1470020 1686
1470030 1686
1470040 1692
1470050 1696
1470060 1696
1470070 1701
1470080 1706
1470090 1706
1470100 1712
1470110 1718
1470120 1718
1470130 1724
1470140 1730
1470150 1730
1470160 1736
1470170 1742
1470180 1742
1470190 1746
1470200 1750
1470210 1750
1470220 1754
1470230 1759
1470240 1765
1470250 1765
1470260 1771
1470270 1777
1470280 1777
1470290 1783
1470300 1789
1470310 1789
1470320 1795
1470330 1801
1470340 1801
1470350 1807
1470360 1813
1470370 1813
1470380 1820
1470390 1826
1470400 1826
1470410 1833
1470420 1839
1470430 1845
1470440 1845
1470450 1851
1470460 1857
1470470 1857
1470480 1862
1470490 1867
1470500 1867
1470510 1871
1470520 1876
1470530 1876
1470540 1880
1470550 1884
1470560 1884
1470570 1889
1470580 1894
1470590 1894
1470600 1899
1470610 1904
1470620 1909
1470630 1909
1470640 1913
1470650 1918
1470660 1918
1470670 1922
1470680 1926
1470690 1926
1470700 1930
1470710 1934
1470720 1934
1470730 1937
1470740 1939
1470750 1939
1470760 1942
1470770 1945
1470780 1945
1470790 1947
1470800 1948
1470810 1949
1470820 1949
1470830 1953
1470840 1959
1470850 1959
1470860 1965
1470870 1971
1470880 1971
1470890 1976
1470900 1982
1470910 1982
1470920 1989
1470930 1994
1470940 1994
1470950 1999
1470960 2004
1470970 2004
1470980 2008
1470990 2013
1471000 2013
1471010 2018
1471020 2023
1471030 2028
1471040 2028
1471050 2032
1471060 2036
1471070 2036
1471080 2040
1471090 2044
1471100 2044
1471110 2048
1471120 2053
1471130 2053
1471140 2057
1471150 2061
1471160 2061
1471170 2066
1471180 2069
1471190 2069
1471200 2073
1471210 2078
1471220 2084
1471230 2084
1471240 2089
1471250 2093
1471260 2093
1471270 2098
1471280 2103
1471290 2103
1471300 2108
1471310 2112
1471320 2112
1471330 2117
1471340 2122
1471350 2122
1471360 2128
1471370 2134
1471380 2134
1471390 2140
1471400 2145
1471410 2151
1471420 2151
1471430 2156
1471440 2161
1471450 2161
1471460 2166
1471470 2172
1471480 2172
1471490 2178
1471500 2184
1471510 2184
1471520 2190
1471530 2196
1471540 2196
1471550 2202
1471560 2207
1471570 2207
1471580 2212
1471590 2217
1471600 2217
1471610 2223
1471620 2228
1471630 2234
1471640 2234
1471650 2239
1471660 2245
1471670 2245
1471680 2251
1471690 2257
1471700 2257
1471710 2262
1471720 2267
1471730 2267
1471740 2272
1471750 2275
1471760 2275
1471770 2278
1471780 2282
1471790 2282
1471800 2286
1471810 2290
1471820 2294
1471830 2294
1471840 2299
1471850 2303
1471860 2303
1471870 2307
1471880 2311
1471890 2311
1471900 2314
1471910 2316
1471920 2316
1471930 2319
1471940 2321
1471950 2321
1471960 2324
1471970 2327
1471980 2327
1471990 2330
1472000 2330
1472010 2331
1472020 2331
1472030 2331
1472040 2329
1472050 2329
1472060 2327
1472070 2325
1472080 2325
1472090 2324
1472100 2322
1472110 2322
1472120 2318
1472130 2314
1472140 2314
1472150 2311
1472160 2308
1472170 2308
1472180 2306
1472190 2304
1472200 2303
1472210 2303
1472220 2301
1472230 2299
1472240 2299
1472250 2298
1472260 2296
1472270 2296
1472280 2294
1472290 2293
1472300 2293
1472310 2292
1472320 2291
1472330 2291
1472340 2290
1472350 2289
1472360 2289
1472370 2289
1472380 2288
1472390 2288
1472400 2288
1472410 2289
1472420 2289
1472430 2289
1472440 2289
1472450 2289
1472460 2289
1472470 2290
1472480 2291
1472490 2291
1472500 2293
1472510 2296
1472520 2296
1472530 2298
1472540 2300
1472550 2300
1472560 2302
1472570 2305
1472580 2305
1472590 2308
1472600 2310
1472610 2312
1472620 2312
1472630 2315
1472640 2318
1472650 2318
1472660 2321
1472670 2324
1472680 2324
1472690 2326
1472700 2329
1472710 2329
1472720 2331
1472730 2333
1472740 2333
1472750 2334
1472760 2336
1472770 2336
1472780 2340
1472790 2344
1472800 2348
1472810 2348
1472820 2351
1472830 2352
1472840 2352
1472850 2353
1472860 2355
1472870 2355
1472880 2355
1472890 2355
1472900 2355
1472910 2355
1472920 2355
1472930 2355
1472940 2355
1472950 2355
1472960 2355
1472970 2354
1472980 2353
1472990 2353
1473000 2352
1473010 2352
1473020 2353
1473030 2353
1473040 2356
1473050 2358
1473060 2358
1473070 2360
1473080 2363
1473090 2363
1473100 2365
1473110 2367
1473120 2367
1473130 2366
1473140 2364
1473150 2364
1473160 2358
1473170 2352
1473180 2352
1473190 2346
1473200 2339
1473210 2330
1473220 2330
1473230 2320
1473240 2315
1473250 2315
1473260 2312
1473270 2310
1473280 2310
1473290 2310
1473300 2311
1473310 2311
1473320 2311
1473330 2309
1473340 2309
1473350 2308
1473360 2308
1473370 2308
1473380 2307
1473390 2309
1473400 2314
1473410 2314
1473420 2317
1473430 2318
1473440 2318
1473450 2318
1473460 2319
1473470 2319
1473480 2320
1473490 2322
1473500 2322
1473510 2326
1473520 2332
1473530 2332
1473540 2338
1473550 2345
1473560 2345
1473570 2352
1473580 2360
1473590 2367
1473600 2367
1473610 2374
1473620 2381
1473630 2381
1473640 2387
1473650 2386
1473660 2386
1473670 2381
1473680 2379
1473690 2379
1473700 2379
1473710 2380
1473720 2380
1473730 2382
1473740 2383
1473750 2383
1473760 2386
1473770 2390
1473780 2390
1473790 2395
1473800 2399
1473810 2404
1473820 2404
1473830 2409
1473840 2412
1473850 2412
1473860 2414
1473870 2416
1473880 2416
1473890 2417
1473900 2419
1473910 2419
1473920 2421
1473930 2422
1473940 2422
1473950 2422
1473960 2423
1473970 2423
1473980 2425
1473990 2425
1474000 2427
1474010 2427
1474020 2427
1474030 2428
1474040 2428
1474050 2427
1474060 2429
1474070 2429
1474080 2432
1474090 2434
1474100 2434
1474110 2436
1474120 2439
1474130 2439
1474140 2441
1474150 2442
1474160 2442
1474170 2443
1474180 2444
1474190 2444
1474200 2444
1474210 2441
1474220 2426
1474230 2426
1474240 2413
1474250 2405
1474260 2405
1474270 2399
1474280 2388
1474290 2388
1474300 2380
1474310 2368
1474320 2368
1474330 2351
1474340 2340
1474350 2340
1474360 2330
1474370 2331
1474380 2331
1474390 2329
1474400 2322
1474410 2308
1474420 2308
1474430 2311
1474440 2317
1474450 2317
1474460 2322
1474470 2323
1474480 2323
1474490 2327
1474500 2332
1474510 2332
1474520 2315
1474530 2304
1474540 2304
1474550 2298
1474560 2296
1474570 2296
1474580 2294
1474590 2292
1474600 2293
1474610 2293
1474620 2294
1474630 2294
1474640 2294
1474650 2293
1474660 2287
1474670 2287
1474680 2278
1474690 2270
1474700 2270
1474710 2262
1474720 2250
1474730 2250
1474740 2240
1474750 2231
1474760 2231
1474770 2223
1474780 2215
1474790 2207
1474800 2207
1474810 2199
1474820 2194
1474830 2194
1474840 2195
1474850 2194
1474860 2194
1474870 2192
1474880 2188
1474890 2188
1474900 2187
1474910 2188
1474920 2188
1474930 2190
1474940 2191
1474950 2191
1474960 2192
1474970 2192
1474980 2192
1474990 2189
1475000 2188
1475010 2189
1475020 2189
1475030 2188
1475040 2187
1475050 2187
1475060 2187
1475070 2188
1475080 2188
1475090 2188
1475100 2186
1475110 2186
1475120 2179
1475130 2171
1475140 2171
1475150 2163
1475160 2156
1475170 2156
1475180 2148
1475190 2141
1475200 2133
1475210 2133
1475220 2124
1475230 2116
1475240 2116
1475250 2108
1475260 2100
1475270 2100
1475280 2098
1475290 2100
1475300 2100
1475310 2100
1475320 2101
1475330 2101
1475340 2101
1475350 2102
1475360 2102
1475370 2099
1475380 2092
1475390 2086
1475400 2086
1475410 2080
1475420 2073
1475430 2073
1475440 2065
1475450 2055
1475460 2055
1475470 2045
1475480 2043
1475490 2043
1475500 2049
1475510 2055
1475520 2055
1475530 2060
1475540 2065
1475550 2065
1475560 2071
1475570 2076
1475580 2079
1475590 2079
1475600 2081
1475610 2087
1475620 2087
1475630 2091
1475640 2095
1475650 2095
1475660 2098
1475670 2102
1475680 2102
1475690 2104
1475700 2107
1475710 2107
1475720 2112
1475730 2115
1475740 2115
1475750 2113
1475760 2109
1475770 2109
1475780 2100
1475790 2087
1475800 2071
1475810 2071
1475820 2065
1475830 2059
1475840 2059
1475850 2059
1475860 2059
1475870 2059
1475880 2058
1475890 2051
1475900 2051
1475910 2043
1475920 2033
1475930 2033
1475940 2029
1475950 2030
1475960 2030
1475970 2031
1475980 2032
1475990 2029
1476000 2029
1476010 2027
1476020 2026
1476030 2026
1476040 2034
1476050 2038
1476060 2038
1476070 2036
1476080 2030
1476090 2030
1476100 2022
1476110 2014
1476120 2014
1476130 2003
1476140 1991
1476150 1991
1476160 1989
1476170 1986
1476180 1988
1476190 1988
1476200 1991
1476210 1994
1476220 1994
1476230 1997
1476240 1999
1476250 1999
1476260 2002
1476270 2006
1476280 2006
1476290 2011
1476300 2012
1476310 2012
1476320 2010
1476330 2007
1476340 2007
1476350 2005
1476360 2002
1476370 2002
1476380 1991
1476390 1971
1476400 1947
1476410 1947
1476420 1937
1476430 1942
1476440 1942
1476450 1942
1476460 1941
1476470 1941
1476480 1943
1476490 1946
1476500 1946
1476510 1949
1476520 1942
1476530 1942
1476540 1937
1476550 1937
1476560 1937
1476570 1935
1476580 1932
1476590 1930
1476600 1930
1476610 1928
1476620 1926
1476630 1926
1476640 1925
1476650 1915
1476660 1915
1476670 1899
1476680 1889
1476690 1889
1476700 1879
1476710 1870
1476720 1870
1476730 1861
1476740 1853
1476750 1853
1476760 1848
1476770 1847
1476780 1856
1476790 1856
1476800 1867
1476810 1870
1476820 1870
1476830 1863
1476840 1867
1476850 1867
1476860 1869
1476870 1874
1476880 1874
1476890 1880
1476900 1886
1476910 1886
1476920 1889
1476930 1888
1476940 1888
1476950 1885
1476960 1878
1476970 1866
1476980 1866
1476990 1860
1477000 1864
1477010 1864
1477020 1862
1477030 1858
1477040 1858
1477050 1849
1477060 1832
1477070 1832
1477080 1829
1477090 1826
1477100 1826
1477110 1830
1477120 1829
1477130 1829
1477140 1825
1477150 1825
1477160 1825
1477170 1824
1477180 1824
1477190 1824
1477200 1824
1477210 1823
1477220 1821
1477230 1821
1477240 1818
1477250 1818
1477260 1818
1477270 1814
1477280 1811
1477290 1811
1477300 1811
1477310 1810
1477320 1810
1477330 1810
1477340 1810
1477350 1810
1477360 1809
1477370 1806
1477380 1804
1477390 1804
1477400 1801
1477410 1803
1477420 1803
1477430 1804
1477440 1806
1477450 1806
1477460 1807
1477470 1806
1477480 1806
1477490 1806
1477500 1808
1477510 1808
1477520 1808
1477530 1807
1477540 1807
1477550 1806
1477560 1805
1477570 1806
1477580 1806
1477590 1808
1477600 1808
1477610 1808
1477620 1808
1477630 1808
1477640 1808
1477650 1808
1477660 1810
1477670 1810
1477680 1810
1477690 1808
1477700 1808
1477710 1808
1477720 1810
1477730 1810
1477740 1812
1477750 1815
1477760 1815
1477770 1818
1477780 1818
1477790 1820
1477800 1820
1477810 1825
1477820 1823
1477830 1823
1477840 1829
1477850 1839
1477860 1839
1477870 1848
1477880 1852
1477890 1852
1477900 1841
1477910 1839
1477920 1839
1477930 1842
1477940 1845
1477950 1845
1477960 1853
1477970 1865
1477980 1857
1477990 1857
1478000 1847
1478010 1852
1478020 1852
1478030 1858
1478040 1861
1478050 1861
1478060 1861
1478070 1864
1478080 1864
1478090 1868
1478100 1875
1478110 1875
1478120 1877
1478130 1877
1478140 1877
1478150 1879
1478160 1878
1478170 1878
1478180 1878
1478190 1885
1478200 1892
1478210 1892
1478220 1899
1478230 1906
1478240 1906
1478250 1912
1478260 1917
1478270 1917
1478280 1922
1478290 1925
1478300 1925
1478310 1929
1478320 1932
1478330 1932
1478340 1934
1478350 1937
1478360 1940
1478370 1940
1478380 1942
1478390 1944
1478400 1944
1478410 1945
1478420 1946
1478430 1946
1478440 1946
1478450 1947
1478460 1947
1478470 1947
1478480 1946
1478490 1946
1478500 1945
1478510 1945
1478520 1945
1478530 1945
1478540 1945
1478550 1945
1478560 1945
1478570 1945
1478580 1945
1478590 1945
1478600 1945
1478610 1946
1478620 1946
1478630 1946
1478640 1947
1478650 1947
1478660 1948
1478670 1948
1478680 1948
1478690 1948
1478700 1949
1478710 1949
1478720 1950
1478730 1950
1478740 1950
1478750 1951
1478760 1951
1478770 1952
1478780 1952
1478790 1953
1478800 1954
1478810 1954
1478820 1956
1478830 1958
1478840 1958
1478850 1960
1478860 1962
1478870 1962
1478880 1963
1478890 1965
1478900 1965
1478910 1968
1478920 1970
1478930 1970
1478940 1972
1478950 1974
1478960 1977
1478970 1977
1478980 1979
1478990 1981
1479000 1981
1479010 1983
1479020 1985
1479030 1985
1479040 1988
1479050 1991
1479060 1991
1479070 1994
1479080 1997
1479090 1997
1479100 2001
1479110 2005
1479120 2005
1479130 2009
1479140 2012
1479150 2012
1479160 2014
1479170 2017
1479180 2020
1479190 2020
1479200 2023
1479210 2026
1479220 2026
1479230 2029
1479240 2032
1479250 2032
1479260 2034
1479270 2037
1479280 2037
1479290 2040
1479300 2043
1479310 2043
1479320 2045
1479330 2048
1479340 2048
1479350 2052
1479360 2056
1479370 2059
1479380 2059
1479390 2063
1479400 2068
1479410 2068
1479420 2073
1479430 2078
1479440 2078
1479450 2083
1479460 2088
1479470 2088
1479480 2093
1479490 2099
1479500 2099
1479510 2104
1479520 2109
1479530 2109
1479540 2115
1479550 2121
1479560 2125
1479570 2125
1479580 2130
1479590 2137
1479600 2137
1479610 2144
1479620 2153
1479630 2153
1479640 2162
1479650 2169
1479660 2169
1479670 2176
1479680 2186
1479690 2186
1479700 2198
1479710 2204
1479720 2204
1479730 2212
1479740 2219
1479750 2223
1479760 2223
1479770 2226
1479780 2229
1479790 2229
1479800 2235
1479810 2240
1479820 2240
1479830 2245
1479840 2250
1479850 2250
1479860 2256
1479870 2263
1479880 2263
1479890 2269
1479900 2274
1479910 2274
1479920 2280
1479930 2286
1479940 2286
1479950 2292
1479960 2297
1479970 2302
1479980 2302
1479990 2307
