1460000 2257
1460010 2250
1460020 2250
1460030 2244
1460040 2239
1460050 2235
1460060 2235
1460070 2233
1460080 2231
1460090 2231
1460100 2232
1460110 2234
1460120 2234
1460130 2232
1460140 2229
1460150 2229
1460160 2228
1460170 2225
1460180 2225
1460190 2222
1460200 2218
1460210 2218
1460220 2215
1460230 2214
1460240 2214
1460250 2213
1460260 2213
1460270 2214
1460280 2214
1460290 2214
1460300 2214
1460310 2214
1460320 2215
1460330 2216
1460340 2216
1460350 2217
1460360 2219
1460370 2219
1460380 2221
1460390 2224
1460400 2224
1460410 2226
1460420 2223
1460430 2223
1460440 2218
1460450 2217
1460460 2216
1460470 2216
1460480 2218
1460490 2220
1460500 2220
1460510 2223
1460520 2225
1460530 2225
1460540 2228
1460550 2231
1460560 2231
1460570 2233
1460580 2236
1460590 2236
1460600 2237
1460610 2238
1460620 2238
1460630 2238
1460640 2238
1460650 2236
1460660 2236
1460670 2234
1460680 2232
1460690 2232
1460700 2230
1460710 2228
1460720 2228
1460730 2225
1460740 2223
1460750 2223
1460760 2220
1460770 2220
1460780 2220
1460790 2222
1460800 2223
1460810 2223
1460820 2224
1460830 2226
1460840 2226
1460850 2227
1460860 2227
1460870 2227
1460880 2227
1460890 2228
1460900 2229
1460910 2229
1460920 2231
1460930 2233
1460940 2233
1460950 2235
1460960 2237
1460970 2237
1460980 2240
1460990 2242
1461000 2242
1461010 2244
1461020 2247
1461030 2247
1461040 2251
1461050 2255
1461060 2259
1461070 2259
1461080 2264
1461090 2270
1461100 2270
1461110 2274
1461120 2277
1461130 2277
1461140 2280
1461150 2284
1461160 2284
1461170 2290
1461180 2294
1461190 2294
1461200 2296
1461210 2299
1461220 2299
1461230 2299
1461240 2302
1461250 2312
1461260 2312
1461270 2320
1461280 2321
1461290 2321
1461300 2316
1461310 2317
1461320 2317
1461330 2323
1461340 2331
1461350 2331
1461360 2339
1461370 2349
1461380 2349
1461390 2360
1461400 2370
1461410 2370
1461420 2377
1461430 2382
1461440 2382
1461450 2388
1461460 2397
1461470 2398
1461480 2398
1461490 2384
1461500 2376
1461510 2376
1461520 2378
1461530 2380
1461540 2380
1461550 2383
1461560 2389
1461570 2389
1461580 2396
1461590 2403
1461600 2403
1461610 2412
1461620 2420
1461630 2420
1461640 2427
1461650 2432
1461660 2434
1461670 2434
1461680 2438
1461690 2441
1461700 2441
1461710 2439
1461720 2433
1461730 2433
1461740 2427
1461750 2421
1461760 2421
1461770 2415
1461780 2406
1461790 2406
1461800 2398
1461810 2391
1461820 2391
1461830 2384
1461840 2377
1461850 2370
1461860 2370
1461870 2364
1461880 2358
1461890 2358
1461900 2351
1461910 2344
1461920 2344
1461930 2339
1461940 2333
1461950 2333
1461960 2326
1461970 2321
1461980 2321
1461990 2315
1462000 2310
1462010 2310
1462020 2306
1462030 2299
1462040 2299
1462050 2293
1462060 2287
1462070 2280
1462080 2280
1462090 2271
1462100 2262
1462110 2262
1462120 2256
1462130 2252
1462140 2252
1462150 2245
1462160 2237
1462170 2237
1462180 2231
1462190 2224
1462200 2224
1462210 2219
1462220 2215
1462230 2215
1462240 2213
1462250 2211
1462260 2209
1462270 2209
1462280 2207
1462290 2204
1462300 2204
1462310 2202
1462320 2197
1462330 2197
1462340 2192
1462350 2190
1462360 2190
1462370 2190
1462380 2190
1462390 2190
1462400 2188
1462410 2185
1462420 2185
1462430 2179
1462440 2171
1462450 2171
1462460 2163
1462470 2155
1462480 2148
1462490 2148
1462500 2141
1462510 2132
1462520 2132
1462530 2124
1462540 2116
1462550 2116
1462560 2109
1462570 2102
1462580 2102
1462590 2095
1462600 2089
1462610 2089
1462620 2084
1462630 2078
1462640 2078
1462650 2072
1462660 2065
1462670 2059
1462680 2059
1462690 2054
1462700 2051
1462710 2051
1462720 2050
1462730 2049
1462740 2049
1462750 2048
1462760 2046
1462770 2046
1462780 2043
1462790 2038
1462800 2038
1462810 2033
1462820 2030
1462830 2030
1462840 2027
1462850 2025
1462860 2023
1462870 2023
1462880 2021
1462890 2020
1462900 2020
1462910 2020
1462920 2019
1462930 2019
1462940 2018
1462950 2017
1462960 2017
1462970 2016
1462980 2015
1462990 2015
1463000 2014
1463010 2013
1463020 2013
1463030 2012
1463040 2010
1463050 2010
1463060 2010
1463070 2009
1463080 2008
1463090 2008
1463100 2008
1463110 2009
1463120 2009
1463130 2009
1463140 2006
1463150 2006
1463160 2004
1463170 2001
1463180 2001
1463190 1997
1463200 1993
1463210 1993
1463220 1989
1463230 1983
1463240 1983
1463250 1976
1463260 1968
1463270 1963
1463280 1963
1463290 1960
1463300 1958
1463310 1958
1463320 1957
1463330 1957
1463340 1957
1463350 1956
1463360 1956
1463370 1956
1463380 1957
1463390 1958
1463400 1958
1463410 1959
1463420 1959
1463430 1959
1463440 1958
1463450 1957
1463460 1954
1463470 1954
1463480 1952
1463490 1950
1463500 1950
1463510 1947
1463520 1944
1463530 1944
1463540 1943
1463550 1943
1463560 1943
1463570 1942
1463580 1940
1463590 1940
1463600 1936
1463610 1930
1463620 1930
1463630 1926
1463640 1925
1463650 1925
1463660 1923
1463670 1921
1463680 1919
1463690 1919
1463700 1915
1463710 1911
1463720 1911
1463730 1907
1463740 1904
1463750 1904
1463760 1902
1463770 1902
1463780 1902
1463790 1900
1463800 1898
1463810 1898
1463820 1894
1463830 1891
1463840 1891
1463850 1890
1463860 1885
1463870 1880
1463880 1880
1463890 1876
1463900 1875
1463910 1875
1463920 1874
1463930 1871
1463940 1871
1463950 1868
1463960 1867
1463970 1867
1463980 1867
1463990 1869
1464000 1869
1464010 1873
1464020 1877
1464030 1877
1464040 1883
1464050 1888
1464060 1888
1464070 1888
1464080 1890
1464090 1893
1464100 1893
1464110 1893
1464120 1893
1464130 1893
1464140 1893
1464150 1893
1464160 1893
1464170 1894
1464180 1895
1464190 1895
1464200 1893
1464210 1892
1464220 1892
1464230 1893
1464240 1895
1464250 1895
1464260 1896
1464270 1895
1464280 1893
1464290 1893
1464300 1889
1464310 1885
1464320 1885
1464330 1881
1464340 1876
1464350 1876
1464360 1872
1464370 1869
1464380 1869
1464390 1866
1464400 1863
1464410 1863
1464420 1863
1464430 1861
1464440 1861
1464450 1859
1464460 1858
1464470 1857
1464480 1857
1464490 1854
1464500 1850
1464510 1850
1464520 1845
1464530 1840
1464540 1840
1464550 1836
1464560 1832
1464570 1832
1464580 1824
1464590 1818
1464600 1818
1464610 1812
1464620 1807
1464630 1807
1464640 1801
1464650 1795
1464660 1789
1464670 1789
1464680 1785
1464690 1782
1464700 1782
1464710 1776
1464720 1769
1464730 1769
1464740 1761
1464750 1752
1464760 1752
1464770 1744
1464780 1736
1464790 1736
1464800 1728
1464810 1725
1464820 1725
1464830 1720
1464840 1714
1464850 1714
1464860 1710
1464870 1705
1464880 1699
1464890 1699
1464900 1694
1464910 1691
1464920 1691
1464930 1686
1464940 1681
1464950 1682
1464960 1675
1464970 1670
1464980 1670
1464990 1666
1465000 1660
1465010 1660
1465020 1655
1465030 1649
1465040 1649
1465050 1642
1465060 1637
1465070 1632
1465080 1632
1465090 1627
1465100 1621
1465110 1621
1465120 1617
1465130 1613
1465140 1613
1465150 1610
1465160 1608
1465170 1608
1465180 1608
1465190 1606
1465200 1606
1465210 1601
1465220 1595
1465230 1595
1465240 1589
1465250 1582
1465260 1582
1465270 1575
1465280 1568
1465290 1561
1465300 1561
1465310 1552
1465320 1543
1465330 1543
1465340 1537
1465350 1533
1465360 1533
1465370 1525
1465380 1515
1465390 1515
1465400 1510
1465410 1503
1465420 1503
1465430 1498
1465440 1495
1465450 1495
1465460 1492
1465470 1489
1465480 1483
1465490 1483
1465500 1475
1465510 1468
1465520 1468
1465530 1461
1465540 1455
1465550 1455
1465560 1449
1465570 1444
1465580 1444
1465590 1442
1465600 1439
1465610 1439
1465620 1436
1465630 1435
1465640 1435
1465650 1435
1465660 1435
1465670 1433
1465680 1433
1465690 1431
1465700 1428
1465710 1428
1465720 1424
1465730 1418
1465740 1418
1465750 1412
1465760 1404
1465770 1404
1465780 1397
1465790 1392
1465800 1392
1465810 1386
1465820 1380
1465830 1380
1465840 1374
1465850 1368
1465860 1368
1465870 1361
1465880 1353
1465890 1344
1465900 1344
1465910 1336
1465920 1329
1465930 1329
1465940 1323
1465950 1316
1465960 1316
1465970 1309
1465980 1301
1465990 1301
1466000 1294
1466010 1289
1466020 1289
1466030 1284
1466040 1276
1466050 1276
1466060 1258
1466070 1240
1466080 1229
1466090 1229
1466100 1221
1466110 1213
1466120 1213
1466130 1206
1466140 1200
1466150 1200
1466160 1197
1466170 1195
1466180 1195
1466190 1195
1466200 1195
1466210 1195
1466220 1195
1466230 1194
1466240 1194
1466250 1194
1466260 1193
1466270 1193
1466280 1193
1466290 1192
1466300 1191
1466310 1191
1466320 1191
1466330 1190
1466340 1190
1466350 1189
1466360 1189
1466370 1189
1466380 1188
1466390 1188
1466400 1188
1466410 1187
1466420 1184
1466430 1184
1466440 1181
1466450 1177
1466460 1177
1466470 1174
1466480 1173
1466490 1173
1466500 1173
1466510 1173
1466520 1173
1466530 1173
1466540 1173
1466550 1172
1466560 1172
1466570 1173
1466580 1173
1466590 1173
1466600 1173
1466610 1173
1466620 1173
1466630 1173
1466640 1173
1466650 1173
1466660 1173
1466670 1173
1466680 1173
1466690 1173
1466700 1173
1466710 1173
1466720 1173
1466730 1173
1466740 1173
1466750 1173
1466760 1173
1466770 1173
1466780 1173
1466790 1174
1466800 1177
1466810 1177
1466820 1179
1466830 1179
1466840 1179
1466850 1180
1466860 1180
1466870 1180
1466880 1180
1466890 1180
1466900 1179
1466910 1179
1466920 1179
1466930 1180
1466940 1180
1466950 1179
1466960 1179
1466970 1179
1466980 1180
1466990 1180
1467000 1180
1467010 1180
1467020 1181
1467030 1181
1467040 1184
1467050 1191
1467060 1191
1467070 1198
1467080 1206
1467090 1217
1467100 1217
1467110 1227
1467120 1235
1467130 1235
1467140 1241
1467150 1249
1467160 1249
1467170 1258
1467180 1269
1467190 1269
1467200 1278
1467210 1285
1467220 1285
1467230 1289
1467240 1291
1467250 1291
1467260 1293
1467270 1293
1467280 1294
1467290 1294
1467300 1295
1467310 1298
1467320 1298
1467330 1301
1467340 1305
1467350 1305
1467360 1309
1467370 1313
1467380 1313
1467390 1317
1467400 1320
1467410 1320
1467420 1324
1467430 1328
1467440 1328
1467450 1333
1467460 1338
1467470 1348
1467480 1348
1467490 1350
1467500 1352
1467510 1352
1467520 1354
1467530 1357
1467540 1357
1467550 1359
1467560 1362
1467570 1362
1467580 1364
1467590 1367
1467600 1367
1467610 1372
1467620 1377
1467630 1377
1467640 1382
1467650 1387
1467660 1387
1467670 1393
1467680 1399
1467690 1406
1467700 1406
1467710 1411
1467720 1406
1467730 1406
1467740 1400
1467750 1397
1467760 1397
1467770 1393
1467780 1390
1467790 1390
1467800 1387
1467810 1385
1467820 1385
1467830 1384
1467840 1383
1467850 1383
1467860 1382
1467870 1381
1467880 1380
1467890 1380
1467900 1378
1467910 1377
1467920 1377
1467930 1378
1467940 1381
1467950 1381
1467960 1386
1467970 1391
1467980 1391
1467990 1393
1468000 1393
1468010 1393
1468020 1395
1468030 1396
1468040 1396
1468050 1398
1468060 1398
1468070 1398
1468080 1397
1468090 1396
1468100 1397
1468110 1397
1468120 1400
1468130 1403
1468140 1403
1468150 1404
1468160 1405
1468170 1405
1468180 1406
1468190 1410
1468200 1410
1468210 1413
1468220 1416
1468230 1416
1468240 1420
1468250 1423
1468260 1423
1468270 1426
1468280 1429
1468290 1431
1468300 1431
1468310 1434
1468320 1436
1468330 1436
1468340 1439
1468350 1442
1468360 1442
1468370 1444
1468380 1446
1468390 1446
1468400 1449
1468410 1451
1468420 1451
1468430 1452
1468440 1456
1468450 1456
1468460 1459
1468470 1460
1468480 1463
1468490 1463
1468500 1465
1468510 1467
1468520 1467
1468530 1470
1468540 1472
1468550 1472
1468560 1475
1468570 1478
1468580 1478
1468590 1479
1468600 1478
1468610 1478
1468620 1478
1468630 1482
1468640 1482
1468650 1485
1468660 1489
1468670 1489
1468680 1494
1468690 1499
1468700 1504
1468710 1504
1468720 1509
1468730 1514
1468740 1514
1468750 1519
1468760 1525
1468770 1525
1468780 1531
1468790 1536
1468800 1536
1468810 1541
1468820 1544
1468830 1544
1468840 1546
1468850 1548
1468860 1548
1468870 1548
1468880 1547
1468890 1546
1468900 1546
1468910 1545
1468920 1544
1468930 1544
1468940 1542
1468950 1541
1468960 1541
1468970 1539
1468980 1538
1468990 1538
1469000 1538
1469010 1538
1469020 1538
1469030 1539
1469040 1541
1469050 1541
1469060 1544
1469070 1547
1469080 1551
1469090 1551
1469100 1555
1469110 1559
1469120 1559
1469130 1563
1469140 1565
1469150 1565
1469160 1565
1469170 1565
1469180 1565
1469190 1563
1469200 1562
1469210 1562
1469220 1559
1469230 1556
1469240 1556
1469250 1553
1469260 1548
1469270 1548
1469280 1543
1469290 1538
1469300 1535
1469310 1535
1469320 1532
1469330 1529
1469340 1529
1469350 1527
1469360 1526
1469370 1526
1469380 1525
1469390 1525
1469400 1525
1469410 1525
1469420 1526
1469430 1526
1469440 1527
1469450 1527
1469460 1527
1469470 1528
1469480 1528
1469490 1528
1469500 1528
1469510 1529
1469520 1530
1469530 1530
1469540 1530
1469550 1526
1469560 1526
1469570 1522
1469580 1522
1469590 1522
1469600 1523
1469610 1524
1469620 1524
1469630 1525
1469640 1527
1469650 1527
1469660 1529
1469670 1531
1469680 1532
1469690 1532
1469700 1534
1469710 1537
1469720 1537
1469730 1538
1469740 1537
1469750 1537
1469760 1535
1469770 1532
1469780 1532
1469790 1531
1469800 1532
1469810 1532
1469820 1533
1469830 1533
1469840 1533
1469850 1532
1469860 1531
1469870 1531
1469880 1530
1469890 1528
1469900 1528
1469910 1528
1469920 1528
1469930 1528
1469940 1528
1469950 1526
1469960 1525
1469970 1525
1469980 1524
1469990 1521
1470000 1521
1470010 1519
1470020 1518
1470030 1518
1470040 1517
1470050 1514
1470060 1514
1470070 1511
1470080 1508
1470090 1503
1470100 1503
1470110 1496
1470120 1490
1470130 1490
1470140 1486
1470150 1484
1470160 1484
1470170 1482
1470180 1479
1470190 1479
1470200 1477
1470210 1475
1470220 1475
1470230 1472
1470240 1469
1470250 1469
1470260 1466
1470270 1461
1470280 1454
1470290 1454
1470300 1448
1470310 1442
1470320 1442
1470330 1440
1470340 1438
1470350 1438
1470360 1435
1470370 1432
1470380 1432
1470390 1433
1470400 1439
1470410 1439
1470420 1445
1470430 1450
1470440 1450
1470450 1453
1470460 1456
1470470 1456
1470480 1457
1470490 1459
1470500 1461
1470510 1461
1470520 1464
1470530 1466
1470540 1466
1470550 1468
1470560 1469
1470570 1469
1470580 1471
1470590 1472
1470600 1472
1470610 1474
1470620 1477
1470630 1477
1470640 1480
1470650 1483
1470660 1483
1470670 1484
1470680 1485
1470690 1487
1470700 1487
1470710 1490
1470720 1492
1470730 1492
1470740 1494
1470750 1497
1470760 1497
1470770 1499
1470780 1501
1470790 1501
1470800 1504
1470810 1507
1470820 1507
1470830 1510
1470840 1511
1470850 1511
1470860 1513
1470870 1513
1470880 1513
1470890 1516
1470900 1519
1470910 1521
1470920 1521
1470930 1524
1470940 1526
1470950 1526
1470960 1527
1470970 1529
1470980 1529
1470990 1531
1471000 1532
1471010 1532
1471020 1534
1471030 1536
1471040 1536
1471050 1537
1471060 1540
1471070 1540
1471080 1540
1471090 1542
1471100 1543
1471110 1543
1471120 1544
1471130 1545
1471140 1545
1471150 1546
1471160 1547
1471170 1547
1471180 1548
1471190 1549
1471200 1549
1471210 1550
1471220 1551
1471230 1551
1471240 1554
1471250 1555
1471260 1555
1471270 1554
1471280 1555
1471290 1555
1471300 1555
1471310 1554
1471320 1555
1471330 1555
1471340 1559
1471350 1562
1471360 1562
1471370 1564
1471380 1565
1471390 1565
1471400 1565
1471410 1566
1471420 1566
1471430 1570
1471440 1581
1471450 1581
1471460 1592
1471470 1606
1471480 1606
1471490 1621
1471500 1634
1471510 1642
1471520 1642
1471530 1649
1471540 1656
1471550 1656
1471560 1665
1471570 1676
1471580 1676
1471590 1686
1471600 1695
1471610 1695
1471620 1701
1471630 1705
1471640 1705
1471650 1696
1471660 1679
1471670 1679
1471680 1659
1471690 1650
1471700 1650
1471710 1650
1471720 1661
1471730 1679
1471740 1679
1471750 1686
1471760 1675
1471770 1675
1471780 1663
1471790 1665
1471800 1665
1471810 1670
1471820 1678
1471830 1678
1471840 1688
1471850 1699
1471860 1699
1471870 1711
1471880 1722
1471890 1739
1471900 1739
1471910 1758
1471920 1775
1471930 1775
1471940 1790
1471950 1799
1471960 1799
1471970 1811
1471980 1821
1471990 1821
1472000 1829
1472010 1836
1472020 1836
1472030 1844
1472040 1852
1472050 1852
1472060 1859
1472070 1866
1472080 1866
1472090 1871
1472100 1874
1472110 1876
1472120 1876
1472130 1871
1472140 1853
1472150 1853
1472160 1841
1472170 1847
1472180 1847
1472190 1856
1472200 1867
1472210 1867
1472220 1876
1472230 1884
1472240 1884
1472250 1891
1472260 1898
1472270 1898
1472280 1905
1472290 1912
1472300 1919
1472310 1919
1472320 1926
1472330 1933
1472340 1933
1472350 1942
1472360 1948
1472370 1948
1472380 1951
1472390 1955
1472400 1955
1472410 1961
1472420 1967
1472430 1967
1472440 1973
1472450 1977
1472460 1977
1472470 1972
1472480 1960
1472490 1959
1472500 1959
1472510 1949
1472520 1937
1472530 1937
1472540 1924
1472550 1923
1472560 1923
1472570 1917
1472580 1900
1472590 1900
1472600 1880
1472610 1895
1472620 1895
1472630 1914
1472640 1927
1472650 1927
1472660 1934
1472670 1935
1472680 1935
1472690 1935
1472700 1942
1472710 1951
1472720 1951
1472730 1956
1472740 1956
1472750 1956
1472760 1949
1472770 1942
1472780 1942
1472790 1935
1472800 1933
1472810 1933
1472820 1943
1472830 1952
1472840 1952
1472850 1960
1472860 1968
1472870 1968
1472880 1976
1472890 1985
1472900 1985
1472910 1985
1472920 1980
1472930 1970
1472940 1970
1472950 1959
1472960 1943
1472970 1943
1472980 1932
1472990 1932
1473000 1932
1473010 1940
1473020 1934
1473030 1934
1473040 1917
1473050 1895
1473060 1910
1473070 1894
1473080 1893
1473090 1891
1473100 1891
1473110 1889
1473120 1887
1473130 1887
1473140 1896
1473150 1915
1473160 1915
1473170 1929
1473180 1944
1473190 1944
1473200 1965
1473210 1985
1473220 1985
1473230 1995
1473240 2002
1473250 2002
1473260 2010
1473270 2019
1473280 2019
1473290 2026
1473300 2031
1473310 2037
1473320 2037
1473330 2042
1473340 2049
1473350 2049
1473360 2057
1473370 2067
1473380 2067
1473390 2078
1473400 2088
1473410 2088
1473420 2097
1473430 2106
1473440 2106
1473450 2112
1473460 2103
1473470 2103
1473480 2053
1473490 1996
1473500 1961
1473510 1961
1473520 1961
1473530 1964
1473540 1964
1473550 1973
1473560 1982
1473570 1982
1473580 1985
1473590 1974
1473600 1974
1473610 1962
1473620 1963
1473630 1963
1473640 1968
1473650 1971
1473660 1971
1473670 1976
1473680 1981
1473690 1985
1473700 1985
1473710 1989
1473720 1991
1473730 1991
1473740 1994
1473750 1996
1473760 1996
1473770 1998
1473780 2000
1473790 2000
1473800 2000
1473810 2002
1473820 2002
1473830 2003
1473840 2005
1473850 2005
1473860 2008
1473870 2011
1473880 2011
1473890 2014
1473900 2018
1473910 2021
1473920 2021
1473930 2026
1473940 2033
1473950 2033
1473960 2042
1473970 2050
1473980 2050
1473990 2057
1474000 2062
1474010 2062
1474020 2067
1474030 2073
1474040 2073
1474050 2079
1474060 2086
1474070 2086
1474080 2095
1474090 2105
1474100 2112
1474110 2112
1474120 2119
1474130 2125
1474140 2125
1474150 2132
1474160 2138
1474170 2138
1474180 2145
1474190 2150
1474200 2150
1474210 2156
1474220 2163
1474230 2163
1474240 2170
1474250 2180
1474260 2180
1474270 2190
1474280 2199
1474290 2199
1474300 2207
1474310 2216
1474320 2220
1474330 2220
1474340 2221
1474350 2222
1474360 2222
1474370 2224
1474380 2227
1474390 2227
1474400 2228
1474410 2229
1474420 2229
1474430 2229
1474440 2232
1474450 2232
1474460 2234
1474470 2237
1474480 2237
1474490 2239
1474500 2240
1474510 2244
1474520 2244
1474530 2251
1474540 2257
1474550 2257
1474560 2262
1474570 2267
1474580 2267
1474590 2270
1474600 2273
1474610 2273
1474620 2274
1474630 2277
1474640 2277
1474650 2285
1474660 2289
1474670 2289
1474680 2293
1474690 2300
1474700 2307
1474710 2307
1474720 2313
1474730 2320
1474740 2320
1474750 2328
1474760 2336
1474770 2336
1474780 2344
1474790 2351
1474800 2351
1474810 2358
1474820 2365
1474830 2365
1474840 2367
1474850 2368
1474860 2368
1474870 2370
1474880 2371
1474890 2371
1474900 2372
1474910 2374
1474920 2379
1474930 2379
1474940 2383
1474950 2386
1474960 2386
1474970 2390
1474980 2393
1474990 2393
1475000 2394
1475010 2391
1475020 2391
1475030 2389
1475040 2394
1475050 2394
1475060 2398
1475070 2402
1475080 2402
1475090 2404
1475100 2405
1475110 2405
1475120 2405
1475130 2405
1475140 2404
1475150 2404
1475160 2403
1475170 2407
1475180 2407
1475190 2410
1475200 2415
1475210 2415
1475220 2417
1475230 2418
1475240 2418
1475250 2420
1475260 2422
1475270 2422
1475280 2422
1475290 2420
1475300 2405
1475310 2405
1475320 2412
1475330 2422
1475340 2422
1475350 2418
1475360 2404
1475370 2404
1475380 2401
1475390 2410
1475400 2410
1475410 2420
1475420 2430
1475430 2430
1475440 2438
1475450 2443
1475460 2443
1475470 2442
1475480 2441
1475490 2441
1475500 2442
1475510 2442
1475520 2440
1475530 2440
1475540 2443
1475550 2449
1475560 2449
1475570 2452
1475580 2454
1475590 2454
1475600 2456
1475610 2461
1475620 2461
1475630 2469
1475640 2476
1475650 2476
1475660 2480
1475670 2481
1475680 2481
1475690 2468
1475700 2467
1475710 2475
1475720 2475
1475730 2486
1475740 2496
1475750 2496
1475760 2506
1475770 2517
1475780 2517
1475790 2526
1475800 2535
1475810 2535
1475820 2544
1475830 2552
1475840 2552
1475850 2559
1475860 2557
1475870 2557
1475880 2549
1475890 2541
1475900 2534
1475910 2534
1475920 2528
1475930 2522
1475940 2522
1475950 2517
1475960 2510
1475970 2510
1475980 2505
1475990 2501
1476000 2501
1476010 2491
1476020 2481
1476030 2481
1476040 2468
1476050 2465
1476060 2465
1476070 2461
1476080 2453
1476090 2453
1476100 2445
1476110 2443
1476120 2440
1476130 2440
1476140 2435
1476150 2432
1476160 2432
1476170 2432
1476180 2433
1476190 2433
1476200 2430
1476210 2430
1476220 2430
1476230 2430
1476240 2431
1476250 2431
1476260 2435
1476270 2440
1476280 2440
1476290 2444
1476300 2449
1476310 2455
1476320 2455
1476330 2459
1476340 2467
1476350 2467
1476360 2468
1476370 2469
1476380 2469
1476390 2473
1476400 2479
1476410 2479
1476420 2484
1476430 2487
1476440 2487
1476450 2491
1476460 2494
1476470 2494
1476480 2501
1476490 2508
1476500 2516
1476510 2516
1476520 2522
1476530 2526
1476540 2526
1476550 2531
1476560 2535
1476570 2535
1476580 2539
1476590 2546
1476600 2546
1476610 2552
1476620 2562
1476630 2562
1476640 2571
1476650 2577
1476660 2577
1476670 2583
1476680 2589
1476690 2589
1476700 2596
1476710 2602
1476720 2608
1476730 2608
1476740 2614
1476750 2620
1476760 2620
1476770 2627
1476780 2633
1476790 2633
1476800 2639
1476810 2645
1476820 2645
1476830 2651
1476840 2657
1476850 2657
1476860 2664
1476870 2672
1476880 2672
1476890 2682
1476900 2690
1476910 2696
1476920 2696
1476930 2702
1476940 2708
1476950 2708
1476960 2715
1476970 2723
1476980 2723
1476990 2730
1477000 2736
1477010 2736
1477020 2742
1477030 2736
1477040 2736
1477050 2740
1477060 2746
1477070 2746
1477080 2752
1477090 2760
1477100 2763
1477110 2763
1477120 2769
1477130 2771
1477140 2771
1477150 2765
1477160 2759
1477170 2759
1477180 2754
1477190 2749
1477200 2749
1477210 2743
1477220 2737
1477230 2737
1477240 2734
1477250 2729
1477260 2729
1477270 2722
1477280 2715
1477290 2715
1477300 2708
1477310 2701
1477320 2694
1477330 2694
1477340 2690
1477350 2686
1477360 2686
1477370 2682
1477380 2675
1477390 2675
1477400 2668
1477410 2660
1477420 2660
1477430 2655
1477440 2651
1477450 2651
1477460 2647
1477470 2640
1477480 2640
1477490 2631
1477500 2620
1477510 2611
1477520 2611
1477530 2601
1477540 2595
1477550 2595
1477560 2598
1477570 2595
1477580 2595
1477590 2581
1477600 2570
1477610 2570
1477620 2564
1477630 2560
1477640 2560
1477650 2556
1477660 2551
1477670 2551
1477680 2547
1477690 2543
1477700 2543
1477710 2540
1477720 2536
1477730 2533
1477740 2533
1477750 2532
1477760 2531
1477770 2531
1477780 2530
1477790 2530
1477800 2530
1477810 2531
1477820 2534
1477830 2534
1477840 2535
1477850 2535
1477860 2535
1477870 2535
1477880 2536
1477890 2536
1477900 2540
1477910 2541
1477920 2542
1477930 2542
1477940 2544
1477950 2543
1477960 2543
1477970 2542
1477980 2535
1477990 2535
1478000 2526
1478010 2521
1478020 2521
1478030 2518
1478040 2514
1478050 2514
1478060 2511
1478070 2507
1478080 2507
1478090 2502
1478100 2497
1478110 2493
1478120 2493
1478130 2487
1478140 2485
1478150 2485
1478160 2484
1478170 2484
1478180 2484
1478190 2484
1478200 2484
1478210 2484
1478220 2484
1478230 2484
1478240 2484
1478250 2484
1478260 2485
1478270 2485
1478280 2485
1478290 2484
1478300 2484
1478310 2485
1478320 2486
1478330 2488
1478340 2488
1478350 2490
1478360 2492
1478370 2492
1478380 2497
1478390 2501
1478400 2501
1478410 2505
1478420 2510
1478430 2510
1478440 2515
1478450 2521
1478460 2521
1478470 2528
1478480 2534
1478490 2534
1478500 2542
1478510 2549
1478520 2557
1478530 2557
1478540 2565
1478550 2573
1478560 2573
1478570 2581
1478580 2588
1478590 2588
1478600 2593
1478610 2598
1478620 2598
1478630 2603
1478640 2607
1478650 2607
1478660 2611
1478670 2615
1478680 2615
1478690 2619
1478700 2624
1478710 2628
1478720 2628
1478730 2632
1478740 2636
1478750 2636
1478760 2639
1478770 2643
1478780 2643
1478790 2646
1478800 2649
1478810 2649
1478820 2653
1478830 2656
1478840 2656
1478850 2659
1478860 2659
1478870 2659
1478880 2660
1478890 2660
1478900 2660
1478910 2663
1478920 2665
1478930 2674
1478940 2674
1478950 2675
1478960 2679
1478970 2679
1478980 2686
1478990 2691
1479000 2691
1479010 2697
1479020 2704
1479030 2704
1479040 2711
1479050 2718
1479060 2718
1479070 2723
1479080 2722
1479090 2722
1479100 2713
1479110 2705
1479120 2705
1479130 2705
1479140 2712
1479150 2721
1479160 2721
1479170 2727
1479180 2735
1479190 2735
1479200 2744
1479210 2750
1479220 2750
1479230 2756
1479240 2760
1479250 2760
1479260 2764
1479270 2768
1479280 2768
1479290 2771
1479300 2768
1479310 2763
1479320 2763
1479330 2756
1479340 2745
1479350 2745
1479360 2735
1479370 2727
1479380 2727
1479390 2724
1479400 2720
1479410 2720
1479420 2720
1479430 2717
1479440 2717
1479450 2696
1479460 2679
1479470 2679
1479480 2672
1479490 2668
1479500 2668
1479510 2666
1479520 2665
1479530 2662
1479540 2662
1479550 2661
1479560 2661
1479570 2661
1479580 2661
1479590 2661
1479600 2661
1479610 2661
1479620 2660
1479630 2660
1479640 2660
1479650 2661
1479660 2661
1479670 2662
1479680 2662
1479690 2662
1479700 2661
1479710 2663
1479720 2666
1479730 2666
1479740 2671
1479750 2673
1479760 2673
1479770 2676
1479780 2683
1479790 2683
1479800 2687
1479810 2689
1479820 2689
1479830 2692
1479840 2694
1479850 2694
1479860 2691
1479870 2687
1479880 2687
1479890 2678
1479900 2673
1479910 2668
1479920 2668
1479930 2663
1479940 2660
1479950 2660
1479960 2657
1479970 2653
1479980 2653
1479990 2650
