1460000 1945
1460010 1939
1460020 1934
1460030 1937
1460040 1937
1460050 1941
1460060 1948
1460070 1948
1460080 1950
1460090 1946
1460100 1946
1460110 1952
1460120 1965
1460130 1965
1460140 1981
1460150 1992
1460160 1992
1460170 1995
1460180 1988
1460190 1988
1460200 1984
1460210 1975
1460220 1975
1460230 1965
1460240 1957
1460250 1948
1460260 1948
1460270 1940
1460280 1936
1460290 1936
1460300 1931
1460310 1924
1460320 1924
1460330 1929
1460340 1938
1460350 1938
1460360 1947
1460370 1955
1460380 1955
1460390 1964
1460400 1973
1460410 1973
1460420 1981
1460430 1990
1460440 1999
1460450 1999
1460460 2008
1460470 2003
1460480 2003
1460490 1993
1460500 1982
1460510 1982
1460520 1972
1460530 1964
1460540 1964
1460550 1957
1460560 1950
1460570 1950
1460580 1941
1460590 1932
1460600 1932
1460610 1926
1460620 1920
1460630 1916
1460640 1916
1460650 1914
1460660 1909
1460670 1909
1460680 1904
1460690 1899
1460700 1899
1460710 1895
1460720 1891
1460730 1891
1460740 1888
1460750 1882
1460760 1882
1460770 1875
1460780 1869
1460790 1869
1460800 1859
1460810 1854
1460820 1854
1460830 1852
1460840 1854
1460850 1860
1460860 1860
1460870 1870
1460880 1876
1460890 1876
1460900 1876
1460910 1874
1460920 1874
1460930 1873
1460940 1871
1460950 1871
1460960 1868
1460970 1865
1460980 1865
1460990 1862
1461000 1859
1461010 1859
1461020 1856
1461030 1854
1461040 1850
1461050 1850
1461060 1846
1461070 1848
1461080 1848
1461090 1851
1461100 1853
1461110 1853
1461120 1852
1461130 1849
1461140 1849
1461150 1846
1461160 1844
1461170 1844
1461180 1842
1461190 1838
1461200 1838
1461210 1835
1461220 1832
1461230 1832
1461240 1829
1461250 1825
1461260 1821
1461270 1821
1461280 1818
1461290 1816
1461300 1816
1461310 1815
1461320 1813
1461330 1813
1461340 1811
1461350 1809
1461360 1809
1461370 1807
1461380 1805
1461390 1805
1461400 1804
1461410 1802
1461420 1802
1461430 1799
1461440 1796
1461450 1793
1461460 1793
1461470 1789
1461480 1784
1461490 1784
1461500 1779
1461510 1777
1461520 1777
1461530 1776
1461540 1768
1461550 1768
1461560 1761
1461570 1754
1461580 1754
1461590 1746
1461600 1737
1461610 1737
1461620 1729
1461630 1721
1461640 1712
1461650 1712
1461660 1705
1461670 1699
1461680 1699
1461690 1691
1461700 1684
1461710 1684
1461720 1677
1461730 1669
1461740 1669
1461750 1660
1461760 1651
1461770 1651
1461780 1643
1461790 1635
1461800 1635
1461810 1627
1461820 1620
1461830 1620
1461840 1615
1461850 1612
1461860 1608
1461870 1608
1461880 1603
1461890 1598
1461900 1598
1461910 1592
1461920 1587
1461930 1587
1461940 1580
1461950 1573
1461960 1573
1461970 1564
1461980 1556
1461990 1556
1462000 1547
1462010 1539
1462020 1539
1462030 1530
1462040 1522
1462050 1514
1462060 1514
1462070 1506
1462080 1497
1462090 1497
1462100 1494
1462110 1493
1462120 1493
1462130 1489
1462140 1485
1462150 1485
1462160 1480
1462170 1479
1462180 1479
1462190 1477
1462200 1474
1462210 1474
1462220 1469
1462230 1464
1462240 1464
1462250 1459
1462260 1453
1462270 1447
1462280 1447
1462290 1440
1462300 1435
1462310 1435
1462320 1429
1462330 1421
1462340 1421
1462350 1416
1462360 1411
1462370 1411
1462380 1406
1462390 1399
1462400 1399
1462410 1392
1462420 1388
1462430 1388
1462440 1386
1462450 1382
1462460 1382
1462470 1382
1462480 1384
1462490 1382
1462500 1382
1462510 1380
1462520 1378
1462530 1378
1462540 1379
1462550 1381
1462560 1381
1462570 1383
1462580 1384
1462590 1384
1462600 1384
1462610 1383
1462620 1383
1462630 1380
1462640 1377
1462650 1377
1462660 1374
1462670 1370
1462680 1366
1462690 1366
1462700 1363
1462710 1359
1462720 1359
1462730 1355
1462740 1352
1462750 1352
1462760 1348
1462770 1345
1462780 1345
1462790 1341
1462800 1338
1462810 1338
1462820 1335
1462830 1331
1462840 1331
1462850 1327
1462860 1324
1462870 1320
1462880 1320
1462890 1315
1462900 1311
1462910 1311
1462920 1307
1462930 1302
1462940 1302
1462950 1297
1462960 1293
1462970 1293
1462980 1291
1462990 1288
1463000 1288
1463010 1285
1463020 1282
1463030 1282
1463040 1280
1463050 1278
1463060 1276
1463070 1276
1463080 1274
1463090 1272
1463100 1272
1463110 1270
1463120 1267
1463130 1267
1463140 1264
1463150 1261
1463160 1261
1463170 1259
1463180 1258
1463190 1258
1463200 1258
1463210 1257
1463220 1257
1463230 1256
1463240 1255
1463250 1255
1463260 1255
1463270 1254
1463280 1252
1463290 1252
1463300 1251
1463310 1251
1463320 1251
1463330 1250
1463340 1249
1463350 1249
1463360 1248
1463370 1247
1463380 1247
1463390 1245
1463400 1243
1463410 1243
1463420 1242
1463430 1240
1463440 1240
1463450 1239
1463460 1238
1463470 1237
1463480 1237
1463490 1237
1463500 1235
1463510 1235
1463520 1234
1463530 1231
1463540 1231
1463550 1227
1463560 1225
1463570 1225
1463580 1224
1463590 1223
1463600 1223
1463610 1223
1463620 1222
1463630 1222
1463640 1222
1463650 1222
1463660 1222
1463670 1221
1463680 1220
1463690 1220
1463700 1220
1463710 1221
1463720 1221
1463730 1221
1463740 1220
1463750 1219
1463760 1219
1463770 1219
1463780 1219
1463790 1219
1463800 1219
1463810 1219
1463820 1219
1463830 1219
1463840 1219
1463850 1219
1463860 1220
1463870 1222
1463880 1223
1463890 1223
1463900 1224
1463910 1224
1463920 1224
1463930 1225
1463940 1224
1463950 1224
1463960 1224
1463970 1224
1463980 1224
1463990 1223
1464000 1223
1464010 1223
1464020 1223
1464030 1223
1464040 1223
1464050 1223
1464060 1223
1464070 1222
1464080 1222
1464090 1220
1464100 1217
1464110 1217
1464120 1215
1464130 1213
1464140 1213
1464150 1214
1464160 1214
1464170 1214
1464180 1214
1464190 1214
1464200 1214
1464210 1214
1464220 1214
1464230 1214
1464240 1214
1464250 1214
1464260 1214
1464270 1214
1464280 1213
1464290 1213
1464300 1213
1464310 1213
1464320 1213
1464330 1213
1464340 1213
1464350 1212
1464360 1212
1464370 1212
1464380 1212
1464390 1212
1464400 1212
1464410 1211
1464420 1211
1464430 1211
1464440 1211
1464450 1211
1464460 1211
1464470 1210
1464480 1210
1464490 1210
1464500 1210
1464510 1210
1464520 1210
1464530 1210
1464540 1210
1464550 1210
1464560 1210
1464570 1209
1464580 1209
1464590 1208
1464600 1208
1464610 1208
1464620 1208
1464630 1208
1464640 1208
1464650 1208
1464660 1208
1464670 1208
1464680 1207
1464690 1207
1464700 1207
1464710 1207
1464720 1207
1464730 1207
1464740 1207
1464750 1207
1464760 1206
1464770 1206
1464780 1206
1464790 1206
1464800 1206
1464810 1206
1464820 1206
1464830 1206
1464840 1205
1464850 1205
1464860 1205
1464870 1206
1464880 1206
1464890 1208
1464900 1208
1464910 1212
1464920 1215
1464930 1215
1464940 1217
1464950 1218
1464960 1218
1464970 1221
1464980 1224
1464990 1224
1465000 1223
1465010 1223
1465020 1223
1465030 1222
1465040 1219
1465050 1219
1465060 1216
1465070 1213
1465080 1213
1465090 1211
1465100 1210
1465110 1208
1465120 1208
1465130 1206
1465140 1205
1465150 1205
1465160 1204
1465170 1203
1465180 1203
1465190 1203
1465200 1202
1465210 1202
1465220 1203
1465230 1203
1465240 1203
1465250 1203
1465260 1203
1465270 1203
1465280 1203
1465290 1203
1465300 1203
1465310 1203
1465320 1203
1465330 1202
1465340 1202
1465350 1202
1465360 1202
1465370 1202
1465380 1202
1465390 1202
1465400 1202
1465410 1201
1465420 1200
1465430 1200
1465440 1200
1465450 1200
1465460 1200
1465470 1199
1465480 1199
1465490 1199
1465500 1199
1465510 1198
1465520 1198
1465530 1198
1465540 1197
1465550 1197
1465560 1197
1465570 1197
1465580 1197
1465590 1197
1465600 1197
1465610 1197
1465620 1197
1465630 1197
1465640 1197
1465650 1197
1465660 1197
1465670 1197
1465680 1197
1465690 1196
1465700 1195
1465710 1195
1465720 1195
1465730 1195
1465740 1195
1465750 1195
1465760 1194
1465770 1194
1465780 1194
1465790 1194
1465800 1194
1465810 1194
1465820 1194
1465830 1193
1465840 1193
1465850 1193
1465860 1193
1465870 1193
1465880 1193
1465890 1193
1465900 1193
1465910 1193
1465920 1193
1465930 1192
1465940 1192
1465950 1192
1465960 1192
1465970 1192
1465980 1191
1465990 1190
1466000 1190
1466010 1188
1466020 1187
1466030 1187
1466040 1187
1466050 1186
1466060 1186
1466070 1187
1466080 1187
1466090 1187
1466100 1187
1466110 1187
1466120 1187
1466130 1187
1466140 1187
1466150 1187
1466160 1187
1466170 1188
1466180 1190
1466190 1190
1466200 1190
1466210 1190
1466220 1190
1466230 1191
1466240 1191
1466250 1191
1466260 1191
1466270 1192
1466280 1192
1466290 1193
1466300 1195
1466310 1195
1466320 1195
1466330 1196
1466340 1197
1466350 1197
1466360 1199
1466370 1201
1466380 1201
1466390 1203
1466400 1205
1466410 1205
1466420 1206
1466430 1209
1466440 1209
1466450 1213
1466460 1219
1466470 1219
1466480 1226
1466490 1233
1466500 1233
1466510 1241
1466520 1247
1466530 1253
1466540 1253
1466550 1259
1466560 1265
1466570 1265
1466580 1271
1466590 1279
1466600 1279
1466610 1287
1466620 1292
1466630 1292
1466640 1297
1466650 1301
1466660 1301
1466670 1306
1466680 1310
1466690 1310
1466700 1315
1466710 1319
1466720 1326
1466730 1326
1466740 1330
1466750 1336
1466760 1336
1466770 1341
1466780 1346
1466790 1346
1466800 1352
1466810 1358
1466820 1358
1466830 1365
1466840 1371
1466850 1371
1466860 1377
1466870 1383
1466880 1383
1466890 1390
1466900 1397
1466910 1406
1466920 1406
1466930 1415
1466940 1423
1466950 1423
1466960 1432
1466970 1442
1466980 1442
1466990 1454
1467000 1461
1467010 1461
1467020 1467
1467030 1473
1467040 1473
1467050 1479
1467060 1485
1467070 1485
1467080 1491
1467090 1497
1467100 1497
1467110 1502
1467120 1508
1467130 1514
1467140 1514
1467150 1521
1467160 1527
1467170 1527
1467180 1534
1467190 1540
1467200 1540
1467210 1547
1467220 1554
1467230 1554
1467240 1561
1467250 1569
1467260 1569
1467270 1575
1467280 1585
1467290 1585
1467300 1596
1467310 1607
1467320 1617
1467330 1617
1467340 1624
1467350 1633
1467360 1633
1467370 1642
1467380 1651
1467390 1651
1467400 1657
1467410 1665
1467420 1665
1467430 1673
1467440 1681
1467450 1681
1467460 1688
1467470 1696
1467480 1696
1467490 1703
1467500 1711
1467510 1711
1467520 1719
1467530 1727
1467540 1731
1467550 1731
1467560 1734
1467570 1737
1467580 1737
1467590 1739
1467600 1742
1467610 1742
1467620 1747
1467630 1752
1467640 1752
1467650 1759
1467660 1766
1467670 1766
1467680 1773
1467690 1781
1467700 1781
1467710 1789
1467720 1797
1467730 1806
1467740 1806
1467750 1819
1467760 1842
1467770 1842
1467780 1874
1467790 1887
1467800 1887
1467810 1888
1467820 1894
1467830 1894
1467840 1900
1467850 1906
1467860 1906
1467870 1914
1467880 1929
1467890 1929
1467900 1949
1467910 1968
1467920 1979
1467930 1979
1467940 1988
1467950 1998
1467960 1998
1467970 2008
1467980 2017
1467990 2017
1468000 2026
1468010 2033
1468020 2033
1468030 2041
1468040 2051
1468050 2051
1468060 2062
1468070 2075
1468080 2075
1468090 2085
1468100 2095
1468110 2095
1468120 2108
1468130 2119
1468140 2128
1468150 2128
1468160 2127
1468170 2126
1468180 2126
1468190 2122
1468200 2116
1468210 2116
1468220 2106
1468230 2098
1468240 2098
1468250 2092
1468260 2088
1468270 2088
1468280 2085
1468290 2081
1468300 2081
1468310 2078
1468320 2073
1468330 2069
1468340 2069
1468350 2066
1468360 2062
1468370 2062
1468380 2057
1468390 2049
1468400 2049
1468410 2043
1468420 2034
1468430 2034
1468440 2025
1468450 2013
1468460 2013
1468470 2004
1468480 1999
1468490 1999
1468500 1994
1468510 1989
1468520 1989
1468530 1984
1468540 1979
1468550 1974
1468560 1974
1468570 1969
1468580 1965
1468590 1965
1468600 1961
1468610 1958
1468620 1958
1468630 1954
1468640 1950
1468650 1950
1468660 1947
1468670 1943
1468680 1943
1468690 1940
1468700 1937
1468710 1937
1468720 1935
1468730 1934
1468740 1934
1468750 1934
1468760 1935
1468770 1934
1468780 1934
1468790 1934
1468800 1934
1468810 1934
1468820 1933
1468830 1933
1468840 1933
1468850 1933
1468860 1937
1468870 1937
1468880 1941
1468890 1946
1468900 1946
1468910 1949
1468920 1949
1468930 1949
1468940 1949
1468950 1950
1468960 1953
1468970 1953
1468980 1956
1468990 1959
1469000 1959
1469010 1963
1469020 1967
1469030 1967
1469040 1972
1469050 1977
1469060 1977
1469070 1985
1469080 1993
1469090 1993
1469100 2000
1469110 2007
1469120 2007
1469130 2014
1469140 2021
1469150 2027
1469160 2027
1469170 2034
1469180 2040
1469190 2040
1469200 2046
1469210 2051
1469220 2051
1469230 2056
1469240 2063
1469250 2063
1469260 2069
1469270 2073
1469280 2073
1469290 2077
1469300 2081
1469310 2081
1469320 2086
1469330 2090
1469340 2094
1469350 2094
1469360 2099
1469370 2104
1469380 2104
1469390 2110
1469400 2118
1469410 2118
1469420 2126
1469430 2135
1469440 2135
1469450 2143
1469460 2149
1469470 2149
1469480 2157
1469490 2163
1469500 2163
1469510 2170
1469520 2171
1469530 2171
1469540 2166
1469550 2161
1469560 2153
1469570 2153
1469580 2148
1469590 2140
1469600 2140
1469610 2132
1469620 2126
1469630 2126
1469640 2119
1469650 2111
1469660 2111
1469670 2104
1469680 2098
1469690 2098
1469700 2095
1469710 2092
1469720 2092
1469730 2090
1469740 2088
1469750 2086
1469760 2086
1469770 2086
1469780 2085
1469790 2085
1469800 2085
1469810 2085
1469820 2085
1469830 2084
1469840 2084
1469850 2084
1469860 2083
1469870 2082
1469880 2082
1469890 2082
1469900 2083
1469910 2083
1469920 2085
1469930 2087
1469940 2087
1469950 2083
1469960 2076
1469970 2073
1469980 2073
1469990 2072
1470000 2069
1470010 2069
1470020 2069
1470030 2069
1470040 2069
1470050 2068
1470060 2066
1470070 2066
1470080 2063
1470090 2062
1470100 2062
1470110 2065
1470120 2069
1470130 2069
1470140 2074
1470150 2077
1470160 2079
1470170 2079
1470180 2080
1470190 2079
1470200 2079
1470210 2080
1470220 2082
1470230 2082
1470240 2084
1470250 2085
1470260 2085
1470270 2084
1470280 2083
1470290 2083
1470300 2084
1470310 2085
1470320 2085
1470330 2087
1470340 2088
1470350 2089
1470360 2089
1470370 2092
1470380 2094
1470390 2094
1470400 2095
1470410 2096
1470420 2096
1470430 2095
1470440 2093
1470450 2093
1470460 2091
1470470 2090
1470480 2090
1470490 2093
1470500 2094
1470510 2094
1470520 2096
1470530 2097
1470540 2097
1470550 2100
1470560 2104
1470570 2105
1470580 2105
1470590 2107
1470600 2106
1470610 2106
1470620 2105
1470630 2109
1470640 2109
1470650 2114
1470660 2119
1470670 2119
1470680 2123
1470690 2128
1470700 2128
1470710 2133
1470720 2133
1470730 2133
1470740 2138
1470750 2142
1470760 2148
1470770 2148
1470780 2152
1470790 2157
1470800 2157
1470810 2161
1470820 2165
1470830 2165
1470840 2170
1470850 2175
1470860 2175
1470870 2180
1470880 2186
1470890 2186
1470900 2191
1470910 2195
1470920 2195
1470930 2198
1470940 2201
1470950 2201
1470960 2204
1470970 2206
1470980 2207
1470990 2207
1471000 2206
1471010 2202
1471020 2202
1471030 2196
1471040 2190
1471050 2190
1471060 2184
1471070 2176
1471080 2176
1471090 2168
1471100 2163
1471110 2163
1471120 2159
1471130 2155
1471140 2155
1471150 2151
1471160 2147
1471170 2143
1471180 2143
1471190 2140
1471200 2138
1471210 2138
1471220 2136
1471230 2132
1471240 2132
1471250 2130
1471260 2126
1471270 2126
1471280 2122
1471290 2117
1471300 2117
1471310 2115
1471320 2113
1471330 2113
1471340 2111
1471350 2109
1471360 2109
1471370 2106
1471380 2105
1471390 2108
1471400 2108
1471410 2110
1471420 2113
1471430 2113
1471440 2116
1471450 2118
1471460 2118
1471470 2121
1471480 2125
1471490 2125
1471500 2128
1471510 2131
1471520 2131
1471530 2134
1471540 2137
1471550 2137
1471560 2141
1471570 2146
1471580 2151
1471590 2151
1471600 2157
1471610 2162
1471620 2162
1471630 2167
1471640 2172
1471650 2172
1471660 2176
1471670 2180
1471680 2180
1471690 2184
1471700 2187
1471710 2187
1471720 2191
1471730 2194
1471740 2194
1471750 2197
1471760 2200
1471770 2203
1471780 2203
1471790 2206
1471800 2208
1471810 2208
1471820 2211
1471830 2214
1471840 2214
1471850 2217
1471860 2221
1471870 2221
1471880 2225
1471890 2229
1471900 2229
1471910 2233
1471920 2235
1471930 2235
1471940 2233
1471950 2217
1471960 2217
1471970 2205
1471980 2189
1471990 2172
1472000 2172
1472010 2150
1472020 2135
1472030 2135
1472040 2125
1472050 2114
1472060 2114
1472070 2102
1472080 2090
1472090 2090
1472100 2080
1472110 2067
1472120 2067
1472130 2059
1472140 2050
1472150 2050
1472160 2041
1472170 2035
1472180 2032
1472190 2032
1472200 2022
1472210 2012
1472220 2012
1472230 1999
1472240 1983
1472250 1983
1472260 1970
1472270 1955
1472280 1955
1472290 1939
1472300 1925
1472310 1925
1472320 1914
1472330 1913
1472340 1913
1472350 1919
1472360 1926
1472370 1926
1472380 1927
1472390 1924
1472400 1931
1472410 1931
1472420 1938
1472430 1945
1472440 1945
1472450 1952
1472460 1961
1472470 1961
1472480 1969
1472490 1977
1472500 1977
1472510 1984
1472520 1991
1472530 1991
1472540 1996
1472550 2000
1472560 2000
1472570 2004
1472580 2006
1472590 2007
1472600 2007
1472610 2006
1472620 2009
1472630 2009
1472640 2014
1472650 2019
1472660 2019
1472670 2023
1472680 2028
1472690 2028
1472700 2032
1472710 2036
1472720 2036
1472730 2041
1472740 2046
1472750 2046
1472760 2050
1472770 2055
1472780 2061
1472790 2061
1472800 2067
1472810 2073
1472820 2073
1472830 2079
1472840 2085
1472850 2085
1472860 2090
1472870 2095
1472880 2095
1472890 2100
1472900 2104
1472910 2104
1472920 2104
1472930 2096
1472940 2096
1472950 2083
1472960 2068
1472970 2068
1472980 2045
1472990 2030
1473000 2026
1473010 2026
1473020 2028
1473030 2023
1473040 2023
1473050 2010
1473060 1993
1473070 1993
1473080 1972
1473090 1951
1473100 1951
1473110 1927
1473120 1908
1473130 1908
1473140 1891
1473150 1884
1473160 1884
1473170 1882
1473180 1886
1473190 1895
1473200 1895
1473210 1905
1473220 1915
1473230 1915
1473240 1924
1473250 1937
1473260 1937
1473270 1952
1473280 1964
1473290 1964
1473300 1969
1473310 1976
1473320 1976
1473330 1973
1473340 1969
1473350 1969
1473360 1964
1473370 1960
1473380 1960
1473390 1958
1473400 1957
1473410 1957
1473420 1957
1473430 1960
1473440 1962
1473450 1962
1473460 1963
1473470 1957
1473480 1957
1473490 1944
1473500 1944
1473510 1944
1473520 1948
1473530 1942
1473540 1942
1473550 1941
1473560 1944
1473570 1944
1473580 1950
1473590 1960
1473600 1970
1473610 1970
1473620 1979
1473630 1986
1473640 1986
1473650 1993
1473660 2000
1473670 2000
1473680 2008
1473690 2015
1473700 2015
1473710 2018
1473720 2021
1473730 2021
1473740 2023
1473750 2023
1473760 2023
1473770 2024
1473780 2025
1473790 2025
1473800 2024
1473810 2023
1473820 2024
1473830 2024
1473840 2025
1473850 2025
1473860 2025
1473870 2025
1473880 2027
1473890 2027
1473900 2030
1473910 2030
1473920 2030
1473930 2032
1473940 2036
1473950 2036
1473960 2040
1473970 2042
1473980 2042
1473990 2044
1474000 2044
1474010 2039
1474020 2039
1474030 2033
1474040 2036
1474050 2036
1474060 2038
1474070 2037
1474080 2037
1474090 2043
1474100 2052
1474110 2052
1474120 2059
1474130 2065
1474140 2065
1474150 2070
1474160 2078
1474170 2078
1474180 2085
1474190 2091
1474200 2099
1474210 2099
1474220 2109
1474230 2117
1474240 2117
1474250 2123
1474260 2130
1474270 2130
1474280 2135
1474290 2138
1474300 2138
1474310 2137
1474320 2129
1474330 2129
1474340 2121
1474350 2112
1474360 2112
1474370 2106
1474380 2104
1474390 2104
1474400 2102
1474410 2099
1474420 2101
1474430 2101
1474440 2104
1474450 2108
1474460 2108
1474470 2111
1474480 2112
1474490 2112
1474500 2110
1474510 2111
1474520 2111
1474530 2116
1474540 2120
1474550 2120
1474560 2123
1474570 2125
1474580 2125
1474590 2125
1474600 2125
1474610 2125
1474620 2125
1474630 2121
1474640 2119
1474650 2119
1474660 2118
1474670 2115
1474680 2115
1474690 2115
1474700 2121
1474710 2121
1474720 2124
1474730 2132
1474740 2132
1474750 2139
1474760 2144
1474770 2144
1474780 2150
1474790 2155
1474800 2155
1474810 2164
1474820 2173
1474830 2181
1474840 2181
1474850 2186
1474860 2191
1474870 2191
1474880 2200
1474890 2205
1474900 2205
1474910 2204
1474920 2207
1474930 2207
1474940 2213
1474950 2215
1474960 2215
1474970 2218
1474980 2224
1474990 2224
1475000 2231
1475010 2239
1475020 2247
1475030 2247
1475040 2252
1475050 2259
1475060 2259
1475070 2266
1475080 2271
1475090 2271
1475100 2273
1475110 2270
1475120 2270
1475130 2261
1475140 2252
1475150 2252
1475160 2247
1475170 2243
1475180 2243
1475190 2242
1475200 2242
1475210 2243
1475220 2243
1475230 2244
1475240 2244
1475250 2244
1475260 2245
1475270 2247
1475280 2247
1475290 2248
1475300 2250
1475310 2250
1475320 2251
1475330 2250
1475340 2250
1475350 2249
1475360 2247
1475370 2247
1475380 2245
1475390 2246
1475400 2246
1475410 2247
1475420 2249
1475430 2251
1475440 2251
1475450 2255
1475460 2259
1475470 2259
1475480 2263
1475490 2269
1475500 2269
1475510 2276
1475520 2284
1475530 2284
1475540 2292
1475550 2298
1475560 2298
1475570 2302
1475580 2303
1475590 2303
1475600 2303
1475610 2301
1475620 2302
1475630 2302
1475640 2306
1475650 2310
1475660 2310
1475670 2315
1475680 2318
1475690 2318
1475700 2320
1475710 2323
1475720 2323
1475730 2328
1475740 2332
1475750 2332
1475760 2338
1475770 2343
1475780 2343
1475790 2345
1475800 2343
1475810 2343
1475820 2337
1475830 2337
1475840 2340
1475850 2340
1475860 2346
1475870 2353
1475880 2353
1475890 2359
1475900 2361
1475910 2361
1475920 2357
1475930 2352
1475940 2352
1475950 2346
1475960 2347
1475970 2347
1475980 2349
1475990 2347
1476000 2347
1476010 2348
1476020 2342
1476030 2339
1476040 2339
1476050 2336
1476060 2326
1476070 2326
1476080 2314
1476090 2310
1476100 2310
1476110 2309
1476120 2308
1476130 2308
1476140 2307
1476150 2306
1476160 2306
1476170 2304
1476180 2303
1476190 2303
1476200 2302
1476210 2303
1476220 2304
1476230 2304
1476240 2309
1476250 2312
1476260 2312
1476270 2315
1476280 2319
1476290 2319
1476300 2320
1476310 2321
1476320 2321
1476330 2323
1476340 2327
1476350 2327
1476360 2332
1476370 2334
1476380 2334
1476390 2334
1476400 2333
1476410 2333
1476420 2332
1476430 2332
1476440 2332
1476450 2332
1476460 2332
1476470 2332
1476480 2332
1476490 2333
1476500 2334
1476510 2334
1476520 2335
1476530 2339
1476540 2339
1476550 2343
1476560 2347
1476570 2347
1476580 2349
1476590 2350
1476600 2350
1476610 2350
1476620 2351
1476630 2352
1476640 2352
1476650 2352
1476660 2353
1476670 2353
1476680 2355
1476690 2356
1476700 2356
1476710 2356
1476720 2358
1476730 2358
1476740 2360
1476750 2365
1476760 2365
1476770 2371
1476780 2377
1476790 2377
1476800 2382
1476810 2384
1476820 2384
1476830 2387
1476840 2388
1476850 2388
1476860 2388
1476870 2390
1476880 2393
1476890 2393
1476900 2393
1476910 2393
1476920 2393
1476930 2395
1476940 2397
1476950 2397
1476960 2399
1476970 2400
1476980 2400
1476990 2401
1477000 2404
1477010 2404
1477020 2406
1477030 2408
1477040 2411
1477050 2411
1477060 2413
1477070 2414
1477080 2414
1477090 2413
1477100 2411
1477110 2411
1477120 2406
1477130 2405
1477140 2405
1477150 2407
1477160 2410
1477170 2410
1477180 2412
1477190 2413
1477200 2413
1477210 2414
1477220 2414
1477230 2414
1477240 2414
1477250 2412
1477260 2410
1477270 2410
1477280 2406
1477290 2403
1477300 2403
1477310 2402
1477320 2406
1477330 2406
1477340 2409
1477350 2413
1477360 2413
1477370 2416
1477380 2419
1477390 2419
1477400 2423
1477410 2427
1477420 2427
1477430 2430
1477440 2431
1477450 2432
1477460 2432
1477470 2434
1477480 2436
1477490 2436
1477500 2438
1477510 2441
1477520 2441
1477530 2443
1477540 2445
1477550 2445
1477560 2446
1477570 2447
1477580 2447
1477590 2450
1477600 2453
1477610 2453
1477620 2456
1477630 2460
1477640 2464
1477650 2464
1477660 2469
1477670 2473
1477680 2473
1477690 2477
1477700 2480
1477710 2480
1477720 2483
1477730 2486
1477740 2486
1477750 2487
1477760 2486
1477770 2486
1477780 2487
1477790 2490
1477800 2490
1477810 2493
1477820 2498
1477830 2498
1477840 2503
1477850 2508
1477860 2512
1477870 2512
1477880 2515
1477890 2516
1477900 2516
1477910 2516
1477920 2516
1477930 2516
1477940 2519
1477950 2523
1477960 2523
1477970 2525
1477980 2525
1477990 2525
1478000 2527
1478010 2528
1478020 2528
1478030 2529
1478040 2531
1478050 2535
1478060 2535
1478070 2539
1478080 2542
1478090 2542
1478100 2543
1478110 2545
1478120 2545
1478130 2548
1478140 2551
1478150 2551
1478160 2553
1478170 2555
1478180 2555
1478190 2555
1478200 2555
1478210 2555
1478220 2556
1478230 2560
1478240 2560
1478250 2563
1478260 2565
1478270 2568
1478280 2568
1478290 2571
1478300 2574
1478310 2574
1478320 2575
1478330 2575
1478340 2575
1478350 2577
1478360 2579
1478370 2579
1478380 2582
1478390 2585
1478400 2585
1478410 2588
1478420 2589
1478430 2589
1478440 2591
1478450 2593
1478460 2595
1478470 2595
1478480 2597
1478490 2598
1478500 2598
1478510 2599
1478520 2602
1478530 2602
1478540 2605
1478550 2609
1478560 2609
1478570 2612
1478580 2616
1478590 2616
1478600 2620
1478610 2623
1478620 2623
1478630 2628
1478640 2630
1478650 2632
1478660 2632
1478670 2636
1478680 2639
1478690 2639
1478700 2642
1478710 2643
1478720 2643
1478730 2643
1478740 2647
1478750 2647
1478760 2652
1478770 2655
1478780 2655
1478790 2657
1478800 2657
1478810 2657
1478820 2658
1478830 2662
1478840 2662
1478850 2666
1478860 2670
1478870 2674
1478880 2674
1478890 2676
1478900 2680
1478910 2680
1478920 2685
1478930 2686
1478940 2686
1478950 2686
1478960 2689
1478970 2689
1478980 2691
1478990 2697
1479000 2697
1479010 2700
1479020 2701
1479030 2701
1479040 2705
1479050 2709
1479060 2709
1479070 2709
1479080 2709
1479090 2707
1479100 2707
1479110 2708
1479120 2711
1479130 2711
1479140 2715
1479150 2720
1479160 2720
1479170 2724
1479180 2728
1479190 2728
1479200 2733
1479210 2738
1479220 2738
1479230 2743
1479240 2746
1479250 2746
1479260 2750
1479270 2757
1479280 2764
1479290 2764
1479300 2770
1479310 2779
1479320 2779
1479330 2790
1479340 2794
1479350 2794
1479360 2791
1479370 2788
1479380 2788
1479390 2785
1479400 2783
1479410 2783
1479420 2779
1479430 2774
1479440 2774
1479450 2771
1479460 2768
1479470 2769
1479480 2769
1479490 2769
1479500 2770
1479510 2770
1479520 2772
1479530 2773
1479540 2773
1479550 2775
1479560 2779
1479570 2779
1479580 2783
1479590 2786
1479600 2786
1479610 2790
1479620 2795
1479630 2795
1479640 2799
1479650 2803
1479660 2803
1479670 2806
1479680 2812
1479690 2820
1479700 2820
1479710 2833
1479720 2855
1479730 2855
1479740 2875
1479750 2870
1479760 2870
1479770 2867
1479780 2865
1479790 2865
1479800 2863
1479810 2861
1479820 2861
1479830 2861
1479840 2863
1479850 2863
1479860 2865
1479870 2867
1479880 2869
1479890 2869
1479900 2873
1479910 2876
1479920 2876
1479930 2879
1479940 2878
1479950 2878
1479960 2871
1479970 2857
1479980 2857
1479990 2846
