1460000 1634
1460010 1634
1460020 1630
1460030 1626
1460040 1626
1460050 1624
1460060 1620
1460070 1620
1460080 1614
1460090 1607
1460100 1607
1460110 1598
1460120 1590
1460130 1590
1460140 1585
1460150 1582
1460160 1581
1460170 1581
1460180 1581
1460190 1581
1460200 1581
1460210 1577
1460220 1574
1460230 1574
1460240 1573
1460250 1573
1460260 1573
1460270 1574
1460280 1576
1460290 1576
1460300 1584
1460310 1583
1460320 1583
1460330 1577
1460340 1579
1460350 1581
1460360 1581
1460370 1580
1460380 1580
1460390 1580
1460400 1577
1460410 1576
1460420 1576
1460430 1572
1460440 1570
1460450 1570
1460460 1568
1460470 1567
1460480 1567
1460490 1569
1460500 1566
1460510 1566
1460520 1561
1460530 1556
1460540 1556
1460550 1551
1460560 1543
1460570 1537
1460580 1537
1460590 1533
1460600 1532
1460610 1532
1460620 1532
1460630 1528
1460640 1528
1460650 1526
1460660 1524
1460670 1524
1460680 1521
1460690 1520
1460700 1520
1460710 1519
1460720 1516
1460730 1516
1460740 1514
1460750 1511
1460760 1510
1460770 1510
1460780 1510
1460790 1509
1460800 1509
1460810 1508
1460820 1505
1460830 1505
1460840 1503
1460850 1500
1460860 1500
1460870 1493
1460880 1488
1460890 1488
1460900 1485
1460910 1482
1460920 1482
1460930 1478
1460940 1475
1460950 1475
1460960 1472
1460970 1471
1460980 1472
1460990 1472
1461000 1473
1461010 1472
1461020 1472
1461030 1471
1461040 1468
1461050 1468
1461060 1464
1461070 1458
1461080 1458
1461090 1458
1461100 1459
1461110 1459
1461120 1460
1461130 1460
1461140 1460
1461150 1461
1461160 1460
1461170 1463
1461180 1463
1461190 1469
1461200 1473
1461210 1473
1461220 1473
1461230 1469
1461240 1469
1461250 1462
1461260 1457
1461270 1457
1461280 1454
1461290 1457
1461300 1457
1461310 1461
1461320 1461
1461330 1461
1461340 1461
1461350 1468
1461360 1468
1461370 1472
1461380 1475
1461390 1478
1461400 1478
1461410 1477
1461420 1472
1461430 1472
1461440 1464
1461450 1454
1461460 1454
1461470 1444
1461480 1430
1461490 1430
1461500 1425
1461510 1435
1461520 1435
1461530 1445
1461540 1444
1461550 1444
1461560 1445
1461570 1447
1461580 1444
1461590 1444
1461600 1438
1461610 1433
1461620 1433
1461630 1428
1461640 1424
1461650 1424
1461660 1417
1461670 1412
1461680 1412
1461690 1407
1461700 1401
1461710 1401
1461720 1396
1461730 1393
1461740 1393
1461750 1389
1461760 1384
1461770 1378
1461780 1378
1461790 1372
1461800 1367
1461810 1367
1461820 1364
1461830 1361
1461840 1361
1461850 1357
1461860 1355
1461870 1355
1461880 1353
1461890 1349
1461900 1349
1461910 1342
1461920 1336
1461930 1336
1461940 1331
1461950 1326
1461960 1326
1461970 1319
1461980 1314
1461990 1311
1462000 1311
1462010 1308
1462020 1306
1462030 1306
1462040 1303
1462050 1300
1462060 1300
1462070 1299
1462080 1296
1462090 1296
1462100 1293
1462110 1290
1462120 1290
1462130 1288
1462140 1286
1462150 1286
1462160 1283
1462170 1280
1462180 1277
1462190 1277
1462200 1274
1462210 1270
1462220 1270
1462230 1267
1462240 1264
1462250 1264
1462260 1263
1462270 1261
1462280 1261
1462290 1259
1462300 1258
1462310 1258
1462320 1258
1462330 1257
1462340 1257
1462350 1257
1462360 1257
1462370 1257
1462380 1257
1462390 1256
1462400 1254
1462410 1254
1462420 1253
1462430 1253
1462440 1253
1462450 1253
1462460 1252
1462470 1252
1462480 1252
1462490 1254
1462500 1254
1462510 1255
1462520 1256
1462530 1256
1462540 1256
1462550 1255
1462560 1255
1462570 1255
1462580 1256
1462590 1256
1462600 1256
1462610 1256
1462620 1256
1462630 1256
1462640 1255
1462650 1254
1462660 1254
1462670 1254
1462680 1253
1462690 1253
1462700 1252
1462710 1249
1462720 1249
1462730 1250
1462740 1249
1462750 1249
1462760 1248
1462770 1248
1462780 1248
1462790 1248
1462800 1246
1462810 1245
1462820 1245
1462830 1244
1462840 1243
1462850 1243
1462860 1242
1462870 1241
1462880 1241
1462890 1240
1462900 1239
1462910 1239
1462920 1238
1462930 1238
1462940 1238
1462950 1238
1462960 1238
1462970 1238
1462980 1238
1462990 1239
1463000 1239
1463010 1239
1463020 1238
1463030 1238
1463040 1238
1463050 1240
1463060 1241
1463070 1241
1463080 1241
1463090 1242
1463100 1242
1463110 1242
1463120 1243
1463130 1243
1463140 1245
1463150 1247
1463160 1246
1463170 1248
1463180 1249
1463190 1249
1463200 1250
1463210 1251
1463220 1253
1463230 1253
1463240 1254
1463250 1256
1463260 1256
1463270 1259
1463280 1261
1463290 1261
1463300 1263
1463310 1266
1463320 1266
1463330 1268
1463340 1268
1463350 1268
1463360 1269
1463370 1273
1463380 1273
1463390 1277
1463400 1281
1463410 1285
1463420 1285
1463430 1289
1463440 1293
1463450 1293
1463460 1298
1463470 1302
1463480 1302
1463490 1306
1463500 1309
1463510 1309
1463520 1312
1463530 1314
1463540 1314
1463550 1317
1463560 1320
1463570 1320
1463580 1321
1463590 1324
1463600 1327
1463610 1327
1463620 1329
1463630 1331
1463640 1331
1463650 1334
1463660 1337
1463670 1337
1463680 1342
1463690 1347
1463700 1347
1463710 1350
1463720 1353
1463730 1353
1463740 1355
1463750 1355
1463760 1355
1463770 1355
1463780 1355
1463790 1355
1463800 1356
1463810 1358
1463820 1361
1463830 1361
1463840 1361
1463850 1358
1463860 1358
1463870 1356
1463880 1355
1463890 1355
1463900 1355
1463910 1356
1463920 1356
1463930 1358
1463940 1361
1463950 1361
1463960 1363
1463970 1365
1463980 1365
1463990 1365
1464000 1365
1464010 1366
1464020 1366
1464030 1369
1464040 1373
1464050 1373
1464060 1376
1464070 1379
1464080 1379
1464090 1382
1464100 1384
1464110 1384
1464120 1385
1464130 1385
1464140 1385
1464150 1387
1464160 1387
1464170 1387
1464180 1386
1464190 1387
1464200 1387
1464210 1389
1464220 1393
1464230 1397
1464240 1397
1464250 1401
1464260 1403
1464270 1403
1464280 1408
1464290 1412
1464300 1412
1464310 1416
1464320 1423
1464330 1423
1464340 1430
1464350 1438
1464360 1438
1464370 1442
1464380 1438
1464390 1438
1464400 1436
1464410 1435
1464420 1436
1464430 1436
1464440 1442
1464450 1450
1464460 1450
1464470 1455
1464480 1463
1464490 1463
1464500 1475
1464510 1485
1464520 1485
1464530 1492
1464540 1501
1464550 1501
1464560 1510
1464570 1520
1464580 1520
1464590 1530
1464600 1539
1464610 1539
1464620 1548
1464630 1556
1464640 1560
1464650 1560
1464660 1557
1464670 1553
1464680 1553
1464690 1547
1464700 1538
1464710 1538
1464720 1529
1464730 1519
1464740 1519
1464750 1514
1464760 1511
1464770 1511
1464780 1507
1464790 1500
1464800 1500
1464810 1495
1464820 1490
1464830 1485
1464840 1485
1464850 1479
1464860 1474
1464870 1474
1464880 1471
1464890 1467
1464900 1467
1464910 1461
1464920 1457
1464930 1457
1464940 1452
1464950 1449
1464960 1449
1464970 1445
1464980 1441
1464990 1441
1465000 1436
1465010 1430
1465020 1430
1465030 1427
1465040 1429
1465050 1428
1465060 1428
1465070 1427
1465080 1427
1465090 1427
1465100 1426
1465110 1426
1465120 1426
1465130 1425
1465140 1425
1465150 1425
1465160 1425
1465170 1425
1465180 1425
1465190 1427
1465200 1430
1465210 1430
1465220 1433
1465230 1435
1465240 1436
1465250 1436
1465260 1436
1465270 1435
1465280 1435
1465290 1434
1465300 1430
1465310 1430
1465320 1429
1465330 1424
1465340 1424
1465350 1417
1465360 1410
1465370 1410
1465380 1402
1465390 1388
1465400 1388
1465410 1374
1465420 1361
1465430 1348
1465440 1348
1465450 1336
1465460 1326
1465470 1326
1465480 1318
1465490 1308
1465500 1308
1465510 1300
1465520 1292
1465530 1292
1465540 1284
1465550 1277
1465560 1277
1465570 1271
1465580 1264
1465590 1264
1465600 1257
1465610 1251
1465620 1251
1465630 1245
1465640 1238
1465650 1231
1465660 1231
1465670 1226
1465680 1220
1465690 1220
1465700 1214
1465710 1208
1465720 1208
1465730 1203
1465740 1198
1465750 1198
1465760 1195
1465770 1194
1465780 1194
1465790 1194
1465800 1193
1465810 1193
1465820 1193
1465830 1193
1465840 1193
1465850 1193
1465860 1193
1465870 1193
1465880 1193
1465890 1193
1465900 1193
1465910 1193
1465920 1193
1465930 1193
1465940 1193
1465950 1193
1465960 1193
1465970 1193
1465980 1194
1465990 1194
1466000 1194
1466010 1194
1466020 1194
1466030 1194
1466040 1194
1466050 1194
1466060 1194
1466070 1194
1466080 1194
1466090 1194
1466100 1194
1466110 1194
1466120 1194
1466130 1194
1466140 1194
1466150 1194
1466160 1194
1466170 1194
1466180 1193
1466190 1193
1466200 1194
1466210 1194
1466220 1194
1466230 1194
1466240 1194
1466250 1194
1466260 1194
1466270 1194
1466280 1192
1466290 1192
1466300 1193
1466310 1195
1466320 1195
1466330 1200
1466340 1202
1466350 1202
1466360 1203
1466370 1208
1466380 1208
1466390 1215
1466400 1222
1466410 1222
1466420 1229
1466430 1236
1466440 1236
1466450 1244
1466460 1251
1466470 1259
1466480 1259
1466490 1268
1466500 1277
1466510 1277
1466520 1284
1466530 1291
1466540 1291
1466550 1298
1466560 1305
1466570 1305
1466580 1312
1466590 1317
1466600 1317
1466610 1323
1466620 1328
1466630 1328
1466640 1334
1466650 1341
1466660 1347
1466670 1347
1466680 1354
1466690 1360
1466700 1360
1466710 1366
1466720 1371
1466730 1371
1466740 1377
1466750 1381
1466760 1381
1466770 1386
1466780 1392
1466790 1392
1466800 1397
1466810 1403
1466820 1403
1466830 1409
1466840 1416
1466850 1421
1466860 1421
1466870 1426
1466880 1432
1466890 1432
1466900 1439
1466910 1444
1466920 1444
1466930 1448
1466940 1452
1466950 1452
1466960 1455
1466970 1460
1466980 1460
1466990 1463
1467000 1468
1467010 1468
1467020 1473
1467030 1479
1467040 1479
1467050 1485
1467060 1490
1467070 1496
1467080 1496
1467090 1501
1467100 1504
1467110 1504
1467120 1508
1467130 1513
1467140 1513
1467150 1517
1467160 1522
1467170 1522
1467180 1526
1467190 1529
1467200 1529
1467210 1534
1467220 1541
1467230 1541
1467240 1547
1467250 1555
1467260 1563
1467270 1563
1467280 1572
1467290 1581
1467300 1581
1467310 1590
1467320 1595
1467330 1595
1467340 1601
1467350 1608
1467360 1608
1467370 1612
1467380 1618
1467390 1618
1467400 1624
1467410 1628
1467420 1628
1467430 1631
1467440 1635
1467450 1635
1467460 1639
1467470 1644
1467480 1650
1467490 1650
1467500 1656
1467510 1662
1467520 1662
1467530 1668
1467540 1674
1467550 1674
1467560 1680
1467570 1687
1467580 1687
1467590 1693
1467600 1701
1467610 1701
1467620 1707
1467630 1714
1467640 1714
1467650 1722
1467660 1730
1467670 1740
1467680 1740
1467690 1750
1467700 1760
1467710 1760
1467720 1770
1467730 1779
1467740 1779
1467750 1786
1467760 1794
1467770 1794
1467780 1801
1467790 1809
1467800 1809
1467810 1813
1467820 1817
1467830 1817
1467840 1823
1467850 1830
1467860 1830
1467870 1835
1467880 1840
1467890 1846
1467900 1846
1467910 1850
1467920 1853
1467930 1853
1467940 1854
1467950 1855
1467960 1855
1467970 1855
1467980 1855
1467990 1855
1468000 1855
1468010 1860
1468020 1860
1468030 1867
1468040 1874
1468050 1874
1468060 1880
1468070 1886
1468080 1894
1468090 1894
1468100 1900
1468110 1906
1468120 1906
1468130 1913
1468140 1919
1468150 1919
1468160 1925
1468170 1931
1468180 1931
1468190 1937
1468200 1944
1468210 1944
1468220 1951
1468230 1958
1468240 1958
1468250 1965
1468260 1969
1468270 1969
1468280 1973
1468290 1975
1468300 1974
1468310 1974
1468320 1973
1468330 1971
1468340 1971
1468350 1969
1468360 1971
1468370 1971
1468380 1975
1468390 1978
1468400 1978
1468410 1981
1468420 1982
1468430 1982
1468440 1983
1468450 1985
1468460 1985
1468470 1989
1468480 1992
1468490 1999
1468500 1999
1468510 2007
1468520 2014
1468530 2014
1468540 2021
1468550 2029
1468560 2029
1468570 2037
1468580 2044
1468590 2044
1468600 2051
1468610 2055
1468620 2055
1468630 2058
1468640 2060
1468650 2060
1468660 2062
1468670 2065
1468680 2069
1468690 2069
1468700 2075
1468710 2083
1468720 2083
1468730 2090
1468740 2097
1468750 2097
1468760 2104
1468770 2108
1468780 2108
1468790 2112
1468800 2117
1468810 2117
1468820 2122
1468830 2124
1468840 2124
1468850 2126
1468860 2130
1468870 2130
1468880 2134
1468890 2140
1468900 2145
1468910 2145
1468920 2151
1468930 2157
1468940 2157
1468950 2163
1468960 2168
1468970 2168
1468980 2175
1468990 2180
1469000 2180
1469010 2187
1469020 2193
1469030 2193
1469040 2199
1469050 2206
1469060 2206
1469070 2211
1469080 2217
1469090 2222
1469100 2222
1469110 2225
1469120 2224
1469130 2224
1469140 2223
1469150 2222
1469160 2222
1469170 2222
1469180 2225
1469190 2225
1469200 2228
1469210 2229
1469220 2229
1469230 2232
1469240 2236
1469250 2236
1469260 2240
1469270 2244
1469280 2244
1469290 2249
1469300 2254
1469310 2258
1469320 2258
1469330 2262
1469340 2267
1469350 2267
1469360 2271
1469370 2273
1469380 2273
1469390 2274
1469400 2275
1469410 2275
1469420 2276
1469430 2279
1469440 2279
1469450 2284
1469460 2290
1469470 2290
1469480 2296
1469490 2302
1469500 2307
1469510 2307
1469520 2313
1469530 2319
1469540 2319
1469550 2326
1469560 2333
1469570 2333
1469580 2341
1469590 2349
1469600 2349
1469610 2357
1469620 2365
1469630 2365
1469640 2372
1469650 2379
1469660 2379
1469670 2385
1469680 2389
1469690 2389
1469700 2393
1469710 2392
1469720 2391
1469730 2391
1469740 2387
1469750 2385
1469760 2385
1469770 2382
1469780 2383
1469790 2383
1469800 2386
1469810 2390
1469820 2390
1469830 2397
1469840 2413
1469850 2413
1469860 2415
1469870 2412
1469880 2412
1469890 2404
1469900 2401
1469910 2392
1469920 2392
1469930 2383
1469940 2378
1469950 2378
1469960 2373
1469970 2370
1469980 2370
1469990 2367
1470000 2362
1470010 2362
1470020 2358
1470030 2359
1470040 2359
1470050 2362
1470060 2366
1470070 2366
1470080 2371
1470090 2371
1470100 2371
1470110 2367
1470120 2365
1470130 2365
1470140 2365
1470150 2369
1470160 2372
1470170 2372
1470180 2377
1470190 2379
1470200 2379
1470210 2379
1470220 2376
1470230 2370
1470240 2367
1470250 2364
1470260 2364
1470270 2362
1470280 2359
1470290 2359
1470300 2358
1470310 2358
1470320 2360
1470330 2360
1470340 2361
1470350 2363
1470360 2363
1470370 2365
1470380 2368
1470390 2368
1470400 2372
1470410 2375
1470420 2375
1470430 2377
1470440 2372
1470450 2372
1470460 2359
1470470 2351
1470480 2351
1470490 2358
1470500 2362
1470510 2358
1470520 2358
1470530 2345
1470540 2330
1470550 2330
1470560 2327
1470570 2323
1470580 2323
1470590 2312
1470600 2308
1470610 2308
1470620 2306
1470630 2303
1470640 2303
1470650 2301
1470660 2303
1470670 2303
1470680 2303
1470690 2302
1470700 2302
1470710 2304
1470720 2306
1470730 2308
1470740 2308
1470750 2312
1470760 2315
1470770 2315
1470780 2316
1470790 2319
1470800 2319
1470810 2323
1470820 2326
1470830 2326
1470840 2329
1470850 2332
1470860 2332
1470870 2336
1470880 2339
1470890 2339
1470900 2343
1470910 2347
1470920 2351
1470930 2351
1470940 2355
1470950 2360
1470960 2360
1470970 2365
1470980 2367
1470990 2367
1471000 2359
1471010 2352
1471020 2352
1471030 2342
1471040 2333
1471050 2333
1471060 2323
1471070 2311
1471080 2311
1471090 2304
1471100 2299
1471110 2299
1471120 2295
1471130 2292
1471140 2289
1471150 2289
1471160 2287
1471170 2285
1471180 2285
1471190 2284
1471200 2284
1471210 2284
1471220 2283
1471230 2282
1471240 2282
1471250 2282
1471260 2282
1471270 2282
1471280 2283
1471290 2284
1471300 2284
1471310 2285
1471320 2286
1471330 2286
1471340 2286
1471350 2288
1471360 2290
1471370 2290
1471380 2292
1471390 2292
1471400 2292
1471410 2293
1471420 2292
1471430 2292
1471440 2292
1471450 2289
1471460 2289
1471470 2290
1471480 2292
1471490 2292
1471500 2294
1471510 2295
1471520 2295
1471530 2298
1471540 2300
1471550 2303
1471560 2303
1471570 2305
1471580 2307
1471590 2307
1471600 2310
1471610 2315
1471620 2315
1471630 2320
1471640 2326
1471650 2326
1471660 2333
1471670 2339
1471680 2339
1471690 2346
1471700 2353
1471710 2353
1471720 2360
1471730 2366
1471740 2373
1471750 2373
1471760 2379
1471770 2386
1471780 2386
1471790 2392
1471800 2397
1471810 2397
1471820 2402
1471830 2407
1471840 2407
1471850 2413
1471860 2418
1471870 2418
1471880 2424
1471890 2430
1471900 2430
1471910 2436
1471920 2442
1471930 2447
1471940 2447
1471950 2451
1471960 2451
1471970 2451
1471980 2444
1471990 2435
1472000 2435
1472010 2423
1472020 2417
1472030 2417
1472040 2411
1472050 2392
1472060 2392
1472070 2370
1472080 2337
1472090 2337
1472100 2319
1472110 2311
1472120 2311
1472130 2305
1472140 2300
1472150 2294
1472160 2294
1472170 2291
1472180 2289
1472190 2289
1472200 2288
1472210 2285
1472220 2285
1472230 2285
1472240 2284
1472250 2284
1472260 2277
1472270 2278
1472280 2278
1472290 2277
1472300 2275
1472310 2275
1472320 2276
1472330 2273
1472340 2262
1472350 2262
1472360 2249
1472370 2237
1472380 2237
1472390 2236
1472400 2240
1472410 2240
1472420 2239
1472430 2231
1472440 2231
1472450 2231
1472460 2236
1472470 2236
1472480 2241
1472490 2243
1472500 2243
1472510 2244
1472520 2244
1472530 2244
1472540 2246
1472550 2247
1472560 2249
1472570 2249
1472580 2254
1472590 2259
1472600 2259
1472610 2262
1472620 2263
1472630 2263
1472640 2263
1472650 2265
1472660 2265
1472670 2268
1472680 2272
1472690 2272
1472700 2277
1472710 2283
1472720 2283
1472730 2287
1472740 2290
1472750 2293
1472760 2293
1472770 2295
1472780 2297
1472790 2297
1472800 2299
1472810 2300
1472820 2300
1472830 2303
1472840 2307
1472850 2307
1472860 2312
1472870 2317
1472880 2317
1472890 2323
1472900 2328
1472910 2328
1472920 2332
1472930 2334
1472940 2334
1472950 2335
1472960 2336
1472970 2340
1472980 2340
1472990 2343
1473000 2345
1473010 2345
1473020 2346
1473030 2348
1473040 2348
1473050 2351
1473060 2354
1473070 2354
1473080 2356
1473090 2363
1473100 2363
1473110 2368
1473120 2351
1473130 2351
1473140 2331
1473150 2317
1473160 2307
1473170 2307
1473180 2300
1473190 2293
1473200 2293
1473210 2283
1473220 2275
1473230 2275
1473240 2268
1473250 2255
1473260 2255
1473270 2227
1473280 2211
1473290 2211
1473300 2213
1473310 2224
1473320 2224
1473330 2236
1473340 2248
1473350 2248
1473360 2270
1473370 2281
1473380 2288
1473390 2288
1473400 2295
1473410 2298
1473420 2298
1473430 2293
1473440 2287
1473450 2287
1473460 2288
1473470 2290
1473480 2290
1473490 2300
1473500 2299
1473510 2299
1473520 2280
1473530 2262
1473540 2262
1473550 2251
1473560 2246
1473570 2242
1473580 2242
1473590 2239
1473600 2237
1473610 2237
1473620 2235
1473630 2233
1473640 2233
1473650 2233
1473660 2236
1473670 2236
1473680 2239
1473690 2242
1473700 2242
1473710 2244
1473720 2246
1473730 2246
1473740 2247
1473750 2248
1473760 2249
1473770 2249
1473780 2250
1473790 2251
1473800 2251
1473810 2251
1473820 2250
1473830 2250
1473840 2248
1473850 2250
1473860 2250
1473870 2253
1473880 2254
1473890 2254
1473900 2255
1473910 2257
1473920 2257
1473930 2256
1473940 2259
1473950 2259
1473960 2263
1473970 2267
1473980 2273
1473990 2273
1474000 2277
1474010 2280
1474020 2280
1474030 2283
1474040 2286
1474050 2286
1474060 2287
1474070 2290
1474080 2290
1474090 2295
1474100 2297
1474110 2297
1474120 2299
1474130 2304
1474140 2304
1474150 2310
1474160 2318
1474170 2326
1474180 2326
1474190 2333
1474200 2338
1474210 2338
1474220 2344
1474230 2352
1474240 2352
1474250 2357
1474260 2362
1474270 2362
1474280 2366
1474290 2371
1474300 2371
1474310 2375
1474320 2378
1474330 2378
1474340 2382
1474350 2388
1474360 2388
1474370 2394
1474380 2401
1474390 2409
1474400 2409
1474410 2407
1474420 2398
1474430 2398
1474440 2393
1474450 2390
1474460 2390
1474470 2386
1474480 2379
1474490 2379
1474500 2353
1474510 2345
1474520 2345
1474530 2342
1474540 2339
1474550 2339
1474560 2337
1474570 2337
1474580 2337
1474590 2337
1474600 2340
1474610 2344
1474620 2344
1474630 2347
1474640 2349
1474650 2349
1474660 2351
1474670 2354
1474680 2354
1474690 2356
1474700 2357
1474710 2357
1474720 2356
1474730 2353
1474740 2353
1474750 2347
1474760 2346
1474770 2346
1474780 2346
1474790 2346
1474800 2347
1474810 2347
1474820 2349
1474830 2351
1474840 2351
1474850 2356
1474860 2358
1474870 2358
1474880 2359
1474890 2362
1474900 2362
1474910 2365
1474920 2367
1474930 2367
1474940 2367
1474950 2367
1474960 2367
1474970 2369
1474980 2370
1474990 2372
1475000 2372
1475010 2378
1475020 2382
1475030 2382
1475040 2386
1475050 2392
1475060 2392
1475070 2399
1475080 2406
1475090 2406
1475100 2412
1475110 2418
1475120 2418
1475130 2425
1475140 2428
1475150 2428
1475160 2428
1475170 2430
1475180 2433
1475190 2433
1475200 2436
1475210 2439
1475220 2439
1475230 2444
1475240 2449
1475250 2449
1475260 2452
1475270 2453
1475280 2453
1475290 2453
1475300 2452
1475310 2452
1475320 2453
1475330 2455
1475340 2455
1475350 2456
1475360 2455
1475370 2455
1475380 2456
1475390 2457
1475400 2458
1475410 2458
1475420 2458
1475430 2459
1475440 2459
1475450 2462
1475460 2466
1475470 2466
1475480 2470
1475490 2475
1475500 2475
1475510 2485
1475520 2501
1475530 2501
1475540 2511
1475550 2516
1475560 2516
1475570 2524
1475580 2538
1475590 2547
1475600 2547
1475610 2544
1475620 2543
1475630 2543
1475640 2542
1475650 2540
1475660 2540
1475670 2537
1475680 2533
1475690 2533
1475700 2530
1475710 2530
1475720 2530
1475730 2531
1475740 2535
1475750 2535
1475760 2537
1475770 2540
1475780 2540
1475790 2544
1475800 2547
1475810 2550
1475820 2550
1475830 2551
1475840 2551
1475850 2551
1475860 2555
1475870 2558
1475880 2558
1475890 2559
1475900 2562
1475910 2562
1475920 2562
1475930 2567
1475940 2567
1475950 2571
1475960 2580
1475970 2580
1475980 2584
1475990 2585
1476000 2588
1476010 2588
1476020 2594
1476030 2592
1476040 2592
1476050 2597
1476060 2600
1476070 2600
1476080 2604
1476090 2613
1476100 2613
1476110 2615
1476120 2617
1476130 2617
1476140 2624
1476150 2630
1476160 2630
1476170 2635
1476180 2639
1476190 2639
1476200 2636
1476210 2635
1476220 2634
1476230 2634
1476240 2633
1476250 2626
1476260 2626
1476270 2620
1476280 2617
1476290 2617
1476300 2614
1476310 2610
1476320 2610
1476330 2603
1476340 2592
1476350 2592
1476360 2572
1476370 2557
1476380 2557
1476390 2545
1476400 2540
1476410 2536
1476420 2536
1476430 2533
1476440 2533
1476450 2533
1476460 2533
1476470 2532
1476480 2532
1476490 2531
1476500 2529
1476510 2529
1476520 2527
1476530 2527
1476540 2527
1476550 2528
1476560 2530
1476570 2530
1476580 2531
1476590 2533
1476600 2535
1476610 2535
1476620 2536
1476630 2537
1476640 2537
1476650 2538
1476660 2542
1476670 2542
1476680 2545
1476690 2549
1476700 2549
1476710 2553
1476720 2556
1476730 2556
1476740 2560
1476750 2566
1476760 2566
1476770 2571
1476780 2575
1476790 2575
1476800 2577
1476810 2578
1476820 2579
1476830 2579
1476840 2580
1476850 2581
1476860 2581
1476870 2584
1476880 2586
1476890 2586
1476900 2589
1476910 2594
1476920 2594
1476930 2597
1476940 2601
1476950 2601
1476960 2605
1476970 2609
1476980 2609
1476990 2613
1477000 2617
1477010 2621
1477020 2621
1477030 2617
1477040 2610
1477050 2610
1477060 2608
1477070 2607
1477080 2607
1477090 2605
1477100 2602
1477110 2602
1477120 2597
1477130 2598
1477140 2598
1477150 2598
1477160 2596
1477170 2596
1477180 2592
1477190 2592
1477200 2592
1477210 2592
1477220 2590
1477230 2587
1477240 2587
1477250 2583
1477260 2577
1477270 2577
1477280 2572
1477290 2574
1477300 2574
1477310 2578
1477320 2580
1477330 2580
1477340 2581
1477350 2582
1477360 2582
1477370 2578
1477380 2571
1477390 2571
1477400 2569
1477410 2567
1477420 2561
1477430 2561
1477440 2556
1477450 2553
1477460 2553
1477470 2556
1477480 2553
1477490 2553
1477500 2548
1477510 2543
1477520 2543
1477530 2543
1477540 2544
1477550 2544
1477560 2546
1477570 2551
1477580 2551
1477590 2557
1477600 2564
1477610 2564
1477620 2567
1477630 2566
1477640 2568
1477650 2568
1477660 2570
1477670 2571
1477680 2571
1477690 2574
1477700 2576
1477710 2576
1477720 2579
1477730 2579
1477740 2579
1477750 2578
1477760 2577
1477770 2577
1477780 2578
1477790 2578
1477800 2578
1477810 2580
1477820 2582
1477830 2586
1477840 2586
1477850 2588
1477860 2588
1477870 2588
1477880 2590
1477890 2593
1477900 2593
1477910 2597
1477920 2604
1477930 2604
1477940 2607
1477950 2605
1477960 2605
1477970 2605
1477980 2608
1477990 2608
1478000 2611
1478010 2613
1478020 2613
1478030 2616
1478040 2616
1478050 2614
1478060 2614
1478070 2613
1478080 2613
1478090 2613
1478100 2613
1478110 2613
1478120 2613
1478130 2611
1478140 2610
1478150 2610
1478160 2612
1478170 2612
1478180 2612
1478190 2612
1478200 2612
1478210 2612
1478220 2615
1478230 2616
1478240 2620
1478250 2620
1478260 2623
1478270 2624
1478280 2624
1478290 2629
1478300 2633
1478310 2633
1478320 2636
1478330 2641
1478340 2641
1478350 2644
1478360 2648
1478370 2648
1478380 2653
1478390 2659
1478400 2659
1478410 2665
1478420 2670
1478430 2677
1478440 2677
1478450 2683
1478460 2689
1478470 2689
1478480 2695
1478490 2702
1478500 2702
1478510 2708
1478520 2715
1478530 2715
1478540 2723
1478550 2730
1478560 2730
1478570 2738
1478580 2745
1478590 2745
1478600 2754
1478610 2762
1478620 2762
1478630 2770
1478640 2778
1478650 2786
1478660 2786
1478670 2796
1478680 2807
1478690 2807
1478700 2818
1478710 2832
1478720 2832
1478730 2840
1478740 2846
1478750 2846
1478760 2850
1478770 2855
1478780 2855
1478790 2856
1478800 2859
1478810 2859
1478820 2866
1478830 2870
1478840 2872
1478850 2872
1478860 2880
1478870 2886
1478880 2886
1478890 2892
1478900 2901
1478910 2901
1478920 2910
1478930 2917
1478940 2917
1478950 2924
1478960 2932
1478970 2932
1478980 2939
1478990 2942
1479000 2942
1479010 2948
1479020 2951
1479030 2951
1479040 2957
1479050 2964
1479060 2973
1479070 2973
1479080 2977
1479090 2975
1479100 2975
1479110 2973
1479120 2972
1479130 2972
1479140 2973
1479150 2972
1479160 2972
1479170 2973
1479180 2973
1479190 2973
1479200 2974
1479210 2977
1479220 2977
1479230 2980
1479240 2982
1479250 2983
1479260 2983
1479270 2984
1479280 2984
1479290 2984
1479300 2982
1479310 2981
1479320 2981
1479330 2978
1479340 2972
1479350 2972
1479360 2964
1479370 2956
1479380 2956
1479390 2948
1479400 2941
1479410 2941
1479420 2934
1479430 2929
1479440 2929
1479450 2921
1479460 2909
1479470 2897
1479480 2897
1479490 2882
1479500 2861
1479510 2861
1479520 2840
1479530 2823
1479540 2823
1479550 2815
1479560 2805
1479570 2805
1479580 2791
1479590 2778
1479600 2778
1479610 2765
1479620 2749
1479630 2749
1479640 2737
1479650 2729
1479660 2721
1479670 2721
1479680 2716
1479690 2713
1479700 2713
1479710 2710
1479720 2707
1479730 2707
1479740 2703
1479750 2699
1479760 2699
1479770 2696
1479780 2692
1479790 2692
1479800 2689
1479810 2685
1479820 2685
1479830 2681
1479840 2678
1479850 2675
1479860 2675
1479870 2671
1479880 2668
1479890 2668
1479900 2665
1479910 2663
1479920 2663
1479930 2661
1479940 2660
1479950 2660
1479960 2659
1479970 2657
1479980 2657
1479990 2656
