1460000 1514
1460010 1514
1460020 1510
1460030 1504
1460040 1504
1460050 1498
1460060 1493
1460070 1490
1460080 1490
1460090 1488
1460100 1485
1460110 1485
1460120 1479
1460130 1472
1460140 1472
1460150 1467
1460160 1466
1460170 1466
1460180 1464
1460190 1462
1460200 1462
1460210 1460
1460220 1458
1460230 1458
1460240 1455
1460250 1453
1460260 1451
1460270 1451
1460280 1450
1460290 1448
1460300 1448
1460310 1446
1460320 1444
1460330 1444
1460340 1442
1460350 1439
1460360 1439
1460370 1436
1460380 1434
1460390 1434
1460400 1432
1460410 1430
1460420 1430
1460430 1428
1460440 1427
1460450 1427
1460460 1425
1460470 1424
1460480 1422
1460490 1422
1460500 1421
1460510 1419
1460520 1419
1460530 1417
1460540 1415
1460550 1415
1460560 1414
1460570 1412
1460580 1412
1460590 1411
1460600 1409
1460610 1409
1460620 1410
1460630 1409
1460640 1409
1460650 1409
1460660 1409
1460670 1407
1460680 1407
1460690 1406
1460700 1406
1460710 1406
1460720 1407
1460730 1409
1460740 1409
1460750 1410
1460760 1410
1460770 1410
1460780 1410
1460790 1410
1460800 1410
1460810 1409
1460820 1407
1460830 1407
1460840 1406
1460850 1405
1460860 1405
1460870 1403
1460880 1399
1460890 1393
1460900 1393
1460910 1387
1460920 1379
1460930 1379
1460940 1373
1460950 1365
1460960 1365
1460970 1362
1460980 1361
1460990 1361
1461000 1360
1461010 1358
1461020 1358
1461030 1355
1461040 1354
1461050 1354
1461060 1354
1461070 1355
1461080 1354
1461090 1354
1461100 1353
1461110 1352
1461120 1352
1461130 1351
1461140 1349
1461150 1349
1461160 1347
1461170 1346
1461180 1346
1461190 1346
1461200 1345
1461210 1345
1461220 1344
1461230 1343
1461240 1343
1461250 1342
1461260 1340
1461270 1340
1461280 1339
1461290 1338
1461300 1337
1461310 1337
1461320 1336
1461330 1334
1461340 1334
1461350 1333
1461360 1332
1461370 1332
1461380 1330
1461390 1329
1461400 1329
1461410 1328
1461420 1326
1461430 1326
1461440 1326
1461450 1325
1461460 1325
1461470 1323
1461480 1322
1461490 1321
1461500 1321
1461510 1320
1461520 1319
1461530 1319
1461540 1319
1461550 1318
1461560 1318
1461570 1316
1461580 1315
1461590 1315
1461600 1313
1461610 1312
1461620 1312
1461630 1310
1461640 1309
1461650 1309
1461660 1308
1461670 1307
1461680 1307
1461690 1306
1461700 1304
1461710 1303
1461720 1303
1461730 1302
1461740 1300
1461750 1300
1461760 1299
1461770 1298
1461780 1298
1461790 1296
1461800 1295
1461810 1295
1461820 1294
1461830 1293
1461840 1293
1461850 1291
1461860 1288
1461870 1288
1461880 1286
1461890 1286
1461900 1286
1461910 1286
1461920 1285
1461930 1284
1461940 1284
1461950 1284
1461960 1284
1461970 1284
1461980 1283
1461990 1282
1462000 1282
1462010 1281
1462020 1280
1462030 1280
1462040 1279
1462050 1278
1462060 1278
1462070 1280
1462080 1282
1462090 1282
1462100 1282
1462110 1281
1462120 1280
1462130 1280
1462140 1280
1462150 1282
1462160 1282
1462170 1282
1462180 1278
1462190 1278
1462200 1279
1462210 1278
1462220 1278
1462230 1277
1462240 1276
1462250 1276
1462260 1275
1462270 1276
1462280 1276
1462290 1279
1462300 1284
1462310 1287
1462320 1287
1462330 1291
1462340 1295
1462350 1295
1462360 1298
1462370 1301
1462380 1301
1462390 1304
1462400 1306
1462410 1306
1462420 1309
1462430 1311
1462440 1311
1462450 1314
1462460 1316
1462470 1316
1462480 1317
1462490 1316
1462500 1316
1462510 1319
1462520 1322
1462530 1326
1462540 1326
1462550 1331
1462560 1335
1462570 1335
1462580 1344
1462590 1354
1462600 1354
1462610 1359
1462620 1362
1462630 1362
1462640 1367
1462650 1370
1462660 1370
1462670 1374
1462680 1380
1462690 1380
1462700 1386
1462710 1398
1462720 1405
1462730 1405
1462740 1414
1462750 1422
1462760 1422
1462770 1427
1462780 1430
1462790 1430
1462800 1437
1462810 1442
1462820 1442
1462830 1446
1462840 1452
1462850 1452
1462860 1458
1462870 1463
1462880 1463
1462890 1470
1462900 1476
1462910 1482
1462920 1482
1462930 1492
1462940 1496
1462950 1496
1462960 1499
1462970 1502
1462980 1502
1462990 1505
1463000 1508
1463010 1508
1463020 1512
1463030 1515
1463040 1515
1463050 1516
1463060 1516
1463070 1516
1463080 1519
1463090 1527
1463100 1527
1463110 1531
1463120 1533
1463130 1539
1463140 1539
1463150 1545
1463160 1549
1463170 1549
1463180 1552
1463190 1556
1463200 1556
1463210 1559
1463220 1561
1463230 1561
1463240 1564
1463250 1566
1463260 1566
1463270 1569
1463280 1570
1463290 1570
1463300 1571
1463310 1571
1463320 1572
1463330 1572
1463340 1574
1463350 1576
1463360 1576
1463370 1577
1463380 1580
1463390 1580
1463400 1584
1463410 1586
1463420 1586
1463430 1587
1463440 1587
1463450 1587
1463460 1585
1463470 1578
1463480 1578
1463490 1574
1463500 1574
1463510 1574
1463520 1578
1463530 1579
1463540 1580
1463550 1580
1463560 1585
1463570 1589
1463580 1589
1463590 1591
1463600 1593
1463610 1593
1463620 1595
1463630 1597
1463640 1597
1463650 1598
1463660 1599
1463670 1599
1463680 1600
1463690 1603
1463700 1603
1463710 1607
1463720 1607
1463730 1607
1463740 1607
1463750 1606
1463760 1606
1463770 1606
1463780 1607
1463790 1612
1463800 1612
1463810 1616
1463820 1619
1463830 1619
1463840 1623
1463850 1629
1463860 1629
1463870 1633
1463880 1636
1463890 1636
1463900 1638
1463910 1643
1463920 1643
1463930 1646
1463940 1648
1463950 1650
1463960 1650
1463970 1652
1463980 1655
1463990 1655
1464000 1658
1464010 1660
1464020 1660
1464030 1663
1464040 1668
1464050 1668
1464060 1674
1464070 1684
1464080 1684
1464090 1699
1464100 1712
1464110 1712
1464120 1722
1464130 1731
1464140 1739
1464150 1739
1464160 1746
1464170 1751
1464180 1751
1464190 1756
1464200 1760
1464210 1760
1464220 1765
1464230 1771
1464240 1771
1464250 1774
1464260 1777
1464270 1777
1464280 1780
1464290 1782
1464300 1782
1464310 1784
1464320 1787
1464330 1787
1464340 1791
1464350 1791
1464360 1788
1464370 1788
1464380 1786
1464390 1789
1464400 1789
1464410 1792
1464420 1796
1464430 1796
1464440 1798
1464450 1801
1464460 1801
1464470 1804
1464480 1806
1464490 1806
1464500 1808
1464510 1809
1464520 1809
1464530 1811
1464540 1813
1464550 1815
1464560 1815
1464570 1814
1464580 1816
1464590 1816
1464600 1817
1464610 1817
1464620 1817
1464630 1817
1464640 1819
1464650 1819
1464660 1821
1464670 1825
1464680 1825
1464690 1830
1464700 1833
1464710 1833
1464720 1834
1464730 1838
1464740 1838
1464750 1843
1464760 1848
1464770 1850
1464780 1850
1464790 1850
1464800 1848
1464810 1848
1464820 1841
1464830 1826
1464840 1826
1464850 1814
1464860 1803
1464870 1803
1464880 1791
1464890 1781
1464900 1781
1464910 1771
1464920 1763
1464930 1763
1464940 1754
1464950 1746
1464960 1739
1464970 1739
1464980 1733
1464990 1727
1465000 1727
1465010 1722
1465020 1717
1465030 1717
1465040 1712
1465050 1705
1465060 1705
1465070 1700
1465080 1693
1465090 1693
1465100 1687
1465110 1681
1465120 1681
1465130 1676
1465140 1670
1465150 1670
1465160 1664
1465170 1659
1465180 1655
1465190 1655
1465200 1650
1465210 1644
1465220 1644
1465230 1638
1465240 1632
1465250 1632
1465260 1626
1465270 1620
1465280 1620
1465290 1613
1465300 1603
1465310 1603
1465320 1592
1465330 1583
1465340 1583
1465350 1574
1465360 1566
1465370 1558
1465380 1558
1465390 1550
1465400 1545
1465410 1545
1465420 1539
1465430 1532
1465440 1532
1465450 1527
1465460 1525
1465470 1525
1465480 1521
1465490 1516
1465500 1516
1465510 1512
1465520 1507
1465530 1507
1465540 1503
1465550 1500
1465560 1500
1465570 1497
1465580 1491
1465590 1482
1465600 1482
1465610 1475
1465620 1470
1465630 1470
1465640 1461
1465650 1451
1465660 1451
1465670 1439
1465680 1429
1465690 1429
1465700 1422
1465710 1417
1465720 1417
1465730 1412
1465740 1405
1465750 1405
1465760 1397
1465770 1389
1465780 1381
1465790 1381
1465800 1373
1465810 1366
1465820 1366
1465830 1360
1465840 1353
1465850 1353
1465860 1346
1465870 1334
1465880 1334
1465890 1328
1465900 1321
1465910 1321
1465920 1313
1465930 1305
1465940 1305
1465950 1297
1465960 1289
1465970 1282
1465980 1282
1465990 1275
1466000 1268
1466010 1268
1466020 1260
1466030 1253
1466040 1253
1466050 1246
1466060 1239
1466070 1239
1466080 1232
1466090 1226
1466100 1226
1466110 1221
1466120 1217
1466130 1217
1466140 1215
1466150 1213
1466160 1213
1466170 1211
1466180 1210
1466190 1209
1466200 1209
1466210 1207
1466220 1206
1466230 1206
1466240 1205
1466250 1204
1466260 1204
1466270 1204
1466280 1204
1466290 1204
1466300 1204
1466310 1204
1466320 1204
1466330 1204
1466340 1204
1466350 1204
1466360 1204
1466370 1204
1466380 1203
1466390 1203
1466400 1203
1466410 1202
1466420 1202
1466430 1202
1466440 1203
1466450 1203
1466460 1205
1466470 1205
1466480 1205
1466490 1205
1466500 1205
1466510 1205
1466520 1205
1466530 1205
1466540 1205
1466550 1205
1466560 1206
1466570 1206
1466580 1206
1466590 1206
1466600 1208
1466610 1208
1466620 1211
1466630 1211
1466640 1211
1466650 1210
1466660 1209
1466670 1209
1466680 1210
1466690 1210
1466700 1210
1466710 1211
1466720 1212
1466730 1212
1466740 1213
1466750 1217
1466760 1217
1466770 1220
1466780 1227
1466790 1233
1466800 1233
1466810 1238
1466820 1243
1466830 1243
1466840 1250
1466850 1258
1466860 1258
1466870 1265
1466880 1272
1466890 1272
1466900 1279
1466910 1286
1466920 1286
1466930 1295
1466940 1303
1466950 1303
1466960 1311
1466970 1318
1466980 1318
1466990 1325
1467000 1332
1467010 1338
1467020 1338
1467030 1344
1467040 1350
1467050 1350
1467060 1356
1467070 1362
1467080 1362
1467090 1366
1467100 1371
1467110 1371
1467120 1377
1467130 1383
1467140 1383
1467150 1390
1467160 1396
1467170 1396
1467180 1404
1467190 1410
1467200 1415
1467210 1415
1467220 1420
1467230 1425
1467240 1425
1467250 1432
1467260 1438
1467270 1438
1467280 1444
1467290 1449
1467300 1449
1467310 1454
1467320 1459
1467330 1459
1467340 1464
1467350 1467
1467360 1467
1467370 1469
1467380 1472
1467390 1472
1467400 1475
1467410 1478
1467420 1481
1467430 1481
1467440 1483
1467450 1484
1467460 1484
1467470 1484
1467480 1485
1467490 1485
1467500 1486
1467510 1487
1467520 1487
1467530 1487
1467540 1484
1467550 1484
1467560 1483
1467570 1491
1467580 1491
1467590 1497
1467600 1503
1467610 1507
1467620 1507
1467630 1509
1467640 1509
1467650 1509
1467660 1509
1467670 1507
1467680 1507
1467690 1506
1467700 1506
1467710 1506
1467720 1508
1467730 1510
1467740 1510
1467750 1510
1467760 1509
1467770 1509
1467780 1506
1467790 1508
1467800 1508
1467810 1514
1467820 1518
1467830 1522
1467840 1522
1467850 1525
1467860 1525
1467870 1525
1467880 1527
1467890 1531
1467900 1531
1467910 1536
1467920 1541
1467930 1541
1467940 1545
1467950 1550
1467960 1550
1467970 1556
1467980 1564
1467990 1564
1468000 1573
1468010 1580
1468020 1587
1468030 1587
1468040 1596
1468050 1606
1468060 1606
1468070 1614
1468080 1622
1468090 1622
1468100 1631
1468110 1639
1468120 1639
1468130 1645
1468140 1652
1468150 1652
1468160 1657
1468170 1661
1468180 1661
1468190 1663
1468200 1668
1468210 1668
1468220 1676
1468230 1680
1468240 1685
1468250 1685
1468260 1691
1468270 1694
1468280 1694
1468290 1698
1468300 1698
1468310 1698
1468320 1698
1468330 1702
1468340 1702
1468350 1706
1468360 1708
1468370 1708
1468380 1712
1468390 1717
1468400 1717
1468410 1722
1468420 1731
1468430 1743
1468440 1743
1468450 1754
1468460 1763
1468470 1763
1468480 1764
1468490 1764
1468500 1764
1468510 1767
1468520 1773
1468530 1773
1468540 1777
1468550 1779
1468560 1779
1468570 1780
1468580 1785
1468590 1785
1468600 1788
1468610 1795
1468620 1795
1468630 1803
1468640 1812
1468650 1820
1468660 1820
1468670 1828
1468680 1836
1468690 1836
1468700 1845
1468710 1854
1468720 1854
1468730 1863
1468740 1868
1468750 1868
1468760 1870
1468770 1879
1468780 1879
1468790 1885
1468800 1893
1468810 1893
1468820 1901
1468830 1906
1468840 1910
1468850 1910
1468860 1910
1468870 1912
1468880 1912
1468890 1922
1468900 1928
1468910 1928
1468920 1932
1468930 1932
1468940 1932
1468950 1937
1468960 1943
1468970 1943
1468980 1949
1468990 1955
1469000 1955
1469010 1958
1469020 1960
1469030 1957
1469040 1957
1469050 1953
1469060 1955
1469070 1955
1469080 1960
1469090 1967
1469100 1967
1469110 1974
1469120 1979
1469130 1979
1469140 1983
1469150 1987
1469160 1987
1469170 1989
1469180 1995
1469190 1995
1469200 2001
1469210 2005
1469220 2005
1469230 2005
1469240 2007
1469250 2009
1469260 2009
1469270 2010
1469280 2014
1469290 2014
1469300 2013
1469310 2005
1469320 2005
1469330 1996
1469340 1990
1469350 1990
1469360 1990
1469370 1994
1469380 1994
1469390 2001
1469400 2011
1469410 2011
1469420 2022
1469430 2033
1469440 2045
1469450 2045
1469460 2058
1469470 2067
1469480 2067
1469490 2070
1469500 2071
1469510 2071
1469520 2073
1469530 2074
1469540 2074
1469550 2075
1469560 2074
1469570 2074
1469580 2072
1469590 2068
1469600 2068
1469610 2067
1469620 2067
1469630 2067
1469640 2069
1469650 2072
1469660 2075
1469670 2075
1469680 2079
1469690 2082
1469700 2082
1469710 2084
1469720 2084
1469730 2084
1469740 2084
1469750 2086
1469760 2086
1469770 2092
1469780 2096
1469790 2096
1469800 2099
1469810 2103
1469820 2103
1469830 2108
1469840 2113
1469850 2112
1469860 2112
1469870 2112
1469880 2116
1469890 2116
1469900 2123
1469910 2128
1469920 2128
1469930 2132
1469940 2135
1469950 2135
1469960 2138
1469970 2143
1469980 2143
1469990 2146
1470000 2148
1470010 2148
1470020 2152
1470030 2156
1470040 2156
1470050 2159
1470060 2161
1470070 2163
1470080 2163
1470090 2165
1470100 2168
1470110 2168
1470120 2171
1470130 2174
1470140 2174
1470150 2176
1470160 2178
1470170 2178
1470180 2181
1470190 2185
1470200 2185
1470210 2190
1470220 2193
1470230 2193
1470240 2196
1470250 2200
1470260 2204
1470270 2204
1470280 2208
1470290 2211
1470300 2211
1470310 2215
1470320 2221
1470330 2221
1470340 2224
1470350 2230
1470360 2230
1470370 2236
1470380 2243
1470390 2243
1470400 2248
1470410 2253
1470420 2253
1470430 2255
1470440 2257
1470450 2257
1470460 2260
1470470 2263
1470480 2266
1470490 2266
1470500 2271
1470510 2274
1470520 2274
1470530 2276
1470540 2279
1470550 2279
1470560 2283
1470570 2287
1470580 2287
1470590 2291
1470600 2296
1470610 2296
1470620 2301
1470630 2305
1470640 2305
1470650 2309
1470660 2314
1470670 2319
1470680 2319
1470690 2326
1470700 2331
1470710 2331
1470720 2336
1470730 2343
1470740 2343
1470750 2350
1470760 2356
1470770 2356
1470780 2363
1470790 2370
1470800 2370
1470810 2378
1470820 2385
1470830 2385
1470840 2393
1470850 2401
1470860 2401
1470870 2407
1470880 2414
1470890 2421
1470900 2421
1470910 2427
1470920 2432
1470930 2432
1470940 2437
1470950 2442
1470960 2442
1470970 2446
1470980 2451
1470990 2451
1471000 2455
1471010 2460
1471020 2460
1471030 2464
1471040 2468
1471050 2468
1471060 2471
1471070 2473
1471080 2475
1471090 2475
1471100 2477
1471110 2478
1471120 2478
1471130 2482
1471140 2487
1471150 2487
1471160 2492
1471170 2497
1471180 2497
1471190 2502
1471200 2505
1471210 2505
1471220 2507
1471230 2509
1471240 2509
1471250 2511
1471260 2513
1471270 2513
1471280 2507
1471290 2492
1471300 2481
1471310 2481
1471320 2479
1471330 2479
1471340 2479
1471350 2481
1471360 2483
1471370 2483
1471380 2486
1471390 2487
1471400 2487
1471410 2489
1471420 2492
1471430 2492
1471440 2494
1471450 2495
1471460 2495
1471470 2497
1471480 2501
1471490 2505
1471500 2505
1471510 2508
1471520 2512
1471530 2512
1471540 2515
1471550 2520
1471560 2520
1471570 2524
1471580 2527
1471590 2527
1471600 2528
1471610 2530
1471620 2530
1471630 2534
1471640 2537
1471650 2537
1471660 2541
1471670 2547
1471680 2551
1471690 2551
1471700 2554
1471710 2556
1471720 2556
1471730 2560
1471740 2565
1471750 2565
1471760 2569
1471770 2573
1471780 2573
1471790 2576
1471800 2580
1471810 2580
1471820 2583
1471830 2587
1471840 2587
1471850 2591
1471860 2594
1471870 2594
1471880 2596
1471890 2600
1471900 2603
1471910 2603
1471920 2606
1471930 2608
1471940 2608
1471950 2611
1471960 2615
1471970 2615
1471980 2619
1471990 2624
1472000 2624
1472010 2628
1472020 2633
1472030 2633
1472040 2638
1472050 2643
1472060 2643
1472070 2648
1472080 2653
1472090 2658
1472100 2658
1472110 2663
1472120 2669
1472130 2669
1472140 2674
1472150 2679
1472160 2679
1472170 2684
1472180 2685
1472190 2685
1472200 2671
1472210 2657
1472220 2657
1472230 2646
1472240 2634
1472250 2634
1472260 2625
1472270 2619
1472280 2619
1472290 2618
1472300 2611
1472310 2592
1472320 2592
1472330 2583
1472340 2587
1472350 2587
1472360 2586
1472370 2572
1472380 2572
1472390 2549
1472400 2542
1472410 2542
1472420 2536
1472430 2530
1472440 2530
1472450 2525
1472460 2523
1472470 2523
1472480 2521
1472490 2518
1472500 2516
1472510 2516
1472520 2515
1472530 2514
1472540 2514
1472550 2515
1472560 2515
1472570 2515
1472580 2515
1472590 2515
1472600 2515
1472610 2515
1472620 2515
1472630 2515
1472640 2515
1472650 2515
1472660 2515
1472670 2516
1472680 2518
1472690 2518
1472700 2518
1472710 2519
1472720 2518
1472730 2518
1472740 2517
1472750 2521
1472760 2521
1472770 2527
1472780 2530
1472790 2530
1472800 2529
1472810 2529
1472820 2529
1472830 2531
1472840 2533
1472850 2533
1472860 2534
1472870 2534
1472880 2534
1472890 2535
1472900 2537
1472910 2539
1472920 2539
1472930 2541
1472940 2544
1472950 2544
1472960 2547
1472970 2547
1472980 2547
1472990 2548
1473000 2549
1473010 2549
1473020 2550
1473030 2552
1473040 2552
1473050 2554
1473060 2556
1473070 2556
1473080 2558
1473090 2560
1473100 2560
1473110 2563
1473120 2567
1473130 2571
1473140 2571
1473150 2576
1473160 2581
1473170 2581
1473180 2586
1473190 2592
1473200 2592
1473210 2597
1473220 2602
1473230 2602
1473240 2608
1473250 2614
1473260 2614
1473270 2620
1473280 2626
1473290 2626
1473300 2633
1473310 2638
1473320 2644
1473330 2644
1473340 2649
1473350 2655
1473360 2655
1473370 2662
1473380 2668
1473390 2668
1473400 2673
1473410 2677
1473420 2677
1473430 2680
1473440 2683
1473450 2683
1473460 2683
1473470 2672
1473480 2672
1473490 2659
1473500 2650
1473510 2650
1473520 2646
1473530 2643
1473540 2642
1473550 2642
1473560 2643
1473570 2646
1473580 2646
1473590 2636
1473600 2632
1473610 2632
1473620 2631
1473630 2615
1473640 2615
1473650 2605
1473660 2606
1473670 2606
1473680 2610
1473690 2603
1473700 2603
1473710 2587
1473720 2568
1473730 2560
1473740 2560
1473750 2554
1473760 2538
1473770 2538
1473780 2519
1473790 2505
1473800 2505
1473810 2496
1473820 2492
1473830 2492
1473840 2488
1473850 2489
1473860 2489
1473870 2502
1473880 2509
1473890 2509
1473900 2509
1473910 2516
1473920 2516
1473930 2503
1473940 2485
1473950 2479
1473960 2479
1473970 2480
1473980 2492
1473990 2492
1474000 2493
1474010 2499
1474020 2499
1474030 2499
1474040 2503
1474050 2503
1474060 2500
1474070 2488
1474080 2488
1474090 2489
1474100 2496
1474110 2496
1474120 2500
1474130 2505
1474140 2507
1474150 2507
1474160 2510
1474170 2515
1474180 2515
1474190 2520
1474200 2526
1474210 2526
1474220 2532
1474230 2536
1474240 2536
1474250 2542
1474260 2548
1474270 2548
1474280 2554
1474290 2561
1474300 2561
1474310 2568
1474320 2575
1474330 2582
1474340 2582
1474350 2591
1474360 2598
1474370 2598
1474380 2602
1474390 2606
1474400 2606
1474410 2610
1474420 2616
1474430 2616
1474440 2622
1474450 2628
1474460 2628
1474470 2633
1474480 2639
1474490 2639
1474500 2645
1474510 2650
1474520 2650
1474530 2658
1474540 2666
1474550 2671
1474560 2671
1474570 2678
1474580 2683
1474590 2683
1474600 2687
1474610 2693
1474620 2693
1474630 2698
1474640 2703
1474650 2703
1474660 2707
1474670 2711
1474680 2711
1474690 2716
1474700 2721
1474710 2721
1474720 2725
1474730 2724
1474740 2721
1474750 2721
1474760 2718
1474770 2704
1474780 2704
1474790 2700
1474800 2696
1474810 2696
1474820 2693
1474830 2690
1474840 2690
1474850 2686
1474860 2684
1474870 2684
1474880 2681
1474890 2678
1474900 2678
1474910 2676
1474920 2677
1474930 2677
1474940 2678
1474950 2680
1474960 2681
1474970 2681
1474980 2676
1474990 2671
1475000 2671
1475010 2670
1475020 2668
1475030 2668
1475040 2670
1475050 2670
1475060 2670
1475070 2672
1475080 2676
1475090 2676
1475100 2674
1475110 2675
1475120 2675
1475130 2679
1475140 2682
1475150 2680
1475160 2680
1475170 2669
1475180 2661
1475190 2661
1475200 2655
1475210 2648
1475220 2648
1475230 2643
1475240 2634
1475250 2634
1475260 2626
1475270 2612
1475280 2612
1475290 2606
1475300 2601
1475310 2601
1475320 2589
1475330 2574
1475340 2574
1475350 2561
1475360 2550
1475370 2544
1475380 2544
1475390 2547
1475400 2552
1475410 2552
1475420 2548
1475430 2542
1475440 2542
1475450 2532
1475460 2526
1475470 2526
1475480 2517
1475490 2509
1475500 2509
1475510 2506
1475520 2499
1475530 2499
1475540 2493
1475550 2487
1475560 2483
1475570 2483
1475580 2480
1475590 2476
1475600 2476
1475610 2472
1475620 2471
1475630 2471
1475640 2470
1475650 2470
1475660 2470
1475670 2468
1475680 2466
1475690 2466
1475700 2464
1475710 2461
1475720 2461
1475730 2458
1475740 2455
1475750 2455
1475760 2452
1475770 2451
1475780 2445
1475790 2445
1475800 2442
1475810 2442
1475820 2442
1475830 2444
1475840 2444
1475850 2444
1475860 2443
1475870 2443
1475880 2443
1475890 2445
1475900 2448
1475910 2448
1475920 2450
1475930 2453
1475940 2453
1475950 2454
1475960 2454
1475970 2455
1475980 2455
1475990 2456
1476000 2458
1476010 2458
1476020 2459
1476030 2459
1476040 2459
1476050 2460
1476060 2462
1476070 2462
1476080 2464
1476090 2466
1476100 2466
1476110 2469
1476120 2472
1476130 2472
1476140 2474
1476150 2474
1476160 2474
1476170 2479
1476180 2485
1476190 2489
1476200 2489
1476210 2504
1476220 2519
1476230 2519
1476240 2526
1476250 2527
1476260 2527
1476270 2521
1476280 2517
1476290 2517
1476300 2513
1476310 2508
1476320 2508
1476330 2503
1476340 2498
1476350 2498
1476360 2495
1476370 2495
1476380 2495
1476390 2495
1476400 2495
1476410 2495
1476420 2495
1476430 2495
1476440 2495
1476450 2495
1476460 2496
1476470 2498
1476480 2498
1476490 2500
1476500 2503
1476510 2503
1476520 2507
1476530 2511
1476540 2511
1476550 2515
1476560 2518
1476570 2519
1476580 2519
1476590 2517
1476600 2516
1476610 2516
1476620 2515
1476630 2518
1476640 2518
1476650 2530
1476660 2547
1476670 2547
1476680 2562
1476690 2574
1476700 2574
1476710 2582
1476720 2586
1476730 2586
1476740 2586
1476750 2585
1476760 2585
1476770 2586
1476780 2586
1476790 2594
1476800 2594
1476810 2601
1476820 2606
1476830 2606
1476840 2611
1476850 2602
1476860 2602
1476870 2584
1476880 2572
1476890 2572
1476900 2579
1476910 2594
1476920 2594
1476930 2609
1476940 2616
1476950 2616
1476960 2614
1476970 2622
1476980 2631
1476990 2631
1477000 2639
1477010 2648
1477020 2648
1477030 2655
1477040 2663
1477050 2663
1477060 2667
1477070 2662
1477080 2662
1477090 2655
1477100 2644
1477110 2644
1477120 2638
1477130 2627
1477140 2627
1477150 2619
1477160 2619
1477170 2619
1477180 2619
1477190 2617
1477200 2619
1477210 2619
1477220 2612
1477230 2604
1477240 2604
1477250 2599
1477260 2598
1477270 2598
1477280 2597
1477290 2598
1477300 2598
1477310 2597
1477320 2592
1477330 2592
1477340 2581
1477350 2565
1477360 2565
1477370 2558
1477380 2558
1477390 2558
1477400 2558
1477410 2560
1477420 2556
1477430 2556
1477440 2548
1477450 2556
1477460 2556
1477470 2555
1477480 2547
1477490 2547
1477500 2545
1477510 2550
1477520 2550
1477530 2554
1477540 2557
1477550 2557
1477560 2561
1477570 2557
1477580 2557
1477590 2543
1477600 2540
1477610 2535
1477620 2535
1477630 2531
1477640 2534
1477650 2534
1477660 2537
1477670 2533
1477680 2533
1477690 2524
1477700 2519
1477710 2519
1477720 2520
1477730 2522
1477740 2522
1477750 2523
1477760 2527
1477770 2527
1477780 2526
1477790 2514
1477800 2506
1477810 2506
1477820 2506
1477830 2504
1477840 2504
1477850 2507
1477860 2512
1477870 2512
1477880 2513
1477890 2507
1477900 2507
1477910 2503
1477920 2485
1477930 2485
1477940 2467
1477950 2453
1477960 2453
1477970 2440
1477980 2436
1477990 2436
1478000 2435
1478010 2436
1478020 2438
1478030 2438
1478040 2441
1478050 2443
1478060 2443
1478070 2445
1478080 2448
1478090 2448
1478100 2452
1478110 2456
1478120 2456
1478130 2458
1478140 2460
1478150 2460
1478160 2463
1478170 2465
1478180 2465
1478190 2468
1478200 2469
1478210 2471
1478220 2471
1478230 2474
1478240 2477
1478250 2477
1478260 2480
1478270 2483
1478280 2483
1478290 2488
1478300 2492
1478310 2492
1478320 2496
1478330 2499
1478340 2499
1478350 2499
1478360 2499
1478370 2499
1478380 2498
1478390 2499
1478400 2499
1478410 2501
1478420 2503
1478430 2507
1478440 2507
1478450 2511
1478460 2515
1478470 2515
1478480 2519
1478490 2522
1478500 2522
1478510 2524
1478520 2526
1478530 2526
1478540 2529
1478550 2532
1478560 2532
1478570 2535
1478580 2538
1478590 2538
1478600 2541
1478610 2544
1478620 2548
1478630 2548
1478640 2552
1478650 2554
1478660 2554
1478670 2556
1478680 2559
1478690 2559
1478700 2562
1478710 2566
1478720 2566
1478730 2568
1478740 2570
1478750 2570
1478760 2572
1478770 2573
1478780 2573
1478790 2576
1478800 2579
1478810 2579
1478820 2585
1478830 2591
1478840 2598
1478850 2598
1478860 2604
1478870 2609
1478880 2609
1478890 2614
1478900 2622
1478910 2622
1478920 2631
1478930 2639
1478940 2639
1478950 2642
1478960 2637
1478970 2637
1478980 2637
1478990 2641
1479000 2641
1479010 2644
1479020 2646
1479030 2644
1479040 2644
1479050 2639
1479060 2634
1479070 2634
1479080 2618
1479090 2588
1479100 2588
1479110 2581
1479120 2582
1479130 2582
1479140 2586
1479150 2582
1479160 2582
1479170 2573
1479180 2565
1479190 2565
1479200 2561
1479210 2562
1479220 2563
1479230 2563
1479240 2563
1479250 2562
1479260 2562
1479270 2556
1479280 2551
1479290 2551
1479300 2551
1479310 2553
1479320 2553
1479330 2556
1479340 2560
1479350 2560
1479360 2563
1479370 2565
1479380 2565
1479390 2565
1479400 2565
1479410 2565
1479420 2567
1479430 2571
1479440 2579
1479450 2579
1479460 2586
1479470 2591
1479480 2591
1479490 2598
1479500 2609
1479510 2609
1479520 2621
1479530 2636
1479540 2636
1479550 2650
1479560 2661
1479570 2661
1479580 2673
1479590 2687
1479600 2687
1479610 2700
1479620 2708
1479630 2715
1479640 2715
1479650 2723
1479660 2730
1479670 2730
1479680 2736
1479690 2742
1479700 2742
1479710 2751
1479720 2760
1479730 2760
1479740 2771
1479750 2782
1479760 2782
1479770 2793
1479780 2805
1479790 2805
1479800 2814
1479810 2823
1479820 2823
1479830 2832
1479840 2841
1479850 2851
1479860 2851
1479870 2861
1479880 2864
1479890 2864
1479900 2865
1479910 2868
1479920 2868
1479930 2872
1479940 2877
1479950 2877
1479960 2882
1479970 2889
1479980 2889
1479990 2898
