1460000 1878
1460010 1875
1460020 1875
1460030 1872
1460040 1867
1460050 1867
1460060 1861
1460070 1859
1460080 1859
1460090 1856
1460100 1854
1460110 1854
1460120 1852
1460130 1852
1460140 1852
1460150 1852
1460160 1853
1460170 1855
1460180 1855
1460190 1856
1460200 1853
1460210 1853
1460220 1847
1460230 1841
1460240 1841
1460250 1837
1460260 1837
1460270 1837
1460280 1841
1460290 1843
1460300 1843
1460310 1842
1460320 1841
1460330 1840
1460340 1835
1460350 1833
1460360 1832
1460370 1832
1460380 1831
1460390 1829
1460400 1829
1460410 1825
1460420 1818
1460430 1818
1460440 1813
1460450 1809
1460460 1809
1460470 1804
1460480 1799
1460490 1799
1460500 1796
1460510 1792
1460520 1792
1460530 1787
1460540 1783
1460550 1778
1460560 1778
1460570 1772
1460580 1767
1460590 1767
1460600 1761
1460610 1755
1460620 1755
1460630 1749
1460640 1747
1460650 1747
1460660 1747
1460670 1748
1460680 1748
1460690 1745
1460700 1740
1460710 1740
1460720 1738
1460730 1742
1460740 1742
1460750 1742
1460760 1740
1460770 1744
1460780 1744
1460790 1750
1460800 1755
1460810 1755
1460820 1757
1460830 1758
1460840 1758
1460850 1761
1460860 1763
1460870 1763
1460880 1766
1460890 1770
1460900 1770
1460910 1774
1460920 1777
1460930 1777
1460940 1779
1460950 1783
1460960 1786
1460970 1786
1460980 1791
1460990 1796
1461000 1796
1461010 1801
1461020 1804
1461030 1804
1461040 1809
1461050 1815
1461060 1815
1461070 1821
1461080 1817
1461090 1817
1461100 1810
1461110 1806
1461120 1806
1461130 1803
1461140 1803
1461150 1805
1461160 1805
1461170 1806
1461180 1806
1461190 1806
1461200 1806
1461210 1807
1461220 1807
1461230 1809
1461240 1809
1461250 1809
1461260 1810
1461270 1811
1461280 1811
1461290 1810
1461300 1809
1461310 1809
1461320 1808
1461330 1807
1461340 1807
1461350 1806
1461360 1806
1461370 1808
1461380 1808
1461390 1808
1461400 1804
1461410 1804
1461420 1802
1461430 1798
1461440 1798
1461450 1796
1461460 1796
1461470 1796
1461480 1796
1461490 1790
1461500 1790
1461510 1773
1461520 1765
1461530 1765
1461540 1758
1461550 1758
1461560 1757
1461570 1757
1461580 1752
1461590 1738
1461600 1738
1461610 1722
1461620 1715
1461630 1715
1461640 1706
1461650 1697
1461660 1697
1461670 1693
1461680 1692
1461690 1692
1461700 1692
1461710 1693
1461720 1693
1461730 1693
1461740 1692
1461750 1692
1461760 1690
1461770 1687
1461780 1684
1461790 1684
1461800 1679
1461810 1676
1461820 1676
1461830 1673
1461840 1667
1461850 1667
1461860 1664
1461870 1661
1461880 1661
1461890 1654
1461900 1649
1461910 1649
1461920 1645
1461930 1642
1461940 1642
1461950 1640
1461960 1636
1461970 1630
1461980 1630
1461990 1624
1462000 1617
1462010 1617
1462020 1611
1462030 1606
1462040 1606
1462050 1599
1462060 1592
1462070 1592
1462080 1584
1462090 1577
1462100 1577
1462110 1569
1462120 1561
1462130 1561
1462140 1556
1462150 1550
1462160 1550
1462170 1545
1462180 1540
1462190 1537
1462200 1537
1462210 1534
1462220 1533
1462230 1533
1462240 1529
1462250 1525
1462260 1525
1462270 1526
1462280 1529
1462290 1529
1462300 1532
1462310 1534
1462320 1534
1462330 1536
1462340 1521
1462350 1521
1462360 1514
1462370 1524
1462380 1533
1462390 1533
1462400 1540
1462410 1544
1462420 1544
1462430 1547
1462440 1546
1462450 1546
1462460 1541
1462470 1533
1462480 1533
1462490 1528
1462500 1532
1462510 1532
1462520 1535
1462530 1539
1462540 1539
1462550 1543
1462560 1548
1462570 1548
1462580 1553
1462590 1558
1462600 1564
1462610 1564
1462620 1569
1462630 1574
1462640 1574
1462650 1578
1462660 1579
1462670 1579
1462680 1579
1462690 1579
1462700 1579
1462710 1583
1462720 1586
1462730 1586
1462740 1588
1462750 1590
1462760 1590
1462770 1591
1462780 1592
1462790 1593
1462800 1593
1462810 1594
1462820 1593
1462830 1593
1462840 1594
1462850 1596
1462860 1596
1462870 1598
1462880 1601
1462890 1601
1462900 1605
1462910 1611
1462920 1611
1462930 1618
1462940 1625
1462950 1625
1462960 1629
1462970 1633
1462980 1633
1462990 1636
1463000 1640
1463010 1644
1463020 1644
1463030 1650
1463040 1656
1463050 1656
1463060 1663
1463070 1670
1463080 1670
1463090 1676
1463100 1682
1463110 1682
1463120 1688
1463130 1694
1463140 1694
1463150 1699
1463160 1705
1463170 1705
1463180 1713
1463190 1719
1463200 1726
1463210 1726
1463220 1733
1463230 1739
1463240 1739
1463250 1746
1463260 1754
1463270 1754
1463280 1761
1463290 1768
1463300 1768
1463310 1776
1463320 1783
1463330 1783
1463340 1790
1463350 1797
1463360 1797
1463370 1805
1463380 1813
1463390 1813
1463400 1820
1463410 1831
1463420 1843
1463430 1843
1463440 1854
1463450 1865
1463460 1865
1463470 1876
1463480 1884
1463490 1884
1463500 1890
1463510 1898
1463520 1898
1463530 1907
1463540 1912
1463550 1912
1463560 1918
1463570 1926
1463580 1926
1463590 1933
1463600 1941
1463610 1949
1463620 1949
1463630 1957
1463640 1965
1463650 1965
1463660 1973
1463670 1983
1463680 1983
1463690 1994
1463700 2004
1463710 2004
1463720 2013
1463730 2022
1463740 2022
1463750 2028
1463760 2034
1463770 2034
1463780 2035
1463790 2038
1463800 2038
1463810 2041
1463820 2043
1463830 2046
1463840 2046
1463850 2049
1463860 2050
1463870 2050
1463880 2051
1463890 2053
1463900 2053
1463910 2055
1463920 2058
1463930 2058
1463940 2061
1463950 2063
1463960 2063
1463970 2065
1463980 2068
1463990 2068
1464000 2071
1464010 2073
1464020 2074
1464030 2074
1464040 2075
1464050 2077
1464060 2077
1464070 2080
1464080 2083
1464090 2083
1464100 2086
1464110 2089
1464120 2089
1464130 2092
1464140 2095
1464150 2095
1464160 2098
1464170 2102
1464180 2102
1464190 2104
1464200 2106
1464210 2106
1464220 2109
1464230 2113
1464240 2118
1464250 2118
1464260 2123
1464270 2128
1464280 2128
1464290 2133
1464300 2138
1464310 2138
1464320 2142
1464330 2147
1464340 2147
1464350 2153
1464360 2158
1464370 2158
1464380 2163
1464390 2167
1464400 2167
1464410 2172
1464420 2176
1464430 2180
1464440 2180
1464450 2184
1464460 2188
1464470 2188
1464480 2193
1464490 2197
1464500 2197
1464510 2202
1464520 2206
1464530 2206
1464540 2208
1464550 2204
1464560 2204
1464570 2198
1464580 2191
1464590 2191
1464600 2184
1464610 2176
1464620 2176
1464630 2165
1464640 2157
1464650 2151
1464660 2151
1464670 2147
1464680 2147
1464690 2147
1464700 2140
1464710 2129
1464720 2129
1464730 2118
1464740 2110
1464750 2110
1464760 2104
1464770 2100
1464780 2100
1464790 2097
1464800 2095
1464810 2095
1464820 2093
1464830 2091
1464840 2089
1464850 2089
1464860 2089
1464870 2088
1464880 2088
1464890 2082
1464900 2073
1464910 2073
1464920 2064
1464930 2054
1464940 2054
1464950 2042
1464960 2027
1464970 2027
1464980 2021
1464990 2013
1465000 2013
1465010 2002
1465020 1992
1465030 1992
1465040 1983
1465050 1978
1465060 1981
1465070 1981
1465080 1984
1465090 1986
1465100 1986
1465110 1985
1465120 1977
1465130 1977
1465140 1970
1465150 1963
1465160 1963
1465170 1955
1465180 1948
1465190 1948
1465200 1940
1465210 1933
1465220 1933
1465230 1924
1465240 1913
1465250 1904
1465260 1904
1465270 1895
1465280 1887
1465290 1887
1465300 1881
1465310 1873
1465320 1873
1465330 1865
1465340 1856
1465350 1856
1465360 1848
1465370 1841
1465380 1841
1465390 1833
1465400 1826
1465410 1826
1465420 1819
1465430 1811
1465440 1811
1465450 1804
1465460 1796
1465470 1789
1465480 1789
1465490 1782
1465500 1776
1465510 1776
1465520 1771
1465530 1765
1465540 1765
1465550 1761
1465560 1746
1465570 1746
1465580 1728
1465590 1719
1465600 1719
1465610 1718
1465620 1717
1465630 1717
1465640 1702
1465650 1683
1465660 1675
1465670 1675
1465680 1669
1465690 1662
1465700 1662
1465710 1652
1465720 1645
1465730 1645
1465740 1638
1465750 1631
1465760 1631
1465770 1624
1465780 1618
1465790 1618
1465800 1611
1465810 1604
1465820 1604
1465830 1599
1465840 1593
1465850 1593
1465860 1588
1465870 1582
1465880 1576
1465890 1576
1465900 1569
1465910 1562
1465920 1562
1465930 1556
1465940 1549
1465950 1549
1465960 1541
1465970 1532
1465980 1532
1465990 1524
1466000 1516
1466010 1516
1466020 1509
1466030 1501
1466040 1501
1466050 1493
1466060 1486
1466070 1479
1466080 1479
1466090 1472
1466100 1464
1466110 1464
1466120 1455
1466130 1446
1466140 1446
1466150 1436
1466160 1427
1466170 1427
1466180 1420
1466190 1414
1466200 1414
1466210 1409
1466220 1402
1466230 1402
1466240 1389
1466250 1382
1466260 1382
1466270 1375
1466280 1369
1466290 1360
1466300 1356
1466310 1344
1466320 1335
1466330 1335
1466340 1327
1466350 1319
1466360 1319
1466370 1312
1466380 1304
1466390 1304
1466400 1298
1466410 1292
1466420 1292
1466430 1288
1466440 1285
1466450 1285
1466460 1282
1466470 1279
1466480 1276
1466490 1276
1466500 1274
1466510 1274
1466520 1274
1466530 1272
1466540 1269
1466550 1269
1466560 1268
1466570 1265
1466580 1265
1466590 1263
1466600 1261
1466610 1261
1466620 1260
1466630 1260
1466640 1260
1466650 1260
1466660 1258
1466670 1258
1466680 1257
1466690 1254
1466700 1253
1466710 1253
1466720 1251
1466730 1249
1466740 1249
1466750 1248
1466760 1246
1466770 1246
1466780 1245
1466790 1243
1466800 1243
1466810 1242
1466820 1241
1466830 1241
1466840 1241
1466850 1241
1466860 1241
1466870 1240
1466880 1238
1466890 1237
1466900 1237
1466910 1236
1466920 1235
1466930 1235
1466940 1238
1466950 1240
1466960 1240
1466970 1243
1466980 1245
1466990 1245
1467000 1246
1467010 1247
1467020 1247
1467030 1248
1467040 1250
1467050 1250
1467060 1251
1467070 1252
1467080 1252
1467090 1254
1467100 1255
1467110 1256
1467120 1256
1467130 1257
1467140 1258
1467150 1258
1467160 1259
1467170 1260
1467180 1260
1467190 1261
1467200 1262
1467210 1262
1467220 1263
1467230 1265
1467240 1265
1467250 1266
1467260 1268
1467270 1268
1467280 1269
1467290 1271
1467300 1272
1467310 1272
1467320 1273
1467330 1274
1467340 1274
1467350 1276
1467360 1278
1467370 1278
1467380 1280
1467390 1281
1467400 1281
1467410 1282
1467420 1283
1467430 1283
1467440 1285
1467450 1286
1467460 1286
1467470 1288
1467480 1291
1467490 1291
1467500 1294
1467510 1297
1467520 1301
1467530 1301
1467540 1305
1467550 1309
1467560 1309
1467570 1312
1467580 1313
1467590 1313
1467600 1316
1467610 1320
1467620 1320
1467630 1323
1467640 1326
1467650 1326
1467660 1328
1467670 1330
1467680 1330
1467690 1332
1467700 1334
1467710 1336
1467720 1336
1467730 1338
1467740 1341
1467750 1341
1467760 1344
1467770 1346
1467780 1346
1467790 1348
1467800 1352
1467810 1352
1467820 1357
1467830 1359
1467840 1359
1467850 1358
1467860 1361
1467870 1361
1467880 1366
1467890 1372
1467900 1372
1467910 1377
1467920 1379
1467930 1383
1467940 1383
1467950 1386
1467960 1390
1467970 1390
1467980 1394
1467990 1397
1468000 1397
1468010 1401
1468020 1406
1468030 1406
1468040 1412
1468050 1417
1468060 1417
1468070 1420
1468080 1421
1468090 1421
1468100 1423
1468110 1425
1468120 1427
1468130 1427
1468140 1428
1468150 1429
1468160 1429
1468170 1428
1468180 1430
1468190 1430
1468200 1432
1468210 1433
1468220 1433
1468230 1437
1468240 1441
1468250 1441
1468260 1443
1468270 1437
1468280 1437
1468290 1425
1468300 1415
1468310 1415
1468320 1412
1468330 1415
1468340 1422
1468350 1422
1468360 1429
1468370 1434
1468380 1434
1468390 1438
1468400 1443
1468410 1443
1468420 1449
1468430 1456
1468440 1456
1468450 1464
1468460 1470
1468470 1470
1468480 1477
1468490 1483
1468500 1483
1468510 1487
1468520 1495
1468530 1500
1468540 1500
1468550 1503
1468560 1508
1468570 1508
1468580 1516
1468590 1521
1468600 1521
1468610 1526
1468620 1530
1468630 1530
1468640 1535
1468650 1540
1468660 1540
1468670 1544
1468680 1547
1468690 1547
1468700 1551
1468710 1557
1468720 1557
1468730 1563
1468740 1568
1468750 1572
1468760 1572
1468770 1577
1468780 1581
1468790 1581
1468800 1586
1468810 1591
1468820 1591
1468830 1596
1468840 1600
1468850 1600
1468860 1604
1468870 1608
1468880 1608
1468890 1612
1468900 1616
1468910 1616
1468920 1621
1468930 1625
1468940 1628
1468950 1628
1468960 1631
1468970 1634
1468980 1634
1468990 1636
1469000 1640
1469010 1640
1469020 1647
1469030 1653
1469040 1653
1469050 1656
1469060 1658
1469070 1658
1469080 1661
1469090 1665
1469100 1665
1469110 1669
1469120 1674
1469130 1674
1469140 1678
1469150 1681
1469160 1685
1469170 1685
1469180 1691
1469190 1699
1469200 1699
1469210 1707
1469220 1714
1469230 1714
1469240 1721
1469250 1729
1469260 1729
1469270 1736
1469280 1742
1469290 1742
1469300 1749
1469310 1756
1469320 1756
1469330 1763
1469340 1770
1469350 1776
1469360 1776
1469370 1782
1469380 1788
1469390 1788
1469400 1792
1469410 1797
1469420 1797
1469430 1802
1469440 1806
1469450 1806
1469460 1811
1469470 1815
1469480 1815
1469490 1820
1469500 1823
1469510 1823
1469520 1827
1469530 1831
1469540 1831
1469550 1835
1469560 1838
1469570 1841
1469580 1841
1469590 1844
1469600 1847
1469610 1847
1469620 1849
1469630 1851
1469640 1851
1469650 1853
1469660 1856
1469670 1856
1469680 1858
1469690 1861
1469700 1861
1469710 1863
1469720 1865
1469730 1865
1469740 1867
1469750 1869
1469760 1872
1469770 1872
1469780 1875
1469790 1879
1469800 1879
1469810 1882
1469820 1886
1469830 1886
1469840 1890
1469850 1895
1469860 1895
1469870 1899
1469880 1902
1469890 1902
1469900 1905
1469910 1909
1469920 1909
1469930 1914
1469940 1918
1469950 1918
1469960 1923
1469970 1929
1469980 1934
1469990 1934
1470000 1937
1470010 1940
1470020 1940
1470030 1942
1470040 1946
1470050 1946
1470060 1949
1470070 1953
1470080 1953
1470090 1957
1470100 1959
1470110 1959
1470120 1961
1470130 1965
1470140 1965
1470150 1969
1470160 1974
1470170 1978
1470180 1978
1470190 1983
1470200 1988
1470210 1988
1470220 1992
1470230 1997
1470240 1997
1470250 2000
1470260 2003
1470270 2003
1470280 2003
1470290 2002
1470300 2002
1470310 2003
1470320 2003
1470330 2003
1470340 2005
1470350 2006
1470360 2006
1470370 2009
1470380 2012
1470390 2015
1470400 2015
1470410 2018
1470420 2021
1470430 2021
1470440 2026
1470450 2029
1470460 2029
1470470 2033
1470480 2038
1470490 2038
1470500 2042
1470510 2047
1470520 2047
1470530 2052
1470540 2057
1470550 2057
1470560 2061
1470570 2065
1470580 2068
1470590 2068
1470600 2071
1470610 2073
1470620 2073
1470630 2075
1470640 2078
1470650 2078
1470660 2080
1470670 2083
1470680 2083
1470690 2086
1470700 2090
1470710 2090
1470720 2092
1470730 2096
1470740 2096
1470750 2100
1470760 2101
1470770 2101
1470780 2102
1470790 2105
1470800 2109
1470810 2109
1470820 2115
1470830 2119
1470840 2119
1470850 2125
1470860 2134
1470870 2134
1470880 2141
1470890 2143
1470900 2143
1470910 2145
1470920 2149
1470930 2149
1470940 2152
1470950 2151
1470960 2151
1470970 2153
1470980 2155
1470990 2155
1471000 2155
1471010 2156
1471020 2158
1471030 2158
1471040 2160
1471050 2162
1471060 2162
1471070 2164
1471080 2167
1471090 2167
1471100 2169
1471110 2171
1471120 2171
1471130 2173
1471140 2173
1471150 2173
1471160 2174
1471170 2175
1471180 2175
1471190 2177
1471200 2180
1471210 2183
1471220 2183
1471230 2187
1471240 2189
1471250 2189
1471260 2193
1471270 2196
1471280 2196
1471290 2199
1471300 2203
1471310 2203
1471320 2207
1471330 2211
1471340 2211
1471350 2214
1471360 2218
1471370 2218
1471380 2222
1471390 2226
1471400 2229
1471410 2229
1471420 2233
1471430 2237
1471440 2237
1471450 2240
1471460 2243
1471470 2243
1471480 2248
1471490 2254
1471500 2254
1471510 2259
1471520 2262
1471530 2262
1471540 2265
1471550 2268
1471560 2268
1471570 2271
1471580 2273
1471590 2273
1471600 2277
1471610 2280
1471620 2283
1471630 2283
1471640 2287
1471650 2291
1471660 2291
1471670 2295
1471680 2298
1471690 2298
1471700 2302
1471710 2305
1471720 2305
1471730 2309
1471740 2312
1471750 2312
1471760 2316
1471770 2319
1471780 2319
1471790 2322
1471800 2325
1471810 2327
1471820 2327
1471830 2330
1471840 2333
1471850 2333
1471860 2336
1471870 2338
1471880 2338
1471890 2341
1471900 2344
1471910 2344
1471920 2346
1471930 2348
1471940 2348
1471950 2349
1471960 2351
1471970 2351
1471980 2352
1471990 2353
1472000 2353
1472010 2355
1472020 2357
1472030 2359
1472040 2359
1472050 2362
1472060 2364
1472070 2364
1472080 2367
1472090 2370
1472100 2370
1472110 2374
1472120 2377
1472130 2377
1472140 2380
1472150 2384
1472160 2384
1472170 2388
1472180 2393
1472190 2393
1472200 2398
1472210 2404
1472220 2409
1472230 2409
1472240 2415
1472250 2420
1472260 2420
1472270 2424
1472280 2428
1472290 2428
1472300 2432
1472310 2437
1472320 2437
1472330 2441
1472340 2447
1472350 2447
1472360 2455
1472370 2463
1472380 2463
1472390 2465
1472400 2470
1472410 2470
1472420 2476
1472430 2483
1472440 2490
1472450 2490
1472460 2498
1472470 2505
1472480 2505
1472490 2514
1472500 2525
1472510 2525
1472520 2528
1472530 2532
1472540 2532
1472550 2542
1472560 2550
1472570 2550
1472580 2562
1472590 2572
1472600 2572
1472610 2581
1472620 2589
1472630 2601
1472640 2601
1472650 2613
1472660 2626
1472670 2626
1472680 2636
1472690 2643
1472700 2643
1472710 2650
1472720 2659
1472730 2659
1472740 2665
1472750 2666
1472760 2666
1472770 2661
1472780 2651
1472790 2651
1472800 2638
1472810 2625
1472820 2625
1472830 2612
1472840 2598
1472850 2587
1472860 2587
1472870 2574
1472880 2559
1472890 2559
1472900 2546
1472910 2534
1472920 2534
1472930 2523
1472940 2515
1472950 2515
1472960 2507
1472970 2498
1472980 2498
1472990 2489
1473000 2481
1473010 2481
1473020 2472
1473030 2455
1473040 2427
1473050 2427
1473060 2411
1473070 2393
1473080 2393
1473090 2378
1473100 2365
1473110 2365
1473120 2355
1473130 2346
1473140 2346
1473150 2339
1473160 2332
1473170 2332
1473180 2325
1473190 2318
1473200 2318
1473210 2311
1473220 2302
1473230 2302
1473240 2294
1473250 2288
1473260 2280
1473270 2280
1473280 2274
1473290 2271
1473300 2271
1473310 2268
1473320 2263
1473330 2263
1473340 2259
1473350 2254
1473360 2254
1473370 2250
1473380 2245
1473390 2245
1473400 2241
1473410 2237
1473420 2237
1473430 2233
1473440 2231
1473450 2230
1473460 2230
1473470 2229
1473480 2225
1473490 2225
1473500 2222
1473510 2219
1473520 2219
1473530 2219
1473540 2218
1473550 2218
1473560 2217
1473570 2218
1473580 2218
1473590 2219
1473600 2222
1473610 2222
1473620 2224
1473630 2226
1473640 2226
1473650 2227
1473660 2227
1473670 2226
1473680 2226
1473690 2225
1473700 2226
1473710 2226
1473720 2232
1473730 2239
1473740 2239
1473750 2242
1473760 2241
1473770 2241
1473780 2237
1473790 2234
1473800 2234
1473810 2233
1473820 2234
1473830 2234
1473840 2236
1473850 2239
1473860 2243
1473870 2243
1473880 2248
1473890 2253
1473900 2253
1473910 2258
1473920 2263
1473930 2263
1473940 2267
1473950 2272
1473960 2272
1473970 2277
1473980 2281
1473990 2281
1474000 2285
1474010 2290
1474020 2290
1474030 2296
1474040 2303
1474050 2303
1474060 2311
1474070 2320
1474080 2329
1474090 2329
1474100 2334
1474110 2338
1474120 2338
1474130 2342
1474140 2345
1474150 2345
1474160 2349
1474170 2354
1474180 2354
1474190 2361
1474200 2352
1474210 2352
1474220 2342
1474230 2329
1474240 2329
1474250 2305
1474260 2286
1474270 2270
1474280 2270
1474290 2257
1474300 2250
1474310 2250
1474320 2245
1474330 2240
1474340 2240
1474350 2236
1474360 2232
1474370 2232
1474380 2228
1474390 2223
1474400 2223
1474410 2221
1474420 2219
1474430 2219
1474440 2214
1474450 2209
1474460 2209
1474470 2205
1474480 2200
1474490 2202
1474500 2202
1474510 2199
1474520 2192
1474530 2192
1474540 2188
1474550 2184
1474560 2184
1474570 2183
1474580 2183
1474590 2183
1474600 2181
1474610 2179
1474620 2179
1474630 2180
1474640 2181
1474650 2181
1474660 2182
1474670 2182
1474680 2180
1474690 2180
1474700 2180
1474710 2181
1474720 2181
1474730 2179
1474740 2177
1474750 2177
1474760 2175
1474770 2174
1474780 2174
1474790 2173
1474800 2170
1474810 2170
1474820 2168
1474830 2169
1474840 2169
1474850 2169
1474860 2168
1474870 2168
1474880 2168
1474890 2167
1474900 2167
1474910 2167
1474920 2172
1474930 2176
1474940 2176
1474950 2177
1474960 2177
1474970 2177
1474980 2176
1474990 2175
1475000 2175
1475010 2175
1475020 2176
1475030 2176
1475040 2177
1475050 2176
1475060 2176
1475070 2177
1475080 2179
1475090 2182
1475100 2182
1475110 2188
1475120 2190
1475130 2190
1475140 2192
1475150 2198
1475160 2198
1475170 2205
1475180 2209
1475190 2209
1475200 2211
1475210 2210
1475220 2210
1475230 2204
1475240 2196
1475250 2196
1475260 2186
1475270 2170
1475280 2170
1475290 2157
1475300 2147
1475310 2142
1475320 2142
1475330 2137
1475340 2133
1475350 2133
1475360 2130
1475370 2128
1475380 2128
1475390 2127
1475400 2125
1475410 2125
1475420 2123
1475430 2121
1475440 2121
1475450 2123
1475460 2125
1475470 2125
1475480 2126
1475490 2127
1475500 2127
1475510 2127
1475520 2126
1475530 2126
1475540 2126
1475550 2126
1475560 2125
1475570 2125
1475580 2124
1475590 2122
1475600 2122
1475610 2119
1475620 2117
1475630 2117
1475640 2116
1475650 2115
1475660 2115
1475670 2120
1475680 2119
1475690 2119
1475700 2117
1475710 2114
1475720 2110
1475730 2110
1475740 2106
1475750 2102
1475760 2102
1475770 2099
1475780 2094
1475790 2094
1475800 2086
1475810 2081
1475820 2081
1475830 2078
1475840 2076
1475850 2076
1475860 2075
1475870 2075
1475880 2075
1475890 2075
1475900 2075
1475910 2076
1475920 2076
1475930 2076
1475940 2075
1475950 2075
1475960 2072
1475970 2068
1475980 2068
1475990 2068
1476000 2069
1476010 2069
1476020 2068
1476030 2065
1476040 2065
1476050 2065
1476060 2065
1476070 2065
1476080 2063
1476090 2060
1476100 2060
1476110 2057
1476120 2052
1476130 2048
1476140 2048
1476150 2041
1476160 2037
1476170 2037
1476180 2042
1476190 2044
1476200 2044
1476210 2039
1476220 2036
1476230 2036
1476240 2037
1476250 2036
1476260 2036
1476270 2035
1476280 2034
1476290 2034
1476300 2034
1476310 2035
1476320 2035
1476330 2035
1476340 2034
1476350 2032
1476360 2032
1476370 2030
1476380 2027
1476390 2027
1476400 2028
1476410 2031
1476420 2031
1476430 2032
1476440 2023
1476450 2023
1476460 2014
1476470 2010
1476480 2010
1476490 2010
1476500 2011
1476510 2011
1476520 2010
1476530 2005
1476540 2000
1476550 2000
1476560 1989
1476570 1990
1476580 1990
1476590 1994
1476600 1992
1476610 1992
1476620 1989
1476630 1988
1476640 1988
1476650 1987
1476660 1987
1476670 1987
1476680 1988
1476690 1987
1476700 1987
1476710 1983
1476720 1986
1476730 1990
1476740 1990
1476750 1996
1476760 2002
1476770 2002
1476780 2003
1476790 2003
1476800 2003
1476810 2003
1476820 2003
1476830 2003
1476840 2002
1476850 2000
1476860 2000
1476870 1999
1476880 1999
1476890 1999
1476900 2003
1476910 2005
1476920 2005
1476930 2003
1476940 2001
1476950 1999
1476960 1999
1476970 1999
1476980 2002
1476990 2002
1477000 2003
1477010 2004
1477020 2004
1477030 2002
1477040 2001
1477050 2001
1477060 1999
1477070 1997
1477080 1997
1477090 1995
1477100 1993
1477110 1993
1477120 1991
1477130 1993
1477140 1997
1477150 1997
1477160 1998
1477170 1998
1477180 1998
1477190 1998
1477200 1998
1477210 1998
1477220 1998
1477230 1998
1477240 1998
1477250 1998
1477260 1998
1477270 1998
1477280 1999
1477290 2000
1477300 2000
1477310 2001
1477320 2003
1477330 2003
1477340 2004
1477350 2005
1477360 2007
1477370 2007
1477380 2009
1477390 2011
1477400 2011
1477410 2011
1477420 2013
1477430 2013
1477440 2015
1477450 2017
1477460 2017
1477470 2018
1477480 2020
1477490 2020
1477500 2021
1477510 2021
1477520 2021
1477530 2020
1477540 2021
1477550 2023
1477560 2023
1477570 2024
1477580 2025
1477590 2025
1477600 2026
1477610 2028
1477620 2028
1477630 2029
1477640 2030
1477650 2030
1477660 2032
1477670 2035
1477680 2035
1477690 2037
1477700 2040
1477710 2040
1477720 2041
1477730 2045
1477740 2045
1477750 2048
1477760 2049
1477770 2050
1477780 2050
1477790 2051
1477800 2054
1477810 2054
1477820 2055
1477830 2056
1477840 2056
1477850 2056
1477860 2055
1477870 2055
1477880 2054
1477890 2054
1477900 2054
1477910 2052
1477920 2053
1477930 2053
1477940 2056
1477950 2059
1477960 2061
1477970 2061
1477980 2062
1477990 2063
1478000 2063
1478010 2059
1478020 2055
1478030 2055
1478040 2054
1478050 2055
1478060 2055
1478070 2056
1478080 2059
1478090 2059
1478100 2062
1478110 2062
1478120 2062
1478130 2064
1478140 2067
1478150 2067
1478160 2068
1478170 2049
1478180 2014
1478190 2014
1478200 1987
1478210 1980
1478220 1980
1478230 1986
1478240 1989
1478250 1989
1478260 1994
1478270 2001
1478280 2001
1478290 2009
1478300 2019
1478310 2019
1478320 2030
1478330 2040
1478340 2040
1478350 2049
1478360 2059
1478370 2064
1478380 2064
1478390 2065
1478400 2064
1478410 2064
1478420 2062
1478430 2061
1478440 2061
1478450 2064
1478460 2067
1478470 2067
1478480 2071
1478490 2072
1478500 2072
1478510 2072
1478520 2071
1478530 2071
1478540 2070
1478550 2071
1478560 2071
1478570 2074
1478580 2073
1478590 2072
1478600 2072
1478610 2072
1478620 2070
1478630 2070
1478640 2068
1478650 2067
1478660 2067
1478670 2069
1478680 2073
1478690 2073
1478700 2070
1478710 2063
1478720 2063
1478730 2071
1478740 2071
1478750 2071
1478760 2069
1478770 2071
1478780 2072
1478790 2072
1478800 2071
1478810 2070
1478820 2070
1478830 2067
1478840 2063
1478850 2063
1478860 2058
1478870 2058
1478880 2058
1478890 2061
1478900 2057
1478910 2057
1478920 2056
1478930 2057
1478940 2057
1478950 2054
1478960 2052
1478970 2052
1478980 2051
1478990 2054
1479000 2059
1479010 2059
1479020 2063
1479030 2067
1479040 2067
1479050 2071
1479060 2075
1479070 2075
1479080 2078
1479090 2083
1479100 2083
1479110 2091
1479120 2097
1479130 2097
1479140 2107
1479150 2117
1479160 2117
1479170 2122
1479180 2126
1479190 2133
1479200 2133
1479210 2139
1479220 2144
1479230 2144
1479240 2149
1479250 2153
1479260 2153
1479270 2155
1479280 2156
1479290 2156
1479300 2157
1479310 2156
1479320 2156
1479330 2134
1479340 2107
1479350 2107
1479360 2112
1479370 2114
1479380 2114
1479390 2118
1479400 2126
1479410 2134
1479420 2134
1479430 2141
1479440 2141
1479450 2141
1479460 2144
1479470 2152
1479480 2152
1479490 2159
1479500 2165
1479510 2165
1479520 2172
1479530 2165
1479540 2165
1479550 2154
1479560 2155
1479570 2155
1479580 2157
1479590 2177
1479600 2197
1479610 2197
1479620 2215
1479630 2231
1479640 2231
1479650 2243
1479660 2244
1479670 2244
1479680 2245
1479690 2247
1479700 2247
1479710 2244
1479720 2241
1479730 2241
1479740 2244
1479750 2244
1479760 2244
1479770 2245
1479780 2250
1479790 2250
1479800 2254
1479810 2253
1479820 2250
1479830 2250
1479840 2249
1479850 2252
1479860 2252
1479870 2253
1479880 2252
1479890 2252
1479900 2254
1479910 2254
1479920 2254
1479930 2257
1479940 2261
1479950 2261
1479960 2265
1479970 2270
1479980 2270
1479990 2275
