1460000 2487
1460010 2490
1460020 2490
1460030 2493
1460040 2497
1460050 2501
1460060 2501
1460070 2503
1460080 2504
1460090 2504
1460100 2507
1460110 2507
1460120 2507
1460130 2507
1460140 2509
1460150 2509
1460160 2512
1460170 2516
1460180 2516
1460190 2519
1460200 2524
1460210 2524
1460220 2529
1460230 2536
1460240 2541
1460250 2541
1460260 2548
1460270 2556
1460280 2556
1460290 2564
1460300 2574
1460310 2574
1460320 2580
1460330 2585
1460340 2585
1460350 2590
1460360 2590
1460370 2590
1460380 2583
1460390 2573
1460400 2573
1460410 2564
1460420 2557
1460430 2557
1460440 2548
1460450 2540
1460460 2529
1460470 2529
1460480 2516
1460490 2506
1460500 2506
1460510 2500
1460520 2495
1460530 2495
1460540 2484
1460550 2473
1460560 2473
1460570 2463
1460580 2455
1460590 2455
1460600 2446
1460610 2439
1460620 2439
1460630 2434
1460640 2427
1460650 2427
1460660 2420
1460670 2414
1460680 2410
1460690 2410
1460700 2404
1460710 2398
1460720 2398
1460730 2392
1460740 2385
1460750 2385
1460760 2381
1460770 2376
1460780 2376
1460790 2371
1460800 2366
1460810 2366
1460820 2361
1460830 2351
1460840 2351
1460850 2322
1460860 2295
1460870 2276
1460880 2276
1460890 2265
1460900 2256
1460910 2256
1460920 2247
1460930 2232
1460940 2232
1460950 2216
1460960 2216
1460970 2216
1460980 2213
1460990 2218
1461000 2218
1461010 2226
1461020 2226
1461030 2226
1461040 2219
1461050 2211
1461060 2211
1461070 2200
1461080 2195
1461090 2193
1461100 2193
1461110 2190
1461120 2191
1461130 2191
1461140 2193
1461150 2193
1461160 2193
1461170 2193
1461180 2194
1461190 2194
1461200 2192
1461210 2183
1461220 2183
1461230 2165
1461240 2147
1461250 2147
1461260 2135
1461270 2128
1461280 2128
1461290 2127
1461300 2121
1461310 2120
1461320 2120
1461330 2120
1461340 2121
1461350 2121
1461360 2123
1461370 2127
1461380 2127
1461390 2134
1461400 2141
1461410 2141
1461420 2150
1461430 2159
1461440 2159
1461450 2167
1461460 2181
1461470 2181
1461480 2191
1461490 2195
1461500 2200
1461510 2200
1461520 2204
1461530 2206
1461540 2206
1461550 2208
1461560 2209
1461570 2209
1461580 2210
1461590 2210
1461600 2210
1461610 2210
1461620 2209
1461630 2209
1461640 2206
1461650 2204
1461660 2204
1461670 2201
1461680 2200
1461690 2200
1461700 2197
1461710 2187
1461720 2178
1461730 2178
1461740 2174
1461750 2174
1461760 2174
1461770 2175
1461780 2180
1461790 2180
1461800 2187
1461810 2190
1461820 2190
1461830 2188
1461840 2185
1461850 2185
1461860 2181
1461870 2177
1461880 2177
1461890 2173
1461900 2166
1461910 2166
1461920 2162
1461930 2161
1461940 2159
1461950 2159
1461960 2156
1461970 2155
1461980 2155
1461990 2153
1462000 2145
1462010 2145
1462020 2139
1462030 2135
1462040 2135
1462050 2132
1462060 2128
1462070 2128
1462080 2124
1462090 2121
1462100 2121
1462110 2119
1462120 2115
1462130 2115
1462140 2111
1462150 2107
1462160 2104
1462170 2104
1462180 2099
1462190 2095
1462200 2095
1462210 2093
1462220 2092
1462230 2092
1462240 2091
1462250 2090
1462260 2090
1462270 2090
1462280 2089
1462290 2089
1462300 2088
1462310 2088
1462320 2088
1462330 2088
1462340 2087
1462350 2087
1462360 2087
1462370 2087
1462380 2085
1462390 2085
1462400 2083
1462410 2083
1462420 2083
1462430 2086
1462440 2087
1462450 2087
1462460 2085
1462470 2082
1462480 2082
1462490 2079
1462500 2077
1462510 2077
1462520 2076
1462530 2076
1462540 2076
1462550 2076
1462560 2074
1462570 2071
1462580 2071
1462590 2070
1462600 2069
1462610 2069
1462620 2068
1462630 2067
1462640 2067
1462650 2066
1462660 2064
1462670 2064
1462680 2060
1462690 2054
1462700 2054
1462710 2049
1462720 2045
1462730 2045
1462740 2040
1462750 2035
1462760 2035
1462770 2033
1462780 2033
1462790 2033
1462800 2033
1462810 2033
1462820 2033
1462830 2033
1462840 2033
1462850 2033
1462860 2033
1462870 2033
1462880 2033
1462890 2033
1462900 2033
1462910 2033
1462920 2033
1462930 2033
1462940 2033
1462950 2033
1462960 2033
1462970 2033
1462980 2032
1462990 2032
1463000 2033
1463010 2034
1463020 2034
1463030 2034
1463040 2034
1463050 2034
1463060 2034
1463070 2034
1463080 2034
1463090 2034
1463100 2036
1463110 2036
1463120 2037
1463130 2038
1463140 2038
1463150 2041
1463160 2045
1463170 2045
1463180 2048
1463190 2051
1463200 2053
1463210 2053
1463220 2054
1463230 2056
1463240 2056
1463250 2057
1463260 2058
1463270 2058
1463280 2060
1463290 2061
1463300 2061
1463310 2062
1463320 2065
1463330 2065
1463340 2068
1463350 2072
1463360 2072
1463370 2075
1463380 2080
1463390 2080
1463400 2085
1463410 2090
1463420 2096
1463430 2096
1463440 2104
1463450 2111
1463460 2111
1463470 2119
1463480 2126
1463490 2126
1463500 2132
1463510 2137
1463520 2137
1463530 2148
1463540 2162
1463550 2162
1463560 2173
1463570 2180
1463580 2180
1463590 2186
1463600 2192
1463610 2192
1463620 2199
1463630 2205
1463640 2209
1463650 2209
1463660 2215
1463670 2220
1463680 2220
1463690 2225
1463700 2231
1463710 2231
1463720 2237
1463730 2242
1463740 2242
1463750 2247
1463760 2253
1463770 2253
1463780 2260
1463790 2266
1463800 2266
1463810 2271
1463820 2275
1463830 2279
1463840 2279
1463850 2283
1463860 2285
1463870 2285
1463880 2285
1463890 2285
1463900 2285
1463910 2286
1463920 2289
1463930 2289
1463940 2291
1463950 2293
1463960 2293
1463970 2296
1463980 2300
1463990 2300
1464000 2305
1464010 2309
1464020 2309
1464030 2312
1464040 2315
1464050 2317
1464060 2317
1464070 2320
1464080 2320
1464090 2320
1464100 2321
1464110 2322
1464120 2322
1464130 2324
1464140 2324
1464150 2324
1464160 2326
1464170 2330
1464180 2330
1464190 2332
1464200 2332
1464210 2332
1464220 2333
1464230 2334
1464240 2334
1464250 2333
1464260 2332
1464270 2332
1464280 2332
1464290 2333
1464300 2337
1464310 2337
1464320 2342
1464330 2347
1464340 2347
1464350 2351
1464360 2357
1464370 2357
1464380 2363
1464390 2368
1464400 2368
1464410 2373
1464420 2378
1464430 2378
1464440 2382
1464450 2385
1464460 2390
1464470 2390
1464480 2394
1464490 2398
1464500 2398
1464510 2402
1464520 2406
1464530 2406
1464540 2409
1464550 2412
1464560 2412
1464570 2413
1464580 2418
1464590 2418
1464600 2424
1464610 2431
1464620 2431
1464630 2438
1464640 2446
1464650 2446
1464660 2454
1464670 2462
1464680 2470
1464690 2470
1464700 2475
1464710 2470
1464720 2470
1464730 2463
1464740 2455
1464750 2455
1464760 2449
1464770 2445
1464780 2445
1464790 2441
1464800 2437
1464810 2437
1464820 2433
1464830 2427
1464840 2427
1464850 2423
1464860 2420
1464870 2420
1464880 2416
1464890 2411
1464900 2407
1464910 2407
1464920 2404
1464930 2402
1464940 2402
1464950 2400
1464960 2399
1464970 2399
1464980 2398
1464990 2395
1465000 2395
1465010 2392
1465020 2390
1465030 2390
1465040 2390
1465050 2391
1465060 2391
1465070 2393
1465080 2395
1465090 2398
1465100 2398
1465110 2400
1465120 2402
1465130 2402
1465140 2404
1465150 2406
1465160 2406
1465170 2407
1465180 2408
1465190 2408
1465200 2410
1465210 2412
1465220 2412
1465230 2413
1465240 2414
1465250 2414
1465260 2416
1465270 2419
1465280 2419
1465290 2423
1465300 2427
1465310 2431
1465320 2431
1465330 2435
1465340 2440
1465350 2440
1465360 2444
1465370 2447
1465380 2447
1465390 2450
1465400 2455
1465410 2455
1465420 2459
1465430 2462
1465440 2462
1465450 2465
1465460 2468
1465470 2468
1465480 2470
1465490 2472
1465500 2472
1465510 2475
1465520 2478
1465530 2481
1465540 2481
1465550 2483
1465560 2484
1465570 2484
1465580 2486
1465590 2487
1465600 2487
1465610 2488
1465620 2489
1465630 2489
1465640 2490
1465650 2491
1465660 2491
1465670 2490
1465680 2490
1465690 2490
1465700 2491
1465710 2491
1465720 2491
1465730 2489
1465740 2490
1465750 2491
1465760 2491
1465770 2490
1465780 2490
1465790 2490
1465800 2488
1465810 2484
1465820 2484
1465830 2484
1465840 2490
1465850 2494
1465860 2496
1465870 2490
1465880 2490
1465890 2482
1465900 2473
1465910 2473
1465920 2466
1465930 2460
1465940 2451
1465950 2451
1465960 2444
1465970 2442
1465980 2442
1465990 2442
1466000 2438
1466010 2438
1466020 2430
1466030 2421
1466040 2421
1466050 2413
1466060 2400
1466070 2400
1466080 2390
1466090 2386
1466100 2386
1466110 2386
1466120 2382
1466130 2382
1466140 2378
1466150 2368
1466160 2367
1466170 2367
1466180 2375
1466190 2379
1466200 2379
1466210 2377
1466220 2361
1466230 2361
1466240 2336
1466250 2320
1466260 2320
1466270 2318
1466280 2319
1466290 2319
1466300 2319
1466310 2317
1466320 2317
1466330 2315
1466340 2313
1466350 2313
1466360 2310
1466370 2308
1466380 2306
1466390 2306
1466400 2303
1466410 2301
1466420 2301
1466430 2299
1466440 2298
1466450 2298
1466460 2297
1466470 2296
1466480 2296
1466490 2294
1466500 2293
1466510 2293
1466520 2291
1466530 2289
1466540 2289
1466550 2288
1466560 2287
1466570 2286
1466580 2286
1466590 2286
1466600 2286
1466610 2286
1466620 2287
1466630 2287
1466640 2287
1466650 2289
1466660 2290
1466670 2290
1466680 2292
1466690 2293
1466700 2293
1466710 2294
1466720 2296
1466730 2296
1466740 2299
1466750 2301
1466760 2301
1466770 2303
1466780 2306
1466790 2307
1466800 2307
1466810 2311
1466820 2315
1466830 2315
1466840 2318
1466850 2321
1466860 2321
1466870 2322
1466880 2324
1466890 2324
1466900 2327
1466910 2328
1466920 2328
1466930 2331
1466940 2338
1466950 2338
1466960 2344
1466970 2347
1466980 2347
1466990 2351
1467000 2355
1467010 2358
1467020 2358
1467030 2359
1467040 2363
1467050 2363
1467060 2367
1467070 2372
1467080 2372
1467090 2378
1467100 2386
1467110 2386
1467120 2392
1467130 2399
1467140 2399
1467150 2406
1467160 2418
1467170 2418
1467180 2430
1467190 2436
1467200 2436
1467210 2445
1467220 2452
1467230 2456
1467240 2456
1467250 2458
1467260 2461
1467270 2461
1467280 2464
1467290 2467
1467300 2467
1467310 2470
1467320 2472
1467330 2472
1467340 2474
1467350 2475
1467360 2475
1467370 2480
1467380 2483
1467390 2483
1467400 2486
1467410 2492
1467420 2499
1467430 2499
1467440 2499
1467450 2498
1467460 2498
1467470 2497
1467480 2496
1467490 2496
1467500 2493
1467510 2496
1467520 2496
1467530 2502
1467540 2507
1467550 2507
1467560 2511
1467570 2515
1467580 2515
1467590 2520
1467600 2522
1467610 2522
1467620 2525
1467630 2527
1467640 2529
1467650 2529
1467660 2532
1467670 2531
1467680 2531
1467690 2531
1467700 2527
1467710 2527
1467720 2530
1467730 2532
1467740 2532
1467750 2534
1467760 2540
1467770 2540
1467780 2546
1467790 2551
1467800 2551
1467810 2557
1467820 2563
1467830 2563
1467840 2568
1467850 2568
1467860 2571
1467870 2571
1467880 2573
1467890 2576
1467900 2576
1467910 2581
1467920 2586
1467930 2586
1467940 2591
1467950 2597
1467960 2597
1467970 2603
1467980 2608
1467990 2608
1468000 2616
1468010 2624
1468020 2624
1468030 2633
1468040 2638
1468050 2641
1468060 2641
1468070 2646
1468080 2651
1468090 2651
1468100 2657
1468110 2661
1468120 2661
1468130 2657
1468140 2657
1468150 2657
1468160 2658
1468170 2658
1468180 2658
1468190 2656
1468200 2653
1468210 2653
1468220 2646
1468230 2639
1468240 2639
1468250 2639
1468260 2641
1468270 2644
1468280 2644
1468290 2642
1468300 2639
1468310 2639
1468320 2640
1468330 2642
1468340 2642
1468350 2646
1468360 2651
1468370 2651
1468380 2647
1468390 2636
1468400 2636
1468410 2626
1468420 2618
1468430 2618
1468440 2610
1468450 2602
1468460 2602
1468470 2593
1468480 2581
1468490 2567
1468500 2567
1468510 2555
1468520 2544
1468530 2544
1468540 2535
1468550 2527
1468560 2527
1468570 2517
1468580 2507
1468590 2507
1468600 2491
1468610 2477
1468620 2477
1468630 2467
1468640 2458
1468650 2458
1468660 2453
1468670 2451
1468680 2449
1468690 2449
1468700 2447
1468710 2445
1468720 2445
1468730 2445
1468740 2445
1468750 2445
1468760 2446
1468770 2445
1468780 2445
1468790 2443
1468800 2442
1468810 2442
1468820 2442
1468830 2443
1468840 2443
1468850 2446
1468860 2448
1468870 2448
1468880 2452
1468890 2458
1468900 2468
1468910 2468
1468920 2480
1468930 2487
1468940 2487
1468950 2492
1468960 2498
1468970 2498
1468980 2501
1468990 2505
1469000 2505
1469010 2505
1469020 2495
1469030 2495
1469040 2490
1469050 2489
1469060 2489
1469070 2490
1469080 2493
1469090 2493
1469100 2494
1469110 2474
1469120 2440
1469130 2440
1469140 2438
1469150 2440
1469160 2440
1469170 2442
1469180 2443
1469190 2443
1469200 2443
1469210 2442
1469220 2442
1469230 2444
1469240 2450
1469250 2450
1469260 2454
1469270 2460
1469280 2460
1469290 2448
1469300 2436
1469310 2436
1469320 2436
1469330 2439
1469340 2442
1469350 2442
1469360 2443
1469370 2451
1469380 2451
1469390 2456
1469400 2455
1469410 2455
1469420 2452
1469430 2451
1469440 2451
1469450 2452
1469460 2452
1469470 2452
1469480 2453
1469490 2455
1469500 2455
1469510 2457
1469520 2459
1469530 2463
1469540 2463
1469550 2467
1469560 2471
1469570 2471
1469580 2478
1469590 2485
1469600 2485
1469610 2491
1469620 2499
1469630 2499
1469640 2506
1469650 2513
1469660 2513
1469670 2522
1469680 2529
1469690 2529
1469700 2534
1469710 2537
1469720 2537
1469730 2533
1469740 2530
1469750 2528
1469760 2528
1469770 2533
1469780 2537
1469790 2537
1469800 2532
1469810 2529
1469820 2529
1469830 2529
1469840 2527
1469850 2527
1469860 2521
1469870 2520
1469880 2520
1469890 2519
1469900 2519
1469910 2519
1469920 2519
1469930 2521
1469940 2521
1469950 2522
1469960 2523
1469970 2525
1469980 2525
1469990 2525
1470000 2524
1470010 2524
1470020 2524
1470030 2527
1470040 2527
1470050 2531
1470060 2533
1470070 2533
1470080 2538
1470090 2544
1470100 2544
1470110 2550
1470120 2557
1470130 2557
1470140 2563
1470150 2569
1470160 2575
1470170 2575
1470180 2581
1470190 2587
1470200 2587
1470210 2596
1470220 2605
1470230 2605
1470240 2616
1470250 2628
1470260 2628
1470270 2636
1470280 2640
1470290 2640
1470300 2645
1470310 2646
1470320 2646
1470330 2643
1470340 2646
1470350 2646
1470360 2648
1470370 2646
1470380 2644
1470390 2644
1470400 2643
1470410 2641
1470420 2641
1470430 2634
1470440 2628
1470450 2628
1470460 2630
1470470 2639
1470480 2639
1470490 2644
1470500 2638
1470510 2638
1470520 2627
1470530 2623
1470540 2623
1470550 2620
1470560 2621
1470570 2621
1470580 2618
1470590 2617
1470600 2617
1470610 2617
1470620 2617
1470630 2616
1470640 2616
1470650 2616
1470660 2616
1470670 2616
1470680 2622
1470690 2634
1470700 2634
1470710 2638
1470720 2643
1470730 2643
1470740 2648
1470750 2654
1470760 2654
1470770 2664
1470780 2671
1470790 2676
1470800 2676
1470810 2683
1470820 2683
1470830 2683
1470840 2684
1470850 2683
1470860 2683
1470870 2677
1470880 2673
1470890 2673
1470900 2672
1470910 2674
1470920 2674
1470930 2677
1470940 2678
1470950 2678
1470960 2677
1470970 2680
1470980 2680
1470990 2681
1471000 2683
1471010 2683
1471020 2683
1471030 2685
1471040 2689
1471050 2689
1471060 2693
1471070 2697
1471080 2697
1471090 2700
1471100 2702
1471110 2702
1471120 2705
1471130 2706
1471140 2706
1471150 2707
1471160 2704
1471170 2704
1471180 2701
1471190 2695
1471200 2695
1471210 2690
1471220 2684
1471230 2680
1471240 2680
1471250 2677
1471260 2673
1471270 2673
1471280 2666
1471290 2657
1471300 2657
1471310 2650
1471320 2644
1471330 2644
1471340 2640
1471350 2636
1471360 2636
1471370 2634
1471380 2634
1471390 2634
1471400 2635
1471410 2637
1471420 2637
1471430 2639
1471440 2641
1471450 2642
1471460 2642
1471470 2644
1471480 2647
1471490 2647
1471500 2650
1471510 2654
1471520 2654
1471530 2657
1471540 2658
1471550 2658
1471560 2660
1471570 2661
1471580 2661
1471590 2664
1471600 2667
1471610 2667
1471620 2670
1471630 2674
1471640 2678
1471650 2678
1471660 2681
1471670 2684
1471680 2684
1471690 2686
1471700 2688
1471710 2688
1471720 2689
1471730 2690
1471740 2690
1471750 2692
1471760 2694
1471770 2694
1471780 2695
1471790 2694
1471800 2694
1471810 2688
1471820 2684
1471830 2684
1471840 2681
1471850 2678
1471860 2674
1471870 2674
1471880 2671
1471890 2670
1471900 2670
1471910 2668
1471920 2666
1471930 2666
1471940 2665
1471950 2665
1471960 2665
1471970 2663
1471980 2663
1471990 2663
1472000 2665
1472010 2665
1472020 2665
1472030 2665
1472040 2664
1472050 2664
1472060 2663
1472070 2664
1472080 2664
1472090 2664
1472100 2665
1472110 2667
1472120 2667
1472130 2668
1472140 2669
1472150 2669
1472160 2672
1472170 2674
1472180 2674
1472190 2675
1472200 2676
1472210 2676
1472220 2678
1472230 2679
1472240 2679
1472250 2681
1472260 2683
1472270 2684
1472280 2684
1472290 2686
1472300 2688
1472310 2688
1472320 2689
1472330 2691
1472340 2691
1472350 2693
1472360 2695
1472370 2695
1472380 2696
1472390 2697
1472400 2697
1472410 2699
1472420 2702
1472430 2702
1472440 2705
1472450 2707
1472460 2707
1472470 2709
1472480 2710
1472490 2711
1472500 2711
1472510 2711
1472520 2711
1472530 2711
1472540 2712
1472550 2713
1472560 2713
1472570 2714
1472580 2715
1472590 2715
1472600 2717
1472610 2718
1472620 2718
1472630 2720
1472640 2722
1472650 2722
1472660 2725
1472670 2726
1472680 2726
1472690 2728
1472700 2730
1472710 2731
1472720 2731
1472730 2733
1472740 2733
1472750 2733
1472760 2733
1472770 2733
1472780 2733
1472790 2731
1472800 2729
1472810 2729
1472820 2714
1472830 2690
1472840 2690
1472850 2678
1472860 2673
1472870 2673
1472880 2672
1472890 2674
1472900 2674
1472910 2675
1472920 2677
1472930 2678
1472940 2678
1472950 2677
1472960 2675
1472970 2675
1472980 2671
1472990 2666
1473000 2666
1473010 2661
1473020 2659
1473030 2659
1473040 2657
1473050 2657
1473060 2657
1473070 2658
1473080 2660
1473090 2660
1473100 2662
1473110 2662
1473120 2662
1473130 2662
1473140 2664
1473150 2668
1473160 2668
1473170 2670
1473180 2670
1473190 2670
1473200 2671
1473210 2672
1473220 2672
1473230 2673
1473240 2674
1473250 2674
1473260 2676
1473270 2680
1473280 2680
1473290 2683
1473300 2684
1473310 2684
1473320 2684
1473330 2684
1473340 2685
1473350 2685
1473360 2686
1473370 2686
1473380 2686
1473390 2688
1473400 2691
1473410 2691
1473420 2696
1473430 2697
1473440 2697
1473450 2697
1473460 2698
1473470 2698
1473480 2698
1473490 2697
1473500 2697
1473510 2696
1473520 2697
1473530 2697
1473540 2698
1473550 2701
1473560 2704
1473570 2704
1473580 2705
1473590 2706
1473600 2706
1473610 2708
1473620 2710
1473630 2710
1473640 2711
1473650 2713
1473660 2713
1473670 2715
1473680 2718
1473690 2718
1473700 2721
1473710 2723
1473720 2723
1473730 2723
1473740 2725
1473750 2727
1473760 2727
1473770 2729
1473780 2729
1473790 2729
1473800 2729
1473810 2728
1473820 2728
1473830 2727
1473840 2726
1473850 2726
1473860 2725
1473870 2723
1473880 2723
1473890 2723
1473900 2723
1473910 2723
1473920 2722
1473930 2722
1473940 2722
1473950 2723
1473960 2725
1473970 2727
1473980 2727
1473990 2729
1474000 2730
1474010 2730
1474020 2732
1474030 2733
1474040 2733
1474050 2734
1474060 2735
1474070 2735
1474080 2737
1474090 2740
1474100 2740
1474110 2741
1474120 2739
1474130 2739
1474140 2737
1474150 2736
1474160 2736
1474170 2736
1474180 2737
1474190 2739
1474200 2739
1474210 2741
1474220 2743
1474230 2743
1474240 2745
1474250 2747
1474260 2747
1474270 2750
1474280 2752
1474290 2752
1474300 2753
1474310 2755
1474320 2755
1474330 2757
1474340 2760
1474350 2760
1474360 2764
1474370 2768
1474380 2767
1474390 2767
1474400 2767
1474410 2769
1474420 2769
1474430 2772
1474440 2774
1474450 2774
1474460 2776
1474470 2777
1474480 2777
1474490 2779
1474500 2782
1474510 2782
1474520 2784
1474530 2788
1474540 2788
1474550 2792
1474560 2797
1474570 2797
1474580 2801
1474590 2806
1474600 2812
1474610 2812
1474620 2818
1474630 2827
1474640 2827
1474650 2837
1474660 2842
1474670 2842
1474680 2842
1474690 2836
1474700 2836
1474710 2825
1474720 2812
1474730 2812
1474740 2803
1474750 2797
1474760 2797
1474770 2795
1474780 2785
1474790 2785
1474800 2784
1474810 2785
1474820 2788
1474830 2788
1474840 2788
1474850 2789
1474860 2789
1474870 2793
1474880 2793
1474890 2793
1474900 2787
1474910 2781
1474920 2781
1474930 2780
1474940 2780
1474950 2780
1474960 2778
1474970 2777
1474980 2777
1474990 2777
1475000 2776
1475010 2776
1475020 2772
1475030 2771
1475040 2770
1475050 2770
1475060 2768
1475070 2767
1475080 2767
1475090 2766
1475100 2764
1475110 2764
1475120 2760
1475130 2757
1475140 2757
1475150 2753
1475160 2750
1475170 2750
1475180 2750
1475190 2751
1475200 2751
1475210 2752
1475220 2753
1475230 2753
1475240 2753
1475250 2749
1475260 2745
1475270 2745
1475280 2743
1475290 2740
1475300 2740
1475310 2736
1475320 2731
1475330 2731
1475340 2722
1475350 2715
1475360 2715
1475370 2713
1475380 2714
1475390 2714
1475400 2716
1475410 2723
1475420 2723
1475430 2726
1475440 2724
1475450 2721
1475460 2721
1475470 2720
1475480 2719
1475490 2719
1475500 2717
1475510 2716
1475520 2716
1475530 2714
1475540 2711
1475550 2711
1475560 2708
1475570 2705
1475580 2705
1475590 2702
1475600 2700
1475610 2700
1475620 2698
1475630 2696
1475640 2696
1475650 2694
1475660 2690
1475670 2687
1475680 2687
1475690 2685
1475700 2682
1475710 2682
1475720 2680
1475730 2677
1475740 2677
1475750 2674
1475760 2672
1475770 2672
1475780 2668
1475790 2661
1475800 2661
1475810 2655
1475820 2650
1475830 2650
1475840 2645
1475850 2640
1475860 2633
1475870 2633
1475880 2624
1475890 2617
1475900 2617
1475910 2612
1475920 2608
1475930 2608
1475940 2603
1475950 2598
1475960 2598
1475970 2593
1475980 2589
1475990 2589
1476000 2586
1476010 2584
1476020 2584
1476030 2583
1476040 2583
1476050 2583
1476060 2583
1476070 2582
1476080 2583
1476090 2583
1476100 2582
1476110 2581
1476120 2581
1476130 2580
1476140 2578
1476150 2578
1476160 2577
1476170 2575
1476180 2575
1476190 2573
1476200 2571
1476210 2571
1476220 2569
1476230 2569
1476240 2569
1476250 2569
1476260 2569
1476270 2569
1476280 2570
1476290 2571
1476300 2572
1476310 2572
1476320 2573
1476330 2573
1476340 2573
1476350 2574
1476360 2575
1476370 2575
1476380 2576
1476390 2578
1476400 2578
1476410 2580
1476420 2582
1476430 2582
1476440 2583
1476450 2583
1476460 2583
1476470 2584
1476480 2584
1476490 2584
1476500 2583
1476510 2582
1476520 2581
1476530 2581
1476540 2581
1476550 2580
1476560 2580
1476570 2582
1476580 2585
1476590 2585
1476600 2589
1476610 2587
1476620 2587
1476630 2584
1476640 2582
1476650 2582
1476660 2580
1476670 2578
1476680 2578
1476690 2578
1476700 2580
1476710 2579
1476720 2579
1476730 2575
1476740 2569
1476750 2569
1476760 2563
1476770 2557
1476780 2557
1476790 2550
1476800 2544
1476810 2544
1476820 2538
1476830 2532
1476840 2532
1476850 2526
1476860 2520
1476870 2520
1476880 2514
1476890 2509
1476900 2509
1476910 2504
1476920 2498
1476930 2493
1476940 2493
1476950 2488
1476960 2483
1476970 2483
1476980 2478
1476990 2472
1477000 2472
1477010 2464
1477020 2458
1477030 2458
1477040 2452
1477050 2447
1477060 2447
1477070 2441
1477080 2435
1477090 2435
1477100 2429
1477110 2424
1477120 2424
1477130 2420
1477140 2415
1477150 2412
1477160 2412
1477170 2408
1477180 2405
1477190 2405
1477200 2402
1477210 2399
1477220 2399
1477230 2396
1477240 2394
1477250 2394
1477260 2392
1477270 2390
1477280 2390
1477290 2387
1477300 2386
1477310 2386
1477320 2385
1477330 2384
1477340 2382
1477350 2382
1477360 2380
1477370 2379
1477380 2379
1477390 2377
1477400 2376
1477410 2376
1477420 2375
1477430 2375
1477440 2375
1477450 2373
1477460 2372
1477470 2372
1477480 2371
1477490 2370
1477500 2370
1477510 2370
1477520 2370
1477530 2370
1477540 2370
1477550 2371
1477560 2371
1477570 2371
1477580 2371
1477590 2371
1477600 2371
1477610 2370
1477620 2371
1477630 2371
1477640 2373
1477650 2374
1477660 2374
1477670 2375
1477680 2377
1477690 2377
1477700 2379
1477710 2381
1477720 2381
1477730 2382
1477740 2383
1477750 2383
1477760 2384
1477770 2385
1477780 2388
1477790 2388
1477800 2388
1477810 2387
1477820 2387
1477830 2388
1477840 2389
1477850 2389
1477860 2389
1477870 2389
1477880 2389
1477890 2390
1477900 2390
1477910 2390
1477920 2387
1477930 2387
1477940 2387
1477950 2389
1477960 2392
1477970 2397
1477980 2397
1477990 2402
1478000 2404
1478010 2404
1478020 2404
1478030 2404
1478040 2404
1478050 2405
1478060 2406
1478070 2406
1478080 2408
1478090 2409
1478100 2409
1478110 2406
1478120 2408
1478130 2408
1478140 2405
1478150 2400
1478160 2400
1478170 2391
1478180 2385
1478190 2380
1478200 2380
1478210 2375
1478220 2374
1478230 2374
1478240 2371
1478250 2364
1478260 2364
1478270 2356
1478280 2351
1478290 2351
1478300 2352
1478310 2352
1478320 2352
1478330 2345
1478340 2345
1478350 2345
1478360 2344
1478370 2343
1478380 2343
1478390 2342
1478400 2342
1478410 2340
1478420 2340
1478430 2339
1478440 2341
1478450 2341
1478460 2342
1478470 2345
1478480 2345
1478490 2349
1478500 2351
1478510 2351
1478520 2353
1478530 2353
1478540 2353
1478550 2351
1478560 2349
1478570 2349
1478580 2348
1478590 2351
1478600 2351
1478610 2353
1478620 2353
1478630 2353
1478640 2353
1478650 2352
1478660 2351
1478670 2351
1478680 2350
1478690 2350
1478700 2350
1478710 2350
1478720 2347
1478730 2347
1478740 2345
1478750 2344
1478760 2344
1478770 2344
1478780 2346
1478790 2346
1478800 2348
1478810 2348
1478820 2348
1478830 2348
1478840 2349
1478850 2349
1478860 2349
1478870 2348
1478880 2348
1478890 2348
1478900 2349
1478910 2351
1478920 2351
1478930 2351
1478940 2352
1478950 2352
1478960 2354
1478970 2354
1478980 2354
1478990 2355
1479000 2350
1479010 2350
1479020 2345
1479030 2344
1479040 2344
1479050 2344
1479060 2343
1479070 2341
1479080 2341
1479090 2340
1479100 2339
1479110 2339
1479120 2337
1479130 2334
1479140 2334
1479150 2330
1479160 2327
1479170 2327
1479180 2323
1479190 2323
1479200 2323
1479210 2324
1479220 2321
1479230 2321
1479240 2318
1479250 2314
1479260 2313
1479270 2313
1479280 2309
1479290 2304
1479300 2304
1479310 2300
1479320 2296
1479330 2296
1479340 2291
1479350 2287
1479360 2287
1479370 2281
1479380 2277
1479390 2277
1479400 2271
1479410 2263
1479420 2263
1479430 2257
1479440 2252
1479450 2245
1479460 2245
1479470 2237
1479480 2230
1479490 2230
1479500 2223
1479510 2216
1479520 2216
1479530 2211
1479540 2206
1479550 2206
1479560 2200
1479570 2193
1479580 2193
1479590 2186
1479600 2180
1479610 2180
1479620 2177
1479630 2170
1479640 2170
1479650 2164
1479660 2159
1479670 2154
1479680 2154
1479690 2148
1479700 2143
1479710 2143
1479720 2137
1479730 2131
1479740 2131
1479750 2124
1479760 2117
1479770 2117
1479780 2113
1479790 2108
1479800 2108
1479810 2103
1479820 2098
1479830 2098
1479840 2093
1479850 2087
1479860 2087
1479870 2081
1479880 2077
1479890 2071
1479900 2071
1479910 2066
1479920 2062
1479930 2062
1479940 2059
1479950 2058
1479960 2058
1479970 2058
1479980 2056
1479990 2056
