1460000 2321
1460010 2321
1460020 2321
1460030 2322
1460040 2322
1460050 2322
1460060 2324
1460070 2325
1460080 2325
1460090 2326
1460100 2326
1460110 2326
1460120 2326
1460130 2326
1460140 2326
1460150 2331
1460160 2333
1460170 2333
1460180 2335
1460190 2340
1460200 2340
1460210 2346
1460220 2352
1460230 2352
1460240 2347
1460250 2328
1460260 2328
1460270 2313
1460280 2301
1460290 2290
1460300 2290
1460310 2276
1460320 2256
1460330 2256
1460340 2237
1460350 2228
1460360 2228
1460370 2221
1460380 2214
1460390 2214
1460400 2207
1460410 2200
1460420 2200
1460430 2194
1460440 2188
1460450 2188
1460460 2183
1460470 2179
1460480 2175
1460490 2175
1460500 2172
1460510 2169
1460520 2169
1460530 2166
1460540 2162
1460550 2162
1460560 2158
1460570 2154
1460580 2154
1460590 2151
1460600 2148
1460610 2148
1460620 2145
1460630 2142
1460640 2142
1460650 2137
1460660 2134
1460670 2134
1460680 2131
1460690 2127
1460700 2123
1460710 2123
1460720 2118
1460730 2113
1460740 2113
1460750 2107
1460760 2102
1460770 2102
1460780 2097
1460790 2092
1460800 2092
1460810 2086
1460820 2080
1460830 2080
1460840 2075
1460850 2070
1460860 2070
1460870 2066
1460880 2062
1460890 2062
1460900 2059
1460910 2059
1460920 2060
1460930 2060
1460940 2057
1460950 2051
1460960 2051
1460970 2043
1460980 2032
1460990 2032
1461000 2007
1461010 1982
1461020 1982
1461030 1968
1461040 1959
1461050 1959
1461060 1951
1461070 1943
1461080 1943
1461090 1937
1461100 1930
1461110 1930
1461120 1924
1461130 1918
1461140 1911
1461150 1911
1461160 1906
1461170 1902
1461180 1902
1461190 1899
1461200 1897
1461210 1897
1461220 1896
1461230 1895
1461240 1895
1461250 1894
1461260 1889
1461270 1889
1461280 1883
1461290 1879
1461300 1879
1461310 1876
1461320 1877
1461330 1877
1461340 1878
1461350 1870
1461360 1863
1461370 1863
1461380 1861
1461390 1856
1461400 1856
1461410 1851
1461420 1849
1461430 1849
1461440 1846
1461450 1842
1461460 1842
1461470 1838
1461480 1834
1461490 1834
1461500 1830
1461510 1827
1461520 1827
1461530 1826
1461540 1823
1461550 1823
1461560 1820
1461570 1820
1461580 1819
1461590 1819
1461600 1818
1461610 1816
1461620 1816
1461630 1816
1461640 1817
1461650 1817
1461660 1820
1461670 1821
1461680 1821
1461690 1826
1461700 1831
1461710 1831
1461720 1832
1461730 1825
1461740 1825
1461750 1813
1461760 1803
1461770 1787
1461780 1787
1461790 1781
1461800 1775
1461810 1775
1461820 1770
1461830 1766
1461840 1766
1461850 1765
1461860 1767
1461870 1767
1461880 1770
1461890 1777
1461900 1777
1461910 1784
1461920 1791
1461930 1791
1461940 1798
1461950 1803
1461960 1803
1461970 1808
1461980 1811
1461990 1815
1462000 1815
1462010 1816
1462020 1818
1462030 1818
1462040 1818
1462050 1822
1462060 1822
1462070 1827
1462080 1827
1462090 1827
1462100 1826
1462110 1827
1462120 1827
1462130 1829
1462140 1833
1462150 1833
1462160 1836
1462170 1838
1462180 1838
1462190 1840
1462200 1842
1462210 1844
1462220 1844
1462230 1845
1462240 1848
1462250 1848
1462260 1850
1462270 1852
1462280 1852
1462290 1857
1462300 1862
1462310 1862
1462320 1867
1462330 1871
1462340 1871
1462350 1876
1462360 1880
1462370 1880
1462380 1884
1462390 1888
1462400 1888
1462410 1891
1462420 1894
1462430 1897
1462440 1897
1462450 1901
1462460 1905
1462470 1905
1462480 1910
1462490 1915
1462500 1915
1462510 1922
1462520 1928
1462530 1928
1462540 1934
1462550 1939
1462560 1939
1462570 1945
1462580 1951
1462590 1951
1462600 1956
1462610 1962
1462620 1962
1462630 1965
1462640 1968
1462650 1971
1462660 1971
1462670 1976
1462680 1983
1462690 1983
1462700 1990
1462710 1998
1462720 1998
1462730 2005
1462740 2014
1462750 2014
1462760 2026
1462770 2037
1462780 2037
1462790 2046
1462800 2055
1462810 2055
1462820 2060
1462830 2055
1462840 2055
1462850 2052
1462860 2048
1462870 2022
1462880 2022
1462890 2012
1462900 2022
1462910 2022
1462920 2031
1462930 2039
1462940 2039
1462950 2046
1462960 2052
1462970 2052
1462980 2060
1462990 2067
1463000 2067
1463010 2074
1463020 2078
1463030 2078
1463040 2078
1463050 2078
1463060 2076
1463070 2076
1463080 2075
1463090 2069
1463100 2069
1463110 2063
1463120 2056
1463130 2056
1463140 2053
1463150 2052
1463160 2052
1463170 2052
1463180 2054
1463190 2054
1463200 2056
1463210 2058
1463220 2058
1463230 2059
1463240 2061
1463250 2061
1463260 2067
1463270 2073
1463280 2079
1463290 2079
1463300 2086
1463310 2092
1463320 2092
1463330 2096
1463340 2097
1463350 2097
1463360 2100
1463370 2103
1463380 2103
1463390 2108
1463400 2114
1463410 2114
1463420 2121
1463430 2129
1463440 2129
1463450 2138
1463460 2146
1463470 2146
1463480 2155
1463490 2165
1463500 2177
1463510 2177
1463520 2186
1463530 2179
1463540 2179
1463550 2167
1463560 2153
1463570 2153
1463580 2142
1463590 2132
1463600 2132
1463610 2112
1463620 2089
1463630 2089
1463640 2075
1463650 2062
1463660 2062
1463670 2057
1463680 2053
1463690 2053
1463700 2050
1463710 2047
1463720 2045
1463730 2045
1463740 2041
1463750 2038
1463760 2038
1463770 2035
1463780 2034
1463790 2034
1463800 2035
1463810 2037
1463820 2037
1463830 2038
1463840 2037
1463850 2037
1463860 2035
1463870 2037
1463880 2037
1463890 2038
1463900 2034
1463910 2034
1463920 2024
1463930 2016
1463940 2012
1463950 2012
1463960 2012
1463970 2013
1463980 2013
1463990 2008
1464000 2003
1464010 2003
1464020 1997
1464030 1989
1464040 1989
1464050 1981
1464060 1973
1464070 1973
1464080 1965
1464090 1958
1464100 1958
1464110 1950
1464120 1942
1464130 1936
1464140 1936
1464150 1930
1464160 1925
1464170 1925
1464180 1921
1464190 1919
1464200 1919
1464210 1916
1464220 1913
1464230 1913
1464240 1909
1464250 1905
1464260 1905
1464270 1901
1464280 1898
1464290 1898
1464300 1894
1464310 1892
1464320 1892
1464330 1890
1464340 1888
1464350 1886
1464360 1886
1464370 1884
1464380 1882
1464390 1882
1464400 1880
1464410 1877
1464420 1877
1464430 1874
1464440 1870
1464450 1870
1464460 1864
1464470 1856
1464480 1856
1464490 1851
1464500 1851
1464510 1851
1464520 1852
1464530 1852
1464540 1852
1464550 1851
1464560 1852
1464570 1853
1464580 1853
1464590 1854
1464600 1855
1464610 1855
1464620 1857
1464630 1859
1464640 1859
1464650 1861
1464660 1862
1464670 1862
1464680 1863
1464690 1864
1464700 1864
1464710 1864
1464720 1867
1464730 1867
1464740 1870
1464750 1871
1464760 1871
1464770 1871
1464780 1869
1464790 1865
1464800 1865
1464810 1859
1464820 1853
1464830 1853
1464840 1849
1464850 1844
1464860 1844
1464870 1840
1464880 1835
1464890 1835
1464900 1828
1464910 1822
1464920 1822
1464930 1816
1464940 1813
1464950 1813
1464960 1808
1464970 1804
1464980 1804
1464990 1800
1465000 1792
1465010 1785
1465020 1785
1465030 1779
1465040 1770
1465050 1770
1465060 1755
1465070 1745
1465080 1745
1465090 1739
1465100 1734
1465110 1734
1465120 1729
1465130 1723
1465140 1723
1465150 1718
1465160 1714
1465170 1714
1465180 1713
1465190 1711
1465200 1711
1465210 1707
1465220 1704
1465230 1701
1465240 1701
1465250 1698
1465260 1696
1465270 1696
1465280 1691
1465290 1675
1465300 1675
1465310 1663
1465320 1656
1465330 1656
1465340 1650
1465350 1641
1465360 1641
1465370 1629
1465380 1623
1465390 1623
1465400 1614
1465410 1606
1465420 1594
1465430 1594
1465440 1587
1465450 1582
1465460 1582
1465470 1575
1465480 1572
1465490 1572
1465500 1572
1465510 1570
1465520 1570
1465530 1560
1465540 1556
1465550 1556
1465560 1542
1465570 1534
1465580 1534
1465590 1525
1465600 1515
1465610 1515
1465620 1508
1465630 1502
1465640 1495
1465650 1495
1465660 1487
1465670 1481
1465680 1481
1465690 1476
1465700 1471
1465710 1471
1465720 1469
1465730 1462
1465740 1462
1465750 1437
1465760 1426
1465770 1426
1465780 1423
1465790 1420
1465800 1420
1465810 1417
1465820 1414
1465830 1414
1465840 1411
1465850 1409
1465860 1408
1465870 1408
1465880 1407
1465890 1405
1465900 1405
1465910 1402
1465920 1398
1465930 1398
1465940 1394
1465950 1390
1465960 1390
1465970 1388
1465980 1386
1465990 1386
1466000 1385
1466010 1384
1466020 1384
1466030 1383
1466040 1383
1466050 1383
1466060 1384
1466070 1385
1466080 1386
1466090 1386
1466100 1387
1466110 1388
1466120 1388
1466130 1390
1466140 1393
1466150 1393
1466160 1397
1466170 1401
1466180 1401
1466190 1405
1466200 1409
1466210 1409
1466220 1413
1466230 1418
1466240 1418
1466250 1425
1466260 1430
1466270 1430
1466280 1433
1466290 1435
1466300 1439
1466310 1439
1466320 1444
1466330 1448
1466340 1448
1466350 1451
1466360 1455
1466370 1455
1466380 1461
1466390 1467
1466400 1467
1466410 1471
1466420 1475
1466430 1475
1466440 1476
1466450 1479
1466460 1479
1466470 1482
1466480 1486
1466490 1490
1466500 1490
1466510 1492
1466520 1496
1466530 1496
1466540 1499
1466550 1503
1466560 1503
1466570 1508
1466580 1512
1466590 1512
1466600 1517
1466610 1521
1466620 1521
1466630 1526
1466640 1530
1466650 1530
1466660 1535
1466670 1539
1466680 1539
1466690 1543
1466700 1548
1466710 1552
1466720 1552
1466730 1556
1466740 1557
1466750 1557
1466760 1561
1466770 1567
1466780 1567
1466790 1571
1466800 1572
1466810 1572
1466820 1573
1466830 1572
1466840 1572
1466850 1572
1466860 1576
1466870 1576
1466880 1580
1466890 1587
1466900 1587
1466910 1592
1466920 1598
1466930 1604
1466940 1604
1466950 1608
1466960 1612
1466970 1612
1466980 1616
1466990 1620
1467000 1620
1467010 1622
1467020 1626
1467030 1626
1467040 1634
1467050 1642
1467060 1642
1467070 1653
1467080 1660
1467090 1660
1467100 1663
1467110 1659
1467120 1659
1467130 1655
1467140 1659
1467150 1661
1467160 1661
1467170 1669
1467180 1674
1467190 1674
1467200 1666
1467210 1662
1467220 1662
1467230 1669
1467240 1692
1467250 1692
1467260 1702
1467270 1706
1467280 1706
1467290 1709
1467300 1711
1467310 1711
1467320 1716
1467330 1728
1467340 1728
1467350 1736
1467360 1738
1467370 1742
1467380 1742
1467390 1745
1467400 1749
1467410 1749
1467420 1754
1467430 1759
1467440 1759
1467450 1765
1467460 1771
1467470 1771
1467480 1780
1467490 1786
1467500 1786
1467510 1775
1467520 1764
1467530 1764
1467540 1772
1467550 1801
1467560 1801
1467570 1850
1467580 1865
1467590 1826
1467600 1826
1467610 1788
1467620 1800
1467630 1800
1467640 1804
1467650 1807
1467660 1807
1467670 1812
1467680 1817
1467690 1817
1467700 1820
1467710 1825
1467720 1825
1467730 1828
1467740 1836
1467750 1836
1467760 1840
1467770 1839
1467780 1838
1467790 1838
1467800 1835
1467810 1830
1467820 1830
1467830 1830
1467840 1831
1467850 1831
1467860 1834
1467870 1836
1467880 1836
1467890 1836
1467900 1844
1467910 1844
1467920 1843
1467930 1842
1467940 1842
1467950 1839
1467960 1837
1467970 1837
1467980 1836
1467990 1833
1468000 1836
1468010 1836
1468020 1838
1468030 1836
1468040 1836
1468050 1839
1468060 1845
1468070 1845
1468080 1850
1468090 1855
1468100 1855
1468110 1859
1468120 1860
1468130 1860
1468140 1863
1468150 1865
1468160 1865
1468170 1866
1468180 1867
1468190 1867
1468200 1867
1468210 1867
1468220 1866
1468230 1866
1468240 1865
1468250 1867
1468260 1867
1468270 1871
1468280 1877
1468290 1877
1468300 1882
1468310 1885
1468320 1885
1468330 1888
1468340 1889
1468350 1889
1468360 1888
1468370 1882
1468380 1882
1468390 1883
1468400 1880
1468410 1880
1468420 1880
1468430 1882
1468440 1881
1468450 1881
1468460 1881
1468470 1883
1468480 1883
1468490 1888
1468500 1892
1468510 1892
1468520 1898
1468530 1904
1468540 1904
1468550 1911
1468560 1928
1468570 1928
1468580 1944
1468590 1954
1468600 1954
1468610 1955
1468620 1949
1468630 1949
1468640 1955
1468650 1957
1468660 1956
1468670 1956
1468680 1965
1468690 1974
1468700 1974
1468710 1982
1468720 1988
1468730 1988
1468740 1985
1468750 1985
1468760 1985
1468770 1989
1468780 1998
1468790 1998
1468800 2003
1468810 2004
1468820 2004
1468830 2003
1468840 2010
1468850 2017
1468860 2017
1468870 2024
1468880 2031
1468890 2031
1468900 2038
1468910 2046
1468920 2046
1468930 2054
1468940 2062
1468950 2062
1468960 2072
1468970 2079
1468980 2079
1468990 2084
1469000 2088
1469010 2088
1469020 2094
1469030 2099
1469040 2099
1469050 2104
1469060 2108
1469070 2108
1469080 2108
1469090 2107
1469100 2106
1469110 2106
1469120 2106
1469130 2107
1469140 2107
1469150 2110
1469160 2114
1469170 2114
1469180 2118
1469190 2119
1469200 2119
1469210 2117
1469220 2120
1469230 2120
1469240 2126
1469250 2129
1469260 2129
1469270 2131
1469280 2133
1469290 2135
1469300 2135
1469310 2137
1469320 2141
1469330 2141
1469340 2143
1469350 2145
1469360 2145
1469370 2144
1469380 2143
1469390 2143
1469400 2147
1469410 2152
1469420 2152
1469430 2156
1469440 2160
1469450 2160
1469460 2163
1469470 2167
1469480 2167
1469490 2173
1469500 2177
1469510 2186
1469520 2186
1469530 2193
1469540 2194
1469550 2194
1469560 2195
1469570 2198
1469580 2198
1469590 2203
1469600 2208
1469610 2208
1469620 2214
1469630 2220
1469640 2220
1469650 2226
1469660 2233
1469670 2233
1469680 2237
1469690 2239
1469700 2239
1469710 2240
1469720 2241
1469730 2242
1469740 2242
1469750 2245
1469760 2250
1469770 2250
1469780 2255
1469790 2260
1469800 2260
1469810 2265
1469820 2270
1469830 2270
1469840 2278
1469850 2297
1469860 2297
1469870 2313
1469880 2320
1469890 2320
1469900 2330
1469910 2334
1469920 2334
1469930 2343
1469940 2351
1469950 2361
1469960 2361
1469970 2369
1469980 2370
1469990 2370
1470000 2373
1470010 2379
1470020 2379
1470030 2389
1470040 2400
1470050 2400
1470060 2409
1470070 2413
1470080 2413
1470090 2419
1470100 2430
1470110 2430
1470120 2435
1470130 2416
1470140 2393
1470150 2393
1470160 2380
1470170 2374
1470180 2374
1470190 2369
1470200 2364
1470210 2364
1470220 2359
1470230 2354
1470240 2354
1470250 2351
1470260 2349
1470270 2349
1470280 2348
1470290 2348
1470300 2348
1470310 2347
1470320 2349
1470330 2349
1470340 2351
1470350 2352
1470360 2354
1470370 2354
1470380 2355
1470390 2354
1470400 2354
1470410 2356
1470420 2355
1470430 2355
1470440 2353
1470450 2353
1470460 2353
1470470 2352
1470480 2348
1470490 2348
1470500 2343
1470510 2341
1470520 2341
1470530 2340
1470540 2340
1470550 2340
1470560 2339
1470570 2339
1470580 2338
1470590 2338
1470600 2336
1470610 2333
1470620 2333
1470630 2330
1470640 2327
1470650 2327
1470660 2324
1470670 2321
1470680 2321
1470690 2317
1470700 2312
1470710 2312
1470720 2310
1470730 2308
1470740 2308
1470750 2306
1470760 2303
1470770 2303
1470780 2300
1470790 2297
1470800 2292
1470810 2292
1470820 2289
1470830 2287
1470840 2287
1470850 2286
1470860 2284
1470870 2284
1470880 2281
1470890 2278
1470900 2278
1470910 2275
1470920 2270
1470930 2270
1470940 2256
1470950 2249
1470960 2249
1470970 2248
1470980 2251
1470990 2251
1471000 2255
1471010 2259
1471020 2262
1471030 2262
1471040 2264
1471050 2266
1471060 2266
1471070 2269
1471080 2269
1471090 2269
1471100 2269
1471110 2269
1471120 2269
1471130 2269
1471140 2270
1471150 2270
1471160 2271
1471170 2271
1471180 2271
1471190 2271
1471200 2271
1471210 2272
1471220 2272
1471230 2273
1471240 2273
1471250 2273
1471260 2274
1471270 2274
1471280 2274
1471290 2272
1471300 2269
1471310 2269
1471320 2267
1471330 2267
1471340 2267
1471350 2268
1471360 2267
1471370 2267
1471380 2266
1471390 2268
1471400 2268
1471410 2266
1471420 2265
1471430 2263
1471440 2263
1471450 2265
1471460 2266
1471470 2266
1471480 2267
1471490 2266
1471500 2266
1471510 2268
1471520 2270
1471530 2270
1471540 2272
1471550 2275
1471560 2275
1471570 2275
1471580 2271
1471590 2271
1471600 2271
1471610 2275
1471620 2275
1471630 2275
1471640 2275
1471650 2275
1471660 2275
1471670 2274
1471680 2275
1471690 2275
1471700 2277
1471710 2277
1471720 2277
1471730 2277
1471740 2277
1471750 2277
1471760 2277
1471770 2270
1471780 2270
1471790 2263
1471800 2265
1471810 2265
1471820 2254
1471830 2250
1471840 2250
1471850 2252
1471860 2259
1471870 2266
1471880 2266
1471890 2271
1471900 2276
1471910 2276
1471920 2277
1471930 2275
1471940 2275
1471950 2266
1471960 2270
1471970 2270
1471980 2274
1471990 2276
1472000 2276
1472010 2278
1472020 2277
1472030 2277
1472040 2277
1472050 2276
1472060 2276
1472070 2278
1472080 2282
1472090 2283
1472100 2283
1472110 2286
1472120 2289
1472130 2289
1472140 2290
1472150 2290
1472160 2290
1472170 2289
1472180 2290
1472190 2290
1472200 2290
1472210 2289
1472220 2289
1472230 2291
1472240 2292
1472250 2292
1472260 2292
1472270 2283
1472280 2283
1472290 2278
1472300 2285
1472310 2288
1472320 2288
1472330 2288
1472340 2286
1472350 2286
1472360 2280
1472370 2282
1472380 2282
1472390 2286
1472400 2290
1472410 2290
1472420 2293
1472430 2296
1472440 2296
1472450 2298
1472460 2297
1472470 2297
1472480 2295
1472490 2293
1472500 2290
1472510 2290
1472520 2289
1472530 2293
1472540 2293
1472550 2292
1472560 2293
1472570 2293
1472580 2297
1472590 2300
1472600 2300
1472610 2306
1472620 2310
1472630 2310
1472640 2310
1472650 2307
1472660 2307
1472670 2307
1472680 2312
1472690 2312
1472700 2321
1472710 2331
1472720 2338
1472730 2338
1472740 2344
1472750 2345
1472760 2345
1472770 2345
1472780 2341
1472790 2341
1472800 2341
1472810 2347
1472820 2347
1472830 2352
1472840 2357
1472850 2357
1472860 2361
1472870 2363
1472880 2363
1472890 2366
1472900 2371
1472910 2371
1472920 2379
1472930 2386
1472940 2395
1472950 2395
1472960 2400
1472970 2405
1472980 2405
1472990 2406
1473000 2404
1473010 2404
1473020 2403
1473030 2403
1473040 2403
1473050 2407
1473060 2409
1473070 2409
1473080 2411
1473090 2414
1473100 2414
1473110 2417
1473120 2423
1473130 2423
1473140 2427
1473150 2429
1473160 2431
1473170 2431
1473180 2434
1473190 2438
1473200 2438
1473210 2442
1473220 2445
1473230 2445
1473240 2448
1473250 2451
1473260 2451
1473270 2454
1473280 2456
1473290 2456
1473300 2458
1473310 2460
1473320 2460
1473330 2463
1473340 2466
1473350 2466
1473360 2468
1473370 2470
1473380 2472
1473390 2472
1473400 2475
1473410 2478
1473420 2478
1473430 2481
1473440 2482
1473450 2482
1473460 2484
1473470 2487
1473480 2487
1473490 2490
1473500 2493
1473510 2493
1473520 2496
1473530 2497
1473540 2497
1473550 2499
1473560 2503
1473570 2507
1473580 2507
1473590 2512
1473600 2519
1473610 2519
1473620 2527
1473630 2536
1473640 2536
1473650 2542
1473660 2544
1473670 2544
1473680 2545
1473690 2546
1473700 2546
1473710 2548
1473720 2550
1473730 2550
1473740 2553
1473750 2557
1473760 2557
1473770 2561
1473780 2565
1473790 2569
1473800 2569
1473810 2574
1473820 2580
1473830 2580
1473840 2587
1473850 2591
1473860 2591
1473870 2594
1473880 2599
1473890 2599
1473900 2604
1473910 2610
1473920 2610
1473930 2620
1473940 2632
1473950 2632
1473960 2643
1473970 2657
1473980 2657
1473990 2669
1474000 2678
1474010 2690
1474020 2690
1474030 2697
1474040 2706
1474050 2706
1474060 2715
1474070 2722
1474080 2722
1474090 2731
1474100 2742
1474110 2742
1474120 2751
1474130 2759
1474140 2759
1474150 2766
1474160 2773
1474170 2773
1474180 2778
1474190 2784
1474200 2784
1474210 2788
1474220 2792
1474230 2796
1474240 2796
1474250 2802
1474260 2808
1474270 2808
1474280 2816
1474290 2824
1474300 2824
1474310 2833
1474320 2840
1474330 2840
1474340 2847
1474350 2855
1474360 2855
1474370 2860
1474380 2867
1474390 2867
1474400 2873
1474410 2879
1474420 2879
1474430 2885
1474440 2891
1474450 2898
1474460 2898
1474470 2903
1474480 2912
1474490 2912
1474500 2940
1474510 2955
1474520 2955
1474530 2950
1474540 2945
1474550 2945
1474560 2941
1474570 2939
1474580 2939
1474590 2937
1474600 2936
1474610 2936
1474620 2933
1474630 2931
1474640 2931
1474650 2929
1474660 2927
1474670 2925
1474680 2925
1474690 2923
1474700 2920
1474710 2920
1474720 2917
1474730 2915
1474740 2915
1474750 2912
1474760 2910
1474770 2910
1474780 2907
1474790 2905
1474800 2905
1474810 2903
1474820 2902
1474830 2902
1474840 2900
1474850 2899
1474860 2897
1474870 2897
1474880 2895
1474890 2894
1474900 2894
1474910 2892
1474920 2890
1474930 2890
1474940 2888
1474950 2886
1474960 2886
1474970 2884
1474980 2882
1474990 2882
1475000 2880
1475010 2877
1475020 2877
1475030 2875
1475040 2873
1475050 2873
1475060 2871
1475070 2869
1475080 2867
1475090 2867
1475100 2864
1475110 2862
1475120 2862
1475130 2858
1475140 2855
1475150 2855
1475160 2852
1475170 2848
1475180 2848
1475190 2845
1475200 2841
1475210 2841
1475220 2838
1475230 2835
1475240 2835
1475250 2831
1475260 2828
1475270 2828
1475280 2825
1475290 2822
1475300 2820
1475310 2820
1475320 2817
1475330 2815
1475340 2815
1475350 2812
1475360 2810
1475370 2810
1475380 2808
1475390 2805
1475400 2805
1475410 2802
1475420 2799
1475430 2799
1475440 2795
1475450 2792
1475460 2792
1475470 2788
1475480 2786
1475490 2786
1475500 2783
1475510 2779
1475520 2776
1475530 2776
1475540 2774
1475550 2771
1475560 2771
1475570 2769
1475580 2766
1475590 2766
1475600 2763
1475610 2759
1475620 2759
1475630 2756
1475640 2753
1475650 2753
1475660 2752
1475670 2749
1475680 2749
1475690 2747
1475700 2746
1475710 2746
1475720 2744
1475730 2743
1475740 2741
1475750 2741
1475760 2739
1475770 2735
1475780 2735
1475790 2732
1475800 2729
1475810 2729
1475820 2726
1475830 2724
1475840 2724
1475850 2722
1475860 2719
1475870 2719
1475880 2717
1475890 2715
1475900 2715
1475910 2713
1475920 2710
1475930 2708
1475940 2708
1475950 2706
1475960 2704
1475970 2704
1475980 2701
1475990 2699
1476000 2699
1476010 2695
1476020 2691
1476030 2691
1476040 2686
1476050 2681
1476060 2681
1476070 2676
1476080 2670
1476090 2670
1476100 2664
1476110 2658
1476120 2658
1476130 2652
1476140 2646
1476150 2641
1476160 2641
1476170 2635
1476180 2630
1476190 2630
1476200 2625
1476210 2620
1476220 2620
1476230 2616
1476240 2612
1476250 2612
1476260 2609
1476270 2606
1476280 2606
1476290 2605
1476300 2605
1476310 2605
1476320 2604
1476330 2599
1476340 2599
1476350 2591
1476360 2589
1476370 2588
1476380 2588
1476390 2585
1476400 2579
1476410 2579
1476420 2576
1476430 2570
1476440 2570
1476450 2564
1476460 2560
1476470 2560
1476480 2556
1476490 2545
1476500 2545
1476510 2538
1476520 2535
1476530 2535
1476540 2532
1476550 2527
1476560 2527
1476570 2516
1476580 2499
1476590 2487
1476600 2487
1476610 2473
1476620 2467
1476630 2467
1476640 2468
1476650 2464
1476660 2464
1476670 2452
1476680 2443
1476690 2443
1476700 2440
1476710 2438
1476720 2438
1476730 2436
1476740 2433
1476750 2433
1476760 2431
1476770 2431
1476780 2431
1476790 2430
1476800 2429
1476810 2429
1476820 2429
1476830 2432
1476840 2434
1476850 2434
1476860 2439
1476870 2442
1476880 2442
1476890 2445
1476900 2450
1476910 2450
1476920 2454
1476930 2460
1476940 2460
1476950 2464
1476960 2470
1476970 2470
1476980 2476
1476990 2482
1477000 2482
1477010 2487
1477020 2489
1477030 2489
1477040 2489
1477050 2487
1477060 2486
1477070 2486
1477080 2492
1477090 2500
1477100 2500
1477110 2505
1477120 2509
1477130 2509
1477140 2511
1477150 2514
1477160 2514
1477170 2518
1477180 2523
1477190 2523
1477200 2529
1477210 2537
1477220 2548
1477230 2548
1477240 2556
1477250 2561
1477260 2561
1477270 2565
1477280 2571
1477290 2571
1477300 2576
1477310 2581
1477320 2581
1477330 2583
1477340 2586
1477350 2586
1477360 2588
1477370 2590
1477380 2590
1477390 2591
1477400 2594
1477410 2594
1477420 2599
1477430 2601
1477440 2603
1477450 2603
1477460 2604
1477470 2608
1477480 2608
1477490 2612
1477500 2618
1477510 2618
1477520 2623
1477530 2629
1477540 2629
1477550 2633
1477560 2637
1477570 2637
1477580 2641
1477590 2645
1477600 2645
1477610 2647
1477620 2648
1477630 2648
1477640 2648
1477650 2649
1477660 2650
1477670 2650
1477680 2651
1477690 2655
1477700 2655
1477710 2659
1477720 2664
1477730 2664
1477740 2669
1477750 2675
1477760 2675
1477770 2681
1477780 2688
1477790 2688
1477800 2695
1477810 2702
1477820 2702
1477830 2708
1477840 2716
1477850 2716
1477860 2727
1477870 2737
1477880 2746
1477890 2746
1477900 2754
1477910 2762
1477920 2762
1477930 2773
1477940 2784
1477950 2784
1477960 2795
1477970 2809
1477980 2809
1477990 2818
1478000 2831
1478010 2831
1478020 2840
1478030 2848
1478040 2848
1478050 2855
1478060 2863
1478070 2863
1478080 2870
1478090 2878
1478100 2885
1478110 2885
1478120 2893
1478130 2902
1478140 2902
1478150 2909
1478160 2909
1478170 2909
1478180 2909
1478190 2904
1478200 2904
1478210 2896
1478220 2886
1478230 2886
1478240 2877
1478250 2869
1478260 2869
1478270 2860
1478280 2852
1478290 2844
1478300 2844
1478310 2836
1478320 2827
1478330 2827
1478340 2819
1478350 2812
1478360 2812
1478370 2806
1478380 2802
1478390 2802
1478400 2799
1478410 2795
1478420 2795
1478430 2790
1478440 2789
1478450 2789
1478460 2789
1478470 2792
1478480 2792
1478490 2794
1478500 2796
1478510 2799
1478520 2799
1478530 2803
1478540 2801
1478550 2801
1478560 2792
1478570 2786
1478580 2786
1478590 2777
1478600 2772
1478610 2772
1478620 2772
1478630 2764
1478640 2764
1478650 2752
1478660 2740
1478670 2740
1478680 2728
1478690 2717
1478700 2717
1478710 2713
1478720 2708
1478730 2703
1478740 2703
1478750 2698
1478760 2694
1478770 2694
1478780 2690
1478790 2686
1478800 2686
1478810 2682
1478820 2679
1478830 2679
1478840 2676
1478850 2672
1478860 2672
1478870 2668
1478880 2663
1478890 2663
1478900 2658
1478910 2653
1478920 2653
1478930 2650
1478940 2647
1478950 2643
1478960 2643
1478970 2640
1478980 2637
1478990 2637
1479000 2634
1479010 2633
1479020 2633
1479030 2632
1479040 2630
1479050 2630
1479060 2627
1479070 2626
1479080 2626
1479090 2625
1479100 2620
1479110 2620
1479120 2614
1479130 2607
1479140 2607
1479150 2601
1479160 2598
1479170 2597
1479180 2597
1479190 2598
1479200 2596
1479210 2596
1479220 2594
1479230 2591
1479240 2591
1479250 2586
1479260 2578
1479270 2578
1479280 2570
1479290 2564
1479300 2564
1479310 2559
1479320 2553
1479330 2553
1479340 2547
1479350 2544
1479360 2544
1479370 2541
1479380 2539
1479390 2537
1479400 2537
1479410 2535
1479420 2528
1479430 2528
1479440 2523
1479450 2518
1479460 2518
1479470 2513
1479480 2506
1479490 2506
1479500 2498
1479510 2492
1479520 2492
1479530 2483
1479540 2475
1479550 2475
1479560 2468
1479570 2461
1479580 2454
1479590 2454
1479600 2448
1479610 2443
1479620 2443
1479630 2435
1479640 2429
1479650 2429
1479660 2420
1479670 2411
1479680 2411
1479690 2396
1479700 2386
1479710 2386
1479720 2376
1479730 2364
1479740 2364
1479750 2354
1479760 2347
1479770 2347
1479780 2341
1479790 2333
1479800 2325
1479810 2325
1479820 2315
1479830 2305
1479840 2305
1479850 2297
1479860 2289
1479870 2289
1479880 2283
1479890 2276
1479900 2276
1479910 2267
1479920 2259
1479930 2259
1479940 2253
1479950 2246
1479960 2246
1479970 2238
1479980 2230
1479990 2230
