1460000 1872
1460010 1869
1460020 1869
1460030 1870
1460040 1870
1460050 1870
1460060 1869
1460070 1866
1460080 1862
1460090 1862
1460100 1859
1460110 1855
1460120 1855
1460130 1853
1460140 1854
1460150 1854
1460160 1856
1460170 1855
1460180 1855
1460190 1854
1460200 1853
1460210 1853
1460220 1852
1460230 1849
1460240 1849
1460250 1848
1460260 1848
1460270 1848
1460280 1848
1460290 1847
1460300 1847
1460310 1847
1460320 1847
1460330 1847
1460340 1847
1460350 1850
1460360 1849
1460370 1849
1460380 1847
1460390 1846
1460400 1846
1460410 1845
1460420 1844
1460430 1844
1460440 1844
1460450 1844
1460460 1844
1460470 1845
1460480 1846
1460490 1846
1460500 1847
1460510 1848
1460520 1850
1460530 1850
1460540 1851
1460550 1848
1460560 1848
1460570 1848
1460580 1848
1460590 1848
1460600 1846
1460610 1844
1460620 1844
1460630 1844
1460640 1845
1460650 1845
1460660 1844
1460670 1845
1460680 1845
1460690 1844
1460700 1842
1460710 1842
1460720 1843
1460730 1846
1460740 1850
1460750 1850
1460760 1849
1460770 1845
1460780 1845
1460790 1845
1460800 1849
1460810 1849
1460820 1852
1460830 1853
1460840 1853
1460850 1855
1460860 1858
1460870 1858
1460880 1862
1460890 1868
1460900 1868
1460910 1872
1460920 1877
1460930 1877
1460940 1881
1460950 1885
1460960 1890
1460970 1890
1460980 1895
1460990 1900
1461000 1900
1461010 1904
1461020 1911
1461030 1911
1461040 1917
1461050 1921
1461060 1921
1461070 1927
1461080 1933
1461090 1933
1461100 1938
1461110 1941
1461120 1941
1461130 1948
1461140 1958
1461150 1958
1461160 1960
1461170 1959
1461180 1955
1461190 1955
1461200 1947
1461210 1937
1461220 1937
1461230 1925
1461240 1914
1461250 1914
1461260 1903
1461270 1890
1461280 1890
1461290 1877
1461300 1853
1461310 1853
1461320 1836
1461330 1825
1461340 1825
1461350 1810
1461360 1800
1461370 1800
1461380 1793
1461390 1788
1461400 1783
1461410 1783
1461420 1778
1461430 1773
1461440 1773
1461450 1770
1461460 1768
1461470 1768
1461480 1767
1461490 1766
1461500 1766
1461510 1764
1461520 1761
1461530 1761
1461540 1759
1461550 1754
1461560 1754
1461570 1743
1461580 1728
1461590 1716
1461600 1716
1461610 1704
1461620 1693
1461630 1693
1461640 1680
1461650 1665
1461660 1665
1461670 1651
1461680 1640
1461690 1640
1461700 1625
1461710 1604
1461720 1604
1461730 1575
1461740 1560
1461750 1560
1461760 1532
1461770 1505
1461780 1505
1461790 1493
1461800 1485
1461810 1470
1461820 1470
1461830 1437
1461840 1417
1461850 1417
1461860 1400
1461870 1391
1461880 1391
1461890 1384
1461900 1375
1461910 1375
1461920 1367
1461930 1359
1461940 1359
1461950 1351
1461960 1342
1461970 1342
1461980 1334
1461990 1326
1462000 1326
1462010 1318
1462020 1310
1462030 1303
1462040 1303
1462050 1297
1462060 1290
1462070 1290
1462080 1283
1462090 1276
1462100 1276
1462110 1269
1462120 1258
1462130 1258
1462140 1254
1462150 1255
1462160 1255
1462170 1258
1462180 1257
1462190 1257
1462200 1256
1462210 1255
1462220 1255
1462230 1255
1462240 1255
1462250 1257
1462260 1257
1462270 1259
1462280 1263
1462290 1263
1462300 1264
1462310 1266
1462320 1266
1462330 1266
1462340 1267
1462350 1267
1462360 1269
1462370 1272
1462380 1272
1462390 1275
1462400 1278
1462410 1278
1462420 1282
1462430 1287
1462440 1287
1462450 1291
1462460 1294
1462470 1295
1462480 1295
1462490 1297
1462500 1300
1462510 1300
1462520 1303
1462530 1304
1462540 1304
1462550 1303
1462560 1302
1462570 1302
1462580 1302
1462590 1295
1462600 1295
1462610 1288
1462620 1285
1462630 1285
1462640 1283
1462650 1282
1462660 1282
1462670 1286
1462680 1288
1462690 1288
1462700 1288
1462710 1288
1462720 1289
1462730 1289
1462740 1287
1462750 1279
1462760 1279
1462770 1269
1462780 1269
1462790 1269
1462800 1270
1462810 1271
1462820 1271
1462830 1271
1462840 1269
1462850 1269
1462860 1266
1462870 1265
1462880 1265
1462890 1266
1462900 1267
1462910 1267
1462920 1267
1462930 1270
1462940 1271
1462950 1271
1462960 1273
1462970 1274
1462980 1274
1462990 1275
1463000 1277
1463010 1277
1463020 1277
1463030 1277
1463040 1277
1463050 1278
1463060 1280
1463070 1280
1463080 1281
1463090 1283
1463100 1283
1463110 1285
1463120 1287
1463130 1288
1463140 1288
1463150 1288
1463160 1289
1463170 1289
1463180 1289
1463190 1289
1463200 1289
1463210 1288
1463220 1286
1463230 1286
1463240 1285
1463250 1282
1463260 1282
1463270 1279
1463280 1276
1463290 1276
1463300 1273
1463310 1270
1463320 1266
1463330 1266
1463340 1261
1463350 1256
1463360 1256
1463370 1252
1463380 1250
1463390 1250
1463400 1249
1463410 1248
1463420 1248
1463430 1249
1463440 1250
1463450 1250
1463460 1252
1463470 1253
1463480 1253
1463490 1256
1463500 1257
1463510 1257
1463520 1259
1463530 1261
1463540 1261
1463550 1261
1463560 1261
1463570 1261
1463580 1261
1463590 1262
1463600 1262
1463610 1262
1463620 1261
1463630 1260
1463640 1260
1463650 1260
1463660 1260
1463670 1260
1463680 1261
1463690 1261
1463700 1261
1463710 1261
1463720 1259
1463730 1259
1463740 1257
1463750 1255
1463760 1253
1463770 1253
1463780 1251
1463790 1250
1463800 1250
1463810 1248
1463820 1246
1463830 1246
1463840 1245
1463850 1246
1463860 1246
1463870 1248
1463880 1248
1463890 1248
1463900 1247
1463910 1247
1463920 1247
1463930 1245
1463940 1245
1463950 1245
1463960 1245
1463970 1245
1463980 1247
1463990 1247
1464000 1248
1464010 1250
1464020 1250
1464030 1251
1464040 1253
1464050 1253
1464060 1255
1464070 1257
1464080 1257
1464090 1259
1464100 1260
1464110 1260
1464120 1261
1464130 1262
1464140 1262
1464150 1263
1464160 1265
1464170 1265
1464180 1267
1464190 1269
1464200 1270
1464210 1270
1464220 1272
1464230 1273
1464240 1273
1464250 1274
1464260 1274
1464270 1274
1464280 1275
1464290 1277
1464300 1277
1464310 1277
1464320 1280
1464330 1280
1464340 1281
1464350 1283
1464360 1283
1464370 1285
1464380 1292
1464390 1292
1464400 1298
1464410 1302
1464420 1305
1464430 1305
1464440 1309
1464450 1313
1464460 1313
1464470 1318
1464480 1322
1464490 1322
1464500 1327
1464510 1331
1464520 1331
1464530 1335
1464540 1340
1464550 1340
1464560 1345
1464570 1352
1464580 1352
1464590 1356
1464600 1359
1464610 1359
1464620 1363
1464630 1368
1464640 1372
1464650 1372
1464660 1378
1464670 1383
1464680 1383
1464690 1388
1464700 1394
1464710 1394
1464720 1399
1464730 1404
1464740 1404
1464750 1409
1464760 1414
1464770 1414
1464780 1414
1464790 1419
1464800 1419
1464810 1424
1464820 1427
1464830 1427
1464840 1429
1464850 1431
1464860 1433
1464870 1433
1464880 1435
1464890 1436
1464900 1436
1464910 1439
1464920 1440
1464930 1440
1464940 1440
1464950 1439
1464960 1439
1464970 1442
1464980 1447
1464990 1447
1465000 1453
1465010 1459
1465020 1459
1465030 1464
1465040 1470
1465050 1475
1465060 1475
1465070 1482
1465080 1487
1465090 1487
1465100 1486
1465110 1481
1465120 1481
1465130 1483
1465140 1488
1465150 1488
1465160 1495
1465170 1505
1465180 1505
1465190 1523
1465200 1532
1465210 1532
1465220 1557
1465230 1576
1465240 1576
1465250 1588
1465260 1599
1465270 1608
1465280 1608
1465290 1616
1465300 1625
1465310 1625
1465320 1637
1465330 1647
1465340 1647
1465350 1656
1465360 1663
1465370 1663
1465380 1667
1465390 1667
1465400 1667
1465410 1670
1465420 1674
1465430 1674
1465440 1680
1465450 1687
1465460 1687
1465470 1693
1465480 1699
1465490 1704
1465500 1704
1465510 1711
1465520 1718
1465530 1718
1465540 1723
1465550 1731
1465560 1731
1465570 1739
1465580 1745
1465590 1745
1465600 1750
1465610 1757
1465620 1757
1465630 1764
1465640 1771
1465650 1771
1465660 1777
1465670 1784
1465680 1784
1465690 1791
1465700 1801
1465710 1809
1465720 1809
1465730 1815
1465740 1820
1465750 1820
1465760 1825
1465770 1830
1465780 1830
1465790 1834
1465800 1839
1465810 1839
1465820 1843
1465830 1847
1465840 1847
1465850 1851
1465860 1855
1465870 1855
1465880 1858
1465890 1862
1465900 1862
1465910 1867
1465920 1873
1465930 1879
1465940 1879
1465950 1885
1465960 1890
1465970 1890
1465980 1895
1465990 1901
1466000 1901
1466010 1905
1466020 1911
1466030 1911
1466040 1915
1466050 1917
1466060 1917
1466070 1920
1466080 1923
1466090 1923
1466100 1927
1466110 1930
1466120 1930
1466130 1935
1466140 1941
1466150 1947
1466160 1947
1466170 1957
1466180 1964
1466190 1964
1466200 1968
1466210 1972
1466220 1972
1466230 1979
1466240 1985
1466250 1985
1466260 1990
1466270 1995
1466280 1995
1466290 2000
1466300 2001
1466310 2001
1466320 2006
1466330 2012
1466340 2012
1466350 2017
1466360 2023
1466370 2027
1466380 2027
1466390 2031
1466400 2037
1466410 2037
1466420 2043
1466430 2048
1466440 2048
1466450 2053
1466460 2060
1466470 2060
1466480 2064
1466490 2067
1466500 2067
1466510 2068
1466520 2071
1466530 2071
1466540 2073
1466550 2076
1466560 2076
1466570 2083
1466580 2092
1466590 2098
1466600 2098
1466610 2103
1466620 2108
1466630 2108
1466640 2112
1466650 2117
1466660 2117
1466670 2119
1466680 2121
1466690 2121
1466700 2123
1466710 2127
1466720 2127
1466730 2132
1466740 2135
1466750 2135
1466760 2138
1466770 2140
1466780 2141
1466790 2141
1466800 2146
1466810 2151
1466820 2151
1466830 2156
1466840 2162
1466850 2162
1466860 2165
1466870 2168
1466880 2168
1466890 2170
1466900 2173
1466910 2173
1466920 2177
1466930 2182
1466940 2182
1466950 2185
1466960 2188
1466970 2188
1466980 2190
1466990 2192
1467000 2194
1467010 2194
1467020 2195
1467030 2196
1467040 2196
1467050 2194
1467060 2195
1467070 2195
1467080 2195
1467090 2192
1467100 2192
1467110 2190
1467120 2188
1467130 2188
1467140 2188
1467150 2190
1467160 2190
1467170 2191
1467180 2195
1467190 2195
1467200 2201
1467210 2204
1467220 2205
1467230 2205
1467240 2205
1467250 2205
1467260 2205
1467270 2204
1467280 2206
1467290 2206
1467300 2211
1467310 2216
1467320 2216
1467330 2219
1467340 2224
1467350 2224
1467360 2228
1467370 2233
1467380 2233
1467390 2239
1467400 2244
1467410 2244
1467420 2249
1467430 2252
1467440 2254
1467450 2254
1467460 2256
1467470 2257
1467480 2257
1467490 2259
1467500 2262
1467510 2262
1467520 2264
1467530 2267
1467540 2267
1467550 2269
1467560 2271
1467570 2271
1467580 2274
1467590 2277
1467600 2277
1467610 2277
1467620 2276
1467630 2276
1467640 2274
1467650 2273
1467660 2274
1467670 2274
1467680 2275
1467690 2278
1467700 2278
1467710 2280
1467720 2281
1467730 2281
1467740 2281
1467750 2283
1467760 2283
1467770 2285
1467780 2289
1467790 2289
1467800 2293
1467810 2294
1467820 2294
1467830 2295
1467840 2294
1467850 2294
1467860 2294
1467870 2293
1467880 2293
1467890 2293
1467900 2292
1467910 2290
1467920 2290
1467930 2289
1467940 2287
1467950 2287
1467960 2285
1467970 2282
1467980 2282
1467990 2280
1468000 2279
1468010 2279
1468020 2279
1468030 2280
1468040 2280
1468050 2280
1468060 2280
1468070 2280
1468080 2281
1468090 2283
1468100 2284
1468110 2284
1468120 2286
1468130 2288
1468140 2288
1468150 2293
1468160 2298
1468170 2298
1468180 2305
1468190 2310
1468200 2310
1468210 2315
1468220 2320
1468230 2320
1468240 2325
1468250 2329
1468260 2329
1468270 2332
1468280 2334
1468290 2334
1468300 2337
1468310 2340
1468320 2343
1468330 2343
1468340 2345
1468350 2347
1468360 2347
1468370 2349
1468380 2352
1468390 2352
1468400 2355
1468410 2364
1468420 2364
1468430 2372
1468440 2377
1468450 2377
1468460 2383
1468470 2395
1468480 2395
1468490 2401
1468500 2404
1468510 2406
1468520 2406
1468530 2409
1468540 2410
1468550 2410
1468560 2411
1468570 2411
1468580 2411
1468590 2412
1468600 2416
1468610 2416
1468620 2420
1468630 2420
1468640 2420
1468650 2421
1468660 2422
1468670 2422
1468680 2418
1468690 2415
1468700 2415
1468710 2415
1468720 2415
1468730 2415
1468740 2415
1468750 2415
1468760 2415
1468770 2415
1468780 2417
1468790 2422
1468800 2422
1468810 2422
1468820 2422
1468830 2422
1468840 2424
1468850 2426
1468860 2426
1468870 2427
1468880 2427
1468890 2427
1468900 2429
1468910 2432
1468920 2432
1468930 2434
1468940 2436
1468950 2437
1468960 2437
1468970 2437
1468980 2438
1468990 2438
1469000 2440
1469010 2443
1469020 2443
1469030 2446
1469040 2448
1469050 2448
1469060 2449
1469070 2450
1469080 2450
1469090 2449
1469100 2450
1469110 2450
1469120 2450
1469130 2450
1469140 2450
1469150 2451
1469160 2453
1469170 2454
1469180 2454
1469190 2456
1469200 2461
1469210 2461
1469220 2467
1469230 2474
1469240 2474
1469250 2489
1469260 2499
1469270 2499
1469280 2502
1469290 2505
1469300 2505
1469310 2510
1469320 2514
1469330 2514
1469340 2518
1469350 2523
1469360 2523
1469370 2530
1469380 2533
1469390 2536
1469400 2536
1469410 2539
1469420 2543
1469430 2543
1469440 2548
1469450 2553
1469460 2553
1469470 2557
1469480 2561
1469490 2561
1469500 2565
1469510 2569
1469520 2569
1469530 2573
1469540 2573
1469550 2573
1469560 2573
1469570 2572
1469580 2572
1469590 2571
1469600 2571
1469610 2571
1469620 2571
1469630 2571
1469640 2571
1469650 2571
1469660 2571
1469670 2571
1469680 2571
1469690 2572
1469700 2571
1469710 2571
1469720 2572
1469730 2574
1469740 2574
1469750 2575
1469760 2578
1469770 2578
1469780 2579
1469790 2582
1469800 2582
1469810 2584
1469820 2586
1469830 2588
1469840 2588
1469850 2591
1469860 2593
1469870 2593
1469880 2596
1469890 2598
1469900 2598
1469910 2601
1469920 2604
1469930 2604
1469940 2608
1469950 2612
1469960 2612
1469970 2616
1469980 2620
1469990 2620
1470000 2624
1470010 2629
1470020 2629
1470030 2633
1470040 2638
1470050 2644
1470060 2644
1470070 2649
1470080 2654
1470090 2654
1470100 2659
1470110 2665
1470120 2665
1470130 2669
1470140 2672
1470150 2672
1470160 2675
1470170 2678
1470180 2678
1470190 2682
1470200 2686
1470210 2686
1470220 2691
1470230 2695
1470240 2700
1470250 2700
1470260 2705
1470270 2711
1470280 2711
1470290 2717
1470300 2723
1470310 2723
1470320 2731
1470330 2740
1470340 2740
1470350 2749
1470360 2757
1470370 2757
1470380 2763
1470390 2770
1470400 2770
1470410 2775
1470420 2781
1470430 2781
1470440 2786
1470450 2791
1470460 2796
1470470 2796
1470480 2801
1470490 2807
1470500 2807
1470510 2813
1470520 2821
1470530 2821
1470540 2833
1470550 2845
1470560 2845
1470570 2837
1470580 2822
1470590 2822
1470600 2818
1470610 2814
1470620 2814
1470630 2811
1470640 2808
1470650 2808
1470660 2805
1470670 2803
1470680 2801
1470690 2801
1470700 2799
1470710 2798
1470720 2798
1470730 2798
1470740 2799
1470750 2799
1470760 2800
1470770 2802
1470780 2802
1470790 2804
1470800 2806
1470810 2806
1470820 2807
1470830 2810
1470840 2810
1470850 2813
1470860 2815
1470870 2815
1470880 2817
1470890 2824
1470900 2829
1470910 2829
1470920 2834
1470930 2837
1470940 2837
1470950 2838
1470960 2840
1470970 2840
1470980 2845
1470990 2851
1471000 2851
1471010 2854
1471020 2856
1471030 2856
1471040 2858
1471050 2861
1471060 2861
1471070 2865
1471080 2866
1471090 2866
1471100 2867
1471110 2865
1471120 2862
1471130 2862
1471140 2856
1471150 2853
1471160 2853
1471170 2848
1471180 2843
1471190 2843
1471200 2840
1471210 2837
1471220 2837
1471230 2837
1471240 2842
1471250 2842
1471260 2845
1471270 2845
1471280 2845
1471290 2850
1471300 2854
1471310 2854
1471320 2858
1471330 2856
1471340 2858
1471350 2858
1471360 2856
1471370 2855
1471380 2855
1471390 2858
1471400 2860
1471410 2860
1471420 2862
1471430 2862
1471440 2862
1471450 2859
1471460 2857
1471470 2857
1471480 2858
1471490 2857
1471500 2857
1471510 2858
1471520 2858
1471530 2858
1471540 2858
1471550 2862
1471560 2862
1471570 2862
1471580 2861
1471590 2863
1471600 2863
1471610 2860
1471620 2842
1471630 2842
1471640 2828
1471650 2827
1471660 2827
1471670 2831
1471680 2834
1471690 2834
1471700 2839
1471710 2847
1471720 2847
1471730 2856
1471740 2867
1471750 2867
1471760 2875
1471770 2878
1471780 2855
1471790 2855
1471800 2837
1471810 2827
1471820 2827
1471830 2818
1471840 2792
1471850 2792
1471860 2782
1471870 2773
1471880 2773
1471890 2750
1471900 2733
1471910 2733
1471920 2723
1471930 2711
1471940 2711
1471950 2704
1471960 2701
1471970 2702
1471980 2702
1471990 2697
1472000 2688
1472010 2688
1472020 2681
1472030 2673
1472040 2673
1472050 2669
1472060 2665
1472070 2665
1472080 2657
1472090 2656
1472100 2656
1472110 2654
1472120 2651
1472130 2651
1472140 2650
1472150 2648
1472160 2648
1472170 2648
1472180 2647
1472190 2647
1472200 2647
1472210 2648
1472220 2649
1472230 2649
1472240 2651
1472250 2653
1472260 2653
1472270 2655
1472280 2657
1472290 2657
1472300 2659
1472310 2661
1472320 2661
1472330 2662
1472340 2664
1472350 2664
1472360 2666
1472370 2668
1472380 2668
1472390 2671
1472400 2675
1472410 2680
1472420 2680
1472430 2685
1472440 2690
1472450 2690
1472460 2701
1472470 2722
1472480 2722
1472490 2742
1472500 2757
1472510 2757
1472520 2752
1472530 2754
1472540 2754
1472550 2757
1472560 2753
1472570 2753
1472580 2750
1472590 2747
1472600 2747
1472610 2747
1472620 2744
1472630 2740
1472640 2740
1472650 2736
1472660 2734
1472670 2734
1472680 2733
1472690 2731
1472700 2731
1472710 2728
1472720 2726
1472730 2726
1472740 2721
1472750 2720
1472760 2720
1472770 2721
1472780 2722
1472790 2722
1472800 2723
1472810 2724
1472820 2724
1472830 2726
1472840 2727
1472850 2728
1472860 2728
1472870 2729
1472880 2731
1472890 2731
1472900 2733
1472910 2735
1472920 2735
1472930 2737
1472940 2739
1472950 2739
1472960 2741
1472970 2743
1472980 2743
1472990 2745
1473000 2747
1473010 2747
1473020 2749
1473030 2750
1473040 2750
1473050 2752
1473060 2754
1473070 2756
1473080 2756
1473090 2758
1473100 2759
1473110 2759
1473120 2761
1473130 2762
1473140 2762
1473150 2764
1473160 2765
1473170 2765
1473180 2767
1473190 2769
1473200 2769
1473210 2771
1473220 2773
1473230 2773
1473240 2774
1473250 2776
1473260 2776
1473270 2779
1473280 2781
1473290 2783
1473300 2783
1473310 2785
1473320 2787
1473330 2787
1473340 2788
1473350 2790
1473360 2790
1473370 2792
1473380 2794
1473390 2794
1473400 2795
1473410 2797
1473420 2797
1473430 2799
1473440 2800
1473450 2800
1473460 2802
1473470 2803
1473480 2803
1473490 2805
1473500 2806
1473510 2808
1473520 2808
1473530 2810
1473540 2811
1473550 2811
1473560 2814
1473570 2816
1473580 2816
1473590 2817
1473600 2818
1473610 2818
1473620 2819
1473630 2821
1473640 2821
1473650 2822
1473660 2824
1473670 2824
1473680 2825
1473690 2827
1473700 2828
1473710 2828
1473720 2830
1473730 2831
1473740 2831
1473750 2832
1473760 2833
1473770 2833
1473780 2834
1473790 2835
1473800 2835
1473810 2836
1473820 2838
1473830 2838
1473840 2839
1473850 2841
1473860 2841
1473870 2842
1473880 2844
1473890 2844
1473900 2847
1473910 2849
1473920 2854
1473930 2854
1473940 2857
1473950 2862
1473960 2862
1473970 2870
1473980 2877
1473990 2877
1474000 2884
1474010 2888
1474020 2888
1474030 2884
1474040 2875
1474050 2875
1474060 2865
1474070 2856
1474080 2856
1474090 2849
1474100 2843
1474110 2843
1474120 2839
1474130 2836
1474140 2834
1474150 2834
1474160 2831
1474170 2826
1474180 2826
1474190 2822
1474200 2818
1474210 2818
1474220 2816
1474230 2814
1474240 2814
1474250 2811
1474260 2807
1474270 2807
1474280 2802
1474290 2797
1474300 2797
1474310 2793
1474320 2788
1474330 2788
1474340 2785
1474350 2783
1474360 2779
1474370 2779
1474380 2774
1474390 2769
1474400 2769
1474410 2764
1474420 2757
1474430 2757
1474440 2749
1474450 2740
1474460 2740
1474470 2729
1474480 2721
1474490 2721
1474500 2716
1474510 2710
1474520 2710
1474530 2705
1474540 2701
1474550 2701
1474560 2698
1474570 2695
1474580 2693
1474590 2693
1474600 2692
1474610 2691
1474620 2691
1474630 2690
1474640 2688
1474650 2688
1474660 2685
1474670 2681
1474680 2681
1474690 2678
1474700 2676
1474710 2676
1474720 2672
1474730 2668
1474740 2668
1474750 2665
1474760 2661
1474770 2661
1474780 2656
1474790 2652
1474800 2648
1474810 2648
1474820 2643
1474830 2640
1474840 2640
1474850 2639
1474860 2637
1474870 2637
1474880 2635
1474890 2631
1474900 2631
1474910 2627
1474920 2623
1474930 2623
1474940 2619
1474950 2617
1474960 2617
1474970 2614
1474980 2612
1474990 2612
1475000 2609
1475010 2605
1475020 2597
1475030 2597
1475040 2589
1475050 2582
1475060 2582
1475070 2574
1475080 2565
1475090 2565
1475100 2556
1475110 2550
1475120 2550
1475130 2544
1475140 2538
1475150 2538
1475160 2533
1475170 2527
1475180 2527
1475190 2521
1475200 2516
1475210 2516
1475220 2511
1475230 2508
1475240 2504
1475250 2504
1475260 2500
1475270 2495
1475280 2495
1475290 2490
1475300 2487
1475310 2487
1475320 2483
1475330 2480
1475340 2480
1475350 2475
1475360 2470
1475370 2470
1475380 2467
1475390 2464
1475400 2464
1475410 2462
1475420 2459
1475430 2455
1475440 2455
1475450 2452
1475460 2447
1475470 2447
1475480 2443
1475490 2439
1475500 2439
1475510 2434
1475520 2431
1475530 2431
1475540 2427
1475550 2423
1475560 2423
1475570 2418
1475580 2413
1475590 2413
1475600 2408
1475610 2404
1475620 2404
1475630 2398
1475640 2391
1475650 2385
1475660 2385
1475670 2379
1475680 2372
1475690 2372
1475700 2367
1475710 2362
1475720 2362
1475730 2360
1475740 2358
1475750 2358
1475760 2357
1475770 2354
1475780 2354
1475790 2349
1475800 2343
1475810 2343
1475820 2335
1475830 2328
1475840 2328
1475850 2321
1475860 2313
1475870 2302
1475880 2302
1475890 2292
1475900 2281
1475910 2281
1475920 2272
1475930 2264
1475940 2264
1475950 2254
1475960 2245
1475970 2245
1475980 2238
1475990 2232
1476000 2232
1476010 2225
1476020 2219
1476030 2219
1476040 2213
1476050 2208
1476060 2208
1476070 2204
1476080 2197
1476090 2193
1476100 2193
1476110 2189
1476120 2187
1476130 2187
1476140 2184
1476150 2181
1476160 2181
1476170 2178
1476180 2175
1476190 2175
1476200 2171
1476210 2169
1476220 2169
1476230 2166
1476240 2164
1476250 2164
1476260 2164
1476270 2164
1476280 2164
1476290 2165
1476300 2167
1476310 2167
1476320 2167
1476330 2168
1476340 2170
1476350 2170
1476360 2173
1476370 2177
1476380 2177
1476390 2180
1476400 2184
1476410 2184
1476420 2186
1476430 2188
1476440 2188
1476450 2190
1476460 2193
1476470 2193
1476480 2196
1476490 2199
1476500 2199
1476510 2203
1476520 2207
1476530 2209
1476540 2209
1476550 2212
1476560 2215
1476570 2215
1476580 2219
1476590 2223
1476600 2223
1476610 2228
1476620 2231
1476630 2231
1476640 2233
1476650 2235
1476660 2235
1476670 2235
1476680 2233
1476690 2233
1476700 2235
1476710 2235
1476720 2235
1476730 2234
1476740 2234
1476750 2235
1476760 2235
1476770 2240
1476780 2245
1476790 2245
1476800 2247
1476810 2251
1476820 2251
1476830 2256
1476840 2261
1476850 2261
1476860 2266
1476870 2273
1476880 2273
1476890 2279
1476900 2286
1476910 2286
1476920 2295
1476930 2302
1476940 2302
1476950 2309
1476960 2312
1476970 2321
1476980 2321
1476990 2330
1477000 2338
1477010 2338
1477020 2346
1477030 2352
1477040 2352
1477050 2356
1477060 2360
1477070 2360
1477080 2365
1477090 2370
1477100 2370
1477110 2376
1477120 2382
1477130 2382
1477140 2386
1477150 2394
1477160 2402
1477170 2402
1477180 2409
1477190 2413
1477200 2413
1477210 2418
1477220 2423
1477230 2423
1477240 2428
1477250 2432
1477260 2432
1477270 2437
1477280 2442
1477290 2442
1477300 2448
1477310 2450
1477320 2450
1477330 2445
1477340 2446
1477350 2446
1477360 2450
1477370 2455
1477380 2458
1477390 2458
1477400 2460
1477410 2464
1477420 2464
1477430 2469
1477440 2473
1477450 2473
1477460 2478
1477470 2482
1477480 2482
1477490 2485
1477500 2487
1477510 2487
1477520 2489
1477530 2492
1477540 2492
1477550 2496
1477560 2499
1477570 2499
1477580 2502
1477590 2507
1477600 2512
1477610 2512
1477620 2516
1477630 2520
1477640 2520
1477650 2526
1477660 2530
1477670 2530
1477680 2535
1477690 2540
1477700 2540
1477710 2544
1477720 2549
1477730 2549
1477740 2553
1477750 2558
1477760 2558
1477770 2563
1477780 2569
1477790 2569
1477800 2574
1477810 2580
1477820 2586
1477830 2586
1477840 2592
1477850 2599
1477860 2599
1477870 2604
1477880 2610
1477890 2610
1477900 2617
1477910 2626
1477920 2626
1477930 2633
1477940 2638
1477950 2638
1477960 2647
1477970 2660
1477980 2660
1477990 2670
1478000 2681
1478010 2681
1478020 2685
1478030 2681
1478040 2676
1478050 2676
1478060 2677
1478070 2686
1478080 2686
1478090 2696
1478100 2706
1478110 2706
1478120 2716
1478130 2720
1478140 2720
1478150 2721
1478160 2719
1478170 2719
1478180 2719
1478190 2720
1478200 2720
1478210 2723
1478220 2728
1478230 2728
1478240 2735
1478250 2745
1478260 2757
1478270 2757
1478280 2779
1478290 2791
1478300 2791
1478310 2797
1478320 2798
1478330 2798
1478340 2802
1478350 2808
1478360 2808
1478370 2812
1478380 2817
1478390 2817
1478400 2822
1478410 2826
1478420 2826
1478430 2828
1478440 2829
1478450 2829
1478460 2831
1478470 2831
1478480 2828
1478490 2828
1478500 2823
1478510 2817
1478520 2817
1478530 2811
1478540 2805
1478550 2805
1478560 2798
1478570 2791
1478580 2791
1478590 2785
1478600 2779
1478610 2779
1478620 2773
1478630 2769
1478640 2769
1478650 2766
1478660 2762
1478670 2762
1478680 2758
1478690 2754
1478700 2748
1478710 2748
1478720 2741
1478730 2732
1478740 2732
1478750 2717
1478760 2701
1478770 2701
1478780 2677
1478790 2649
1478800 2649
1478810 2642
1478820 2637
1478830 2637
1478840 2630
1478850 2624
1478860 2624
1478870 2618
1478880 2612
1478890 2606
1478900 2606
1478910 2601
1478920 2599
1478930 2599
1478940 2597
1478950 2593
1478960 2593
1478970 2587
1478980 2579
1478990 2579
1479000 2567
1479010 2557
1479020 2557
1479030 2550
1479040 2542
1479050 2542
1479060 2536
1479070 2527
1479080 2527
1479090 2517
1479100 2499
1479110 2486
1479120 2486
1479130 2478
1479140 2463
1479150 2463
1479160 2450
1479170 2439
1479180 2439
1479190 2435
1479200 2432
1479210 2432
1479220 2428
1479230 2424
1479240 2424
1479250 2421
1479260 2419
1479270 2419
1479280 2416
1479290 2415
1479300 2415
1479310 2414
1479320 2411
1479330 2408
1479340 2408
1479350 2407
1479360 2409
1479370 2409
1479380 2409
1479390 2409
1479400 2409
1479410 2409
1479420 2408
1479430 2408
1479440 2407
1479450 2411
1479460 2411
1479470 2415
1479480 2418
1479490 2418
1479500 2420
1479510 2421
1479520 2421
1479530 2423
1479540 2423
1479550 2423
1479560 2423
1479570 2424
1479580 2425
1479590 2425
1479600 2425
1479610 2426
1479620 2426
1479630 2427
1479640 2428
1479650 2428
1479660 2426
1479670 2424
1479680 2424
1479690 2419
1479700 2406
1479710 2406
1479720 2400
1479730 2398
1479740 2398
1479750 2398
1479760 2398
1479770 2398
1479780 2398
1479790 2395
1479800 2391
1479810 2391
1479820 2388
1479830 2385
1479840 2385
1479850 2382
1479860 2381
1479870 2381
1479880 2380
1479890 2379
1479900 2379
1479910 2379
1479920 2375
1479930 2375
1479940 2368
1479950 2363
1479960 2363
1479970 2357
1479980 2347
1479990 2338
