1460000 1487
1460010 1490
1460020 1486
1460030 1486
1460040 1483
1460050 1483
1460060 1483
1460070 1483
1460080 1487
1460090 1487
1460100 1489
1460110 1489
1460120 1490
1460130 1490
1460140 1488
1460150 1487
1460160 1487
1460170 1486
1460180 1484
1460190 1484
1460200 1481
1460210 1479
1460220 1479
1460230 1480
1460240 1481
1460250 1481
1460260 1482
1460270 1484
1460280 1484
1460290 1480
1460300 1468
1460310 1468
1460320 1459
1460330 1451
1460340 1442
1460350 1442
1460360 1435
1460370 1426
1460380 1426
1460390 1414
1460400 1400
1460410 1400
1460420 1384
1460430 1365
1460440 1365
1460450 1361
1460460 1361
1460470 1361
1460480 1364
1460490 1370
1460500 1370
1460510 1373
1460520 1372
1460530 1372
1460540 1372
1460550 1373
1460560 1377
1460570 1377
1460580 1382
1460590 1385
1460600 1385
1460610 1381
1460620 1376
1460630 1376
1460640 1368
1460650 1354
1460660 1354
1460670 1348
1460680 1342
1460690 1342
1460700 1335
1460710 1328
1460720 1328
1460730 1320
1460740 1311
1460750 1311
1460760 1307
1460770 1298
1460780 1281
1460790 1281
1460800 1275
1460810 1269
1460820 1269
1460830 1262
1460840 1249
1460850 1249
1460860 1240
1460870 1234
1460880 1234
1460890 1229
1460900 1224
1460910 1224
1460920 1219
1460930 1216
1460940 1216
1460950 1215
1460960 1216
1460970 1216
1460980 1217
1460990 1219
1461000 1222
1461010 1222
1461020 1225
1461030 1225
1461040 1225
1461050 1226
1461060 1224
1461070 1224
1461080 1221
1461090 1219
1461100 1219
1461110 1218
1461120 1215
1461130 1215
1461140 1213
1461150 1212
1461160 1212
1461170 1210
1461180 1207
1461190 1207
1461200 1204
1461210 1201
1461220 1199
1461230 1199
1461240 1197
1461250 1194
1461260 1194
1461270 1190
1461280 1186
1461290 1186
1461300 1183
1461310 1180
1461320 1180
1461330 1174
1461340 1171
1461350 1171
1461360 1170
1461370 1170
1461380 1170
1461390 1170
1461400 1170
1461410 1170
1461420 1168
1461430 1164
1461440 1163
1461450 1163
1461460 1163
1461470 1167
1461480 1167
1461490 1167
1461500 1164
1461510 1164
1461520 1161
1461530 1161
1461540 1161
1461550 1161
1461560 1160
1461570 1160
1461580 1160
1461590 1160
1461600 1160
1461610 1160
1461620 1161
1461630 1161
1461640 1162
1461650 1164
1461660 1166
1461670 1166
1461680 1169
1461690 1170
1461700 1170
1461710 1172
1461720 1172
1461730 1172
1461740 1174
1461750 1175
1461760 1175
1461770 1175
1461780 1175
1461790 1175
1461800 1178
1461810 1181
1461820 1181
1461830 1184
1461840 1187
1461850 1187
1461860 1190
1461870 1193
1461880 1198
1461890 1198
1461900 1201
1461910 1205
1461920 1205
1461930 1210
1461940 1215
1461950 1215
1461960 1219
1461970 1222
1461980 1222
1461990 1226
1462000 1231
1462010 1231
1462020 1235
1462030 1241
1462040 1241
1462050 1246
1462060 1250
1462070 1253
1462080 1253
1462090 1257
1462100 1262
1462110 1262
1462120 1268
1462130 1274
1462140 1274
1462150 1281
1462160 1287
1462170 1287
1462180 1293
1462190 1295
1462200 1295
1462210 1301
1462220 1308
1462230 1308
1462240 1316
1462250 1326
1462260 1326
1462270 1344
1462280 1354
1462290 1362
1462300 1362
1462310 1368
1462320 1376
1462330 1376
1462340 1386
1462350 1394
1462360 1394
1462370 1403
1462380 1412
1462390 1412
1462400 1421
1462410 1428
1462420 1428
1462430 1434
1462440 1441
1462450 1441
1462460 1448
1462470 1455
1462480 1455
1462490 1463
1462500 1471
1462510 1477
1462520 1477
1462530 1484
1462540 1488
1462550 1488
1462560 1492
1462570 1499
1462580 1499
1462590 1512
1462600 1528
1462610 1528
1462620 1538
1462630 1546
1462640 1546
1462650 1552
1462660 1555
1462670 1555
1462680 1562
1462690 1572
1462700 1572
1462710 1582
1462720 1586
1462730 1589
1462740 1589
1462750 1596
1462760 1606
1462770 1606
1462780 1613
1462790 1617
1462800 1617
1462810 1622
1462820 1627
1462830 1627
1462840 1632
1462850 1637
1462860 1637
1462870 1643
1462880 1647
1462890 1647
1462900 1652
1462910 1657
1462920 1657
1462930 1662
1462940 1666
1462950 1672
1462960 1672
1462970 1680
1462980 1688
1462990 1688
1463000 1696
1463010 1703
1463020 1703
1463030 1710
1463040 1717
1463050 1717
1463060 1725
1463070 1731
1463080 1731
1463090 1737
1463100 1743
1463110 1743
1463120 1749
1463130 1756
1463140 1756
1463150 1762
1463160 1768
1463170 1774
1463180 1774
1463190 1781
1463200 1787
1463210 1787
1463220 1794
1463230 1800
1463240 1800
1463250 1806
1463260 1812
1463270 1812
1463280 1818
1463290 1825
1463300 1825
1463310 1834
1463320 1841
1463330 1841
1463340 1847
1463350 1853
1463360 1853
1463370 1860
1463380 1869
1463390 1877
1463400 1877
1463410 1885
1463420 1893
1463430 1893
1463440 1899
1463450 1904
1463460 1904
1463470 1909
1463480 1914
1463490 1914
1463500 1920
1463510 1927
1463520 1927
1463530 1934
1463540 1941
1463550 1941
1463560 1948
1463570 1955
1463580 1955
1463590 1964
1463600 1972
1463610 1981
1463620 1977
1463630 1986
1463640 2001
1463650 2001
1463660 2010
1463670 2018
1463680 2018
1463690 2031
1463700 2041
1463710 2041
1463720 2050
1463730 2056
1463740 2056
1463750 2059
1463760 2059
1463770 2059
1463780 2057
1463790 2053
1463800 2053
1463810 2046
1463820 2037
1463830 2029
1463840 2029
1463850 2020
1463860 2003
1463870 2003
1463880 1994
1463890 1997
1463900 1997
1463910 1997
1463920 2007
1463930 2007
1463940 2015
1463950 2012
1463960 2012
1463970 2008
1463980 2010
1463990 2010
1464000 2019
1464010 2030
1464020 2030
1464030 2037
1464040 2043
1464050 2047
1464060 2047
1464070 2050
1464080 2055
1464090 2055
1464100 2062
1464110 2072
1464120 2072
1464130 2082
1464140 2091
1464150 2091
1464160 2100
1464170 2108
1464180 2108
1464190 2114
1464200 2119
1464210 2119
1464220 2124
1464230 2128
1464240 2128
1464250 2134
1464260 2139
1464270 2147
1464280 2147
1464290 2156
1464300 2161
1464310 2161
1464320 2160
1464330 2159
1464340 2159
1464350 2158
1464360 2157
1464370 2157
1464380 2159
1464390 2162
1464400 2162
1464410 2166
1464420 2174
1464430 2174
1464440 2179
1464450 2181
1464460 2181
1464470 2187
1464480 2192
1464490 2190
1464500 2190
1464510 2181
1464520 2177
1464530 2177
1464540 2182
1464550 2186
1464560 2186
1464570 2193
1464580 2201
1464590 2201
1464600 2209
1464610 2218
1464620 2218
1464630 2226
1464640 2234
1464650 2234
1464660 2235
1464670 2228
1464680 2228
1464690 2224
1464700 2223
1464710 2218
1464720 2218
1464730 2214
1464740 2206
1464750 2206
1464760 2199
1464770 2195
1464780 2195
1464790 2188
1464800 2186
1464810 2186
1464820 2193
1464830 2204
1464840 2204
1464850 2207
1464860 2202
1464870 2202
1464880 2199
1464890 2196
1464900 2196
1464910 2193
1464920 2194
1464930 2195
1464940 2195
1464950 2193
1464960 2192
1464970 2192
1464980 2185
1464990 2182
1465000 2182
1465010 2181
1465020 2185
1465030 2185
1465040 2191
1465050 2190
1465060 2190
1465070 2193
1465080 2197
1465090 2197
1465100 2200
1465110 2204
1465120 2204
1465130 2208
1465140 2210
1465150 2216
1465160 2216
1465170 2219
1465180 2222
1465190 2222
1465200 2227
1465210 2233
1465220 2233
1465230 2236
1465240 2235
1465250 2235
1465260 2241
1465270 2250
1465280 2250
1465290 2259
1465300 2266
1465310 2266
1465320 2273
1465330 2281
1465340 2289
1465350 2289
1465360 2297
1465370 2297
1465380 2297
1465390 2293
1465400 2291
1465410 2291
1465420 2293
1465430 2297
1465440 2297
1465450 2300
1465460 2305
1465470 2305
1465480 2311
1465490 2317
1465500 2317
1465510 2325
1465520 2332
1465530 2332
1465540 2340
1465550 2348
1465560 2357
1465570 2357
1465580 2367
1465590 2376
1465600 2376
1465610 2385
1465620 2390
1465630 2390
1465640 2384
1465650 2377
1465660 2377
1465670 2373
1465680 2375
1465690 2375
1465700 2372
1465710 2371
1465720 2371
1465730 2372
1465740 2374
1465750 2374
1465760 2377
1465770 2382
1465780 2387
1465790 2387
1465800 2395
1465810 2397
1465820 2397
1465830 2391
1465840 2388
1465850 2388
1465860 2389
1465870 2394
1465880 2394
1465890 2396
1465900 2389
1465910 2389
1465920 2384
1465930 2381
1465940 2381
1465950 2378
1465960 2376
1465970 2376
1465980 2377
1465990 2378
1466000 2382
1466010 2382
1466020 2381
1466030 2376
1466040 2376
1466050 2372
1466060 2369
1466070 2369
1466080 2369
1466090 2369
1466100 2369
1466110 2370
1466120 2367
1466130 2367
1466140 2365
1466150 2364
1466160 2364
1466170 2364
1466180 2364
1466190 2364
1466200 2363
1466210 2360
1466220 2355
1466230 2355
1466240 2351
1466250 2350
1466260 2350
1466270 2352
1466280 2350
1466290 2350
1466300 2345
1466310 2347
1466320 2347
1466330 2345
1466340 2345
1466350 2345
1466360 2345
1466370 2346
1466380 2346
1466390 2345
1466400 2348
1466410 2348
1466420 2352
1466430 2353
1466440 2355
1466450 2355
1466460 2355
1466470 2356
1466480 2356
1466490 2358
1466500 2360
1466510 2360
1466520 2361
1466530 2361
1466540 2361
1466550 2360
1466560 2359
1466570 2359
1466580 2358
1466590 2356
1466600 2356
1466610 2354
1466620 2353
1466630 2353
1466640 2353
1466650 2352
1466660 2353
1466670 2353
1466680 2356
1466690 2359
1466700 2359
1466710 2360
1466720 2361
1466730 2361
1466740 2360
1466750 2360
1466760 2360
1466770 2360
1466780 2362
1466790 2362
1466800 2366
1466810 2369
1466820 2369
1466830 2373
1466840 2375
1466850 2375
1466860 2376
1466870 2377
1466880 2377
1466890 2377
1466900 2375
1466910 2373
1466920 2373
1466930 2371
1466940 2370
1466950 2370
1466960 2370
1466970 2370
1466980 2370
1466990 2371
1467000 2370
1467010 2370
1467020 2370
1467030 2371
1467040 2371
1467050 2373
1467060 2377
1467070 2377
1467080 2381
1467090 2387
1467100 2392
1467110 2392
1467120 2397
1467130 2401
1467140 2401
1467150 2405
1467160 2410
1467170 2410
1467180 2416
1467190 2422
1467200 2422
1467210 2431
1467220 2439
1467230 2439
1467240 2448
1467250 2456
1467260 2456
1467270 2458
1467280 2456
1467290 2456
1467300 2449
1467310 2440
1467320 2430
1467330 2430
1467340 2420
1467350 2412
1467360 2412
1467370 2402
1467380 2393
1467390 2393
1467400 2384
1467410 2375
1467420 2375
1467430 2365
1467440 2355
1467450 2355
1467460 2348
1467470 2342
1467480 2342
1467490 2337
1467500 2334
1467510 2334
1467520 2334
1467530 2331
1467540 2326
1467550 2326
1467560 2321
1467570 2318
1467580 2318
1467590 2312
1467600 2299
1467610 2299
1467620 2282
1467630 2268
1467640 2268
1467650 2258
1467660 2250
1467670 2250
1467680 2241
1467690 2232
1467700 2232
1467710 2217
1467720 2207
1467730 2207
1467740 2200
1467750 2193
1467760 2187
1467770 2187
1467780 2183
1467790 2180
1467800 2180
1467810 2177
1467820 2173
1467830 2173
1467840 2167
1467850 2167
1467860 2167
1467870 2171
1467880 2175
1467890 2175
1467900 2181
1467910 2187
1467920 2187
1467930 2194
1467940 2199
1467950 2199
1467960 2204
1467970 2212
1467980 2215
1467990 2215
1468000 2218
1468010 2219
1468020 2219
1468030 2218
1468040 2216
1468050 2216
1468060 2210
1468070 2210
1468080 2210
1468090 2210
1468100 2209
1468110 2209
1468120 2208
1468130 2208
1468140 2208
1468150 2210
1468160 2213
1468170 2213
1468180 2217
1468190 2221
1468200 2226
1468210 2226
1468220 2228
1468230 2229
1468240 2229
1468250 2231
1468260 2233
1468270 2233
1468280 2234
1468290 2237
1468300 2237
1468310 2239
1468320 2242
1468330 2242
1468340 2246
1468350 2249
1468360 2249
1468370 2252
1468380 2256
1468390 2263
1468400 2263
1468410 2269
1468420 2276
1468430 2276
1468440 2286
1468450 2289
1468460 2289
1468470 2291
1468480 2293
1468490 2293
1468500 2288
1468510 2286
1468520 2286
1468530 2289
1468540 2288
1468550 2288
1468560 2288
1468570 2289
1468580 2289
1468590 2291
1468600 2294
1468610 2293
1468620 2293
1468630 2291
1468640 2290
1468650 2290
1468660 2292
1468670 2296
1468680 2296
1468690 2300
1468700 2303
1468710 2303
1468720 2306
1468730 2307
1468740 2307
1468750 2308
1468760 2309
1468770 2309
1468780 2307
1468790 2308
1468800 2308
1468810 2311
1468820 2312
1468830 2313
1468840 2313
1468850 2315
1468860 2315
1468870 2315
1468880 2316
1468890 2316
1468900 2316
1468910 2314
1468920 2312
1468930 2312
1468940 2310
1468950 2314
1468960 2314
1468970 2314
1468980 2308
1468990 2308
1469000 2295
1469010 2290
1469020 2290
1469030 2287
1469040 2284
1469050 2284
1469060 2284
1469070 2285
1469080 2289
1469090 2289
1469100 2293
1469110 2299
1469120 2299
1469130 2302
1469140 2303
1469150 2303
1469160 2303
1469170 2301
1469180 2301
1469190 2298
1469200 2295
1469210 2295
1469220 2293
1469230 2294
1469240 2294
1469250 2289
1469260 2285
1469270 2283
1469280 2283
1469290 2282
1469300 2283
1469310 2283
1469320 2283
1469330 2282
1469340 2282
1469350 2280
1469360 2278
1469370 2278
1469380 2274
1469390 2270
1469400 2270
1469410 2268
1469420 2265
1469430 2265
1469440 2262
1469450 2260
1469460 2260
1469470 2257
1469480 2253
1469490 2252
1469500 2252
1469510 2254
1469520 2256
1469530 2256
1469540 2257
1469550 2258
1469560 2258
1469570 2257
1469580 2258
1469590 2258
1469600 2260
1469610 2261
1469620 2261
1469630 2261
1469640 2263
1469650 2263
1469660 2266
1469670 2267
1469680 2267
1469690 2268
1469700 2269
1469710 2270
1469720 2270
1469730 2271
1469740 2272
1469750 2272
1469760 2271
1469770 2269
1469780 2269
1469790 2267
1469800 2266
1469810 2266
1469820 2266
1469830 2265
1469840 2265
1469850 2265
1469860 2268
1469870 2268
1469880 2273
1469890 2275
1469900 2275
1469910 2277
1469920 2278
1469930 2278
1469940 2278
1469950 2276
1469960 2275
1469970 2275
1469980 2274
1469990 2274
1470000 2274
1470010 2275
1470020 2275
1470030 2275
1470040 2275
1470050 2276
1470060 2276
1470070 2276
1470080 2276
1470090 2276
1470100 2277
1470110 2277
1470120 2277
1470130 2277
1470140 2277
1470150 2277
1470160 2277
1470170 2276
1470180 2275
1470190 2275
1470200 2275
1470210 2275
1470220 2275
1470230 2273
1470240 2273
1470250 2273
1470260 2272
1470270 2273
1470280 2273
1470290 2278
1470300 2287
1470310 2287
1470320 2291
1470330 2295
1470340 2295
1470350 2302
1470360 2312
1470370 2322
1470380 2322
1470390 2335
1470400 2344
1470410 2344
1470420 2346
1470430 2349
1470440 2349
1470450 2351
1470460 2349
1470470 2349
1470480 2323
1470490 2279
1470500 2279
1470510 2259
1470520 2249
1470530 2249
1470540 2243
1470550 2237
1470560 2237
1470570 2232
1470580 2225
1470590 2219
1470600 2219
1470610 2214
1470620 2209
1470630 2209
1470640 2204
1470650 2200
1470660 2200
1470670 2198
1470680 2196
1470690 2196
1470700 2197
1470710 2197
1470720 2197
1470730 2195
1470740 2193
1470750 2193
1470760 2192
1470770 2191
1470780 2191
1470790 2189
1470800 2187
1470810 2187
1470820 2187
1470830 2186
1470840 2187
1470850 2187
1470860 2188
1470870 2189
1470880 2189
1470890 2189
1470900 2189
1470910 2189
1470920 2189
1470930 2189
1470940 2189
1470950 2189
1470960 2189
1470970 2189
1470980 2190
1470990 2195
1471000 2195
1471010 2195
1471020 2196
1471030 2196
1471040 2196
1471050 2196
1471060 2194
1471070 2194
1471080 2192
1471090 2192
1471100 2192
1471110 2191
1471120 2188
1471130 2188
1471140 2185
1471150 2181
1471160 2181
1471170 2180
1471180 2181
1471190 2181
1471200 2175
1471210 2175
1471220 2175
1471230 2175
1471240 2172
1471250 2166
1471260 2166
1471270 2166
1471280 2167
1471290 2167
1471300 2166
1471310 2167
1471320 2167
1471330 2167
1471340 2167
1471350 2167
1471360 2167
1471370 2167
1471380 2167
1471390 2166
1471400 2166
1471410 2166
1471420 2165
1471430 2164
1471440 2163
1471450 2163
1471460 2163
1471470 2162
1471480 2162
1471490 2162
1471500 2161
1471510 2161
1471520 2161
1471530 2160
1471540 2160
1471550 2160
1471560 2159
1471570 2159
1471580 2160
1471590 2161
1471600 2161
1471610 2162
1471620 2163
1471630 2163
1471640 2164
1471650 2165
1471660 2166
1471670 2166
1471680 2168
1471690 2171
1471700 2171
1471710 2173
1471720 2174
1471730 2174
1471740 2176
1471750 2178
1471760 2178
1471770 2180
1471780 2181
1471790 2181
1471800 2183
1471810 2184
1471820 2184
1471830 2185
1471840 2185
1471850 2185
1471860 2187
1471870 2188
1471880 2190
1471890 2190
1471900 2192
1471910 2195
1471920 2195
1471930 2197
1471940 2199
1471950 2199
1471960 2201
1471970 2202
1471980 2202
1471990 2204
1472000 2205
1472010 2205
1472020 2205
1472030 2208
1472040 2208
1472050 2211
1472060 2214
1472070 2214
1472080 2214
1472090 2215
1472100 2216
1472110 2216
1472120 2215
1472130 2213
1472140 2213
1472150 2218
1472160 2225
1472170 2225
1472180 2232
1472190 2234
1472200 2234
1472210 2232
1472220 2233
1472230 2233
1472240 2232
1472250 2232
1472260 2232
1472270 2234
1472280 2233
1472290 2233
1472300 2231
1472310 2230
1472320 2231
1472330 2231
1472340 2232
1472350 2234
1472360 2234
1472370 2238
1472380 2242
1472390 2242
1472400 2245
1472410 2247
1472420 2247
1472430 2251
1472440 2256
1472450 2256
1472460 2263
1472470 2268
1472480 2268
1472490 2273
1472500 2277
1472510 2277
1472520 2283
1472530 2288
1472540 2291
1472550 2291
1472560 2291
1472570 2291
1472580 2291
1472590 2292
1472600 2295
1472610 2295
1472620 2297
1472630 2299
1472640 2299
1472650 2300
1472660 2301
1472670 2301
1472680 2302
1472690 2304
1472700 2304
1472710 2309
1472720 2314
1472730 2314
1472740 2318
1472750 2322
1472760 2326
1472770 2326
1472780 2329
1472790 2334
1472800 2334
1472810 2340
1472820 2347
1472830 2347
1472840 2353
1472850 2358
1472860 2358
1472870 2364
1472880 2370
1472890 2370
1472900 2376
1472910 2381
1472920 2381
1472930 2386
1472940 2391
1472950 2391
1472960 2395
1472970 2398
1472980 2403
1472990 2403
1473000 2409
1473010 2415
1473020 2415
1473030 2420
1473040 2423
1473050 2423
1473060 2425
1473070 2426
1473080 2426
1473090 2428
1473100 2430
1473110 2430
1473120 2432
1473130 2434
1473140 2434
1473150 2437
1473160 2441
1473170 2441
1473180 2447
1473190 2452
1473200 2455
1473210 2455
1473220 2454
1473230 2453
1473240 2453
1473250 2455
1473260 2456
1473270 2456
1473280 2458
1473290 2460
1473300 2460
1473310 2457
1473320 2453
1473330 2453
1473340 2451
1473350 2451
1473360 2451
1473370 2452
1473380 2454
1473390 2454
1473400 2456
1473410 2459
1473420 2463
1473430 2463
1473440 2467
1473450 2472
1473460 2472
1473470 2476
1473480 2480
1473490 2480
1473500 2485
1473510 2489
1473520 2489
1473530 2493
1473540 2497
1473550 2497
1473560 2502
1473570 2507
1473580 2507
1473590 2513
1473600 2520
1473610 2520
1473620 2527
1473630 2534
1473640 2541
1473650 2541
1473660 2548
1473670 2561
1473680 2561
1473690 2584
1473700 2601
1473710 2601
1473720 2614
1473730 2622
1473740 2622
1473750 2624
1473760 2626
1473770 2626
1473780 2627
1473790 2629
1473800 2629
1473810 2631
1473820 2634
1473830 2634
1473840 2636
1473850 2640
1473860 2643
1473870 2643
1473880 2646
1473890 2649
1473900 2649
1473910 2652
1473920 2656
1473930 2656
1473940 2661
1473950 2666
1473960 2666
1473970 2671
1473980 2676
1473990 2676
1474000 2681
1474010 2687
1474020 2687
1474030 2693
1474040 2698
1474050 2698
1474060 2706
1474070 2713
1474080 2719
1474090 2719
1474100 2726
1474110 2730
1474120 2730
1474130 2731
1474140 2729
1474150 2729
1474160 2724
1474170 2722
1474180 2722
1474190 2722
1474200 2722
1474210 2722
1474220 2723
1474230 2724
1474240 2724
1474250 2727
1474260 2729
1474270 2729
1474280 2730
1474290 2731
1474300 2733
1474310 2733
1474320 2735
1474330 2737
1474340 2737
1474350 2740
1474360 2744
1474370 2744
1474380 2747
1474390 2749
1474400 2749
1474410 2751
1474420 2754
1474430 2754
1474440 2756
1474450 2759
1474460 2759
1474470 2762
1474480 2766
1474490 2770
1474500 2770
1474510 2774
1474520 2778
1474530 2778
1474540 2782
1474550 2788
1474560 2788
1474570 2795
1474580 2808
1474590 2808
1474600 2819
1474610 2832
1474620 2832
1474630 2840
1474640 2851
1474650 2851
1474660 2858
1474670 2853
1474680 2853
1474690 2842
1474700 2828
1474710 2820
1474720 2820
1474730 2813
1474740 2806
1474750 2806
1474760 2799
1474770 2793
1474780 2793
1474790 2788
1474800 2782
1474810 2782
1474820 2777
1474830 2772
1474840 2772
1474850 2767
1474860 2762
1474870 2762
1474880 2758
1474890 2753
1474900 2753
1474910 2747
1474920 2743
1474930 2739
1474940 2739
1474950 2735
1474960 2731
1474970 2731
1474980 2727
1474990 2723
1475000 2723
1475010 2718
1475020 2713
1475030 2713
1475040 2711
1475050 2704
1475060 2704
1475070 2695
1475080 2689
1475090 2689
1475100 2684
1475110 2679
1475120 2679
1475130 2676
1475140 2671
1475150 2666
1475160 2666
1475170 2660
1475180 2653
1475190 2653
1475200 2648
1475210 2643
1475220 2643
1475230 2638
1475240 2633
1475250 2633
1475260 2628
1475270 2622
1475280 2622
1475290 2617
1475300 2612
1475310 2612
1475320 2607
1475330 2602
1475340 2602
1475350 2596
1475360 2589
1475370 2583
1475380 2583
1475390 2580
1475400 2579
1475410 2579
1475420 2577
1475430 2576
1475440 2576
1475450 2575
1475460 2571
1475470 2571
1475480 2566
1475490 2556
1475500 2556
1475510 2542
1475520 2531
1475530 2531
1475540 2522
1475550 2515
1475560 2515
1475570 2509
1475580 2504
1475590 2502
1475600 2502
1475610 2501
1475620 2500
1475630 2500
1475640 2501
1475650 2504
1475660 2504
1475670 2507
1475680 2508
1475690 2508
1475700 2510
1475710 2511
1475720 2511
1475730 2512
1475740 2512
1475750 2512
1475760 2513
1475770 2513
1475780 2513
1475790 2514
1475800 2516
1475810 2514
1475820 2514
1475830 2510
1475840 2506
1475850 2506
1475860 2502
1475870 2499
1475880 2499
1475890 2494
1475900 2489
1475910 2489
1475920 2486
1475930 2486
1475940 2486
1475950 2489
1475960 2486
1475970 2486
1475980 2486
1475990 2486
1476000 2486
1476010 2488
1476020 2491
1476030 2493
1476040 2493
1476050 2494
1476060 2492
1476070 2492
1476080 2488
1476090 2480
1476100 2480
1476110 2472
1476120 2464
1476130 2464
1476140 2460
1476150 2459
1476160 2459
1476170 2455
1476180 2450
1476190 2450
1476200 2445
1476210 2441
1476220 2441
1476230 2438
1476240 2435
1476250 2430
1476260 2430
1476270 2425
1476280 2422
1476290 2422
1476300 2420
1476310 2417
1476320 2417
1476330 2412
1476340 2408
1476350 2408
1476360 2403
1476370 2399
1476380 2399
1476390 2396
1476400 2393
1476410 2393
1476420 2388
1476430 2384
1476440 2384
1476450 2380
1476460 2375
1476470 2369
1476480 2369
1476490 2363
1476500 2355
1476510 2355
1476520 2346
1476530 2335
1476540 2335
1476550 2326
1476560 2316
1476570 2316
1476580 2304
1476590 2292
1476600 2292
1476610 2277
1476620 2265
1476630 2265
1476640 2255
1476650 2249
1476660 2249
1476670 2242
1476680 2234
1476690 2228
1476700 2228
1476710 2222
1476720 2216
1476730 2216
1476740 2211
1476750 2207
1476760 2207
1476770 2204
1476780 2199
1476790 2199
1476800 2194
1476810 2189
1476820 2189
1476830 2184
1476840 2180
1476850 2180
1476860 2175
1476870 2170
1476880 2170
1476890 2164
1476900 2155
1476910 2148
1476920 2148
1476930 2141
1476940 2136
1476950 2136
1476960 2131
1476970 2126
1476980 2126
1476990 2120
1477000 2116
1477010 2116
1477020 2113
1477030 2111
1477040 2111
1477050 2108
1477060 2105
1477070 2105
1477080 2103
1477090 2103
1477100 2103
1477110 2103
1477120 2102
1477130 2102
1477140 2102
1477150 2102
1477160 2102
1477170 2102
1477180 2102
1477190 2102
1477200 2102
1477210 2102
1477220 2102
1477230 2102
1477240 2102
1477250 2102
1477260 2102
1477270 2101
1477280 2101
1477290 2101
1477300 2101
1477310 2101
1477320 2101
1477330 2100
1477340 2100
1477350 2100
1477360 2100
1477370 2099
1477380 2100
1477390 2100
1477400 2100
1477410 2099
1477420 2099
1477430 2099
1477440 2099
1477450 2099
1477460 2099
1477470 2099
1477480 2099
1477490 2099
1477500 2098
1477510 2098
1477520 2098
1477530 2098
1477540 2100
1477550 2100
1477560 2104
1477570 2107
1477580 2107
1477590 2109
1477600 2111
1477610 2111
1477620 2113
1477630 2115
1477640 2115
1477650 2116
1477660 2116
1477670 2116
1477680 2113
1477690 2110
1477700 2110
1477710 2108
1477720 2108
1477730 2108
1477740 2108
1477750 2105
1477760 2102
1477770 2102
1477780 2102
1477790 2102
1477800 2102
1477810 2100
1477820 2099
1477830 2099
1477840 2099
1477850 2099
1477860 2099
1477870 2099
1477880 2099
1477890 2099
1477900 2098
1477910 2098
1477920 2098
1477930 2096
1477940 2096
1477950 2096
1477960 2098
1477970 2098
1477980 2098
1477990 2098
1478000 2097
1478010 2097
1478020 2097
1478030 2096
1478040 2096
1478050 2096
1478060 2096
1478070 2096
1478080 2096
1478090 2094
1478100 2093
1478110 2093
1478120 2092
1478130 2093
1478140 2093
1478150 2094
1478160 2097
1478170 2097
1478180 2100
1478190 2100
1478200 2100
1478210 2100
1478220 2100
1478230 2102
1478240 2102
1478250 2103
1478260 2103
1478270 2103
1478280 2103
1478290 2104
1478300 2104
1478310 2105
1478320 2104
1478330 2104
1478340 2106
1478350 2107
1478360 2107
1478370 2106
1478380 2105
1478390 2105
1478400 2104
1478410 2103
1478420 2101
1478430 2101
1478440 2096
1478450 2090
1478460 2090
1478470 2080
1478480 2075
1478490 2075
1478500 2071
1478510 2069
1478520 2069
1478530 2069
1478540 2069
1478550 2069
1478560 2067
1478570 2065
1478580 2065
1478590 2064
1478600 2062
1478610 2062
1478620 2060
1478630 2060
1478640 2059
1478650 2059
1478660 2059
1478670 2058
1478680 2058
1478690 2058
1478700 2060
1478710 2060
1478720 2059
1478730 2058
1478740 2058
1478750 2057
1478760 2059
1478770 2059
1478780 2061
1478790 2063
1478800 2063
1478810 2065
1478820 2067
1478830 2067
1478840 2067
1478850 2066
1478860 2065
1478870 2065
1478880 2065
1478890 2065
1478900 2065
1478910 2064
1478920 2064
1478930 2064
1478940 2063
1478950 2063
1478960 2063
1478970 2063
1478980 2065
1478990 2065
1479000 2065
1479010 2064
1479020 2064
1479030 2058
1479040 2052
1479050 2052
1479060 2049
1479070 2048
1479080 2047
1479090 2047
1479100 2046
1479110 2046
1479120 2046
1479130 2045
1479140 2045
1479150 2045
1479160 2046
1479170 2048
1479180 2048
1479190 2048
1479200 2049
1479210 2049
1479220 2050
1479230 2051
1479240 2051
1479250 2053
1479260 2054
1479270 2054
1479280 2055
1479290 2056
1479300 2057
1479310 2057
1479320 2057
1479330 2058
1479340 2058
1479350 2058
1479360 2057
1479370 2057
1479380 2057
1479390 2057
1479400 2057
1479410 2058
1479420 2059
1479430 2059
1479440 2062
1479450 2064
1479460 2064
1479470 2065
1479480 2067
1479490 2067
1479500 2068
1479510 2068
1479520 2068
1479530 2068
1479540 2067
1479550 2067
1479560 2067
1479570 2067
1479580 2065
1479590 2065
1479600 2064
1479610 2068
1479620 2068
1479630 2073
1479640 2076
1479650 2076
1479660 2079
1479670 2081
1479680 2081
1479690 2081
1479700 2080
1479710 2080
1479720 2079
1479730 2076
1479740 2074
1479750 2074
1479760 2074
1479770 2072
1479780 2072
1479790 2068
1479800 2063
1479810 2063
1479820 2054
1479830 2048
1479840 2048
1479850 2042
1479860 2038
1479870 2038
1479880 2035
1479890 2032
1479900 2032
1479910 2029
1479920 2024
1479930 2024
1479940 2019
1479950 2015
1479960 2009
1479970 2009
1479980 2002
1479990 1997
