1460000 1129
1460010 1129
1460020 1130
1460030 1126
1460040 1126
1460050 1125
1460060 1119
1460070 1119
1460080 1112
1460090 1112
1460100 1112
1460110 1111
1460120 1110
1460130 1110
1460140 1110
1460150 1111
1460160 1111
1460170 1111
1460180 1111
1460190 1111
1460200 1111
1460210 1111
1460220 1110
1460230 1110
1460240 1110
1460250 1110
1460260 1110
1460270 1109
1460280 1111
1460290 1111
1460300 1111
1460310 1111
1460320 1111
1460330 1110
1460340 1110
1460350 1110
1460360 1110
1460370 1110
1460380 1110
1460390 1110
1460400 1110
1460410 1110
1460420 1110
1460430 1111
1460440 1111
1460450 1111
1460460 1111
1460470 1111
1460480 1111
1460490 1112
1460500 1112
1460510 1112
1460520 1112
1460530 1112
1460540 1112
1460550 1114
1460560 1117
1460570 1117
1460580 1123
1460590 1130
1460600 1130
1460610 1138
1460620 1146
1460630 1150
1460640 1150
1460650 1151
1460660 1156
1460670 1156
1460680 1157
1460690 1155
1460700 1155
1460710 1155
1460720 1155
1460730 1155
1460740 1148
1460750 1149
1460760 1149
1460770 1152
1460780 1153
1460790 1153
1460800 1156
1460810 1159
1460820 1159
1460830 1161
1460840 1165
1460850 1170
1460860 1170
1460870 1175
1460880 1177
1460890 1177
1460900 1180
1460910 1185
1460920 1185
1460930 1190
1460940 1194
1460950 1194
1460960 1198
1460970 1202
1460980 1202
1460990 1205
1461000 1209
1461010 1209
1461020 1215
1461030 1222
1461040 1222
1461050 1229
1461060 1239
1461070 1247
1461080 1247
1461090 1254
1461100 1261
1461110 1261
1461120 1266
1461130 1269
1461140 1269
1461150 1271
1461160 1272
1461170 1272
1461180 1277
1461190 1284
1461200 1284
1461210 1291
1461220 1300
1461230 1300
1461240 1309
1461250 1319
1461260 1319
1461270 1327
1461280 1331
1461290 1334
1461300 1334
1461310 1336
1461320 1339
1461330 1339
1461340 1343
1461350 1348
1461360 1348
1461370 1352
1461380 1358
1461390 1358
1461400 1363
1461410 1368
1461420 1368
1461430 1373
1461440 1377
1461450 1377
1461460 1383
1461470 1387
1461480 1387
1461490 1391
1461500 1394
1461510 1397
1461520 1397
1461530 1401
1461540 1404
1461550 1404
1461560 1407
1461570 1407
1461580 1407
1461590 1408
1461600 1411
1461610 1411
1461620 1414
1461630 1419
1461640 1419
1461650 1424
1461660 1430
1461670 1430
1461680 1437
1461690 1444
1461700 1444
1461710 1450
1461720 1455
1461730 1460
1461740 1460
1461750 1465
1461760 1470
1461770 1470
1461780 1476
1461790 1480
1461800 1480
1461810 1485
1461820 1489
1461830 1489
1461840 1494
1461850 1499
1461860 1499
1461870 1504
1461880 1509
1461890 1509
1461900 1516
1461910 1521
1461920 1521
1461930 1527
1461940 1533
1461950 1539
1461960 1539
1461970 1543
1461980 1546
1461990 1546
1462000 1550
1462010 1554
1462020 1554
1462030 1559
1462040 1565
1462050 1565
1462060 1571
1462070 1576
1462080 1576
1462090 1582
1462100 1587
1462110 1587
1462120 1594
1462130 1600
1462140 1600
1462150 1606
1462160 1613
1462170 1618
1462180 1618
1462190 1624
1462200 1630
1462210 1630
1462220 1634
1462230 1639
1462240 1639
1462250 1647
1462260 1655
1462270 1655
1462280 1663
1462290 1671
1462300 1671
1462310 1677
1462320 1682
1462330 1682
1462340 1687
1462350 1692
1462360 1692
1462370 1699
1462380 1706
1462390 1712
1462400 1712
1462410 1719
1462420 1725
1462430 1725
1462440 1730
1462450 1736
1462460 1736
1462470 1743
1462480 1752
1462490 1752
1462500 1761
1462510 1772
1462520 1772
1462530 1777
1462540 1784
1462550 1784
1462560 1791
1462570 1799
1462580 1799
1462590 1805
1462600 1808
1462610 1810
1462620 1810
1462630 1814
1462640 1814
1462650 1814
1462660 1817
1462670 1821
1462680 1821
1462690 1826
1462700 1830
1462710 1830
1462720 1834
1462730 1837
1462740 1837
1462750 1840
1462760 1843
1462770 1843
1462780 1848
1462790 1852
1462800 1852
1462810 1855
1462820 1858
1462830 1862
1462840 1862
1462850 1866
1462860 1871
1462870 1871
1462880 1875
1462890 1879
1462900 1879
1462910 1886
1462920 1892
1462930 1892
1462940 1897
1462950 1903
1462960 1903
1462970 1909
1462980 1914
1462990 1914
1463000 1920
1463010 1926
1463020 1926
1463030 1931
1463040 1937
1463050 1942
1463060 1942
1463070 1948
1463080 1953
1463090 1953
1463100 1957
1463110 1964
1463120 1964
1463130 1971
1463140 1977
1463150 1977
1463160 1984
1463170 1991
1463180 1991
1463190 1999
1463200 2005
1463210 2005
1463220 2013
1463230 2022
1463240 2022
1463250 2030
1463260 2037
1463270 2045
1463280 2045
1463290 2053
1463300 2060
1463310 2060
1463320 2065
1463330 2070
1463340 2070
1463350 2075
1463360 2079
1463370 2079
1463380 2082
1463390 2084
1463400 2084
1463410 2087
1463420 2089
1463430 2089
1463440 2093
1463450 2099
1463460 2099
1463470 2104
1463480 2110
1463490 2115
1463500 2115
1463510 2119
1463520 2124
1463530 2124
1463540 2130
1463550 2136
1463560 2136
1463570 2142
1463580 2148
1463590 2148
1463600 2153
1463610 2159
1463620 2159
1463630 2165
1463640 2170
1463650 2170
1463660 2176
1463670 2181
1463680 2181
1463690 2185
1463700 2189
1463710 2193
1463720 2193
1463730 2190
1463740 2170
1463750 2170
1463760 2154
1463770 2140
1463780 2140
1463790 2123
1463800 2108
1463810 2108
1463820 2097
1463830 2088
1463840 2088
1463850 2080
1463860 2075
1463870 2075
1463880 2071
1463890 2068
1463900 2068
1463910 2065
1463920 2063
1463930 2062
1463940 2062
1463950 2062
1463960 2062
1463970 2062
1463980 2062
1463990 2062
1464000 2062
1464010 2062
1464020 2063
1464030 2063
1464040 2064
1464050 2065
1464060 2065
1464070 2068
1464080 2068
1464090 2068
1464100 2067
1464110 2067
1464120 2067
1464130 2065
1464140 2064
1464150 2065
1464160 2065
1464170 2067
1464180 2068
1464190 2068
1464200 2070
1464210 2071
1464220 2071
1464230 2074
1464240 2075
1464250 2075
1464260 2075
1464270 2076
1464280 2076
1464290 2077
1464300 2078
1464310 2078
1464320 2080
1464330 2082
1464340 2082
1464350 2083
1464360 2085
1464370 2087
1464380 2087
1464390 2089
1464400 2091
1464410 2091
1464420 2093
1464430 2095
1464440 2095
1464450 2097
1464460 2099
1464470 2099
1464480 2100
1464490 2102
1464500 2102
1464510 2104
1464520 2105
1464530 2105
1464540 2106
1464550 2107
1464560 2107
1464570 2107
1464580 2107
1464590 2107
1464600 2107
1464610 2107
1464620 2107
1464630 2107
1464640 2107
1464650 2110
1464660 2110
1464670 2112
1464680 2112
1464690 2112
1464700 2113
1464710 2113
1464720 2113
1464730 2111
1464740 2109
1464750 2109
1464760 2106
1464770 2105
1464780 2105
1464790 2105
1464800 2107
1464810 2108
1464820 2108
1464830 2107
1464840 2105
1464850 2105
1464860 2104
1464870 2101
1464880 2101
1464890 2100
1464900 2099
1464910 2099
1464920 2099
1464930 2100
1464940 2100
1464950 2101
1464960 2099
1464970 2099
1464980 2097
1464990 2097
1465000 2097
1465010 2099
1465020 2101
1465030 2102
1465040 2102
1465050 2103
1465060 2104
1465070 2104
1465080 2105
1465090 2105
1465100 2105
1465110 2106
1465120 2106
1465130 2106
1465140 2106
1465150 2105
1465160 2105
1465170 2105
1465180 2106
1465190 2106
1465200 2107
1465210 2108
1465220 2108
1465230 2108
1465240 2108
1465250 2109
1465260 2109
1465270 2110
1465280 2110
1465290 2110
1465300 2108
1465310 2102
1465320 2102
1465330 2095
1465340 2087
1465350 2087
1465360 2081
1465370 2074
1465380 2074
1465390 2070
1465400 2070
1465410 2070
1465420 2070
1465430 2070
1465440 2070
1465450 2070
1465460 2070
1465470 2070
1465480 2070
1465490 2070
1465500 2070
1465510 2070
1465520 2070
1465530 2070
1465540 2070
1465550 2070
1465560 2070
1465570 2070
1465580 2070
1465590 2070
1465600 2070
1465610 2070
1465620 2070
1465630 2070
1465640 2070
1465650 2070
1465660 2070
1465670 2070
1465680 2071
1465690 2072
1465700 2072
1465710 2075
1465720 2079
1465730 2079
1465740 2083
1465750 2089
1465760 2089
1465770 2093
1465780 2097
1465790 2097
1465800 2101
1465810 2106
1465820 2106
1465830 2112
1465840 2120
1465850 2120
1465860 2126
1465870 2132
1465880 2132
1465890 2136
1465900 2138
1465910 2139
1465920 2139
1465930 2140
1465940 2142
1465950 2142
1465960 2145
1465970 2147
1465980 2147
1465990 2149
1466000 2152
1466010 2152
1466020 2156
1466030 2161
1466040 2161
1466050 2165
1466060 2169
1466070 2169
1466080 2176
1466090 2183
1466100 2183
1466110 2188
1466120 2193
1466130 2196
1466140 2196
1466150 2200
1466160 2202
1466170 2202
1466180 2205
1466190 2208
1466200 2208
1466210 2212
1466220 2215
1466230 2215
1466240 2218
1466250 2222
1466260 2222
1466270 2227
1466280 2232
1466290 2232
1466300 2238
1466310 2245
1466320 2245
1466330 2253
1466340 2259
1466350 2263
1466360 2263
1466370 2267
1466380 2271
1466390 2271
1466400 2274
1466410 2279
1466420 2279
1466430 2282
1466440 2287
1466450 2287
1466460 2291
1466470 2294
1466480 2294
1466490 2298
1466500 2303
1466510 2303
1466520 2307
1466530 2312
1466540 2312
1466550 2316
1466560 2320
1466570 2324
1466580 2324
1466590 2329
1466600 2333
1466610 2333
1466620 2330
1466630 2329
1466640 2329
1466650 2325
1466660 2319
1466670 2319
1466680 2313
1466690 2308
1466700 2308
1466710 2303
1466720 2300
1466730 2300
1466740 2299
1466750 2297
1466760 2297
1466770 2296
1466780 2296
1466790 2297
1466800 2297
1466810 2296
1466820 2294
1466830 2294
1466840 2293
1466850 2291
1466860 2291
1466870 2289
1466880 2287
1466890 2287
1466900 2285
1466910 2285
1466920 2285
1466930 2285
1466940 2288
1466950 2288
1466960 2290
1466970 2292
1466980 2294
1466990 2294
1467000 2295
1467010 2292
1467020 2292
1467030 2289
1467040 2285
1467050 2285
1467060 2281
1467070 2279
1467080 2279
1467090 2276
1467100 2272
1467110 2272
1467120 2264
1467130 2256
1467140 2256
1467150 2248
1467160 2242
1467170 2242
1467180 2236
1467190 2229
1467200 2222
1467210 2222
1467220 2216
1467230 2217
1467240 2217
1467250 2220
1467260 2223
1467270 2223
1467280 2223
1467290 2222
1467300 2222
1467310 2221
1467320 2221
1467330 2221
1467340 2220
1467350 2219
1467360 2219
1467370 2220
1467380 2217
1467390 2217
1467400 2214
1467410 2209
1467420 2207
1467430 2207
1467440 2208
1467450 2209
1467460 2209
1467470 2212
1467480 2214
1467490 2214
1467500 2214
1467510 2215
1467520 2215
1467530 2217
1467540 2216
1467550 2216
1467560 2215
1467570 2212
1467580 2212
1467590 2215
1467600 2218
1467610 2218
1467620 2218
1467630 2214
1467640 2207
1467650 2207
1467660 2201
1467670 2194
1467680 2194
1467690 2188
1467700 2181
1467710 2181
1467720 2175
1467730 2174
1467740 2174
1467750 2170
1467760 2166
1467770 2166
1467780 2166
1467790 2168
1467800 2168
1467810 2170
1467820 2175
1467830 2175
1467840 2179
1467850 2180
1467860 2179
1467870 2179
1467880 2172
1467890 2167
1467900 2167
1467910 2167
1467920 2166
1467930 2166
1467940 2165
1467950 2157
1467960 2157
1467970 2148
1467980 2142
1467990 2142
1468000 2135
1468010 2131
1468020 2131
1468030 2125
1468040 2122
1468050 2122
1468060 2124
1468070 2130
1468080 2135
1468090 2135
1468100 2137
1468110 2137
1468120 2137
1468130 2139
1468140 2139
1468150 2139
1468160 2135
1468170 2130
1468180 2130
1468190 2125
1468200 2119
1468210 2119
1468220 2110
1468230 2098
1468240 2098
1468250 2087
1468260 2079
1468270 2079
1468280 2071
1468290 2065
1468300 2069
1468310 2069
1468320 2067
1468330 2064
1468340 2064
1468350 2064
1468360 2065
1468370 2065
1468380 2064
1468390 2058
1468400 2058
1468410 2058
1468420 2059
1468430 2059
1468440 2062
1468450 2065
1468460 2065
1468470 2067
1468480 2068
1468490 2068
1468500 2067
1468510 2067
1468520 2067
1468530 2067
1468540 2063
1468550 2048
1468560 2048
1468570 2040
1468580 2037
1468590 2037
1468600 2040
1468610 2042
1468620 2042
1468630 2040
1468640 2041
1468650 2041
1468660 2045
1468670 2051
1468680 2051
1468690 2052
1468700 2052
1468710 2052
1468720 2054
1468730 2055
1468740 2056
1468750 2056
1468760 2057
1468770 2056
1468780 2056
1468790 2052
1468800 2050
1468810 2050
1468820 2050
1468830 2052
1468840 2052
1468850 2055
1468860 2056
1468870 2056
1468880 2058
1468890 2060
1468900 2060
1468910 2060
1468920 2060
1468930 2060
1468940 2061
1468950 2062
1468960 2063
1468970 2063
1468980 2062
1468990 2062
1469000 2062
1469010 2062
1469020 2059
1469030 2059
1469040 2053
1469050 2043
1469060 2043
1469070 2020
1469080 2008
1469090 2008
1469100 1997
1469110 1987
1469120 1987
1469130 1978
1469140 1970
1469150 1970
1469160 1963
1469170 1955
1469180 1948
1469190 1948
1469200 1941
1469210 1935
1469220 1935
1469230 1931
1469240 1928
1469250 1928
1469260 1924
1469270 1922
1469280 1922
1469290 1922
1469300 1922
1469310 1922
1469320 1923
1469330 1926
1469340 1928
1469350 1933
1469360 1939
1469370 1939
1469380 1945
1469390 1953
1469400 1961
1469410 1961
1469420 1969
1469430 1976
1469440 1976
1469450 1981
1469460 1985
1469470 1985
1469480 1986
1469490 1984
1469500 1984
1469510 1983
1469520 1983
1469530 1983
1469540 1982
1469550 1983
1469560 1983
1469570 1983
1469580 1982
1469590 1982
1469600 1980
1469610 1978
1469620 1976
1469630 1976
1469640 1971
1469650 1966
1469660 1966
1469670 1962
1469680 1959
1469690 1959
1469700 1958
1469710 1954
1469720 1954
1469730 1950
1469740 1949
1469750 1949
1469760 1949
1469770 1950
1469780 1950
1469790 1950
1469800 1951
1469810 1951
1469820 1953
1469830 1955
1469840 1955
1469850 1955
1469860 1954
1469870 1954
1469880 1954
1469890 1954
1469900 1954
1469910 1954
1469920 1954
1469930 1956
1469940 1956
1469950 1958
1469960 1960
1469970 1960
1469980 1962
1469990 1965
1470000 1965
1470010 1969
1470020 1973
1470030 1973
1470040 1979
1470050 1986
1470060 1993
1470070 1993
1470080 1999
1470090 2005
1470100 2005
1470110 2012
1470120 2018
1470130 2018
1470140 2023
1470150 2026
1470160 2026
1470170 2030
1470180 2032
1470190 2032
1470200 2034
1470210 2035
1470220 2035
1470230 2037
1470240 2039
1470250 2039
1470260 2040
1470270 2041
1470280 2040
1470290 2040
1470300 2039
1470310 2039
1470320 2039
1470330 2040
1470340 2041
1470350 2041
1470360 2039
1470370 2037
1470380 2037
1470390 2037
1470400 2038
1470410 2038
1470420 2040
1470430 2039
1470440 2039
1470450 2031
1470460 2013
1470470 2013
1470480 2001
1470490 1993
1470500 1984
1470510 1984
1470520 1970
1470530 1961
1470540 1961
1470550 1953
1470560 1944
1470570 1944
1470580 1937
1470590 1930
1470600 1930
1470610 1924
1470620 1915
1470630 1915
1470640 1906
1470650 1901
1470660 1901
1470670 1897
1470680 1893
1470690 1893
1470700 1887
1470710 1883
1470720 1883
1470730 1883
1470740 1881
1470750 1880
1470760 1880
1470770 1877
1470780 1873
1470790 1873
1470800 1870
1470810 1867
1470820 1867
1470830 1865
1470840 1859
1470850 1859
1470860 1851
1470870 1844
1470880 1844
1470890 1839
1470900 1844
1470910 1844
1470920 1849
1470930 1849
1470940 1843
1470950 1843
1470960 1847
1470970 1851
1470980 1851
1470990 1854
1471000 1852
1471010 1852
1471020 1848
1471030 1842
1471040 1842
1471050 1837
1471060 1834
1471070 1834
1471080 1832
1471090 1830
1471100 1830
1471110 1824
1471120 1819
1471130 1819
1471140 1813
1471150 1804
1471160 1773
1471170 1773
1471180 1768
1471190 1773
1471200 1773
1471210 1770
1471220 1765
1471230 1765
1471240 1766
1471250 1773
1471260 1773
1471270 1784
1471280 1787
1471290 1787
1471300 1791
1471310 1796
1471320 1796
1471330 1798
1471340 1806
1471350 1806
1471360 1809
1471370 1807
1471380 1805
1471390 1805
1471400 1802
1471410 1768
1471420 1768
1471430 1740
1471440 1740
1471450 1740
1471460 1749
1471470 1767
1471480 1767
1471490 1781
1471500 1788
1471510 1788
1471520 1794
1471530 1794
1471540 1794
1471550 1788
1471560 1788
1471570 1788
1471580 1791
1471590 1796
1471600 1801
1471610 1801
1471620 1807
1471630 1810
1471640 1810
1471650 1812
1471660 1814
1471670 1814
1471680 1817
1471690 1821
1471700 1821
1471710 1825
1471720 1826
1471730 1826
1471740 1827
1471750 1832
1471760 1832
1471770 1839
1471780 1845
1471790 1845
1471800 1850
1471810 1855
1471820 1860
1471830 1860
1471840 1865
1471850 1871
1471860 1871
1471870 1876
1471880 1881
1471890 1881
1471900 1891
1471910 1900
1471920 1900
1471930 1905
1471940 1911
1471950 1911
1471960 1915
1471970 1920
1471980 1920
1471990 1924
1472000 1929
1472010 1929
1472020 1934
1472030 1936
1472040 1938
1472050 1938
1472060 1940
1472070 1945
1472080 1945
1472090 1952
1472100 1958
1472110 1958
1472120 1964
1472130 1970
1472140 1970
1472150 1976
1472160 1994
1472170 1994
1472180 2004
1472190 2009
1472200 2009
1472210 2012
1472220 2016
1472230 2016
1472240 2021
1472250 2024
1472260 2028
1472270 2028
1472280 2034
1472290 2039
1472300 2039
1472310 2045
1472320 2048
1472330 2048
1472340 2053
1472350 2057
1472360 2057
1472370 2062
1472380 2067
1472390 2067
1472400 2071
1472410 2075
1472420 2075
1472430 2079
1472440 2081
1472450 2081
1472460 2082
1472470 2082
1472480 2083
1472490 2083
1472500 2085
1472510 2087
1472520 2087
1472530 2090
1472540 2094
1472550 2094
1472560 2098
1472570 2100
1472580 2100
1472590 2103
1472600 2105
1472610 2105
1472620 2109
1472630 2112
1472640 2112
1472650 2117
1472660 2123
1472670 2123
1472680 2129
1472690 2134
1472700 2137
1472710 2137
1472720 2141
1472730 2145
1472740 2145
1472750 2151
1472760 2157
1472770 2157
1472780 2162
1472790 2169
1472800 2169
1472810 2175
1472820 2179
1472830 2179
1472840 2184
1472850 2189
1472860 2189
1472870 2192
1472880 2194
1472890 2194
1472900 2196
1472910 2196
1472920 2198
1472930 2198
1472940 2199
1472950 2200
1472960 2200
1472970 2201
1472980 2203
1472990 2203
1473000 2206
1473010 2208
1473020 2208
1473030 2210
1473040 2213
1473050 2213
1473060 2212
1473070 2216
1473080 2216
1473090 2223
1473100 2231
1473110 2231
1473120 2239
1473130 2246
1473140 2254
1473150 2254
1473160 2262
1473170 2271
1473180 2271
1473190 2279
1473200 2283
1473210 2283
1473220 2289
1473230 2295
1473240 2295
1473250 2302
1473260 2307
1473270 2307
1473280 2310
1473290 2315
1473300 2315
1473310 2321
1473320 2327
1473330 2327
1473340 2333
1473350 2338
1473360 2343
1473370 2343
1473380 2346
1473390 2348
1473400 2348
1473410 2350
1473420 2352
1473430 2352
1473440 2353
1473450 2356
1473460 2356
1473470 2358
1473480 2361
1473490 2361
1473500 2366
1473510 2371
1473520 2371
1473530 2375
1473540 2377
1473550 2377
1473560 2379
1473570 2380
1473580 2380
1473590 2380
1473600 2381
1473610 2382
1473620 2382
1473630 2383
1473640 2384
1473650 2384
1473660 2386
1473670 2386
1473680 2386
1473690 2387
1473700 2387
1473710 2387
1473720 2389
1473730 2392
1473740 2392
1473750 2395
1473760 2399
1473770 2399
1473780 2405
1473790 2410
1473800 2417
1473810 2417
1473820 2423
1473830 2428
1473840 2428
1473850 2433
1473860 2438
1473870 2438
1473880 2443
1473890 2448
1473900 2448
1473910 2455
1473920 2461
1473930 2461
1473940 2467
1473950 2472
1473960 2472
1473970 2475
1473980 2477
1473990 2477
1474000 2478
1474010 2480
1474020 2482
1474030 2482
1474040 2484
1474050 2487
1474060 2487
1474070 2490
1474080 2493
1474090 2493
1474100 2497
1474110 2500
1474120 2500
1474130 2507
1474140 2512
1474150 2512
1474160 2516
1474170 2519
1474180 2519
1474190 2522
1474200 2526
1474210 2526
1474220 2530
1474230 2534
1474240 2539
1474250 2539
1474260 2542
1474270 2546
1474280 2546
1474290 2550
1474300 2554
1474310 2554
1474320 2558
1474330 2561
1474340 2561
1474350 2565
1474360 2569
1474370 2569
1474380 2573
1474390 2577
1474400 2577
1474410 2581
1474420 2585
1474430 2589
1474440 2589
1474450 2597
1474460 2608
1474470 2608
1474480 2612
1474490 2614
1474500 2614
1474510 2620
1474520 2626
1474530 2626
1474540 2631
1474550 2635
1474560 2635
1474570 2644
1474580 2664
1474590 2664
1474600 2697
1474610 2706
1474620 2706
1474630 2711
1474640 2718
1474650 2724
1474660 2724
1474670 2730
1474680 2729
1474690 2729
1474700 2717
1474710 2704
1474720 2704
1474730 2695
1474740 2690
1474750 2690
1474760 2686
1474770 2684
1474780 2684
1474790 2683
1474800 2681
1474810 2681
1474820 2679
1474830 2677
1474840 2677
1474850 2674
1474860 2671
1474870 2669
1474880 2669
1474890 2667
1474900 2666
1474910 2666
1474920 2665
1474930 2665
1474940 2665
1474950 2666
1474960 2667
1474970 2667
1474980 2669
1474990 2669
1475000 2669
1475010 2667
1475020 2666
1475030 2666
1475040 2665
1475050 2665
1475060 2665
1475070 2665
1475080 2665
1475090 2665
1475100 2665
1475110 2665
1475120 2665
1475130 2665
1475140 2667
1475150 2668
1475160 2668
1475170 2671
1475180 2672
1475190 2672
1475200 2673
1475210 2674
1475220 2674
1475230 2674
1475240 2673
1475250 2673
1475260 2673
1475270 2674
1475280 2674
1475290 2675
1475300 2675
1475310 2675
1475320 2675
1475330 2676
1475340 2679
1475350 2679
1475360 2683
1475370 2687
1475380 2687
1475390 2695
1475400 2698
1475410 2698
1475420 2699
1475430 2699
1475440 2699
1475450 2705
1475460 2713
1475470 2713
1475480 2710
1475490 2700
1475500 2700
1475510 2690
1475520 2686
1475530 2684
1475540 2684
1475550 2684
1475560 2683
1475570 2683
1475580 2681
1475590 2680
1475600 2680
1475610 2680
1475620 2681
1475630 2681
1475640 2681
1475650 2682
1475660 2682
1475670 2682
1475680 2683
1475690 2683
1475700 2685
1475710 2686
1475720 2686
1475730 2688
1475740 2690
1475750 2697
1475760 2697
1475770 2696
1475780 2699
1475790 2699
1475800 2702
1475810 2710
1475820 2710
1475830 2717
1475840 2724
1475850 2724
1475860 2730
1475870 2738
1475880 2738
1475890 2746
1475900 2755
1475910 2755
1475920 2765
1475930 2774
1475940 2774
1475950 2783
1475960 2789
1475970 2795
1475980 2795
1475990 2802
1476000 2812
1476010 2812
1476020 2822
1476030 2828
1476040 2828
1476050 2823
1476060 2815
1476070 2815
1476080 2807
1476090 2798
1476100 2798
1476110 2787
1476120 2782
1476130 2782
1476140 2776
1476150 2763
1476160 2763
1476170 2754
1476180 2747
1476190 2743
1476200 2743
1476210 2739
1476220 2730
1476230 2730
1476240 2724
1476250 2719
1476260 2719
1476270 2714
1476280 2709
1476290 2709
1476300 2704
1476310 2699
1476320 2699
1476330 2693
1476340 2688
1476350 2688
1476360 2680
1476370 2667
1476380 2667
1476390 2659
1476400 2654
1476410 2651
1476420 2651
1476430 2647
1476440 2643
1476450 2643
1476460 2638
1476470 2635
1476480 2635
1476490 2632
1476500 2628
1476510 2628
1476520 2625
1476530 2623
1476540 2623
1476550 2620
1476560 2615
1476570 2615
1476580 2608
1476590 2602
1476600 2602
1476610 2598
1476620 2593
1476630 2589
1476640 2589
1476650 2587
1476660 2585
1476670 2585
1476680 2582
1476690 2577
1476700 2577
1476710 2574
1476720 2574
1476730 2574
1476740 2571
1476750 2566
1476760 2566
1476770 2563
1476780 2558
1476790 2558
1476800 2551
1476810 2546
1476820 2546
1476830 2543
1476840 2540
1476850 2538
1476860 2538
1476870 2535
1476880 2533
1476890 2533
1476900 2531
1476910 2529
1476920 2529
1476930 2527
1476940 2523
1476950 2523
1476960 2521
1476970 2521
1476980 2521
1476990 2522
1477000 2523
1477010 2523
1477020 2524
1477030 2522
1477040 2522
1477050 2519
1477060 2515
1477070 2507
1477080 2507
1477090 2509
1477100 2510
1477110 2510
1477120 2507
1477130 2500
1477140 2500
1477150 2494
1477160 2490
1477170 2490
1477180 2488
1477190 2487
1477200 2487
1477210 2484
1477220 2485
1477230 2485
1477240 2484
1477250 2477
1477260 2477
1477270 2471
1477280 2463
1477290 2460
1477300 2460
1477310 2452
1477320 2448
1477330 2448
1477340 2449
1477350 2452
1477360 2452
1477370 2447
1477380 2448
1477390 2448
1477400 2447
1477410 2440
1477420 2440
1477430 2430
1477440 2424
1477450 2424
1477460 2424
1477470 2416
1477480 2416
1477490 2412
1477500 2407
1477510 2401
1477520 2401
1477530 2397
1477540 2394
1477550 2394
1477560 2392
1477570 2389
1477580 2389
1477590 2386
1477600 2383
1477610 2383
1477620 2380
1477630 2378
1477640 2378
1477650 2377
1477660 2378
1477670 2378
1477680 2377
1477690 2376
1477700 2376
1477710 2376
1477720 2375
1477730 2373
1477740 2373
1477750 2373
1477760 2373
1477770 2373
1477780 2369
1477790 2367
1477800 2367
1477810 2368
1477820 2370
1477830 2370
1477840 2371
1477850 2372
1477860 2372
1477870 2374
1477880 2374
1477890 2374
1477900 2375
1477910 2375
1477920 2375
1477930 2374
1477940 2374
1477950 2375
1477960 2375
1477970 2377
1477980 2381
1477990 2381
1478000 2384
1478010 2386
1478020 2386
1478030 2387
1478040 2387
1478050 2387
1478060 2388
1478070 2388
1478080 2388
1478090 2387
1478100 2383
1478110 2383
1478120 2377
1478130 2370
1478140 2370
1478150 2366
1478160 2361
1478170 2358
1478180 2358
1478190 2356
1478200 2354
1478210 2354
1478220 2352
1478230 2351
1478240 2351
1478250 2349
1478260 2347
1478270 2347
1478280 2344
1478290 2342
1478300 2342
1478310 2340
1478320 2338
1478330 2338
1478340 2336
1478350 2330
1478360 2330
1478370 2326
1478380 2323
1478390 2319
1478400 2319
1478410 2318
1478420 2318
1478430 2318
1478440 2318
1478450 2317
1478460 2317
1478470 2315
1478480 2314
1478490 2314
1478500 2313
1478510 2314
1478520 2314
1478530 2316
1478540 2319
1478550 2319
1478560 2321
1478570 2324
1478580 2324
1478590 2325
1478600 2324
1478610 2324
1478620 2324
1478630 2325
1478640 2325
1478650 2325
1478660 2325
1478670 2326
1478680 2326
1478690 2329
1478700 2331
1478710 2331
1478720 2333
1478730 2335
1478740 2335
1478750 2336
1478760 2337
1478770 2337
1478780 2337
1478790 2337
1478800 2337
1478810 2340
1478820 2341
1478830 2342
1478840 2342
1478850 2339
1478860 2339
1478870 2339
1478880 2340
1478890 2341
1478900 2341
1478910 2342
1478920 2343
1478930 2343
1478940 2343
1478950 2344
1478960 2344
1478970 2344
1478980 2345
1478990 2345
1479000 2346
1479010 2347
1479020 2347
1479030 2347
1479040 2346
1479050 2345
1479060 2345
1479070 2345
1479080 2345
1479090 2345
1479100 2344
1479110 2343
1479120 2343
1479130 2341
1479140 2341
1479150 2341
1479160 2342
1479170 2344
1479180 2344
1479190 2346
1479200 2351
1479210 2351
1479220 2356
1479230 2363
1479240 2363
1479250 2368
1479260 2372
1479270 2378
1479280 2378
1479290 2384
1479300 2388
1479310 2388
1479320 2395
1479330 2405
1479340 2405
1479350 2414
1479360 2420
1479370 2420
1479380 2424
1479390 2426
1479400 2426
1479410 2428
1479420 2430
1479430 2430
1479440 2430
1479450 2426
1479460 2426
1479470 2427
1479480 2428
1479490 2429
1479500 2429
1479510 2431
1479520 2435
1479530 2435
1479540 2437
1479550 2439
1479560 2439
1479570 2441
1479580 2440
1479590 2440
1479600 2437
1479610 2434
1479620 2434
1479630 2432
1479640 2431
1479650 2431
1479660 2432
1479670 2433
1479680 2433
1479690 2433
1479700 2435
1479710 2436
1479720 2436
1479730 2439
1479740 2442
1479750 2442
1479760 2446
1479770 2447
1479780 2447
1479790 2448
1479800 2447
1479810 2447
1479820 2447
1479830 2447
1479840 2447
1479850 2449
1479860 2450
1479870 2450
1479880 2446
1479890 2443
1479900 2443
1479910 2436
1479920 2432
1479930 2431
1479940 2431
1479950 2432
1479960 2430
1479970 2430
1479980 2428
1479990 2428
