1460000 1257
1460010 1257
1460020 1247
1460030 1237
1460040 1227
1460050 1227
1460060 1218
1460070 1210
1460080 1210
1460090 1203
1460100 1195
1460110 1195
1460120 1187
1460130 1181
1460140 1181
1460150 1173
1460160 1162
1460170 1162
1460180 1154
1460190 1147
1460200 1147
1460210 1138
1460220 1131
1460230 1131
1460240 1126
1460250 1122
1460260 1119
1460270 1119
1460280 1116
1460290 1113
1460300 1113
1460310 1110
1460320 1108
1460330 1108
1460340 1106
1460350 1103
1460360 1103
1460370 1101
1460380 1100
1460390 1100
1460400 1098
1460410 1097
1460420 1097
1460430 1097
1460440 1097
1460450 1097
1460460 1097
1460470 1097
1460480 1097
1460490 1097
1460500 1096
1460510 1096
1460520 1096
1460530 1096
1460540 1096
1460550 1096
1460560 1096
1460570 1096
1460580 1096
1460590 1095
1460600 1095
1460610 1095
1460620 1096
1460630 1096
1460640 1096
1460650 1097
1460660 1097
1460670 1097
1460680 1098
1460690 1098
1460700 1097
1460710 1097
1460720 1097
1460730 1097
1460740 1097
1460750 1097
1460760 1097
1460770 1097
1460780 1099
1460790 1099
1460800 1099
1460810 1096
1460820 1094
1460830 1094
1460840 1094
1460850 1094
1460860 1094
1460870 1095
1460880 1094
1460890 1094
1460900 1094
1460910 1094
1460920 1094
1460930 1094
1460940 1094
1460950 1094
1460960 1094
1460970 1094
1460980 1094
1460990 1094
1461000 1094
1461010 1094
1461020 1094
1461030 1095
1461040 1095
1461050 1095
1461060 1096
1461070 1100
1461080 1100
1461090 1105
1461100 1111
1461110 1111
1461120 1117
1461130 1123
1461140 1126
1461150 1126
1461160 1131
1461170 1135
1461180 1135
1461190 1141
1461200 1148
1461210 1148
1461220 1152
1461230 1156
1461240 1156
1461250 1161
1461260 1165
1461270 1165
1461280 1169
1461290 1172
1461300 1172
1461310 1175
1461320 1178
1461330 1178
1461340 1181
1461350 1185
1461360 1187
1461370 1187
1461380 1189
1461390 1192
1461400 1192
1461410 1196
1461420 1201
1461430 1201
1461440 1206
1461450 1210
1461460 1210
1461470 1216
1461480 1221
1461490 1221
1461500 1227
1461510 1230
1461520 1230
1461530 1235
1461540 1239
1461550 1239
1461560 1243
1461570 1247
1461580 1252
1461590 1252
1461600 1256
1461610 1261
1461620 1261
1461630 1266
1461640 1272
1461650 1272
1461660 1279
1461670 1285
1461680 1285
1461690 1289
1461700 1292
1461710 1292
1461720 1294
1461730 1296
1461740 1296
1461750 1299
1461760 1301
1461770 1301
1461780 1302
1461790 1304
1461800 1305
1461810 1305
1461820 1306
1461830 1308
1461840 1308
1461850 1311
1461860 1313
1461870 1313
1461880 1314
1461890 1315
1461900 1315
1461910 1318
1461920 1322
1461930 1322
1461940 1326
1461950 1330
1461960 1330
1461970 1333
1461980 1337
1461990 1337
1462000 1340
1462010 1343
1462020 1346
1462030 1346
1462040 1348
1462050 1351
1462060 1351
1462070 1354
1462080 1357
1462090 1357
1462100 1361
1462110 1364
1462120 1364
1462130 1367
1462140 1370
1462150 1370
1462160 1373
1462170 1377
1462180 1377
1462190 1381
1462200 1386
1462210 1386
1462220 1392
1462230 1398
1462240 1403
1462250 1403
1462260 1408
1462270 1412
1462280 1412
1462290 1415
1462300 1417
1462310 1417
1462320 1419
1462330 1421
1462340 1421
1462350 1423
1462360 1426
1462370 1426
1462380 1432
1462390 1438
1462400 1438
1462410 1446
1462420 1455
1462430 1455
1462440 1464
1462450 1471
1462460 1475
1462470 1475
1462480 1480
1462490 1486
1462500 1486
1462510 1492
1462520 1497
1462530 1497
1462540 1502
1462550 1507
1462560 1507
1462570 1511
1462580 1516
1462590 1516
1462600 1521
1462610 1526
1462620 1526
1462630 1528
1462640 1532
1462650 1532
1462660 1537
1462670 1543
1462680 1549
1462690 1549
1462700 1556
1462710 1564
1462720 1564
1462730 1571
1462740 1578
1462750 1578
1462760 1584
1462770 1590
1462780 1590
1462790 1597
1462800 1603
1462810 1603
1462820 1611
1462830 1618
1462840 1618
1462850 1624
1462860 1634
1462870 1634
1462880 1643
1462890 1652
1462900 1656
1462910 1656
1462920 1660
1462930 1665
1462940 1665
1462950 1669
1462960 1677
1462970 1677
1462980 1685
1462990 1690
1463000 1690
1463010 1696
1463020 1701
1463030 1701
1463040 1707
1463050 1713
1463060 1713
1463070 1718
1463080 1724
1463090 1724
1463100 1729
1463110 1735
1463120 1741
1463130 1741
1463140 1747
1463150 1753
1463160 1753
1463170 1759
1463180 1764
1463190 1764
1463200 1769
1463210 1773
1463220 1773
1463230 1777
1463240 1780
1463250 1780
1463260 1783
1463270 1786
1463280 1786
1463290 1788
1463300 1792
1463310 1792
1463320 1797
1463330 1802
1463340 1808
1463350 1808
1463360 1814
1463370 1821
1463380 1821
1463390 1829
1463400 1837
1463410 1837
1463420 1845
1463430 1849
1463440 1849
1463450 1852
1463460 1853
1463470 1853
1463480 1852
1463490 1853
1463500 1853
1463510 1853
1463520 1852
1463530 1852
1463540 1848
1463550 1842
1463560 1836
1463570 1836
1463580 1834
1463590 1834
1463600 1834
1463610 1836
1463620 1836
1463630 1836
1463640 1834
1463650 1824
1463660 1824
1463670 1811
1463680 1801
1463690 1801
1463700 1792
1463710 1777
1463720 1777
1463730 1761
1463740 1745
1463750 1745
1463760 1733
1463770 1729
1463780 1728
1463790 1728
1463800 1728
1463810 1730
1463820 1730
1463830 1729
1463840 1725
1463850 1725
1463860 1721
1463870 1716
1463880 1716
1463890 1711
1463900 1706
1463910 1706
1463920 1703
1463930 1702
1463940 1702
1463950 1703
1463960 1702
1463970 1702
1463980 1699
1463990 1696
1464000 1693
1464010 1693
1464020 1694
1464030 1696
1464040 1696
1464050 1697
1464060 1698
1464070 1698
1464080 1699
1464090 1699
1464100 1699
1464110 1698
1464120 1697
1464130 1697
1464140 1697
1464150 1698
1464160 1698
1464170 1696
1464180 1695
1464190 1695
1464200 1691
1464210 1687
1464220 1683
1464230 1683
1464240 1680
1464250 1677
1464260 1677
1464270 1676
1464280 1672
1464290 1672
1464300 1667
1464310 1661
1464320 1661
1464330 1659
1464340 1659
1464350 1659
1464360 1659
1464370 1660
1464380 1660
1464390 1661
1464400 1663
1464410 1663
1464420 1664
1464430 1665
1464440 1666
1464450 1666
1464460 1667
1464470 1668
1464480 1668
1464490 1669
1464500 1669
1464510 1669
1464520 1670
1464530 1673
1464540 1673
1464550 1675
1464560 1676
1464570 1676
1464580 1683
1464590 1690
1464600 1690
1464610 1698
1464620 1705
1464630 1705
1464640 1711
1464650 1717
1464660 1723
1464670 1723
1464680 1729
1464690 1735
1464700 1735
1464710 1742
1464720 1749
1464730 1749
1464740 1757
1464750 1764
1464760 1764
1464770 1769
1464780 1774
1464790 1774
1464800 1778
1464810 1782
1464820 1782
1464830 1786
1464840 1791
1464850 1791
1464860 1795
1464870 1801
1464880 1801
1464890 1807
1464900 1812
1464910 1818
1464920 1818
1464930 1823
1464940 1829
1464950 1829
1464960 1836
1464970 1842
1464980 1842
1464990 1848
1465000 1854
1465010 1854
1465020 1860
1465030 1866
1465040 1866
1465050 1873
1465060 1878
1465070 1878
1465080 1885
1465090 1891
1465100 1891
1465110 1897
1465120 1903
1465130 1909
1465140 1909
1465150 1914
1465160 1920
1465170 1920
1465180 1927
1465190 1933
1465200 1933
1465210 1939
1465220 1948
1465230 1948
1465240 1959
1465250 1966
1465260 1966
1465270 1975
1465280 1982
1465290 1982
1465300 1989
1465310 1995
1465320 1995
1465330 2006
1465340 2022
1465350 2035
1465360 2035
1465370 2045
1465380 2051
1465390 2051
1465400 2057
1465410 2065
1465420 2065
1465430 2072
1465440 2080
1465450 2080
1465460 2089
1465470 2097
1465480 2097
1465490 2106
1465500 2115
1465510 2115
1465520 2122
1465530 2128
1465540 2128
1465550 2132
1465560 2138
1465570 2144
1465580 2144
1465590 2148
1465600 2153
1465610 2153
1465620 2159
1465630 2167
1465640 2167
1465650 2175
1465660 2184
1465670 2184
1465680 2193
1465690 2203
1465700 2203
1465710 2207
1465720 2212
1465730 2212
1465740 2214
1465750 2215
1465760 2215
1465770 2218
1465780 2225
1465790 2233
1465800 2233
1465810 2243
1465820 2253
1465830 2253
1465840 2263
1465850 2271
1465860 2271
1465870 2278
1465880 2286
1465890 2286
1465900 2296
1465910 2305
1465920 2305
1465930 2317
1465940 2329
1465950 2329
1465960 2339
1465970 2350
1465980 2350
1465990 2348
1466000 2344
1466010 2347
1466020 2347
1466030 2350
1466040 2357
1466050 2357
1466060 2367
1466070 2374
1466080 2374
1466090 2380
1466100 2385
1466110 2385
1466120 2392
1466130 2400
1466140 2400
1466150 2404
1466160 2411
1466170 2411
1466180 2419
1466190 2428
1466200 2428
1466210 2438
1466220 2449
1466230 2457
1466240 2457
1466250 2466
1466260 2471
1466270 2471
1466280 2463
1466290 2455
1466300 2455
1466310 2442
1466320 2430
1466330 2430
1466340 2420
1466350 2404
1466360 2404
1466370 2378
1466380 2362
1466390 2362
1466400 2346
1466410 2328
1466420 2328
1466430 2316
1466440 2307
1466450 2298
1466460 2298
1466470 2291
1466480 2283
1466490 2283
1466500 2276
1466510 2269
1466520 2269
1466530 2263
1466540 2257
1466550 2257
1466560 2251
1466570 2246
1466580 2246
1466590 2242
1466600 2239
1466610 2239
1466620 2236
1466630 2234
1466640 2234
1466650 2231
1466660 2229
1466670 2227
1466680 2227
1466690 2225
1466700 2223
1466710 2223
1466720 2216
1466730 2208
1466740 2208
1466750 2199
1466760 2188
1466770 2188
1466780 2173
1466790 2162
1466800 2162
1466810 2153
1466820 2148
1466830 2148
1466840 2143
1466850 2139
1466860 2139
1466870 2135
1466880 2133
1466890 2135
1466900 2135
1466910 2136
1466920 2136
1466930 2136
1466940 2133
1466950 2130
1466960 2130
1466970 2128
1466980 2124
1466990 2124
1467000 2118
1467010 2115
1467020 2115
1467030 2116
1467040 2119
1467050 2119
1467060 2120
1467070 2123
1467080 2123
1467090 2126
1467100 2129
1467110 2132
1467120 2132
1467130 2132
1467140 2127
1467150 2127
1467160 2127
1467170 2128
1467180 2128
1467190 2130
1467200 2129
1467210 2129
1467220 2131
1467230 2137
1467240 2137
1467250 2142
1467260 2149
1467270 2149
1467280 2156
1467290 2161
1467300 2161
1467310 2162
1467320 2161
1467330 2160
1467340 2160
1467350 2158
1467360 2156
1467370 2156
1467380 2156
1467390 2153
1467400 2153
1467410 2143
1467420 2129
1467430 2129
1467440 2110
1467450 2095
1467460 2095
1467470 2087
1467480 2079
1467490 2079
1467500 2073
1467510 2067
1467520 2067
1467530 2060
1467540 2052
1467550 2047
1467560 2047
1467570 2045
1467580 2041
1467590 2041
1467600 2035
1467610 2031
1467620 2031
1467630 2028
1467640 2028
1467650 2028
1467660 2030
1467670 2033
1467680 2033
1467690 2035
1467700 2034
1467710 2034
1467720 2027
1467730 2014
1467740 2014
1467750 2009
1467760 2007
1467770 2005
1467780 2005
1467790 2002
1467800 1996
1467810 1996
1467820 1990
1467830 1984
1467840 1984
1467850 1978
1467860 1971
1467870 1971
1467880 1964
1467890 1958
1467900 1958
1467910 1953
1467920 1947
1467930 1947
1467940 1942
1467950 1941
1467960 1941
1467970 1942
1467980 1944
1467990 1947
1468000 1947
1468010 1949
1468020 1950
1468030 1950
1468040 1950
1468050 1947
1468060 1947
1468070 1944
1468080 1938
1468090 1938
1468100 1933
1468110 1934
1468120 1934
1468130 1935
1468140 1934
1468150 1934
1468160 1932
1468170 1931
1468180 1931
1468190 1930
1468200 1929
1468210 1931
1468220 1931
1468230 1935
1468240 1936
1468250 1936
1468260 1938
1468270 1940
1468280 1940
1468290 1943
1468300 1938
1468310 1938
1468320 1933
1468330 1930
1468340 1930
1468350 1929
1468360 1928
1468370 1928
1468380 1926
1468390 1927
1468400 1927
1468410 1929
1468420 1931
1468430 1930
1468440 1930
1468450 1928
1468460 1921
1468470 1921
1468480 1909
1468490 1904
1468500 1904
1468510 1897
1468520 1891
1468530 1891
1468540 1884
1468550 1877
1468560 1877
1468570 1871
1468580 1867
1468590 1867
1468600 1863
1468610 1858
1468620 1858
1468630 1852
1468640 1849
1468650 1845
1468660 1845
1468670 1841
1468680 1838
1468690 1838
1468700 1835
1468710 1830
1468720 1830
1468730 1828
1468740 1826
1468750 1826
1468760 1825
1468770 1825
1468780 1825
1468790 1825
1468800 1825
1468810 1825
1468820 1825
1468830 1825
1468840 1825
1468850 1825
1468860 1825
1468870 1825
1468880 1825
1468890 1825
1468900 1825
1468910 1825
1468920 1825
1468930 1825
1468940 1825
1468950 1825
1468960 1825
1468970 1825
1468980 1825
1468990 1825
1469000 1825
1469010 1827
1469020 1831
1469030 1831
1469040 1836
1469050 1841
1469060 1841
1469070 1845
1469080 1850
1469090 1855
1469100 1855
1469110 1859
1469120 1861
1469130 1861
1469140 1862
1469150 1862
1469160 1862
1469170 1864
1469180 1867
1469190 1867
1469200 1872
1469210 1875
1469220 1875
1469230 1877
1469240 1877
1469250 1877
1469260 1876
1469270 1874
1469280 1874
1469290 1873
1469300 1874
1469310 1876
1469320 1876
1469330 1876
1469340 1874
1469350 1874
1469360 1870
1469370 1865
1469380 1865
1469390 1851
1469400 1846
1469410 1846
1469420 1844
1469430 1843
1469440 1843
1469450 1844
1469460 1846
1469470 1846
1469480 1846
1469490 1845
1469500 1845
1469510 1839
1469520 1828
1469530 1819
1469540 1819
1469550 1810
1469560 1805
1469570 1805
1469580 1795
1469590 1789
1469600 1789
1469610 1782
1469620 1776
1469630 1776
1469640 1769
1469650 1763
1469660 1763
1469670 1758
1469680 1755
1469690 1755
1469700 1754
1469710 1752
1469720 1752
1469730 1750
1469740 1750
1469750 1750
1469760 1750
1469770 1747
1469780 1738
1469790 1738
1469800 1732
1469810 1726
1469820 1726
1469830 1720
1469840 1716
1469850 1716
1469860 1714
1469870 1712
1469880 1712
1469890 1710
1469900 1708
1469910 1708
1469920 1705
1469930 1702
1469940 1702
1469950 1700
1469960 1696
1469970 1694
1469980 1694
1469990 1692
1470000 1689
1470010 1689
1470020 1686
1470030 1686
1470040 1686
1470050 1686
1470060 1687
1470070 1687
1470080 1689
1470090 1692
1470100 1692
1470110 1697
1470120 1701
1470130 1701
1470140 1706
1470150 1714
1470160 1714
1470170 1722
1470180 1732
1470190 1738
1470200 1738
1470210 1740
1470220 1741
1470230 1741
1470240 1739
1470250 1736
1470260 1736
1470270 1732
1470280 1728
1470290 1728
1470300 1724
1470310 1719
1470320 1719
1470330 1714
1470340 1710
1470350 1710
1470360 1706
1470370 1698
1470380 1698
1470390 1685
1470400 1673
1470410 1663
1470420 1663
1470430 1648
1470440 1638
1470450 1638
1470460 1624
1470470 1615
1470480 1615
1470490 1606
1470500 1599
1470510 1599
1470520 1590
1470530 1580
1470540 1580
1470550 1574
1470560 1570
1470570 1570
1470580 1562
1470590 1554
1470600 1554
1470610 1541
1470620 1522
1470630 1501
1470640 1501
1470650 1487
1470660 1476
1470670 1476
1470680 1460
1470690 1450
1470700 1450
1470710 1443
1470720 1437
1470730 1437
1470740 1432
1470750 1429
1470760 1429
1470770 1425
1470780 1420
1470790 1420
1470800 1415
1470810 1408
1470820 1408
1470830 1402
1470840 1397
1470850 1394
1470860 1394
1470870 1393
1470880 1392
1470890 1392
1470900 1389
1470910 1386
1470920 1386
1470930 1388
1470940 1391
1470950 1391
1470960 1391
1470970 1392
1470980 1392
1470990 1392
1471000 1392
1471010 1392
1471020 1392
1471030 1394
1471040 1394
1471050 1395
1471060 1393
1471070 1394
1471080 1394
1471090 1394
1471100 1395
1471110 1395
1471120 1396
1471130 1397
1471140 1397
1471150 1398
1471160 1399
1471170 1399
1471180 1401
1471190 1403
1471200 1403
1471210 1408
1471220 1414
1471230 1414
1471240 1428
1471250 1448
1471260 1448
1471270 1465
1471280 1486
1471290 1502
1471300 1502
1471310 1512
1471320 1539
1471330 1539
1471340 1575
1471350 1583
1471360 1583
1471370 1589
1471380 1599
1471390 1599
1471400 1605
1471410 1609
1471420 1609
1471430 1611
1471440 1621
1471450 1621
1471460 1639
1471470 1657
1471480 1657
1471490 1663
1471500 1666
1471510 1667
1471520 1667
1471530 1670
1471540 1675
1471550 1675
1471560 1691
1471570 1719
1471580 1719
1471590 1730
1471600 1759
1471610 1759
1471620 1769
1471630 1776
1471640 1776
1471650 1783
1471660 1790
1471670 1790
1471680 1806
1471690 1825
1471700 1825
1471710 1839
1471720 1851
1471730 1861
1471740 1861
1471750 1871
1471760 1878
1471770 1878
1471780 1883
1471790 1887
1471800 1887
1471810 1891
1471820 1896
1471830 1896
1471840 1900
1471850 1905
1471860 1905
1471870 1913
1471880 1920
1471890 1920
1471900 1925
1471910 1930
1471920 1930
1471930 1937
1471940 1944
1471950 1950
1471960 1950
1471970 1956
1471980 1961
1471990 1961
1472000 1967
1472010 1972
1472020 1972
1472030 1980
1472040 1985
1472050 1985
1472060 1995
1472070 2001
1472080 2001
1472090 2008
1472100 2014
1472110 2014
1472120 2020
1472130 2027
1472140 2027
1472150 2033
1472160 2038
1472170 2043
1472180 2043
1472190 2048
1472200 2056
1472210 2056
1472220 2064
1472230 2070
1472240 2070
1472250 2076
1472260 2085
1472270 2085
1472280 2104
1472290 2122
1472300 2122
1472310 2156
1472320 2167
1472330 2167
1472340 2175
1472350 2188
1472360 2188
1472370 2196
1472380 2202
1472390 2206
1472400 2206
1472410 2213
1472420 2222
1472430 2222
1472440 2229
1472450 2238
1472460 2238
1472470 2249
1472480 2268
1472490 2268
1472500 2274
1472510 2279
1472520 2279
1472530 2285
1472540 2291
1472550 2291
1472560 2295
1472570 2298
1472580 2298
1472590 2302
1472600 2304
1472610 2313
1472620 2313
1472630 2321
1472640 2323
1472650 2323
1472660 2329
1472670 2336
1472680 2336
1472690 2341
1472700 2348
1472710 2348
1472720 2357
1472730 2367
1472740 2367
1472750 2379
1472760 2391
1472770 2391
1472780 2404
1472790 2410
1472800 2410
1472810 2414
1472820 2422
1472830 2430
1472840 2430
1472850 2440
1472860 2454
1472870 2454
1472880 2457
1472890 2446
1472900 2446
1472910 2437
1472920 2426
1472930 2426
1472940 2414
1472950 2401
1472960 2401
1472970 2385
1472980 2370
1472990 2370
1473000 2354
1473010 2341
1473020 2341
1473030 2334
1473040 2329
1473050 2325
1473060 2325
1473070 2321
1473080 2316
1473090 2316
1473100 2314
1473110 2311
1473120 2311
1473130 2307
1473140 2304
1473150 2304
1473160 2298
1473170 2292
1473180 2292
1473190 2284
1473200 2267
1473210 2267
1473220 2232
1473230 2225
1473240 2225
1473250 2222
1473260 2223
1473270 2222
1473280 2222
1473290 2221
1473300 2218
1473310 2218
1473320 2216
1473330 2215
1473340 2215
1473350 2214
1473360 2211
1473370 2211
1473380 2208
1473390 2206
1473400 2206
1473410 2205
1473420 2205
1473430 2205
1473440 2204
1473450 2204
1473460 2204
1473470 2203
1473480 2203
1473490 2202
1473500 2202
1473510 2201
1473520 2202
1473530 2202
1473540 2203
1473550 2204
1473560 2204
1473570 2205
1473580 2205
1473590 2205
1473600 2205
1473610 2205
1473620 2205
1473630 2205
1473640 2205
1473650 2205
1473660 2205
1473670 2206
1473680 2206
1473690 2205
1473700 2205
1473710 2204
1473720 2204
1473730 2204
1473740 2205
1473750 2205
1473760 2206
1473770 2206
1473780 2206
1473790 2207
1473800 2209
1473810 2209
1473820 2211
1473830 2213
1473840 2213
1473850 2215
1473860 2217
1473870 2217
1473880 2219
1473890 2222
1473900 2222
1473910 2224
1473920 2225
1473930 2227
1473940 2227
1473950 2230
1473960 2231
1473970 2231
1473980 2231
1473990 2231
1474000 2231
1474010 2232
1474020 2233
1474030 2233
1474040 2235
1474050 2237
1474060 2237
1474070 2237
1474080 2236
1474090 2236
1474100 2236
1474110 2237
1474120 2237
1474130 2237
1474140 2237
1474150 2238
1474160 2238
1474170 2238
1474180 2241
1474190 2241
1474200 2244
1474210 2246
1474220 2246
1474230 2249
1474240 2253
1474250 2253
1474260 2255
1474270 2258
1474280 2258
1474290 2259
1474300 2262
1474310 2262
1474320 2266
1474330 2266
1474340 2266
1474350 2267
1474360 2270
1474370 2274
1474380 2274
1474390 2282
1474400 2293
1474410 2293
1474420 2302
1474430 2310
1474440 2310
1474450 2317
1474460 2328
1474470 2328
1474480 2336
1474490 2341
1474500 2341
1474510 2342
1474520 2344
1474530 2344
1474540 2347
1474550 2346
1474560 2346
1474570 2346
1474580 2349
1474590 2355
1474600 2355
1474610 2360
1474620 2366
1474630 2366
1474640 2372
1474650 2372
1474660 2372
1474670 2370
1474680 2372
1474690 2372
1474700 2373
1474710 2376
1474720 2376
1474730 2381
1474740 2376
1474750 2376
1474760 2372
1474770 2356
1474780 2356
1474790 2350
1474800 2351
1474810 2349
1474820 2349
1474830 2348
1474840 2349
1474850 2349
1474860 2348
1474870 2348
1474880 2348
1474890 2349
1474900 2350
1474910 2350
1474920 2346
1474930 2344
1474940 2344
1474950 2346
1474960 2347
1474970 2347
1474980 2343
1474990 2340
1475000 2340
1475010 2338
1475020 2337
1475030 2334
1475040 2334
1475050 2334
1475060 2333
1475070 2333
1475080 2333
1475090 2331
1475100 2331
1475110 2332
1475120 2330
1475130 2330
1475140 2326
1475150 2321
1475160 2321
1475170 2317
1475180 2315
1475190 2315
1475200 2313
1475210 2312
1475220 2312
1475230 2312
1475240 2307
1475250 2308
1475260 2308
1475270 2306
1475280 2302
1475290 2302
1475300 2299
1475310 2297
1475320 2297
1475330 2295
1475340 2292
1475350 2292
1475360 2290
1475370 2289
1475380 2289
1475390 2287
1475400 2288
1475410 2288
1475420 2288
1475430 2289
1475440 2289
1475450 2291
1475460 2289
1475470 2290
1475480 2290
1475490 2290
1475500 2290
1475510 2290
1475520 2291
1475530 2294
1475540 2294
1475550 2297
1475560 2299
1475570 2299
1475580 2298
1475590 2299
1475600 2299
1475610 2299
1475620 2297
1475630 2297
1475640 2296
1475650 2296
1475660 2296
1475670 2297
1475680 2299
1475690 2299
1475700 2299
1475710 2300
1475720 2301
1475730 2301
1475740 2301
1475750 2303
1475760 2307
1475770 2309
1475780 2309
1475790 2309
1475800 2309
1475810 2310
1475820 2310
1475830 2310
1475840 2312
1475850 2312
1475860 2313
1475870 2315
1475880 2315
1475890 2318
1475900 2319
1475910 2320
1475920 2320
1475930 2322
1475940 2323
1475950 2323
1475960 2324
1475970 2326
1475980 2326
1475990 2330
1476000 2336
1476010 2336
1476020 2342
1476030 2347
1476040 2347
1476050 2353
1476060 2356
1476070 2356
1476080 2359
1476090 2360
1476100 2360
1476110 2361
1476120 2362
1476130 2363
1476140 2363
1476150 2363
1476160 2362
1476170 2362
1476180 2363
1476190 2365
1476200 2365
1476210 2369
1476220 2372
1476230 2372
1476240 2375
1476250 2380
1476260 2380
1476270 2385
1476280 2391
1476290 2391
1476300 2396
1476310 2402
1476320 2402
1476330 2408
1476340 2413
1476350 2418
1476360 2418
1476370 2424
1476380 2429
1476390 2429
1476400 2434
1476410 2440
1476420 2440
1476430 2445
1476440 2451
1476450 2451
1476460 2455
1476470 2457
1476480 2457
1476490 2460
1476500 2464
1476510 2464
1476520 2467
1476530 2469
1476540 2469
1476550 2472
1476560 2475
1476570 2479
1476580 2479
1476590 2481
1476600 2481
1476610 2481
1476620 2480
1476630 2478
1476640 2478
1476650 2478
1476660 2477
1476670 2477
1476680 2478
1476690 2480
1476700 2480
1476710 2483
1476720 2486
1476730 2486
1476740 2486
1476750 2488
1476760 2488
1476770 2493
1476780 2499
1476790 2499
1476800 2503
1476810 2506
1476820 2508
1476830 2508
1476840 2510
1476850 2510
1476860 2510
1476870 2513
1476880 2517
1476890 2517
1476900 2522
1476910 2527
1476920 2527
1476930 2533
1476940 2538
1476950 2538
1476960 2543
1476970 2548
1476980 2548
1476990 2553
1477000 2557
1477010 2557
1477020 2562
1477030 2568
1477040 2573
1477050 2573
1477060 2577
1477070 2582
1477080 2582
1477090 2586
1477100 2591
1477110 2591
1477120 2596
1477130 2600
1477140 2600
1477150 2602
1477160 2605
1477170 2605
1477180 2608
1477190 2609
1477200 2609
1477210 2611
1477220 2613
1477230 2613
1477240 2616
1477250 2619
1477260 2621
1477270 2621
1477280 2623
1477290 2624
1477300 2624
1477310 2627
1477320 2631
1477330 2631
1477340 2635
1477350 2640
1477360 2640
1477370 2645
1477380 2650
1477390 2650
1477400 2656
1477410 2662
1477420 2662
1477430 2668
1477440 2675
1477450 2675
1477460 2683
1477470 2692
1477480 2695
1477490 2695
1477500 2698
1477510 2700
1477520 2700
1477530 2702
1477540 2705
1477550 2705
1477560 2709
1477570 2711
1477580 2711
1477590 2714
1477600 2717
1477610 2717
1477620 2720
1477630 2726
1477640 2726
1477650 2731
1477660 2736
1477670 2736
1477680 2742
1477690 2750
1477700 2757
1477710 2757
1477720 2763
1477730 2769
1477740 2769
1477750 2776
1477760 2783
1477770 2783
1477780 2791
1477790 2800
1477800 2800
1477810 2798
1477820 2794
1477830 2794
1477840 2792
1477850 2791
1477860 2791
1477870 2790
1477880 2789
1477890 2789
1477900 2788
1477910 2785
1477920 2781
1477930 2781
1477940 2779
1477950 2776
1477960 2776
1477970 2775
1477980 2775
1477990 2775
1478000 2783
1478010 2787
1478020 2787
1478030 2788
1478040 2788
1478050 2788
1478060 2787
1478070 2785
1478080 2785
1478090 2782
1478100 2778
1478110 2778
1478120 2774
1478130 2772
1478140 2765
1478150 2765
1478160 2761
1478170 2758
1478180 2758
1478190 2755
1478200 2751
1478210 2751
1478220 2745
1478230 2740
1478240 2740
1478250 2739
1478260 2738
1478270 2738
1478280 2738
1478290 2737
1478300 2737
1478310 2737
1478320 2737
1478330 2737
1478340 2738
1478350 2737
1478360 2734
1478370 2734
1478380 2729
1478390 2725
1478400 2725
1478410 2722
1478420 2720
1478430 2720
1478440 2720
1478450 2719
1478460 2719
1478470 2720
1478480 2721
1478490 2721
1478500 2723
1478510 2724
1478520 2724
1478530 2726
1478540 2723
1478550 2723
1478560 2716
1478570 2712
1478580 2707
1478590 2707
1478600 2703
1478610 2702
1478620 2702
1478630 2700
1478640 2696
1478650 2696
1478660 2687
1478670 2681
1478680 2681
1478690 2680
1478700 2680
1478710 2680
1478720 2681
1478730 2681
1478740 2681
1478750 2679
1478760 2679
1478770 2679
1478780 2678
1478790 2677
1478800 2676
1478810 2676
1478820 2675
1478830 2674
1478840 2674
1478850 2674
1478860 2674
1478870 2674
1478880 2674
1478890 2676
1478900 2676
1478910 2679
1478920 2682
1478930 2682
1478940 2686
1478950 2689
1478960 2689
1478970 2692
1478980 2695
1478990 2695
1479000 2697
1479010 2700
1479020 2705
1479030 2705
1479040 2709
1479050 2710
1479060 2710
1479070 2711
1479080 2712
1479090 2712
1479100 2712
1479110 2712
1479120 2712
1479130 2713
1479140 2716
1479150 2716
1479160 2719
1479170 2725
1479180 2725
1479190 2731
1479200 2736
1479210 2736
1479220 2742
1479230 2747
1479240 2752
1479250 2752
1479260 2749
1479270 2743
1479280 2743
1479290 2735
1479300 2734
1479310 2734
1479320 2738
1479330 2737
1479340 2737
1479350 2733
1479360 2730
1479370 2730
1479380 2730
1479390 2731
1479400 2731
1479410 2732
1479420 2734
1479430 2734
1479440 2735
1479450 2735
1479460 2735
1479470 2735
1479480 2736
1479490 2737
1479500 2737
1479510 2740
1479520 2742
1479530 2742
1479540 2745
1479550 2748
1479560 2748
1479570 2751
1479580 2754
1479590 2754
1479600 2758
1479610 2758
1479620 2758
1479630 2748
1479640 2739
1479650 2739
1479660 2730
1479670 2721
1479680 2709
1479690 2709
1479700 2697
1479710 2688
1479720 2688
1479730 2678
1479740 2673
1479750 2673
1479760 2667
1479770 2659
1479780 2659
1479790 2648
1479800 2637
1479810 2637
1479820 2629
1479830 2617
1479840 2617
1479850 2596
1479860 2576
1479870 2576
1479880 2562
1479890 2542
1479900 2525
1479910 2525
1479920 2510
1479930 2498
1479940 2498
1479950 2488
1479960 2480
1479970 2480
1479980 2472
1479990 2465
