1460000 1506
1460010 1500
1460020 1500
1460030 1494
1460040 1489
1460050 1489
1460060 1485
1460070 1479
1460080 1479
1460090 1474
1460100 1469
1460110 1469
1460120 1464
1460130 1459
1460140 1459
1460150 1455
1460160 1448
1460170 1448
1460180 1439
1460190 1431
1460200 1425
1460210 1425
1460220 1420
1460230 1407
1460240 1407
1460250 1389
1460260 1378
1460270 1378
1460280 1369
1460290 1359
1460300 1359
1460310 1351
1460320 1342
1460330 1342
1460340 1332
1460350 1322
1460360 1322
1460370 1311
1460380 1298
1460390 1298
1460400 1284
1460410 1269
1460420 1255
1460430 1255
1460440 1247
1460450 1240
1460460 1240
1460470 1235
1460480 1230
1460490 1230
1460500 1226
1460510 1222
1460520 1222
1460530 1218
1460540 1213
1460550 1213
1460560 1208
1460570 1202
1460580 1202
1460590 1197
1460600 1189
1460610 1189
1460620 1181
1460630 1173
1460640 1165
1460650 1165
1460660 1157
1460670 1149
1460680 1149
1460690 1141
1460700 1134
1460710 1134
1460720 1127
1460730 1119
1460740 1119
1460750 1112
1460760 1105
1460770 1105
1460780 1099
1460790 1093
1460800 1093
1460810 1092
1460820 1092
1460830 1092
1460840 1092
1460850 1092
1460860 1092
1460870 1092
1460880 1091
1460890 1091
1460900 1091
1460910 1091
1460920 1091
1460930 1091
1460940 1090
1460950 1090
1460960 1090
1460970 1090
1460980 1090
1460990 1090
1461000 1090
1461010 1090
1461020 1090
1461030 1089
1461040 1089
1461050 1089
1461060 1089
1461070 1089
1461080 1089
1461090 1089
1461100 1089
1461110 1089
1461120 1089
1461130 1089
1461140 1089
1461150 1089
1461160 1089
1461170 1089
1461180 1089
1461190 1090
1461200 1088
1461210 1088
1461220 1088
1461230 1090
1461240 1090
1461250 1091
1461260 1091
1461270 1091
1461280 1091
1461290 1090
1461300 1090
1461310 1090
1461320 1089
1461330 1089
1461340 1089
1461350 1089
1461360 1089
1461370 1089
1461380 1090
1461390 1092
1461400 1092
1461410 1098
1461420 1105
1461430 1105
1461440 1111
1461450 1115
1461460 1115
1461470 1122
1461480 1126
1461490 1126
1461500 1130
1461510 1134
1461520 1139
1461530 1139
1461540 1145
1461550 1151
1461560 1151
1461570 1154
1461580 1155
1461590 1155
1461600 1155
1461610 1159
1461620 1159
1461630 1166
1461640 1171
1461650 1171
1461660 1173
1461670 1176
1461680 1176
1461690 1180
1461700 1183
1461710 1183
1461720 1188
1461730 1194
1461740 1201
1461750 1201
1461760 1207
1461770 1212
1461780 1212
1461790 1217
1461800 1221
1461810 1221
1461820 1222
1461830 1220
1461840 1220
1461850 1218
1461860 1218
1461870 1218
1461880 1221
1461890 1226
1461900 1226
1461910 1232
1461920 1237
1461930 1237
1461940 1240
1461950 1242
1461960 1243
1461970 1243
1461980 1244
1461990 1245
1462000 1245
1462010 1247
1462020 1249
1462030 1249
1462040 1252
1462050 1256
1462060 1256
1462070 1260
1462080 1265
1462090 1265
1462100 1269
1462110 1272
1462120 1272
1462130 1274
1462140 1276
1462150 1276
1462160 1279
1462170 1282
1462180 1286
1462190 1286
1462200 1290
1462210 1294
1462220 1294
1462230 1297
1462240 1299
1462250 1299
1462260 1300
1462270 1302
1462280 1302
1462290 1303
1462300 1306
1462310 1306
1462320 1309
1462330 1313
1462340 1313
1462350 1316
1462360 1321
1462370 1321
1462380 1325
1462390 1328
1462400 1333
1462410 1333
1462420 1337
1462430 1342
1462440 1342
1462450 1346
1462460 1352
1462470 1352
1462480 1358
1462490 1364
1462500 1364
1462510 1371
1462520 1377
1462530 1377
1462540 1384
1462550 1388
1462560 1388
1462570 1394
1462580 1401
1462590 1401
1462600 1408
1462610 1417
1462620 1426
1462630 1426
1462640 1433
1462650 1438
1462660 1438
1462670 1444
1462680 1448
1462690 1448
1462700 1453
1462710 1459
1462720 1459
1462730 1464
1462740 1469
1462750 1469
1462760 1472
1462770 1478
1462780 1478
1462790 1483
1462800 1488
1462810 1488
1462820 1493
1462830 1499
1462840 1504
1462850 1504
1462860 1509
1462870 1514
1462880 1514
1462890 1520
1462900 1525
1462910 1525
1462920 1528
1462930 1531
1462940 1531
1462950 1534
1462960 1537
1462970 1537
1462980 1539
1462990 1541
1463000 1541
1463010 1541
1463020 1541
1463030 1541
1463040 1543
1463050 1545
1463060 1547
1463070 1547
1463080 1547
1463090 1548
1463100 1548
1463110 1549
1463120 1548
1463130 1548
1463140 1545
1463150 1539
1463160 1539
1463170 1533
1463180 1530
1463190 1530
1463200 1531
1463210 1531
1463220 1531
1463230 1522
1463240 1521
1463250 1521
1463260 1526
1463270 1517
1463280 1511
1463290 1511
1463300 1507
1463310 1506
1463320 1506
1463330 1504
1463340 1499
1463350 1499
1463360 1492
1463370 1487
1463380 1487
1463390 1486
1463400 1487
1463410 1487
1463420 1487
1463430 1480
1463440 1480
1463450 1477
1463460 1475
1463470 1475
1463480 1473
1463490 1473
1463500 1474
1463510 1474
1463520 1470
1463530 1462
1463540 1462
1463550 1462
1463560 1463
1463570 1463
1463580 1463
1463590 1463
1463600 1463
1463610 1465
1463620 1465
1463630 1465
1463640 1465
1463650 1466
1463660 1466
1463670 1467
1463680 1466
1463690 1466
1463700 1465
1463710 1463
1463720 1463
1463730 1463
1463740 1462
1463750 1462
1463760 1462
1463770 1463
1463780 1465
1463790 1465
1463800 1467
1463810 1468
1463820 1468
1463830 1468
1463840 1469
1463850 1469
1463860 1472
1463870 1477
1463880 1477
1463890 1481
1463900 1484
1463910 1484
1463920 1488
1463930 1492
1463940 1496
1463950 1496
1463960 1499
1463970 1502
1463980 1502
1463990 1504
1464000 1509
1464010 1509
1464020 1513
1464030 1516
1464040 1516
1464050 1520
1464060 1523
1464070 1523
1464080 1525
1464090 1528
1464100 1528
1464110 1531
1464120 1532
1464130 1532
1464140 1534
1464150 1538
1464160 1543
1464170 1543
1464180 1549
1464190 1555
1464200 1555
1464210 1562
1464220 1569
1464230 1569
1464240 1576
1464250 1582
1464260 1582
1464270 1587
1464280 1593
1464290 1593
1464300 1600
1464310 1609
1464320 1609
1464330 1619
1464340 1629
1464350 1629
1464360 1640
1464370 1650
1464380 1658
1464390 1658
1464400 1666
1464410 1674
1464420 1674
1464430 1682
1464440 1696
1464450 1696
1464460 1712
1464470 1727
1464480 1727
1464490 1736
1464500 1742
1464510 1742
1464520 1747
1464530 1753
1464540 1753
1464550 1758
1464560 1766
1464570 1766
1464580 1774
1464590 1784
1464600 1790
1464610 1790
1464620 1795
1464630 1800
1464640 1800
1464650 1805
1464660 1811
1464670 1811
1464680 1816
1464690 1818
1464700 1818
1464710 1822
1464720 1827
1464730 1827
1464740 1833
1464750 1840
1464760 1840
1464770 1848
1464780 1856
1464790 1856
1464800 1864
1464810 1865
1464820 1871
1464830 1871
1464840 1876
1464850 1881
1464860 1881
1464870 1886
1464880 1891
1464890 1891
1464900 1897
1464910 1902
1464920 1902
1464930 1908
1464940 1915
1464950 1915
1464960 1922
1464970 1928
1464980 1928
1464990 1935
1465000 1943
1465010 1943
1465020 1951
1465030 1958
1465040 1964
1465050 1964
1465060 1969
1465070 1975
1465080 1975
1465090 1979
1465100 1984
1465110 1984
1465120 1987
1465130 1991
1465140 1991
1465150 1995
1465160 2000
1465170 2000
1465180 2004
1465190 2010
1465200 2010
1465210 2014
1465220 2019
1465230 2019
1465240 2025
1465250 2031
1465260 2031
1465270 2036
1465280 2042
1465290 2047
1465300 2047
1465310 2053
1465320 2055
1465330 2055
1465340 2058
1465350 2061
1465360 2061
1465370 2064
1465380 2067
1465390 2067
1465400 2072
1465410 2079
1465420 2079
1465430 2085
1465440 2090
1465450 2090
1465460 2096
1465470 2101
1465480 2101
1465490 2107
1465500 2112
1465510 2117
1465520 2117
1465530 2123
1465540 2128
1465550 2128
1465560 2133
1465570 2139
1465580 2139
1465590 2144
1465600 2150
1465610 2150
1465620 2156
1465630 2162
1465640 2162
1465650 2168
1465660 2172
1465670 2172
1465680 2175
1465690 2178
1465700 2178
1465710 2181
1465720 2184
1465730 2190
1465740 2190
1465750 2196
1465760 2202
1465770 2202
1465780 2207
1465790 2211
1465800 2211
1465810 2215
1465820 2219
1465830 2219
1465840 2223
1465850 2227
1465860 2227
1465870 2232
1465880 2236
1465890 2236
1465900 2241
1465910 2246
1465920 2246
1465930 2249
1465940 2254
1465950 2259
1465960 2259
1465970 2264
1465980 2267
1465990 2267
1466000 2270
1466010 2276
1466020 2276
1466030 2283
1466040 2289
1466050 2289
1466060 2293
1466070 2298
1466080 2298
1466090 2303
1466100 2307
1466110 2307
1466120 2313
1466130 2315
1466140 2315
1466150 2302
1466160 2291
1466170 2282
1466180 2282
1466190 2273
1466200 2265
1466210 2265
1466220 2257
1466230 2249
1466240 2249
1466250 2242
1466260 2234
1466270 2234
1466280 2226
1466290 2217
1466300 2217
1466310 2206
1466320 2189
1466330 2189
1466340 2170
1466350 2161
1466360 2161
1466370 2153
1466380 2147
1466390 2141
1466400 2141
1466410 2136
1466420 2131
1466430 2131
1466440 2126
1466450 2122
1466460 2122
1466470 2117
1466480 2113
1466490 2113
1466500 2109
1466510 2104
1466520 2104
1466530 2100
1466540 2095
1466550 2095
1466560 2091
1466570 2087
1466580 2087
1466590 2082
1466600 2078
1466610 2073
1466620 2073
1466630 2069
1466640 2064
1466650 2064
1466660 2060
1466670 2055
1466680 2055
1466690 2051
1466700 2046
1466710 2046
1466720 2042
1466730 2037
1466740 2037
1466750 2033
1466760 2029
1466770 2029
1466780 2024
1466790 2020
1466800 2020
1466810 2016
1466820 2012
1466830 2007
1466840 2007
1466850 2003
1466860 1998
1466870 1998
1466880 1993
1466890 1988
1466900 1988
1466910 1983
1466920 1979
1466930 1979
1466940 1975
1466950 1971
1466960 1971
1466970 1967
1466980 1964
1466990 1964
1467000 1961
1467010 1958
1467020 1958
1467030 1956
1467040 1953
1467050 1951
1467060 1951
1467070 1949
1467080 1948
1467090 1948
1467100 1948
1467110 1950
1467120 1950
1467130 1951
1467140 1953
1467150 1953
1467160 1950
1467170 1944
1467180 1944
1467190 1938
1467200 1940
1467210 1940
1467220 1943
1467230 1936
1467240 1936
1467250 1927
1467260 1926
1467270 1925
1467280 1925
1467290 1921
1467300 1915
1467310 1915
1467320 1910
1467330 1903
1467340 1903
1467350 1900
1467360 1891
1467370 1891
1467380 1889
1467390 1888
1467400 1888
1467410 1885
1467420 1882
1467430 1882
1467440 1881
1467450 1881
1467460 1881
1467470 1882
1467480 1884
1467490 1885
1467500 1885
1467510 1887
1467520 1891
1467530 1891
1467540 1895
1467550 1899
1467560 1899
1467570 1902
1467580 1902
1467590 1902
1467600 1898
1467610 1893
1467620 1893
1467630 1887
1467640 1879
1467650 1879
1467660 1870
1467670 1865
1467680 1865
1467690 1860
1467700 1862
1467710 1862
1467720 1862
1467730 1859
1467740 1836
1467750 1836
1467760 1807
1467770 1788
1467780 1788
1467790 1775
1467800 1770
1467810 1770
1467820 1764
1467830 1757
1467840 1757
1467850 1750
1467860 1746
1467870 1746
1467880 1746
1467890 1746
1467900 1746
1467910 1741
1467920 1738
1467930 1737
1467940 1737
1467950 1732
1467960 1732
1467970 1732
1467980 1732
1467990 1733
1468000 1733
1468010 1733
1468020 1732
1468030 1732
1468040 1736
1468050 1731
1468060 1731
1468070 1726
1468080 1727
1468090 1727
1468100 1729
1468110 1727
1468120 1727
1468130 1732
1468140 1732
1468150 1727
1468160 1727
1468170 1727
1468180 1727
1468190 1727
1468200 1730
1468210 1735
1468220 1735
1468230 1740
1468240 1744
1468250 1744
1468260 1751
1468270 1756
1468280 1756
1468290 1760
1468300 1767
1468310 1767
1468320 1776
1468330 1781
1468340 1781
1468350 1784
1468360 1782
1468370 1777
1468380 1777
1468390 1773
1468400 1765
1468410 1765
1468420 1764
1468430 1763
1468440 1763
1468450 1764
1468460 1765
1468470 1765
1468480 1767
1468490 1767
1468500 1767
1468510 1770
1468520 1773
1468530 1773
1468540 1778
1468550 1785
1468560 1785
1468570 1789
1468580 1793
1468590 1796
1468600 1796
1468610 1800
1468620 1803
1468630 1803
1468640 1807
1468650 1812
1468660 1812
1468670 1817
1468680 1822
1468690 1822
1468700 1824
1468710 1826
1468720 1826
1468730 1827
1468740 1827
1468750 1827
1468760 1827
1468770 1826
1468780 1826
1468790 1824
1468800 1821
1468810 1822
1468820 1822
1468830 1821
1468840 1811
1468850 1811
1468860 1802
1468870 1802
1468880 1802
1468890 1807
1468900 1812
1468910 1812
1468920 1815
1468930 1816
1468940 1816
1468950 1819
1468960 1823
1468970 1823
1468980 1829
1468990 1835
1469000 1835
1469010 1841
1469020 1844
1469030 1850
1469040 1850
1469050 1857
1469060 1864
1469070 1864
1469080 1872
1469090 1881
1469100 1881
1469110 1890
1469120 1899
1469130 1899
1469140 1906
1469150 1914
1469160 1914
1469170 1921
1469180 1928
1469190 1928
1469200 1935
1469210 1943
1469220 1943
1469230 1951
1469240 1958
1469250 1966
1469260 1966
1469270 1974
1469280 1978
1469290 1978
1469300 1983
1469310 1987
1469320 1987
1469330 1987
1469340 1984
1469350 1984
1469360 1978
1469370 1968
1469380 1968
1469390 1962
1469400 1954
1469410 1954
1469420 1944
1469430 1939
1469440 1939
1469450 1933
1469460 1927
1469470 1920
1469480 1920
1469490 1912
1469500 1904
1469510 1904
1469520 1897
1469530 1883
1469540 1883
1469550 1876
1469560 1866
1469570 1866
1469580 1857
1469590 1848
1469600 1848
1469610 1840
1469620 1833
1469630 1833
1469640 1823
1469650 1810
1469660 1810
1469670 1798
1469680 1790
1469690 1783
1469700 1783
1469710 1777
1469720 1773
1469730 1773
1469740 1770
1469750 1767
1469760 1767
1469770 1765
1469780 1761
1469790 1761
1469800 1755
1469810 1749
1469820 1749
1469830 1736
1469840 1723
1469850 1723
1469860 1718
1469870 1713
1469880 1713
1469890 1709
1469900 1706
1469910 1704
1469920 1704
1469930 1702
1469940 1698
1469950 1698
1469960 1695
1469970 1692
1469980 1692
1469990 1690
1470000 1692
1470010 1692
1470020 1697
1470030 1703
1470040 1703
1470050 1709
1470060 1713
1470070 1713
1470080 1718
1470090 1723
1470100 1723
1470110 1725
1470120 1724
1470130 1725
1470140 1725
1470150 1725
1470160 1723
1470170 1723
1470180 1715
1470190 1703
1470200 1703
1470210 1695
1470220 1686
1470230 1686
1470240 1674
1470250 1664
1470260 1664
1470270 1658
1470280 1654
1470290 1654
1470300 1650
1470310 1646
1470320 1646
1470330 1646
1470340 1643
1470350 1635
1470360 1635
1470370 1625
1470380 1608
1470390 1608
1470400 1596
1470410 1586
1470420 1586
1470430 1578
1470440 1570
1470450 1570
1470460 1563
1470470 1559
1470480 1559
1470490 1559
1470500 1560
1470510 1560
1470520 1566
1470530 1572
1470540 1572
1470550 1575
1470560 1577
1470570 1577
1470580 1577
1470590 1572
1470600 1561
1470610 1561
1470620 1542
1470630 1514
1470640 1514
1470650 1488
1470660 1470
1470670 1470
1470680 1461
1470690 1434
1470700 1434
1470710 1389
1470720 1378
1470730 1378
1470740 1371
1470750 1365
1470760 1365
1470770 1360
1470780 1355
1470790 1355
1470800 1351
1470810 1347
1470820 1341
1470830 1341
1470840 1338
1470850 1332
1470860 1332
1470870 1328
1470880 1325
1470890 1325
1470900 1326
1470910 1330
1470920 1330
1470930 1338
1470940 1347
1470950 1347
1470960 1355
1470970 1360
1470980 1360
1470990 1364
1471000 1368
1471010 1368
1471020 1373
1471030 1377
1471040 1381
1471050 1381
1471060 1385
1471070 1390
1471080 1390
1471090 1394
1471100 1399
1471110 1399
1471120 1404
1471130 1408
1471140 1408
1471150 1413
1471160 1418
1471170 1418
1471180 1423
1471190 1428
1471200 1428
1471210 1434
1471220 1439
1471230 1439
1471240 1445
1471250 1451
1471260 1457
1471270 1457
1471280 1463
1471290 1470
1471300 1470
1471310 1477
1471320 1483
1471330 1483
1471340 1489
1471350 1495
1471360 1495
1471370 1501
1471380 1504
1471390 1504
1471400 1509
1471410 1517
1471420 1517
1471430 1536
1471440 1546
1471450 1546
1471460 1551
1471470 1556
1471480 1563
1471490 1563
1471500 1569
1471510 1570
1471520 1570
1471530 1572
1471540 1578
1471550 1578
1471560 1587
1471570 1593
1471580 1593
1471590 1599
1471600 1605
1471610 1605
1471620 1611
1471630 1618
1471640 1618
1471650 1624
1471660 1631
1471670 1631
1471680 1637
1471690 1641
1471700 1647
1471710 1647
1471720 1654
1471730 1660
1471740 1660
1471750 1666
1471760 1672
1471770 1672
1471780 1678
1471790 1684
1471800 1684
1471810 1694
1471820 1703
1471830 1703
1471840 1711
1471850 1719
1471860 1719
1471870 1728
1471880 1739
1471890 1739
1471900 1746
1471910 1755
1471920 1766
1471930 1766
1471940 1775
1471950 1787
1471960 1787
1471970 1800
1471980 1811
1471990 1811
1472000 1827
1472010 1836
1472020 1836
1472030 1844
1472040 1852
1472050 1852
1472060 1859
1472070 1866
1472080 1866
1472090 1867
1472100 1864
1472110 1864
1472120 1868
1472130 1872
1472140 1875
1472150 1875
1472160 1881
1472170 1888
1472180 1888
1472190 1894
1472200 1898
1472210 1898
1472220 1898
1472230 1900
1472240 1900
1472250 1908
1472260 1914
1472270 1914
1472280 1920
1472290 1924
1472300 1924
1472310 1929
1472320 1935
1472330 1935
1472340 1936
1472350 1943
1472360 1945
1472370 1945
1472380 1954
1472390 1965
1472400 1965
1472410 1972
1472420 1977
1472430 1977
1472440 1982
1472450 1989
1472460 1989
1472470 1995
1472480 2003
1472490 2003
1472500 2012
1472510 2020
1472520 2020
1472530 2030
1472540 2040
1472550 2040
1472560 2045
1472570 2043
1472580 2036
1472590 2036
1472600 2029
1472610 2029
1472620 2029
1472630 2033
1472640 2037
1472650 2037
1472660 2043
1472670 2039
1472680 2039
1472690 2041
1472700 2046
1472710 2046
1472720 2056
1472730 2076
1472740 2076
1472750 2097
1472760 2108
1472770 2108
1472780 2129
1472790 2139
1472800 2143
1472810 2143
1472820 2144
1472830 2140
1472840 2140
1472850 2134
1472860 2114
1472870 2114
1472880 2097
1472890 2081
1472900 2081
1472910 2067
1472920 2064
1472930 2064
1472940 2061
1472950 2059
1472960 2065
1472970 2064
1472980 2063
1472990 2063
1473000 2062
1473010 2062
1473020 2066
1473030 2066
1473040 2070
1473050 2073
1473060 2073
1473070 2075
1473080 2075
1473090 2075
1473100 2074
1473110 2072
1473120 2072
1473130 2073
1473140 2073
1473150 2073
1473160 2072
1473170 2072
1473180 2072
1473190 2072
1473200 2070
1473210 2070
1473220 2071
1473230 2072
1473240 2073
1473250 2073
1473260 2074
1473270 2075
1473280 2075
1473290 2075
1473300 2075
1473310 2075
1473320 2074
1473330 2074
1473340 2074
1473350 2075
1473360 2075
1473370 2075
1473380 2074
1473390 2074
1473400 2074
1473410 2072
1473420 2071
1473430 2071
1473440 2071
1473450 2071
1473460 2069
1473470 2069
1473480 2068
1473490 2066
1473500 2066
1473510 2066
1473520 2066
1473530 2066
1473540 2064
1473550 2063
1473560 2063
1473570 2063
1473580 2063
1473590 2063
1473600 2064
1473610 2065
1473620 2065
1473630 2065
1473640 2066
1473650 2066
1473660 2066
1473670 2065
1473680 2064
1473690 2064
1473700 2064
1473710 2063
1473720 2063
1473730 2065
1473740 2065
1473750 2065
1473760 2065
1473770 2066
1473780 2066
1473790 2068
1473800 2070
1473810 2070
1473820 2070
1473830 2070
1473840 2070
1473850 2071
1473860 2072
1473870 2072
1473880 2074
1473890 2073
1473900 2071
1473910 2071
1473920 2069
1473930 2064
1473940 2064
1473950 2063
1473960 2063
1473970 2063
1473980 2059
1473990 2057
1474000 2057
1474010 2055
1474020 2051
1474030 2051
1474040 2048
1474050 2045
1474060 2045
1474070 2044
1474080 2043
1474090 2043
1474100 2037
1474110 2035
1474120 2042
1474130 2042
1474140 2060
1474150 2076
1474160 2076
1474170 2078
1474180 2078
1474190 2078
1474200 2078
1474210 2080
1474220 2080
1474230 2081
1474240 2079
1474250 2079
1474260 2079
1474270 2080
1474280 2080
1474290 2080
1474300 2081
1474310 2081
1474320 2079
1474330 2081
1474340 2085
1474350 2085
1474360 2087
1474370 2088
1474380 2088
1474390 2092
1474400 2094
1474410 2094
1474420 2097
1474430 2098
1474440 2098
1474450 2098
1474460 2099
1474470 2099
1474480 2100
1474490 2102
1474500 2102
1474510 2104
1474520 2108
1474530 2108
1474540 2111
1474550 2111
1474560 2112
1474570 2112
1474580 2113
1474590 2115
1474600 2115
1474610 2118
1474620 2122
1474630 2122
1474640 2125
1474650 2126
1474660 2126
1474670 2129
1474680 2132
1474690 2132
1474700 2135
1474710 2137
1474720 2137
1474730 2141
1474740 2156
1474750 2156
1474760 2160
1474770 2150
1474780 2129
1474790 2129
1474800 2112
1474810 2109
1474820 2109
1474830 2119
1474840 2128
1474850 2128
1474860 2137
1474870 2146
1474880 2146
1474890 2146
1474900 2143
1474910 2143
1474920 2133
1474930 2141
1474940 2141
1474950 2144
1474960 2150
1474970 2150
1474980 2153
1474990 2153
1475000 2150
1475010 2150
1475020 2140
1475030 2147
1475040 2147
1475050 2154
1475060 2154
1475070 2154
1475080 2145
1475090 2137
1475100 2137
1475110 2130
1475120 2119
1475130 2119
1475140 2088
1475150 2063
1475160 2063
1475170 2063
1475180 2066
1475190 2066
1475200 2066
1475210 2064
1475220 2060
1475230 2060
1475240 2054
1475250 2051
1475260 2051
1475270 2051
1475280 2050
1475290 2050
1475300 2046
1475310 2047
1475320 2047
1475330 2049
1475340 2050
1475350 2050
1475360 2045
1475370 2042
1475380 2042
1475390 2040
1475400 2035
1475410 2035
1475420 2030
1475430 2026
1475440 2025
1475450 2025
1475460 2026
1475470 2027
1475480 2027
1475490 2029
1475500 2032
1475510 2032
1475520 2034
1475530 2034
1475540 2034
1475550 2035
1475560 2036
1475570 2036
1475580 2038
1475590 2038
1475600 2038
1475610 2039
1475620 2040
1475630 2040
1475640 2041
1475650 2041
1475660 2042
1475670 2042
1475680 2042
1475690 2042
1475700 2042
1475710 2044
1475720 2044
1475730 2044
1475740 2045
1475750 2046
1475760 2046
1475770 2047
1475780 2047
1475790 2047
1475800 2046
1475810 2048
1475820 2048
1475830 2050
1475840 2054
1475850 2054
1475860 2058
1475870 2063
1475880 2063
1475890 2068
1475900 2073
1475910 2078
1475920 2078
1475930 2083
1475940 2088
1475950 2088
1475960 2093
1475970 2097
1475980 2097
1475990 2102
1476000 2106
1476010 2106
1476020 2111
1476030 2115
1476040 2115
1476050 2121
1476060 2127
1476070 2127
1476080 2133
1476090 2139
1476100 2139
1476110 2145
1476120 2152
1476130 2159
1476140 2159
1476150 2166
1476160 2177
1476170 2177
1476180 2196
1476190 2212
1476200 2212
1476210 2227
1476220 2245
1476230 2245
1476240 2257
1476250 2259
1476260 2259
1476270 2260
1476280 2264
1476290 2264
1476300 2269
1476310 2276
1476320 2276
1476330 2284
1476340 2293
1476350 2301
1476360 2301
1476370 2308
1476380 2315
1476390 2315
1476400 2324
1476410 2331
1476420 2331
1476430 2336
1476440 2343
1476450 2343
1476460 2349
1476470 2356
1476480 2356
1476490 2361
1476500 2367
1476510 2367
1476520 2372
1476530 2377
1476540 2377
1476550 2381
1476560 2387
1476570 2393
1476580 2393
1476590 2399
1476600 2401
1476610 2401
1476620 2402
1476630 2405
1476640 2405
1476650 2408
1476660 2411
1476670 2411
1476680 2414
1476690 2418
1476700 2418
1476710 2422
1476720 2425
1476730 2425
1476740 2429
1476750 2433
1476760 2433
1476770 2438
1476780 2445
1476790 2451
1476800 2451
1476810 2455
1476820 2459
1476830 2459
1476840 2465
1476850 2469
1476860 2469
1476870 2473
1476880 2476
1476890 2476
1476900 2478
1476910 2480
1476920 2480
1476930 2481
1476940 2484
1476950 2484
1476960 2487
1476970 2490
1476980 2490
1476990 2492
1477000 2495
1477010 2498
1477020 2498
1477030 2501
1477040 2506
1477050 2506
1477060 2511
1477070 2516
1477080 2516
1477090 2522
1477100 2529
1477110 2529
1477120 2536
1477130 2546
1477140 2546
1477150 2567
1477160 2597
1477170 2597
1477180 2615
1477190 2628
1477200 2628
1477210 2644
1477220 2657
1477230 2665
1477240 2665
1477250 2674
1477260 2686
1477270 2686
1477280 2696
1477290 2706
1477300 2706
1477310 2710
1477320 2698
1477330 2698
1477340 2675
1477350 2666
1477360 2666
1477370 2661
1477380 2657
1477390 2657
1477400 2652
1477410 2648
1477420 2648
1477430 2644
1477440 2641
1477450 2637
1477460 2637
1477470 2634
1477480 2631
1477490 2631
1477500 2627
1477510 2624
1477520 2624
1477530 2622
1477540 2620
1477550 2620
1477560 2619
1477570 2618
1477580 2618
1477590 2615
1477600 2611
1477610 2611
1477620 2607
1477630 2603
1477640 2603
1477650 2599
1477660 2596
1477670 2593
1477680 2593
1477690 2591
1477700 2590
1477710 2590
1477720 2588
1477730 2586
1477740 2586
1477750 2583
1477760 2581
1477770 2581
1477780 2579
1477790 2577
1477800 2577
1477810 2576
1477820 2573
1477830 2573
1477840 2569
1477850 2566
1477860 2566
1477870 2563
1477880 2561
1477890 2559
1477900 2559
1477910 2555
1477920 2553
1477930 2553
1477940 2549
1477950 2547
1477960 2547
1477970 2545
1477980 2545
1477990 2545
1478000 2544
1478010 2542
1478020 2542
1478030 2541
1478040 2540
1478050 2540
1478060 2536
1478070 2534
1478080 2534
1478090 2536
1478100 2538
1478110 2538
1478120 2538
1478130 2535
1478140 2533
1478150 2533
1478160 2531
1478170 2529
1478180 2529
1478190 2525
1478200 2523
1478210 2523
1478220 2521
1478230 2519
1478240 2519
1478250 2517
1478260 2514
1478270 2514
1478280 2512
1478290 2510
1478300 2510
1478310 2506
1478320 2500
1478330 2492
1478340 2492
1478350 2486
1478360 2480
1478370 2480
1478380 2477
1478390 2475
1478400 2475
1478410 2473
1478420 2471
1478430 2471
1478440 2471
1478450 2471
1478460 2471
1478470 2471
1478480 2472
1478490 2472
1478500 2473
1478510 2472
1478520 2472
1478530 2473
1478540 2475
1478550 2474
1478560 2474
1478570 2477
1478580 2479
1478590 2479
1478600 2479
1478610 2481
1478620 2481
1478630 2480
1478640 2481
1478650 2481
1478660 2481
1478670 2480
1478680 2480
1478690 2479
1478700 2480
1478710 2480
1478720 2482
1478730 2483
1478740 2483
1478750 2484
1478760 2485
1478770 2488
1478780 2488
1478790 2490
1478800 2490
1478810 2490
1478820 2489
1478830 2490
1478840 2490
1478850 2486
1478860 2485
1478870 2485
1478880 2483
1478890 2482
1478900 2482
1478910 2482
1478920 2479
1478930 2479
1478940 2477
1478950 2475
1478960 2475
1478970 2474
1478980 2472
1478990 2472
1479000 2472
1479010 2473
1479020 2473
1479030 2473
1479040 2473
1479050 2473
1479060 2473
1479070 2474
1479080 2476
1479090 2476
1479100 2478
1479110 2482
1479120 2482
1479130 2485
1479140 2486
1479150 2486
1479160 2487
1479170 2488
1479180 2488
1479190 2488
1479200 2489
1479210 2490
1479220 2490
1479230 2492
1479240 2494
1479250 2494
1479260 2496
1479270 2500
1479280 2500
1479290 2502
1479300 2505
1479310 2505
1479320 2509
1479330 2508
1479340 2508
1479350 2509
1479360 2512
1479370 2512
1479380 2515
1479390 2517
1479400 2517
1479410 2518
1479420 2521
1479430 2522
1479440 2522
1479450 2522
1479460 2522
1479470 2522
1479480 2522
1479490 2525
1479500 2525
1479510 2528
1479520 2529
1479530 2529
1479540 2530
1479550 2532
1479560 2532
1479570 2533
1479580 2536
1479590 2536
1479600 2537
1479610 2539
1479620 2539
1479630 2541
1479640 2543
1479650 2545
1479660 2545
1479670 2547
1479680 2549
1479690 2549
1479700 2551
1479710 2555
1479720 2555
1479730 2556
1479740 2559
1479750 2559
1479760 2560
1479770 2562
1479780 2562
1479790 2563
1479800 2566
1479810 2566
1479820 2572
1479830 2581
1479840 2581
1479850 2589
1479860 2585
1479870 2577
1479880 2577
1479890 2569
1479900 2563
1479910 2563
1479920 2556
1479930 2541
1479940 2541
1479950 2516
1479960 2500
1479970 2500
1479980 2491
1479990 2484
