1460000 1426
1460010 1423
1460020 1423
1460030 1421
1460040 1418
1460050 1418
1460060 1415
1460070 1409
1460080 1409
1460090 1404
1460100 1399
1460110 1399
1460120 1394
1460130 1387
1460140 1387
1460150 1375
1460160 1366
1460170 1366
1460180 1356
1460190 1348
1460200 1342
1460210 1342
1460220 1335
1460230 1328
1460240 1328
1460250 1321
1460260 1313
1460270 1313
1460280 1306
1460290 1297
1460300 1297
1460310 1286
1460320 1270
1460330 1270
1460340 1256
1460350 1246
1460360 1246
1460370 1231
1460380 1210
1460390 1210
1460400 1201
1460410 1193
1460420 1188
1460430 1188
1460440 1183
1460450 1178
1460460 1178
1460470 1174
1460480 1170
1460490 1170
1460500 1167
1460510 1161
1460520 1161
1460530 1158
1460540 1154
1460550 1154
1460560 1150
1460570 1145
1460580 1145
1460590 1140
1460600 1133
1460610 1133
1460620 1127
1460630 1121
1460640 1115
1460650 1115
1460660 1109
1460670 1104
1460680 1104
1460690 1099
1460700 1096
1460710 1096
1460720 1095
1460730 1095
1460740 1095
1460750 1093
1460760 1093
1460770 1093
1460780 1093
1460790 1093
1460800 1093
1460810 1093
1460820 1092
1460830 1092
1460840 1092
1460850 1092
1460860 1092
1460870 1092
1460880 1095
1460890 1094
1460900 1094
1460910 1091
1460920 1091
1460930 1091
1460940 1091
1460950 1090
1460960 1090
1460970 1090
1460980 1090
1460990 1090
1461000 1090
1461010 1091
1461020 1091
1461030 1091
1461040 1090
1461050 1090
1461060 1090
1461070 1091
1461080 1091
1461090 1090
1461100 1090
1461110 1090
1461120 1090
1461130 1090
1461140 1090
1461150 1090
1461160 1090
1461170 1090
1461180 1090
1461190 1090
1461200 1090
1461210 1090
1461220 1091
1461230 1092
1461240 1092
1461250 1092
1461260 1094
1461270 1094
1461280 1096
1461290 1100
1461300 1100
1461310 1105
1461320 1111
1461330 1115
1461340 1115
1461350 1116
1461360 1121
1461370 1121
1461380 1122
1461390 1122
1461400 1122
1461410 1127
1461420 1142
1461430 1142
1461440 1150
1461450 1154
1461460 1154
1461470 1156
1461480 1158
1461490 1158
1461500 1163
1461510 1166
1461520 1166
1461530 1169
1461540 1172
1461550 1175
1461560 1175
1461570 1178
1461580 1180
1461590 1180
1461600 1185
1461610 1190
1461620 1190
1461630 1194
1461640 1197
1461650 1197
1461660 1201
1461670 1207
1461680 1207
1461690 1209
1461700 1213
1461710 1213
1461720 1218
1461730 1223
1461740 1223
1461750 1228
1461760 1234
1461770 1240
1461780 1240
1461790 1245
1461800 1250
1461810 1250
1461820 1253
1461830 1255
1461840 1255
1461850 1255
1461860 1256
1461870 1256
1461880 1260
1461890 1264
1461900 1264
1461910 1268
1461920 1270
1461930 1270
1461940 1274
1461950 1278
1461960 1278
1461970 1280
1461980 1283
1461990 1284
1462000 1284
1462010 1286
1462020 1288
1462030 1288
1462040 1291
1462050 1294
1462060 1294
1462070 1297
1462080 1300
1462090 1300
1462100 1303
1462110 1305
1462120 1305
1462130 1306
1462140 1307
1462150 1307
1462160 1307
1462170 1308
1462180 1308
1462190 1310
1462200 1312
1462210 1315
1462220 1315
1462230 1319
1462240 1323
1462250 1323
1462260 1326
1462270 1330
1462280 1330
1462290 1335
1462300 1339
1462310 1339
1462320 1343
1462330 1347
1462340 1347
1462350 1352
1462360 1356
1462370 1356
1462380 1361
1462390 1366
1462400 1366
1462410 1371
1462420 1376
1462430 1382
1462440 1382
1462450 1389
1462460 1395
1462470 1395
1462480 1401
1462490 1407
1462500 1407
1462510 1412
1462520 1416
1462530 1416
1462540 1422
1462550 1428
1462560 1428
1462570 1434
1462580 1439
1462590 1439
1462600 1446
1462610 1452
1462620 1452
1462630 1460
1462640 1466
1462650 1471
1462660 1471
1462670 1475
1462680 1479
1462690 1479
1462700 1485
1462710 1492
1462720 1492
1462730 1499
1462740 1507
1462750 1507
1462760 1514
1462770 1521
1462780 1521
1462790 1527
1462800 1532
1462810 1532
1462820 1537
1462830 1543
1462840 1543
1462850 1551
1462860 1558
1462870 1564
1462880 1564
1462890 1569
1462900 1572
1462910 1572
1462920 1575
1462930 1579
1462940 1579
1462950 1581
1462960 1582
1462970 1582
1462980 1585
1462990 1590
1463000 1590
1463010 1595
1463020 1600
1463030 1600
1463040 1606
1463050 1612
1463060 1612
1463070 1617
1463080 1623
1463090 1627
1463100 1627
1463110 1631
1463120 1635
1463130 1635
1463140 1640
1463150 1645
1463160 1645
1463170 1645
1463180 1644
1463190 1644
1463200 1646
1463210 1648
1463220 1648
1463230 1646
1463240 1643
1463250 1643
1463260 1640
1463270 1641
1463280 1641
1463290 1643
1463300 1646
1463310 1648
1463320 1648
1463330 1650
1463340 1647
1463350 1647
1463360 1642
1463370 1639
1463380 1639
1463390 1633
1463400 1631
1463410 1631
1463420 1628
1463430 1630
1463440 1630
1463450 1630
1463460 1629
1463470 1629
1463480 1627
1463490 1626
1463500 1626
1463510 1623
1463520 1619
1463530 1620
1463540 1620
1463550 1620
1463560 1611
1463570 1611
1463580 1589
1463590 1579
1463600 1579
1463610 1575
1463620 1571
1463630 1571
1463640 1567
1463650 1566
1463660 1566
1463670 1566
1463680 1565
1463690 1565
1463700 1565
1463710 1567
1463720 1567
1463730 1567
1463740 1566
1463750 1564
1463760 1564
1463770 1561
1463780 1548
1463790 1548
1463800 1527
1463810 1523
1463820 1523
1463830 1526
1463840 1526
1463850 1526
1463860 1524
1463870 1521
1463880 1521
1463890 1516
1463900 1513
1463910 1513
1463920 1512
1463930 1510
1463940 1510
1463950 1508
1463960 1508
1463970 1508
1463980 1508
1463990 1508
1464000 1508
1464010 1508
1464020 1508
1464030 1507
1464040 1507
1464050 1507
1464060 1509
1464070 1509
1464080 1510
1464090 1512
1464100 1512
1464110 1514
1464120 1516
1464130 1516
1464140 1519
1464150 1522
1464160 1522
1464170 1525
1464180 1527
1464190 1529
1464200 1529
1464210 1532
1464220 1537
1464230 1537
1464240 1542
1464250 1547
1464260 1547
1464270 1554
1464280 1565
1464290 1565
1464300 1575
1464310 1586
1464320 1586
1464330 1595
1464340 1604
1464350 1604
1464360 1614
1464370 1624
1464380 1624
1464390 1631
1464400 1638
1464410 1645
1464420 1645
1464430 1650
1464440 1658
1464450 1658
1464460 1665
1464470 1673
1464480 1673
1464490 1681
1464500 1688
1464510 1688
1464520 1696
1464530 1703
1464540 1703
1464550 1710
1464560 1717
1464570 1717
1464580 1724
1464590 1731
1464600 1731
1464610 1739
1464620 1747
1464630 1756
1464640 1756
1464650 1765
1464660 1773
1464670 1773
1464680 1779
1464690 1787
1464700 1787
1464710 1794
1464720 1801
1464730 1801
1464740 1809
1464750 1817
1464760 1817
1464770 1826
1464780 1838
1464790 1838
1464800 1851
1464810 1862
1464820 1862
1464830 1871
1464840 1879
1464850 1886
1464860 1886
1464870 1892
1464880 1899
1464890 1899
1464900 1906
1464910 1913
1464920 1913
1464930 1922
1464940 1930
1464950 1930
1464960 1938
1464970 1944
1464980 1944
1464990 1951
1465000 1959
1465010 1959
1465020 1966
1465030 1972
1465040 1972
1465050 1979
1465060 1984
1465070 1991
1465080 1991
1465090 1997
1465100 2004
1465110 2004
1465120 2009
1465130 2015
1465140 2015
1465150 2021
1465160 2027
1465170 2027
1465180 2033
1465190 2038
1465200 2038
1465210 2044
1465220 2050
1465230 2050
1465240 2055
1465250 2060
1465260 2060
1465270 2063
1465280 2067
1465290 2073
1465300 2073
1465310 2078
1465320 2084
1465330 2084
1465340 2091
1465350 2098
1465360 2098
1465370 2106
1465380 2112
1465390 2112
1465400 2118
1465410 2124
1465420 2124
1465430 2130
1465440 2136
1465450 2136
1465460 2142
1465470 2149
1465480 2149
1465490 2156
1465500 2162
1465510 2169
1465520 2169
1465530 2175
1465540 2182
1465550 2182
1465560 2189
1465570 2195
1465580 2195
1465590 2202
1465600 2209
1465610 2209
1465620 2214
1465630 2219
1465640 2219
1465650 2225
1465660 2231
1465670 2231
1465680 2237
1465690 2242
1465700 2242
1465710 2248
1465720 2251
1465730 2252
1465740 2252
1465750 2255
1465760 2260
1465770 2260
1465780 2266
1465790 2271
1465800 2271
1465810 2274
1465820 2278
1465830 2278
1465840 2282
1465850 2286
1465860 2286
1465870 2291
1465880 2296
1465890 2296
1465900 2301
1465910 2306
1465920 2306
1465930 2312
1465940 2316
1465950 2321
1465960 2321
1465970 2326
1465980 2331
1465990 2331
1466000 2335
1466010 2341
1466020 2341
1466030 2347
1466040 2353
1466050 2353
1466060 2357
1466070 2359
1466080 2359
1466090 2362
1466100 2364
1466110 2364
1466120 2367
1466130 2360
1466140 2360
1466150 2349
1466160 2338
1466170 2323
1466180 2323
1466190 2305
1466200 2294
1466210 2294
1466220 2285
1466230 2276
1466240 2276
1466250 2271
1466260 2261
1466270 2261
1466280 2241
1466290 2229
1466300 2229
1466310 2225
1466320 2221
1466330 2221
1466340 2216
1466350 2211
1466360 2211
1466370 2206
1466380 2201
1466390 2196
1466400 2196
1466410 2191
1466420 2186
1466430 2186
1466440 2180
1466450 2175
1466460 2175
1466470 2169
1466480 2163
1466490 2163
1466500 2157
1466510 2151
1466520 2151
1466530 2145
1466540 2139
1466550 2139
1466560 2133
1466570 2127
1466580 2127
1466590 2121
1466600 2114
1466610 2108
1466620 2108
1466630 2102
1466640 2096
1466650 2096
1466660 2089
1466670 2083
1466680 2083
1466690 2077
1466700 2071
1466710 2071
1466720 2066
1466730 2060
1466740 2060
1466750 2056
1466760 2052
1466770 2052
1466780 2048
1466790 2044
1466800 2044
1466810 2040
1466820 2036
1466830 2033
1466840 2033
1466850 2029
1466860 2027
1466870 2027
1466880 2026
1466890 2026
1466900 2026
1466910 2025
1466920 2021
1466930 2021
1466940 2019
1466950 2018
1466960 2018
1466970 2013
1466980 2010
1466990 2010
1467000 2005
1467010 2004
1467020 2004
1467030 2004
1467040 2008
1467050 2010
1467060 2010
1467070 2010
1467080 2009
1467090 2009
1467100 2006
1467110 2003
1467120 2003
1467130 2003
1467140 2004
1467150 2004
1467160 2002
1467170 1997
1467180 1997
1467190 1994
1467200 1992
1467210 1992
1467220 1989
1467230 1982
1467240 1982
1467250 1981
1467260 1984
1467270 1984
1467280 1983
1467290 1977
1467300 1974
1467310 1974
1467320 1975
1467330 1976
1467340 1976
1467350 1978
1467360 1979
1467370 1979
1467380 1981
1467390 1994
1467400 1994
1467410 1998
1467420 1996
1467430 1996
1467440 1996
1467450 1995
1467460 1995
1467470 1996
1467480 1997
1467490 1997
1467500 1997
1467510 1998
1467520 1997
1467530 1997
1467540 1998
1467550 1995
1467560 1995
1467570 1992
1467580 1992
1467590 1992
1467600 1992
1467610 1990
1467620 1990
1467630 1988
1467640 1985
1467650 1985
1467660 1975
1467670 1965
1467680 1965
1467690 1952
1467700 1944
1467710 1944
1467720 1936
1467730 1928
1467740 1917
1467750 1917
1467760 1892
1467770 1873
1467780 1873
1467790 1864
1467800 1856
1467810 1856
1467820 1851
1467830 1848
1467840 1848
1467850 1846
1467860 1845
1467870 1845
1467880 1845
1467890 1847
1467900 1847
1467910 1847
1467920 1847
1467930 1847
1467940 1844
1467950 1842
1467960 1841
1467970 1841
1467980 1839
1467990 1840
1468000 1840
1468010 1839
1468020 1839
1468030 1839
1468040 1835
1468050 1832
1468060 1832
1468070 1833
1468080 1834
1468090 1834
1468100 1835
1468110 1835
1468120 1835
1468130 1835
1468140 1836
1468150 1836
1468160 1831
1468170 1832
1468180 1834
1468190 1834
1468200 1837
1468210 1840
1468220 1840
1468230 1841
1468240 1839
1468250 1839
1468260 1837
1468270 1835
1468280 1835
1468290 1836
1468300 1833
1468310 1833
1468320 1828
1468330 1821
1468340 1821
1468350 1810
1468360 1804
1468370 1804
1468380 1800
1468390 1798
1468400 1797
1468410 1797
1468420 1796
1468430 1796
1468440 1796
1468450 1799
1468460 1803
1468470 1803
1468480 1808
1468490 1811
1468500 1811
1468510 1813
1468520 1816
1468530 1816
1468540 1821
1468550 1823
1468560 1823
1468570 1827
1468580 1831
1468590 1831
1468600 1833
1468610 1837
1468620 1839
1468630 1839
1468640 1841
1468650 1841
1468660 1841
1468670 1841
1468680 1840
1468690 1840
1468700 1837
1468710 1835
1468720 1835
1468730 1835
1468740 1832
1468750 1832
1468760 1831
1468770 1825
1468780 1825
1468790 1821
1468800 1821
1468810 1821
1468820 1821
1468830 1824
1468840 1826
1468850 1826
1468860 1828
1468870 1831
1468880 1831
1468890 1834
1468900 1836
1468910 1836
1468920 1838
1468930 1836
1468940 1836
1468950 1836
1468960 1837
1468970 1837
1468980 1841
1468990 1850
1469000 1850
1469010 1858
1469020 1860
1469030 1860
1469040 1863
1469050 1867
1469060 1872
1469070 1872
1469080 1879
1469090 1888
1469100 1888
1469110 1894
1469120 1899
1469130 1899
1469140 1906
1469150 1914
1469160 1914
1469170 1921
1469180 1928
1469190 1928
1469200 1936
1469210 1944
1469220 1944
1469230 1952
1469240 1960
1469250 1960
1469260 1968
1469270 1978
1469280 1984
1469290 1984
1469300 1986
1469310 1986
1469320 1986
1469330 1981
1469340 1972
1469350 1972
1469360 1961
1469370 1945
1469380 1945
1469390 1933
1469400 1928
1469410 1928
1469420 1922
1469430 1914
1469440 1914
1469450 1908
1469460 1898
1469470 1898
1469480 1887
1469490 1875
1469500 1861
1469510 1861
1469520 1855
1469530 1850
1469540 1850
1469550 1843
1469560 1837
1469570 1837
1469580 1832
1469590 1829
1469600 1829
1469610 1827
1469620 1826
1469630 1826
1469640 1825
1469650 1824
1469660 1824
1469670 1820
1469680 1816
1469690 1816
1469700 1810
1469710 1802
1469720 1795
1469730 1795
1469740 1788
1469750 1781
1469760 1781
1469770 1775
1469780 1770
1469790 1770
1469800 1763
1469810 1757
1469820 1757
1469830 1751
1469840 1746
1469850 1746
1469860 1741
1469870 1737
1469880 1737
1469890 1733
1469900 1729
1469910 1729
1469920 1727
1469930 1727
1469940 1729
1469950 1729
1469960 1730
1469970 1731
1469980 1731
1469990 1734
1470000 1734
1470010 1734
1470020 1735
1470030 1736
1470040 1736
1470050 1739
1470060 1741
1470070 1741
1470080 1740
1470090 1736
1470100 1736
1470110 1733
1470120 1728
1470130 1728
1470140 1722
1470150 1718
1470160 1715
1470170 1715
1470180 1710
1470190 1705
1470200 1705
1470210 1695
1470220 1686
1470230 1686
1470240 1682
1470250 1669
1470260 1669
1470270 1662
1470280 1661
1470290 1661
1470300 1659
1470310 1649
1470320 1649
1470330 1648
1470340 1652
1470350 1652
1470360 1650
1470370 1646
1470380 1640
1470390 1640
1470400 1636
1470410 1636
1470420 1636
1470430 1639
1470440 1639
1470450 1639
1470460 1635
1470470 1631
1470480 1631
1470490 1627
1470500 1625
1470510 1625
1470520 1622
1470530 1619
1470540 1619
1470550 1612
1470560 1596
1470570 1596
1470580 1588
1470590 1584
1470600 1581
1470610 1581
1470620 1568
1470630 1558
1470640 1558
1470650 1556
1470660 1505
1470670 1505
1470680 1476
1470690 1470
1470700 1470
1470710 1455
1470720 1435
1470730 1435
1470740 1423
1470750 1412
1470760 1412
1470770 1403
1470780 1395
1470790 1395
1470800 1388
1470810 1381
1470820 1374
1470830 1374
1470840 1368
1470850 1362
1470860 1362
1470870 1360
1470880 1356
1470890 1356
1470900 1353
1470910 1349
1470920 1349
1470930 1346
1470940 1349
1470950 1349
1470960 1355
1470970 1359
1470980 1359
1470990 1360
1471000 1363
1471010 1363
1471020 1364
1471030 1366
1471040 1367
1471050 1367
1471060 1370
1471070 1373
1471080 1373
1471090 1378
1471100 1383
1471110 1383
1471120 1389
1471130 1394
1471140 1394
1471150 1399
1471160 1405
1471170 1405
1471180 1412
1471190 1419
1471200 1419
1471210 1427
1471220 1447
1471230 1447
1471240 1466
1471250 1480
1471260 1483
1471270 1483
1471280 1488
1471290 1497
1471300 1497
1471310 1506
1471320 1513
1471330 1513
1471340 1521
1471350 1528
1471360 1528
1471370 1534
1471380 1540
1471390 1540
1471400 1547
1471410 1553
1471420 1553
1471430 1560
1471440 1568
1471450 1568
1471460 1581
1471470 1596
1471480 1615
1471490 1615
1471500 1632
1471510 1640
1471520 1640
1471530 1647
1471540 1653
1471550 1653
1471560 1657
1471570 1662
1471580 1662
1471590 1668
1471600 1675
1471610 1675
1471620 1685
1471630 1696
1471640 1696
1471650 1706
1471660 1712
1471670 1712
1471680 1717
1471690 1722
1471700 1733
1471710 1733
1471720 1740
1471730 1746
1471740 1746
1471750 1752
1471760 1757
1471770 1757
1471780 1763
1471790 1769
1471800 1769
1471810 1775
1471820 1777
1471830 1777
1471840 1780
1471850 1784
1471860 1784
1471870 1787
1471880 1788
1471890 1788
1471900 1792
1471910 1797
1471920 1801
1471930 1801
1471940 1806
1471950 1810
1471960 1810
1471970 1812
1471980 1812
1471990 1812
1472000 1815
1472010 1819
1472020 1819
1472030 1823
1472040 1825
1472050 1825
1472060 1827
1472070 1830
1472080 1830
1472090 1836
1472100 1845
1472110 1845
1472120 1853
1472130 1861
1472140 1868
1472150 1868
1472160 1878
1472170 1891
1472180 1891
1472190 1911
1472200 1925
1472210 1925
1472220 1923
1472230 1941
1472240 1941
1472250 1954
1472260 1967
1472270 1967
1472280 1992
1472290 1992
1472300 1992
1472310 1991
1472320 2023
1472330 2023
1472340 2030
1472350 2034
1472360 2040
1472370 2040
1472380 2049
1472390 2057
1472400 2057
1472410 2063
1472420 2065
1472430 2065
1472440 2066
1472450 2071
1472460 2071
1472470 2075
1472480 2080
1472490 2080
1472500 2084
1472510 2091
1472520 2091
1472530 2098
1472540 2106
1472550 2106
1472560 2114
1472570 2125
1472580 2133
1472590 2133
1472600 2137
1472610 2142
1472620 2142
1472630 2157
1472640 2184
1472650 2184
1472660 2204
1472670 2211
1472680 2211
1472690 2217
1472700 2223
1472710 2223
1472720 2228
1472730 2232
1472740 2232
1472750 2236
1472760 2240
1472770 2240
1472780 2244
1472790 2248
1472800 2251
1472810 2251
1472820 2256
1472830 2260
1472840 2260
1472850 2256
1472860 2246
1472870 2246
1472880 2241
1472890 2238
1472900 2238
1472910 2236
1472920 2232
1472930 2232
1472940 2220
1472950 2202
1472960 2202
1472970 2176
1472980 2150
1472990 2150
1473000 2136
1473010 2133
1473020 2129
1473030 2129
1473040 2125
1473050 2123
1473060 2123
1473070 2120
1473080 2119
1473090 2119
1473100 2119
1473110 2118
1473120 2118
1473130 2117
1473140 2115
1473150 2115
1473160 2114
1473170 2111
1473180 2111
1473190 2108
1473200 2105
1473210 2105
1473220 2105
1473230 2104
1473240 2105
1473250 2105
1473260 2106
1473270 2107
1473280 2107
1473290 2108
1473300 2109
1473310 2109
1473320 2109
1473330 2110
1473340 2110
1473350 2111
1473360 2112
1473370 2112
1473380 2114
1473390 2118
1473400 2118
1473410 2119
1473420 2121
1473430 2121
1473440 2122
1473450 2116
1473460 2114
1473470 2114
1473480 2113
1473490 2113
1473500 2113
1473510 2110
1473520 2108
1473530 2108
1473540 2108
1473550 2109
1473560 2109
1473570 2109
1473580 2108
1473590 2108
1473600 2107
1473610 2108
1473620 2108
1473630 2109
1473640 2112
1473650 2112
1473660 2113
1473670 2115
1473680 2117
1473690 2117
1473700 2118
1473710 2118
1473720 2118
1473730 2119
1473740 2120
1473750 2120
1473760 2120
1473770 2120
1473780 2120
1473790 2120
1473800 2120
1473810 2120
1473820 2120
1473830 2119
1473840 2119
1473850 2119
1473860 2118
1473870 2118
1473880 2116
1473890 2112
1473900 2111
1473910 2111
1473920 2111
1473930 2111
1473940 2111
1473950 2110
1473960 2110
1473970 2115
1473980 2118
1473990 2121
1474000 2121
1474010 2122
1474020 2122
1474030 2122
1474040 2124
1474050 2124
1474060 2124
1474070 2125
1474080 2126
1474090 2126
1474100 2128
1474110 2129
1474120 2129
1474130 2130
1474140 2131
1474150 2130
1474160 2130
1474170 2128
1474180 2130
1474190 2130
1474200 2129
1474210 2129
1474220 2129
1474230 2130
1474240 2130
1474250 2130
1474260 2131
1474270 2130
1474280 2130
1474290 2130
1474300 2130
1474310 2130
1474320 2130
1474330 2131
1474340 2131
1474350 2133
1474360 2131
1474370 2129
1474380 2129
1474390 2130
1474400 2129
1474410 2129
1474420 2129
1474430 2129
1474440 2129
1474450 2131
1474460 2135
1474470 2135
1474480 2138
1474490 2142
1474500 2142
1474510 2145
1474520 2149
1474530 2149
1474540 2155
1474550 2160
1474560 2160
1474570 2166
1474580 2175
1474590 2178
1474600 2178
1474610 2185
1474620 2189
1474630 2189
1474640 2189
1474650 2189
1474660 2189
1474670 2190
1474680 2192
1474690 2192
1474700 2189
1474710 2190
1474720 2190
1474730 2189
1474740 2191
1474750 2191
1474760 2195
1474770 2198
1474780 2198
1474790 2202
1474800 2207
1474810 2212
1474820 2212
1474830 2213
1474840 2215
1474850 2215
1474860 2216
1474870 2216
1474880 2216
1474890 2215
1474900 2213
1474910 2213
1474920 2212
1474930 2212
1474940 2212
1474950 2214
1474960 2217
1474970 2217
1474980 2221
1474990 2224
1475000 2224
1475010 2228
1475020 2234
1475030 2237
1475040 2237
1475050 2238
1475060 2238
1475070 2238
1475080 2237
1475090 2235
1475100 2235
1475110 2233
1475120 2232
1475130 2232
1475140 2234
1475150 2236
1475160 2236
1475170 2235
1475180 2238
1475190 2238
1475200 2242
1475210 2244
1475220 2244
1475230 2244
1475240 2243
1475250 2239
1475260 2239
1475270 2236
1475280 2232
1475290 2232
1475300 2233
1475310 2212
1475320 2212
1475330 2206
1475340 2214
1475350 2214
1475360 2197
1475370 2183
1475380 2183
1475390 2150
1475400 2138
1475410 2138
1475420 2140
1475430 2143
1475440 2143
1475450 2147
1475460 2151
1475470 2151
1475480 2151
1475490 2135
1475500 2121
1475510 2121
1475520 2113
1475530 2108
1475540 2108
1475550 2104
1475560 2099
1475570 2099
1475580 2095
1475590 2103
1475600 2103
1475610 2094
1475620 2093
1475630 2093
1475640 2094
1475650 2093
1475660 2093
1475670 2098
1475680 2099
1475690 2099
1475700 2099
1475710 2099
1475720 2101
1475730 2101
1475740 2102
1475750 2103
1475760 2103
1475770 2104
1475780 2103
1475790 2103
1475800 2103
1475810 2103
1475820 2103
1475830 2103
1475840 2105
1475850 2105
1475860 2108
1475870 2112
1475880 2112
1475890 2115
1475900 2118
1475910 2123
1475920 2123
1475930 2134
1475940 2145
1475950 2145
1475960 2158
1475970 2169
1475980 2169
1475990 2160
1476000 2157
1476010 2157
1476020 2162
1476030 2177
1476040 2177
1476050 2193
1476060 2208
1476070 2208
1476080 2228
1476090 2236
1476100 2236
1476110 2241
1476120 2246
1476130 2250
1476140 2250
1476150 2258
1476160 2269
1476170 2269
1476180 2275
1476190 2282
1476200 2282
1476210 2289
1476220 2294
1476230 2294
1476240 2297
1476250 2296
1476260 2296
1476270 2299
1476280 2304
1476290 2304
1476300 2310
1476310 2318
1476320 2318
1476330 2324
1476340 2332
1476350 2337
1476360 2337
1476370 2338
1476380 2342
1476390 2342
1476400 2348
1476410 2354
1476420 2354
1476430 2358
1476440 2362
1476450 2362
1476460 2367
1476470 2371
1476480 2371
1476490 2376
1476500 2383
1476510 2383
1476520 2388
1476530 2395
1476540 2395
1476550 2400
1476560 2404
1476570 2407
1476580 2407
1476590 2410
1476600 2414
1476610 2414
1476620 2420
1476630 2424
1476640 2424
1476650 2428
1476660 2432
1476670 2432
1476680 2437
1476690 2443
1476700 2443
1476710 2449
1476720 2453
1476730 2453
1476740 2460
1476750 2463
1476760 2463
1476770 2467
1476780 2471
1476790 2475
1476800 2475
1476810 2480
1476820 2484
1476830 2484
1476840 2487
1476850 2491
1476860 2491
1476870 2493
1476880 2496
1476890 2496
1476900 2499
1476910 2502
1476920 2502
1476930 2506
1476940 2513
1476950 2513
1476960 2518
1476970 2521
1476980 2521
1476990 2525
1477000 2531
1477010 2538
1477020 2538
1477030 2543
1477040 2555
1477050 2555
1477060 2571
1477070 2584
1477080 2584
1477090 2597
1477100 2616
1477110 2616
1477120 2630
1477130 2642
1477140 2642
1477150 2653
1477160 2667
1477170 2667
1477180 2678
1477190 2685
1477200 2685
1477210 2688
1477220 2696
1477230 2707
1477240 2707
1477250 2718
1477260 2720
1477270 2720
1477280 2720
1477290 2720
1477300 2720
1477310 2721
1477320 2721
1477330 2721
1477340 2722
1477350 2724
1477360 2724
1477370 2728
1477380 2735
1477390 2735
1477400 2739
1477410 2741
1477420 2741
1477430 2744
1477440 2750
1477450 2751
1477460 2751
1477470 2754
1477480 2754
1477490 2754
1477500 2754
1477510 2753
1477520 2753
1477530 2751
1477540 2745
1477550 2745
1477560 2740
1477570 2735
1477580 2735
1477590 2731
1477600 2727
1477610 2727
1477620 2723
1477630 2719
1477640 2719
1477650 2713
1477660 2708
1477670 2701
1477680 2701
1477690 2684
1477700 2669
1477710 2669
1477720 2662
1477730 2657
1477740 2657
1477750 2652
1477760 2647
1477770 2647
1477780 2643
1477790 2641
1477800 2641
1477810 2638
1477820 2636
1477830 2636
1477840 2634
1477850 2631
1477860 2631
1477870 2627
1477880 2625
1477890 2624
1477900 2624
1477910 2621
1477920 2618
1477930 2618
1477940 2617
1477950 2616
1477960 2616
1477970 2613
1477980 2609
1477990 2609
1478000 2604
1478010 2599
1478020 2599
1478030 2595
1478040 2592
1478050 2592
1478060 2589
1478070 2585
1478080 2585
1478090 2581
1478100 2575
1478110 2572
1478120 2572
1478130 2571
1478140 2573
1478150 2573
1478160 2575
1478170 2576
1478180 2576
1478190 2575
1478200 2573
1478210 2573
1478220 2571
1478230 2569
1478240 2569
1478250 2568
1478260 2567
1478270 2567
1478280 2566
1478290 2567
1478300 2567
1478310 2566
1478320 2562
1478330 2563
1478340 2563
1478350 2563
1478360 2559
1478370 2559
1478380 2555
1478390 2552
1478400 2552
1478410 2551
1478420 2551
1478430 2551
1478440 2549
1478450 2547
1478460 2547
1478470 2546
1478480 2547
1478490 2547
1478500 2547
1478510 2546
1478520 2546
1478530 2544
1478540 2543
1478550 2543
1478560 2543
1478570 2541
1478580 2539
1478590 2539
1478600 2538
1478610 2539
1478620 2539
1478630 2539
1478640 2539
1478650 2539
1478660 2540
1478670 2541
1478680 2541
1478690 2542
1478700 2543
1478710 2543
1478720 2545
1478730 2545
1478740 2545
1478750 2546
1478760 2547
1478770 2547
1478780 2547
1478790 2546
1478800 2545
1478810 2545
1478820 2545
1478830 2545
1478840 2545
1478850 2544
1478860 2543
1478870 2543
1478880 2540
1478890 2535
1478900 2535
1478910 2534
1478920 2537
1478930 2537
1478940 2540
1478950 2544
1478960 2544
1478970 2545
1478980 2548
1478990 2551
1479000 2551
1479010 2557
1479020 2563
1479030 2563
1479040 2568
1479050 2574
1479060 2574
1479070 2579
1479080 2587
1479090 2587
1479100 2593
1479110 2595
1479120 2595
1479130 2590
1479140 2586
1479150 2586
1479160 2583
1479170 2576
1479180 2576
1479190 2573
1479200 2570
1479210 2569
1479220 2569
1479230 2567
1479240 2568
1479250 2568
1479260 2568
1479270 2568
1479280 2568
1479290 2568
1479300 2568
1479310 2568
1479320 2567
1479330 2567
1479340 2567
1479350 2568
1479360 2571
1479370 2571
1479380 2573
1479390 2576
1479400 2576
1479410 2580
1479420 2583
1479430 2585
1479440 2585
1479450 2587
1479460 2588
1479470 2588
1479480 2589
1479490 2590
1479500 2590
1479510 2590
1479520 2591
1479530 2591
1479540 2594
1479550 2597
1479560 2597
1479570 2603
1479580 2610
1479590 2610
1479600 2617
1479610 2621
1479620 2621
1479630 2624
1479640 2627
1479650 2630
1479660 2630
1479670 2635
1479680 2638
1479690 2638
1479700 2640
1479710 2636
1479720 2636
1479730 2626
1479740 2617
1479750 2617
1479760 2608
1479770 2599
1479780 2599
1479790 2588
1479800 2574
1479810 2574
1479820 2566
1479830 2560
1479840 2560
1479850 2553
1479860 2547
1479870 2542
1479880 2542
1479890 2537
1479900 2532
1479910 2532
1479920 2526
1479930 2520
1479940 2520
1479950 2515
1479960 2509
1479970 2509
1479980 2503
1479990 2497
