1460000 1615
1460010 1613
1460020 1613
1460030 1608
1460040 1603
1460050 1603
1460060 1598
1460070 1594
1460080 1594
1460090 1589
1460100 1584
1460110 1578
1460120 1578
1460130 1574
1460140 1567
1460150 1567
1460160 1560
1460170 1548
1460180 1548
1460190 1538
1460200 1531
1460210 1531
1460220 1523
1460230 1516
1460240 1516
1460250 1509
1460260 1503
1460270 1503
1460280 1498
1460290 1493
1460300 1493
1460310 1486
1460320 1479
1460330 1472
1460340 1472
1460350 1465
1460360 1458
1460370 1458
1460380 1451
1460390 1444
1460400 1444
1460410 1438
1460420 1430
1460430 1430
1460440 1423
1460450 1416
1460460 1416
1460470 1410
1460480 1407
1460490 1407
1460500 1403
1460510 1397
1460520 1397
1460530 1388
1460540 1377
1460550 1367
1460560 1367
1460570 1359
1460580 1346
1460590 1346
1460600 1332
1460610 1332
1460620 1332
1460630 1336
1460640 1334
1460650 1334
1460660 1327
1460670 1319
1460680 1319
1460690 1310
1460700 1302
1460710 1302
1460720 1296
1460730 1295
1460740 1295
1460750 1295
1460760 1293
1460770 1291
1460780 1291
1460790 1287
1460800 1286
1460810 1286
1460820 1284
1460830 1280
1460840 1280
1460850 1276
1460860 1270
1460870 1270
1460880 1263
1460890 1257
1460900 1257
1460910 1253
1460920 1244
1460930 1244
1460940 1236
1460950 1231
1460960 1231
1460970 1224
1460980 1218
1460990 1218
1461000 1218
1461010 1214
1461020 1210
1461030 1210
1461040 1206
1461050 1200
1461060 1200
1461070 1194
1461080 1187
1461090 1187
1461100 1178
1461110 1169
1461120 1169
1461130 1159
1461140 1150
1461150 1150
1461160 1142
1461170 1136
1461180 1136
1461190 1130
1461200 1122
1461210 1117
1461220 1117
1461230 1111
1461240 1103
1461250 1103
1461260 1096
1461270 1092
1461280 1092
1461290 1089
1461300 1086
1461310 1086
1461320 1085
1461330 1085
1461340 1085
1461350 1085
1461360 1085
1461370 1085
1461380 1085
1461390 1084
1461400 1084
1461410 1083
1461420 1085
1461430 1086
1461440 1086
1461450 1086
1461460 1085
1461470 1085
1461480 1085
1461490 1085
1461500 1085
1461510 1084
1461520 1084
1461530 1084
1461540 1084
1461550 1084
1461560 1084
1461570 1084
1461580 1084
1461590 1084
1461600 1084
1461610 1084
1461620 1084
1461630 1084
1461640 1084
1461650 1084
1461660 1084
1461670 1084
1461680 1084
1461690 1084
1461700 1084
1461710 1084
1461720 1084
1461730 1084
1461740 1084
1461750 1084
1461760 1084
1461770 1084
1461780 1084
1461790 1084
1461800 1084
1461810 1084
1461820 1084
1461830 1084
1461840 1084
1461850 1085
1461860 1085
1461870 1088
1461880 1088
1461890 1092
1461900 1097
1461910 1097
1461920 1100
1461930 1105
1461940 1105
1461950 1109
1461960 1115
1461970 1115
1461980 1120
1461990 1125
1462000 1125
1462010 1129
1462020 1132
1462030 1132
1462040 1137
1462050 1142
1462060 1142
1462070 1145
1462080 1146
1462090 1146
1462100 1145
1462110 1141
1462120 1140
1462130 1140
1462140 1140
1462150 1140
1462160 1140
1462170 1138
1462180 1136
1462190 1136
1462200 1135
1462210 1133
1462220 1133
1462230 1133
1462240 1135
1462250 1135
1462260 1136
1462270 1137
1462280 1137
1462290 1137
1462300 1137
1462310 1137
1462320 1137
1462330 1137
1462340 1138
1462350 1138
1462360 1140
1462370 1144
1462380 1144
1462390 1147
1462400 1149
1462410 1149
1462420 1152
1462430 1158
1462440 1158
1462450 1164
1462460 1171
1462470 1171
1462480 1177
1462490 1184
1462500 1184
1462510 1188
1462520 1193
1462530 1193
1462540 1200
1462550 1208
1462560 1213
1462570 1213
1462580 1217
1462590 1220
1462600 1220
1462610 1223
1462620 1225
1462630 1225
1462640 1226
1462650 1226
1462660 1226
1462670 1229
1462680 1232
1462690 1232
1462700 1233
1462710 1232
1462720 1232
1462730 1232
1462740 1235
1462750 1235
1462760 1237
1462770 1237
1462780 1240
1462790 1240
1462800 1247
1462810 1252
1462820 1252
1462830 1253
1462840 1251
1462850 1251
1462860 1251
1462870 1249
1462880 1249
1462890 1249
1462900 1252
1462910 1252
1462920 1257
1462930 1264
1462940 1264
1462950 1273
1462960 1283
1462970 1283
1462980 1293
1462990 1301
1463000 1306
1463010 1306
1463020 1311
1463030 1316
1463040 1316
1463050 1321
1463060 1326
1463070 1326
1463080 1331
1463090 1337
1463100 1337
1463110 1342
1463120 1349
1463130 1349
1463140 1356
1463150 1363
1463160 1363
1463170 1371
1463180 1378
1463190 1378
1463200 1385
1463210 1392
1463220 1399
1463230 1399
1463240 1406
1463250 1413
1463260 1413
1463270 1421
1463280 1428
1463290 1428
1463300 1436
1463310 1444
1463320 1444
1463330 1452
1463340 1460
1463350 1460
1463360 1466
1463370 1474
1463380 1474
1463390 1481
1463400 1488
1463410 1488
1463420 1495
1463430 1502
1463440 1509
1463450 1509
1463460 1515
1463470 1520
1463480 1520
1463490 1526
1463500 1532
1463510 1532
1463520 1537
1463530 1540
1463540 1540
1463550 1545
1463560 1550
1463570 1550
1463580 1555
1463590 1559
1463600 1559
1463610 1565
1463620 1571
1463630 1571
1463640 1576
1463650 1582
1463660 1590
1463670 1590
1463680 1597
1463690 1602
1463700 1602
1463710 1607
1463720 1612
1463730 1612
1463740 1616
1463750 1621
1463760 1621
1463770 1625
1463780 1628
1463790 1628
1463800 1632
1463810 1635
1463820 1635
1463830 1637
1463840 1640
1463850 1640
1463860 1644
1463870 1648
1463880 1650
1463890 1650
1463900 1653
1463910 1658
1463920 1658
1463930 1662
1463940 1664
1463950 1664
1463960 1666
1463970 1668
1463980 1668
1463990 1670
1464000 1674
1464010 1674
1464020 1677
1464030 1678
1464040 1678
1464050 1680
1464060 1682
1464070 1682
1464080 1686
1464090 1692
1464100 1696
1464110 1696
1464120 1699
1464130 1701
1464140 1701
1464150 1701
1464160 1704
1464170 1704
1464180 1706
1464190 1706
1464200 1706
1464210 1706
1464220 1707
1464230 1707
1464240 1711
1464250 1713
1464260 1713
1464270 1715
1464280 1719
1464290 1719
1464300 1723
1464310 1727
1464320 1732
1464330 1732
1464340 1737
1464350 1742
1464360 1742
1464370 1747
1464380 1751
1464390 1751
1464400 1753
1464410 1757
1464420 1757
1464430 1762
1464440 1769
1464450 1769
1464460 1774
1464470 1778
1464480 1778
1464490 1781
1464500 1784
1464510 1784
1464520 1788
1464530 1793
1464540 1797
1464550 1797
1464560 1800
1464570 1803
1464580 1803
1464590 1806
1464600 1808
1464610 1808
1464620 1811
1464630 1817
1464640 1817
1464650 1825
1464660 1831
1464670 1831
1464680 1837
1464690 1841
1464700 1841
1464710 1847
1464720 1853
1464730 1853
1464740 1857
1464750 1860
1464760 1863
1464770 1863
1464780 1865
1464790 1865
1464800 1865
1464810 1869
1464820 1869
1464830 1869
1464840 1869
1464850 1869
1464860 1869
1464870 1871
1464880 1872
1464890 1872
1464900 1874
1464910 1877
1464920 1877
1464930 1880
1464940 1886
1464950 1886
1464960 1889
1464970 1889
1464980 1885
1464990 1885
1465000 1888
1465010 1895
1465020 1895
1465030 1900
1465040 1904
1465050 1904
1465060 1907
1465070 1911
1465080 1911
1465090 1915
1465100 1918
1465110 1918
1465120 1919
1465130 1923
1465140 1923
1465150 1925
1465160 1927
1465170 1927
1465180 1928
1465190 1929
1465200 1930
1465210 1930
1465220 1933
1465230 1937
1465240 1937
1465250 1942
1465260 1947
1465270 1947
1465280 1951
1465290 1953
1465300 1953
1465310 1953
1465320 1955
1465330 1955
1465340 1960
1465350 1965
1465360 1965
1465370 1969
1465380 1972
1465390 1972
1465400 1974
1465410 1977
1465420 1977
1465430 1981
1465440 1984
1465450 1987
1465460 1987
1465470 1988
1465480 1989
1465490 1989
1465500 1990
1465510 1992
1465520 1992
1465530 1995
1465540 2001
1465550 2001
1465560 2007
1465570 2014
1465580 2014
1465590 2019
1465600 2022
1465610 2022
1465620 2026
1465630 2030
1465640 2030
1465650 2035
1465660 2040
1465670 2045
1465680 2045
1465690 2051
1465700 2054
1465710 2054
1465720 2060
1465730 2066
1465740 2066
1465750 2071
1465760 2075
1465770 2075
1465780 2080
1465790 2085
1465800 2085
1465810 2090
1465820 2096
1465830 2096
1465840 2101
1465850 2105
1465860 2105
1465870 2111
1465880 2117
1465890 2122
1465900 2122
1465910 2126
1465920 2131
1465930 2131
1465940 2136
1465950 2137
1465960 2137
1465970 2137
1465980 2137
1465990 2137
1466000 2139
1466010 2141
1466020 2141
1466030 2146
1466040 2152
1466050 2152
1466060 2155
1466070 2158
1466080 2158
1466090 2163
1466100 2167
1466110 2172
1466120 2172
1466130 2176
1466140 2180
1466150 2180
1466160 2184
1466170 2188
1466180 2188
1466190 2193
1466200 2198
1466210 2198
1466220 2203
1466230 2208
1466240 2208
1466250 2214
1466260 2220
1466270 2220
1466280 2225
1466290 2229
1466300 2229
1466310 2233
1466320 2235
1466330 2218
1466340 2218
1466350 2201
1466360 2191
1466370 2191
1466380 2183
1466390 2175
1466400 2175
1466410 2166
1466420 2157
1466430 2157
1466440 2147
1466450 2136
1466460 2136
1466470 2126
1466480 2118
1466490 2118
1466500 2109
1466510 2100
1466520 2100
1466530 2092
1466540 2085
1466550 2077
1466560 2077
1466570 2070
1466580 2063
1466590 2063
1466600 2057
1466610 2049
1466620 2049
1466630 2041
1466640 2033
1466650 2033
1466660 2027
1466670 2020
1466680 2020
1466690 2013
1466700 2005
1466710 2005
1466720 1997
1466730 1988
1466740 1988
1466750 1981
1466760 1974
1466770 1966
1466780 1966
1466790 1959
1466800 1951
1466810 1951
1466820 1944
1466830 1938
1466840 1938
1466850 1931
1466860 1924
1466870 1924
1466880 1918
1466890 1913
1466900 1913
1466910 1906
1466920 1900
1466930 1900
1466940 1894
1466950 1889
1466960 1889
1466970 1883
1466980 1877
1466990 1872
1467000 1872
1467010 1867
1467020 1862
1467030 1862
1467040 1858
1467050 1853
1467060 1853
1467070 1848
1467080 1842
1467090 1842
1467100 1834
1467110 1824
1467120 1824
1467130 1819
1467140 1816
1467150 1816
1467160 1816
1467170 1816
1467180 1816
1467190 1813
1467200 1809
1467210 1806
1467220 1806
1467230 1805
1467240 1802
1467250 1802
1467260 1800
1467270 1797
1467280 1797
1467290 1795
1467300 1792
1467310 1792
1467320 1791
1467330 1788
1467340 1788
1467350 1783
1467360 1776
1467370 1776
1467380 1768
1467390 1760
1467400 1760
1467410 1752
1467420 1746
1467430 1741
1467440 1741
1467450 1736
1467460 1730
1467470 1730
1467480 1724
1467490 1718
1467500 1718
1467510 1712
1467520 1706
1467530 1706
1467540 1700
1467550 1695
1467560 1695
1467570 1690
1467580 1686
1467590 1686
1467600 1682
1467610 1679
1467620 1679
1467630 1677
1467640 1675
1467650 1674
1467660 1674
1467670 1673
1467680 1672
1467690 1672
1467700 1671
1467710 1670
1467720 1670
1467730 1667
1467740 1663
1467750 1663
1467760 1658
1467770 1653
1467780 1653
1467790 1647
1467800 1642
1467810 1642
1467820 1636
1467830 1631
1467840 1631
1467850 1624
1467860 1617
1467870 1610
1467880 1610
1467890 1603
1467900 1597
1467910 1597
1467920 1590
1467930 1583
1467940 1583
1467950 1577
1467960 1571
1467970 1571
1467980 1566
1467990 1563
1468000 1563
1468010 1559
1468020 1557
1468030 1557
1468040 1556
1468050 1554
1468060 1554
1468070 1552
1468080 1550
1468090 1548
1468100 1548
1468110 1548
1468120 1548
1468130 1548
1468140 1547
1468150 1548
1468160 1548
1468170 1547
1468180 1547
1468190 1547
1468200 1547
1468210 1548
1468220 1548
1468230 1550
1468240 1551
1468250 1551
1468260 1553
1468270 1556
1468280 1556
1468290 1559
1468300 1563
1468310 1567
1468320 1567
1468330 1572
1468340 1576
1468350 1576
1468360 1581
1468370 1585
1468380 1585
1468390 1590
1468400 1593
1468410 1593
1468420 1596
1468430 1599
1468440 1599
1468450 1603
1468460 1607
1468470 1607
1468480 1612
1468490 1617
1468500 1617
1468510 1621
1468520 1625
1468530 1629
1468540 1629
1468550 1633
1468560 1637
1468570 1637
1468580 1641
1468590 1644
1468600 1644
1468610 1646
1468620 1647
1468630 1647
1468640 1649
1468650 1652
1468660 1652
1468670 1656
1468680 1661
1468690 1661
1468700 1664
1468710 1666
1468720 1666
1468730 1668
1468740 1670
1468750 1670
1468760 1674
1468770 1679
1468780 1688
1468790 1688
1468800 1692
1468810 1698
1468820 1698
1468830 1704
1468840 1710
1468850 1710
1468860 1716
1468870 1722
1468880 1722
1468890 1728
1468900 1734
1468910 1734
1468920 1740
1468930 1747
1468940 1747
1468950 1757
1468960 1765
1468970 1765
1468980 1772
1468990 1779
1469000 1786
1469010 1786
1469020 1794
1469030 1801
1469040 1801
1469050 1807
1469060 1811
1469070 1811
1469080 1816
1469090 1820
1469100 1820
1469110 1822
1469120 1824
1469130 1824
1469140 1823
1469150 1821
1469160 1821
1469170 1818
1469180 1812
1469190 1812
1469200 1804
1469210 1797
1469220 1788
1469230 1788
1469240 1780
1469250 1773
1469260 1773
1469270 1766
1469280 1762
1469290 1762
1469300 1754
1469310 1747
1469320 1747
1469330 1738
1469340 1730
1469350 1730
1469360 1724
1469370 1714
1469380 1714
1469390 1703
1469400 1684
1469410 1684
1469420 1684
1469430 1690
1469440 1692
1469450 1692
1469460 1683
1469470 1657
1469480 1657
1469490 1650
1469500 1659
1469510 1659
1469520 1667
1469530 1673
1469540 1673
1469550 1664
1469560 1660
1469570 1660
1469580 1666
1469590 1674
1469600 1674
1469610 1684
1469620 1689
1469630 1689
1469640 1694
1469650 1695
1469660 1694
1469670 1694
1469680 1688
1469690 1683
1469700 1683
1469710 1678
1469720 1673
1469730 1673
1469740 1668
1469750 1665
1469760 1665
1469770 1658
1469780 1653
1469790 1653
1469800 1649
1469810 1643
1469820 1643
1469830 1635
1469840 1627
1469850 1627
1469860 1620
1469870 1613
1469880 1607
1469890 1607
1469900 1603
1469910 1601
1469920 1601
1469930 1597
1469940 1593
1469950 1593
1469960 1585
1469970 1573
1469980 1573
1469990 1565
1470000 1557
1470010 1557
1470020 1544
1470030 1522
1470040 1522
1470050 1508
1470060 1493
1470070 1493
1470080 1486
1470090 1480
1470100 1474
1470110 1474
1470120 1469
1470130 1463
1470140 1463
1470150 1462
1470160 1471
1470170 1471
1470180 1477
1470190 1476
1470200 1476
1470210 1477
1470220 1482
1470230 1482
1470240 1481
1470250 1476
1470260 1476
1470270 1469
1470280 1462
1470290 1462
1470300 1455
1470310 1447
1470320 1446
1470330 1446
1470340 1445
1470350 1446
1470360 1446
1470370 1444
1470380 1437
1470390 1437
1470400 1430
1470410 1421
1470420 1421
1470430 1412
1470440 1383
1470450 1383
1470460 1366
1470470 1367
1470480 1367
1470490 1356
1470500 1350
1470510 1350
1470520 1346
1470530 1335
1470540 1316
1470550 1316
1470560 1296
1470570 1286
1470580 1286
1470590 1279
1470600 1270
1470610 1270
1470620 1263
1470630 1261
1470640 1261
1470650 1263
1470660 1264
1470670 1264
1470680 1266
1470690 1268
1470700 1268
1470710 1269
1470720 1270
1470730 1270
1470740 1269
1470750 1269
1470760 1270
1470770 1270
1470780 1271
1470790 1272
1470800 1272
1470810 1273
1470820 1272
1470830 1272
1470840 1271
1470850 1271
1470860 1271
1470870 1271
1470880 1270
1470890 1270
1470900 1270
1470910 1270
1470920 1270
1470930 1272
1470940 1275
1470950 1275
1470960 1276
1470970 1275
1470980 1276
1470990 1276
1471000 1276
1471010 1278
1471020 1278
1471030 1279
1471040 1280
1471050 1280
1471060 1283
1471070 1285
1471080 1285
1471090 1290
1471100 1295
1471110 1295
1471120 1300
1471130 1304
1471140 1304
1471150 1308
1471160 1314
1471170 1314
1471180 1323
1471190 1330
1471200 1338
1471210 1338
1471220 1344
1471230 1351
1471240 1351
1471250 1358
1471260 1366
1471270 1366
1471280 1373
1471290 1380
1471300 1380
1471310 1385
1471320 1389
1471330 1389
1471340 1392
1471350 1396
1471360 1396
1471370 1401
1471380 1409
1471390 1409
1471400 1420
1471410 1431
1471420 1443
1471430 1443
1471440 1455
1471450 1463
1471460 1463
1471470 1470
1471480 1477
1471490 1477
1471500 1484
1471510 1489
1471520 1489
1471530 1497
1471540 1506
1471550 1506
1471560 1512
1471570 1521
1471580 1521
1471590 1526
1471600 1529
1471610 1529
1471620 1532
1471630 1535
1471640 1539
1471650 1539
1471660 1542
1471670 1544
1471680 1544
1471690 1547
1471700 1549
1471710 1549
1471720 1553
1471730 1556
1471740 1556
1471750 1558
1471760 1561
1471770 1561
1471780 1565
1471790 1569
1471800 1569
1471810 1573
1471820 1577
1471830 1577
1471840 1580
1471850 1584
1471860 1588
1471870 1588
1471880 1591
1471890 1596
1471900 1596
1471910 1600
1471920 1603
1471930 1603
1471940 1608
1471950 1612
1471960 1612
1471970 1616
1471980 1620
1471990 1620
1472000 1624
1472010 1628
1472020 1628
1472030 1633
1472040 1637
1472050 1637
1472060 1642
1472070 1647
1472080 1651
1472090 1651
1472100 1655
1472110 1659
1472120 1659
1472130 1663
1472140 1667
1472150 1667
1472160 1671
1472170 1676
1472180 1676
1472190 1681
1472200 1686
1472210 1686
1472220 1690
1472230 1694
1472240 1694
1472250 1700
1472260 1706
1472270 1706
1472280 1713
1472290 1720
1472300 1720
1472310 1726
1472320 1733
1472330 1740
1472340 1740
1472350 1747
1472360 1754
1472370 1754
1472380 1761
1472390 1768
1472400 1768
1472410 1776
1472420 1784
1472430 1784
1472440 1791
1472450 1798
1472460 1798
1472470 1804
1472480 1810
1472490 1810
1472500 1816
1472510 1820
1472520 1820
1472530 1821
1472540 1822
1472550 1822
1472560 1822
1472570 1822
1472580 1821
1472590 1821
1472600 1819
1472610 1819
1472620 1819
1472630 1819
1472640 1821
1472650 1821
1472660 1823
1472670 1825
1472680 1825
1472690 1827
1472700 1829
1472710 1829
1472720 1830
1472730 1832
1472740 1832
1472750 1834
1472760 1836
1472770 1838
1472780 1838
1472790 1840
1472800 1842
1472810 1842
1472820 1844
1472830 1846
1472840 1846
1472850 1849
1472860 1847
1472870 1847
1472880 1847
1472890 1846
1472900 1846
1472910 1846
1472920 1848
1472930 1848
1472940 1848
1472950 1848
1472960 1848
1472970 1849
1472980 1850
1472990 1848
1473000 1848
1473010 1848
1473020 1849
1473030 1849
1473040 1851
1473050 1851
1473060 1851
1473070 1852
1473080 1853
1473090 1853
1473100 1852
1473110 1851
1473120 1851
1473130 1851
1473140 1850
1473150 1850
1473160 1850
1473170 1851
1473180 1851
1473190 1851
1473200 1850
1473210 1848
1473220 1848
1473230 1848
1473240 1846
1473250 1846
1473260 1846
1473270 1845
1473280 1845
1473290 1844
1473300 1843
1473310 1843
1473320 1841
1473330 1838
1473340 1838
1473350 1834
1473360 1830
1473370 1830
1473380 1829
1473390 1828
1473400 1828
1473410 1830
1473420 1829
1473430 1828
1473440 1828
1473450 1826
1473460 1823
1473470 1823
1473480 1821
1473490 1819
1473500 1819
1473510 1817
1473520 1815
1473530 1815
1473540 1814
1473550 1815
1473560 1815
1473570 1814
1473580 1814
1473590 1814
1473600 1814
1473610 1814
1473620 1814
1473630 1815
1473640 1816
1473650 1816
1473660 1816
1473670 1815
1473680 1816
1473690 1816
1473700 1818
1473710 1820
1473720 1820
1473730 1822
1473740 1826
1473750 1826
1473760 1828
1473770 1830
1473780 1830
1473790 1831
1473800 1834
1473810 1834
1473820 1835
1473830 1836
1473840 1836
1473850 1838
1473860 1840
1473870 1842
1473880 1842
1473890 1843
1473900 1845
1473910 1845
1473920 1847
1473930 1850
1473940 1850
1473950 1853
1473960 1857
1473970 1857
1473980 1861
1473990 1865
1474000 1865
1474010 1868
1474020 1872
1474030 1872
1474040 1874
1474050 1876
1474060 1876
1474070 1880
1474080 1884
1474090 1888
1474100 1888
1474110 1894
1474120 1900
1474130 1900
1474140 1909
1474150 1914
1474160 1914
1474170 1916
1474180 1921
1474190 1921
1474200 1927
1474210 1933
1474220 1933
1474230 1937
1474240 1943
1474250 1943
1474260 1946
1474270 1948
1474280 1948
1474290 1951
1474300 1956
1474310 1959
1474320 1959
1474330 1961
1474340 1962
1474350 1962
1474360 1965
1474370 1968
1474380 1968
1474390 1970
1474400 1975
1474410 1975
1474420 1978
1474430 1988
1474440 1988
1474450 1992
1474460 1996
1474470 1996
1474480 1999
1474490 2001
1474500 2001
1474510 2004
1474520 2008
1474530 2013
1474540 2013
1474550 2017
1474560 2013
1474570 2013
1474580 2013
1474590 2013
1474600 2013
1474610 2014
1474620 2017
1474630 2017
1474640 2021
1474650 2025
1474660 2025
1474670 2029
1474680 2033
1474690 2033
1474700 2037
1474710 2039
1474720 2039
1474730 2041
1474740 2043
1474750 2047
1474760 2047
1474770 2053
1474780 2057
1474790 2057
1474800 2061
1474810 2065
1474820 2065
1474830 2068
1474840 2068
1474850 2068
1474860 2068
1474870 2067
1474880 2067
1474890 2063
1474900 2056
1474910 2056
1474920 2050
1474930 2044
1474940 2044
1474950 2039
1474960 2033
1474970 2029
1474980 2029
1474990 2027
1475000 2026
1475010 2026
1475020 2026
1475030 2025
1475040 2025
1475050 2024
1475060 2024
1475070 2024
1475080 2025
1475090 2026
1475100 2026
1475110 2027
1475120 2030
1475130 2030
1475140 2032
1475150 2035
1475160 2035
1475170 2037
1475180 2038
1475190 2039
1475200 2039
1475210 2043
1475220 2044
1475230 2044
1475240 2044
1475250 2044
1475260 2044
1475270 2045
1475280 2048
1475290 2048
1475300 2052
1475310 2054
1475320 2054
1475330 2057
1475340 2060
1475350 2060
1475360 2064
1475370 2067
1475380 2067
1475390 2070
1475400 2073
1475410 2077
1475420 2077
1475430 2082
1475440 2088
1475450 2088
1475460 2097
1475470 2108
1475480 2108
1475490 2115
1475500 2121
1475510 2121
1475520 2126
1475530 2130
1475540 2130
1475550 2132
1475560 2140
1475570 2140
1475580 2143
1475590 2146
1475600 2146
1475610 2150
1475620 2153
1475630 2153
1475640 2156
1475650 2160
1475660 2165
1475670 2165
1475680 2170
1475690 2171
1475700 2171
1475710 2171
1475720 2171
1475730 2171
1475740 2173
1475750 2176
1475760 2176
1475770 2180
1475780 2183
1475790 2183
1475800 2186
1475810 2187
1475820 2187
1475830 2188
1475840 2188
1475850 2188
1475860 2186
1475870 2185
1475880 2186
1475890 2186
1475900 2186
1475910 2187
1475920 2187
1475930 2190
1475940 2192
1475950 2192
1475960 2195
1475970 2197
1475980 2197
1475990 2199
1476000 2203
1476010 2203
1476020 2208
1476030 2213
1476040 2213
1476050 2219
1476060 2224
1476070 2224
1476080 2228
1476090 2233
1476100 2236
1476110 2236
1476120 2242
1476130 2246
1476140 2246
1476150 2253
1476160 2261
1476170 2261
1476180 2268
1476190 2273
1476200 2273
1476210 2277
1476220 2278
1476230 2278
1476240 2281
1476250 2285
1476260 2285
1476270 2288
1476280 2290
1476290 2290
1476300 2292
1476310 2294
1476320 2296
1476330 2296
1476340 2296
1476350 2296
1476360 2296
1476370 2299
1476380 2301
1476390 2301
1476400 2304
1476410 2307
1476420 2307
1476430 2308
1476440 2311
1476450 2311
1476460 2314
1476470 2317
1476480 2317
1476490 2320
1476500 2324
1476510 2324
1476520 2328
1476530 2331
1476540 2335
1476550 2335
1476560 2340
1476570 2345
1476580 2345
1476590 2347
1476600 2350
1476610 2350
1476620 2354
1476630 2358
1476640 2358
1476650 2363
1476660 2368
1476670 2368
1476680 2374
1476690 2380
1476700 2380
1476710 2384
1476720 2388
1476730 2388
1476740 2392
1476750 2396
1476760 2400
1476770 2400
1476780 2407
1476790 2412
1476800 2412
1476810 2416
1476820 2420
1476830 2420
1476840 2420
1476850 2419
1476860 2419
1476870 2419
1476880 2418
1476890 2418
1476900 2414
1476910 2410
1476920 2410
1476930 2408
1476940 2407
1476950 2407
1476960 2407
1476970 2409
1476980 2411
1476990 2411
1477000 2412
1477010 2414
1477020 2414
1477030 2415
1477040 2418
1477050 2418
1477060 2423
1477070 2430
1477080 2430
1477090 2438
1477100 2446
1477110 2446
1477120 2453
1477130 2461
1477140 2461
1477150 2470
1477160 2479
1477170 2479
1477180 2492
1477190 2507
1477200 2515
1477210 2515
1477220 2522
1477230 2528
1477240 2528
1477250 2531
1477260 2531
1477270 2531
1477280 2527
1477290 2526
1477300 2526
1477310 2523
1477320 2518
1477330 2518
1477340 2512
1477350 2506
1477360 2506
1477370 2501
1477380 2498
1477390 2498
1477400 2495
1477410 2493
1477420 2491
1477430 2491
1477440 2489
1477450 2489
1477460 2489
1477470 2487
1477480 2487
1477490 2487
1477500 2488
1477510 2489
1477520 2489
1477530 2490
1477540 2490
1477550 2490
1477560 2490
1477570 2491
1477580 2491
1477590 2492
1477600 2491
1477610 2491
1477620 2488
1477630 2483
1477640 2477
1477650 2477
1477660 2470
1477670 2463
1477680 2463
1477690 2457
1477700 2451
1477710 2451
1477720 2446
1477730 2442
1477740 2442
1477750 2440
1477760 2438
1477770 2438
1477780 2436
1477790 2435
1477800 2435
1477810 2434
1477820 2434
1477830 2434
1477840 2434
1477850 2432
1477860 2431
1477870 2431
1477880 2429
1477890 2425
1477900 2425
1477910 2422
1477920 2419
1477930 2419
1477940 2416
1477950 2412
1477960 2412
1477970 2409
1477980 2407
1477990 2407
1478000 2405
1478010 2404
1478020 2404
1478030 2400
1478040 2394
1478050 2394
1478060 2387
1478070 2382
1478080 2377
1478090 2377
1478100 2373
1478110 2371
1478120 2371
1478130 2369
1478140 2369
1478150 2369
1478160 2368
1478170 2368
1478180 2368
1478190 2368
1478200 2368
1478210 2368
1478220 2367
1478230 2366
1478240 2366
1478250 2363
1478260 2359
1478270 2359
1478280 2359
1478290 2360
1478300 2359
1478310 2359
1478320 2359
1478330 2358
1478340 2358
1478350 2358
1478360 2359
1478370 2359
1478380 2358
1478390 2357
1478400 2357
1478410 2357
1478420 2355
1478430 2355
1478440 2351
1478450 2349
1478460 2349
1478470 2347
1478480 2343
1478490 2343
1478500 2338
1478510 2333
1478520 2328
1478530 2328
1478540 2322
1478550 2317
1478560 2317
1478570 2313
1478580 2309
1478590 2309
1478600 2305
1478610 2300
1478620 2300
1478630 2295
1478640 2297
1478650 2297
1478660 2298
1478670 2298
1478680 2298
1478690 2301
1478700 2305
1478710 2305
1478720 2313
1478730 2316
1478740 2318
1478750 2318
1478760 2312
1478770 2307
1478780 2307
1478790 2303
1478800 2300
1478810 2300
1478820 2296
1478830 2294
1478840 2294
1478850 2292
1478860 2289
1478870 2289
1478880 2287
1478890 2285
1478900 2285
1478910 2286
1478920 2286
1478930 2286
1478940 2285
1478950 2286
1478960 2286
1478970 2288
1478980 2288
1478990 2290
1479000 2290
1479010 2292
1479020 2294
1479030 2294
1479040 2299
1479050 2303
1479060 2303
1479070 2305
1479080 2309
1479090 2309
1479100 2313
1479110 2315
1479120 2315
1479130 2316
1479140 2318
1479150 2318
1479160 2320
1479170 2322
1479180 2322
1479190 2323
1479200 2324
1479210 2326
1479220 2326
1479230 2324
1479240 2322
1479250 2322
1479260 2321
1479270 2320
1479280 2320
1479290 2320
1479300 2322
1479310 2322
1479320 2324
1479330 2325
1479340 2325
1479350 2325
1479360 2324
1479370 2324
1479380 2321
1479390 2318
1479400 2318
1479410 2315
1479420 2310
1479430 2306
1479440 2306
1479450 2302
1479460 2300
1479470 2300
1479480 2300
1479490 2301
1479500 2301
1479510 2307
1479520 2317
1479530 2317
1479540 2326
1479550 2333
1479560 2333
1479570 2340
1479580 2341
1479590 2341
1479600 2339
1479610 2343
1479620 2343
1479630 2346
1479640 2349
1479650 2354
1479660 2354
1479670 2356
1479680 2361
1479690 2361
1479700 2360
1479710 2360
1479720 2360
1479730 2362
1479740 2363
1479750 2363
1479760 2364
1479770 2367
1479780 2367
1479790 2370
1479800 2373
1479810 2373
1479820 2377
1479830 2381
1479840 2381
1479850 2384
1479860 2383
1479870 2384
1479880 2384
1479890 2385
1479900 2386
1479910 2386
1479920 2389
1479930 2393
1479940 2393
1479950 2395
1479960 2397
1479970 2397
1479980 2400
1479990 2402
