1460000 1690
1460010 1685
1460020 1681
1460030 1681
1460040 1677
1460050 1672
1460060 1672
1460070 1668
1460080 1664
1460090 1664
1460100 1660
1460110 1655
1460120 1655
1460130 1651
1460140 1647
1460150 1647
1460160 1643
1460170 1639
1460180 1636
1460190 1636
1460200 1634
1460210 1631
1460220 1631
1460230 1628
1460240 1624
1460250 1624
1460260 1619
1460270 1614
1460280 1614
1460290 1609
1460300 1604
1460310 1604
1460320 1598
1460330 1591
1460340 1591
1460350 1584
1460360 1578
1460370 1578
1460380 1572
1460390 1567
1460400 1563
1460410 1563
1460420 1560
1460430 1556
1460440 1556
1460450 1550
1460460 1545
1460470 1545
1460480 1543
1460490 1540
1460500 1540
1460510 1533
1460520 1527
1460530 1527
1460540 1524
1460550 1518
1460560 1518
1460570 1506
1460580 1497
1460590 1497
1460600 1490
1460610 1482
1460620 1477
1460630 1477
1460640 1472
1460650 1467
1460660 1467
1460670 1462
1460680 1457
1460690 1457
1460700 1454
1460710 1450
1460720 1450
1460730 1446
1460740 1440
1460750 1440
1460760 1434
1460770 1429
1460780 1429
1460790 1424
1460800 1419
1460810 1419
1460820 1414
1460830 1408
1460840 1402
1460850 1402
1460860 1397
1460870 1391
1460880 1391
1460890 1385
1460900 1380
1460910 1380
1460920 1375
1460930 1370
1460940 1370
1460950 1365
1460960 1360
1460970 1360
1460980 1355
1460990 1352
1461000 1352
1461010 1348
1461020 1345
1461030 1345
1461040 1339
1461050 1334
1461060 1328
1461070 1328
1461080 1320
1461090 1314
1461100 1314
1461110 1307
1461120 1299
1461130 1299
1461140 1292
1461150 1289
1461160 1289
1461170 1286
1461180 1282
1461190 1282
1461200 1274
1461210 1267
1461220 1267
1461230 1261
1461240 1254
1461250 1254
1461260 1248
1461270 1243
1461280 1237
1461290 1237
1461300 1232
1461310 1225
1461320 1225
1461330 1219
1461340 1212
1461350 1212
1461360 1207
1461370 1204
1461380 1204
1461390 1201
1461400 1198
1461410 1198
1461420 1194
1461430 1190
1461440 1190
1461450 1184
1461460 1179
1461470 1179
1461480 1175
1461490 1170
1461500 1170
1461510 1165
1461520 1160
1461530 1156
1461540 1156
1461550 1149
1461560 1142
1461570 1142
1461580 1135
1461590 1128
1461600 1128
1461610 1121
1461620 1115
1461630 1115
1461640 1110
1461650 1107
1461660 1107
1461670 1106
1461680 1104
1461690 1104
1461700 1102
1461710 1100
1461720 1100
1461730 1099
1461740 1099
1461750 1097
1461760 1097
1461770 1096
1461780 1094
1461790 1094
1461800 1091
1461810 1089
1461820 1089
1461830 1085
1461840 1083
1461850 1083
1461860 1083
1461870 1083
1461880 1083
1461890 1083
1461900 1083
1461910 1083
1461920 1083
1461930 1085
1461940 1085
1461950 1090
1461960 1089
1461970 1087
1461980 1087
1461990 1084
1462000 1083
1462010 1083
1462020 1086
1462030 1102
1462040 1102
1462050 1106
1462060 1107
1462070 1107
1462080 1110
1462090 1114
1462100 1114
1462110 1115
1462120 1114
1462130 1114
1462140 1115
1462150 1116
1462160 1116
1462170 1114
1462180 1112
1462190 1111
1462200 1111
1462210 1111
1462220 1111
1462230 1111
1462240 1111
1462250 1111
1462260 1111
1462270 1106
1462280 1100
1462290 1100
1462300 1089
1462310 1082
1462320 1082
1462330 1080
1462340 1078
1462350 1078
1462360 1074
1462370 1066
1462380 1066
1462390 1063
1462400 1071
1462410 1078
1462420 1078
1462430 1085
1462440 1092
1462450 1092
1462460 1099
1462470 1106
1462480 1106
1462490 1111
1462500 1117
1462510 1117
1462520 1124
1462530 1131
1462540 1131
1462550 1138
1462560 1146
1462570 1146
1462580 1153
1462590 1159
1462600 1159
1462610 1164
1462620 1169
1462630 1176
1462640 1176
1462650 1181
1462660 1184
1462670 1184
1462680 1188
1462690 1192
1462700 1192
1462710 1195
1462720 1197
1462730 1197
1462740 1200
1462750 1202
1462760 1202
1462770 1205
1462780 1208
1462790 1208
1462800 1210
1462810 1214
1462820 1214
1462830 1219
1462840 1223
1462850 1228
1462860 1228
1462870 1232
1462880 1237
1462890 1237
1462900 1241
1462910 1247
1462920 1247
1462930 1252
1462940 1256
1462950 1256
1462960 1257
1462970 1258
1462980 1258
1462990 1260
1463000 1262
1463010 1262
1463020 1263
1463030 1266
1463040 1266
1463050 1268
1463060 1271
1463070 1272
1463080 1272
1463090 1275
1463100 1278
1463110 1278
1463120 1280
1463130 1282
1463140 1282
1463150 1286
1463160 1289
1463170 1289
1463180 1290
1463190 1289
1463200 1289
1463210 1289
1463220 1289
1463230 1289
1463240 1289
1463250 1291
1463260 1291
1463270 1293
1463280 1296
1463290 1298
1463300 1298
1463310 1302
1463320 1306
1463330 1306
1463340 1311
1463350 1317
1463360 1317
1463370 1321
1463380 1324
1463390 1324
1463400 1327
1463410 1330
1463420 1330
1463430 1333
1463440 1337
1463450 1337
1463460 1341
1463470 1344
1463480 1344
1463490 1348
1463500 1352
1463510 1352
1463520 1356
1463530 1361
1463540 1364
1463550 1364
1463560 1367
1463570 1371
1463580 1371
1463590 1376
1463600 1380
1463610 1380
1463620 1384
1463630 1387
1463640 1387
1463650 1391
1463660 1394
1463670 1394
1463680 1398
1463690 1404
1463700 1404
1463710 1407
1463720 1409
1463730 1409
1463740 1413
1463750 1416
1463760 1422
1463770 1422
1463780 1429
1463790 1437
1463800 1437
1463810 1442
1463820 1447
1463830 1447
1463840 1452
1463850 1457
1463860 1457
1463870 1462
1463880 1467
1463890 1467
1463900 1473
1463910 1476
1463920 1476
1463930 1476
1463940 1477
1463950 1477
1463960 1478
1463970 1480
1463980 1483
1463990 1483
1464000 1488
1464010 1492
1464020 1492
1464030 1496
1464040 1499
1464050 1499
1464060 1503
1464070 1507
1464080 1507
1464090 1512
1464100 1519
1464110 1519
1464120 1525
1464130 1528
1464140 1528
1464150 1530
1464160 1532
1464170 1532
1464180 1536
1464190 1538
1464200 1543
1464210 1543
1464220 1549
1464230 1556
1464240 1556
1464250 1563
1464260 1567
1464270 1567
1464280 1570
1464290 1573
1464300 1573
1464310 1578
1464320 1583
1464330 1583
1464340 1589
1464350 1594
1464360 1594
1464370 1599
1464380 1604
1464390 1604
1464400 1608
1464410 1613
1464420 1618
1464430 1618
1464440 1622
1464450 1628
1464460 1628
1464470 1635
1464480 1644
1464490 1644
1464500 1651
1464510 1657
1464520 1657
1464530 1661
1464540 1664
1464550 1664
1464560 1669
1464570 1674
1464580 1674
1464590 1678
1464600 1682
1464610 1682
1464620 1687
1464630 1693
1464640 1695
1464650 1695
1464660 1696
1464670 1696
1464680 1696
1464690 1696
1464700 1694
1464710 1694
1464720 1693
1464730 1692
1464740 1692
1464750 1693
1464760 1697
1464770 1697
1464780 1701
1464790 1706
1464800 1706
1464810 1711
1464820 1713
1464830 1713
1464840 1714
1464850 1718
1464860 1722
1464870 1722
1464880 1727
1464890 1733
1464900 1733
1464910 1737
1464920 1739
1464930 1739
1464940 1742
1464950 1746
1464960 1746
1464970 1748
1464980 1751
1464990 1751
1465000 1754
1465010 1758
1465020 1758
1465030 1762
1465040 1767
1465050 1767
1465060 1771
1465070 1774
1465080 1777
1465090 1777
1465100 1779
1465110 1780
1465120 1780
1465130 1780
1465140 1780
1465150 1780
1465160 1779
1465170 1777
1465180 1777
1465190 1776
1465200 1782
1465210 1782
1465220 1786
1465230 1786
1465240 1786
1465250 1785
1465260 1784
1465270 1784
1465280 1782
1465290 1779
1465300 1778
1465310 1778
1465320 1777
1465330 1776
1465340 1776
1465350 1776
1465360 1778
1465370 1778
1465380 1780
1465390 1780
1465400 1780
1465410 1781
1465420 1783
1465430 1783
1465440 1785
1465450 1787
1465460 1787
1465470 1789
1465480 1790
1465490 1790
1465500 1792
1465510 1793
1465520 1793
1465530 1795
1465540 1797
1465550 1799
1465560 1799
1465570 1800
1465580 1802
1465590 1802
1465600 1803
1465610 1804
1465620 1804
1465630 1806
1465640 1807
1465650 1807
1465660 1807
1465670 1808
1465680 1808
1465690 1808
1465700 1809
1465710 1809
1465720 1809
1465730 1809
1465740 1809
1465750 1808
1465760 1807
1465770 1805
1465780 1805
1465790 1804
1465800 1802
1465810 1802
1465820 1800
1465830 1798
1465840 1798
1465850 1795
1465860 1792
1465870 1792
1465880 1789
1465890 1785
1465900 1785
1465910 1783
1465920 1782
1465930 1782
1465940 1781
1465950 1778
1465960 1778
1465970 1775
1465980 1772
1465990 1770
1466000 1770
1466010 1768
1466020 1768
1466030 1768
1466040 1768
1466050 1769
1466060 1769
1466070 1771
1466080 1771
1466090 1771
1466100 1770
1466110 1767
1466120 1767
1466130 1765
1466140 1763
1466150 1763
1466160 1760
1466170 1759
1466180 1759
1466190 1758
1466200 1759
1466210 1758
1466220 1758
1466230 1756
1466240 1755
1466250 1755
1466260 1755
1466270 1756
1466280 1756
1466290 1758
1466300 1761
1466310 1761
1466320 1765
1466330 1770
1466340 1770
1466350 1773
1466360 1776
1466370 1776
1466380 1780
1466390 1783
1466400 1783
1466410 1786
1466420 1792
1466430 1797
1466440 1797
1466450 1803
1466460 1811
1466470 1811
1466480 1819
1466490 1827
1466500 1827
1466510 1838
1466520 1852
1466530 1852
1466540 1862
1466550 1871
1466560 1871
1466570 1881
1466580 1890
1466590 1890
1466600 1898
1466610 1905
1466620 1905
1466630 1912
1466640 1919
1466650 1925
1466660 1925
1466670 1929
1466680 1932
1466690 1932
1466700 1935
1466710 1938
1466720 1938
1466730 1942
1466740 1944
1466750 1944
1466760 1945
1466770 1946
1466780 1946
1466790 1946
1466800 1945
1466810 1945
1466820 1943
1466830 1942
1466840 1942
1466850 1940
1466860 1937
1466870 1932
1466880 1932
1466890 1928
1466900 1923
1466910 1923
1466920 1918
1466930 1912
1466940 1912
1466950 1902
1466960 1892
1466970 1892
1466980 1885
1466990 1874
1467000 1874
1467010 1857
1467020 1839
1467030 1839
1467040 1829
1467050 1821
1467060 1821
1467070 1812
1467080 1804
1467090 1803
1467100 1803
1467110 1800
1467120 1794
1467130 1794
1467140 1789
1467150 1781
1467160 1781
1467170 1772
1467180 1767
1467190 1767
1467200 1763
1467210 1757
1467220 1757
1467230 1751
1467240 1744
1467250 1744
1467260 1736
1467270 1728
1467280 1734
1467290 1727
1467300 1720
1467310 1720
1467320 1714
1467330 1707
1467340 1700
1467350 1700
1467360 1693
1467370 1686
1467380 1686
1467390 1680
1467400 1672
1467410 1672
1467420 1662
1467430 1657
1467440 1657
1467450 1653
1467460 1650
1467470 1650
1467480 1647
1467490 1643
1467500 1643
1467510 1638
1467520 1633
1467530 1633
1467540 1629
1467550 1623
1467560 1619
1467570 1619
1467580 1614
1467590 1610
1467600 1610
1467610 1605
1467620 1601
1467630 1601
1467640 1597
1467650 1592
1467660 1592
1467670 1587
1467680 1584
1467690 1584
1467700 1582
1467710 1581
1467720 1581
1467730 1579
1467740 1576
1467750 1576
1467760 1570
1467770 1564
1467780 1558
1467790 1558
1467800 1551
1467810 1541
1467820 1541
1467830 1525
1467840 1515
1467850 1515
1467860 1509
1467870 1502
1467880 1502
1467890 1493
1467900 1486
1467910 1486
1467920 1481
1467930 1468
1467940 1468
1467950 1459
1467960 1452
1467970 1452
1467980 1446
1467990 1441
1468000 1435
1468010 1435
1468020 1430
1468030 1426
1468040 1426
1468050 1422
1468060 1417
1468070 1417
1468080 1412
1468090 1409
1468100 1409
1468110 1406
1468120 1402
1468130 1402
1468140 1397
1468150 1391
1468160 1391
1468170 1381
1468180 1368
1468190 1368
1468200 1359
1468210 1350
1468220 1341
1468230 1341
1468240 1336
1468250 1329
1468260 1329
1468270 1322
1468280 1316
1468290 1316
1468300 1310
1468310 1302
1468320 1302
1468330 1297
1468340 1292
1468350 1292
1468360 1288
1468370 1279
1468380 1279
1468390 1272
1468400 1266
1468410 1266
1468420 1257
1468430 1242
1468440 1245
1468450 1245
1468460 1239
1468470 1229
1468480 1229
1468490 1217
1468500 1214
1468510 1214
1468520 1218
1468530 1229
1468540 1229
1468550 1233
1468560 1230
1468570 1230
1468580 1223
1468590 1217
1468600 1217
1468610 1215
1468620 1211
1468630 1211
1468640 1205
1468650 1200
1468660 1196
1468670 1196
1468680 1191
1468690 1186
1468700 1186
1468710 1181
1468720 1177
1468730 1177
1468740 1173
1468750 1170
1468760 1170
1468770 1168
1468780 1166
1468790 1166
1468800 1166
1468810 1166
1468820 1166
1468830 1165
1468840 1165
1468850 1165
1468860 1164
1468870 1163
1468880 1163
1468890 1163
1468900 1163
1468910 1163
1468920 1163
1468930 1164
1468940 1165
1468950 1165
1468960 1166
1468970 1166
1468980 1166
1468990 1166
1469000 1165
1469010 1165
1469020 1164
1469030 1163
1469040 1163
1469050 1161
1469060 1159
1469070 1159
1469080 1157
1469090 1155
1469100 1153
1469110 1153
1469120 1151
1469130 1149
1469140 1149
1469150 1147
1469160 1146
1469170 1146
1469180 1146
1469190 1146
1469200 1146
1469210 1147
1469220 1148
1469230 1148
1469240 1149
1469250 1149
1469260 1149
1469270 1149
1469280 1150
1469290 1150
1469300 1150
1469310 1151
1469320 1151
1469330 1152
1469340 1152
1469350 1153
1469360 1153
1469370 1153
1469380 1155
1469390 1155
1469400 1155
1469410 1156
1469420 1156
1469430 1157
1469440 1159
1469450 1159
1469460 1163
1469470 1166
1469480 1166
1469490 1171
1469500 1175
1469510 1175
1469520 1178
1469530 1180
1469540 1180
1469550 1184
1469560 1188
1469570 1192
1469580 1192
1469590 1195
1469600 1198
1469610 1198
1469620 1203
1469630 1207
1469640 1207
1469650 1211
1469660 1213
1469670 1213
1469680 1217
1469690 1220
1469700 1220
1469710 1223
1469720 1225
1469730 1225
1469740 1228
1469750 1230
1469760 1230
1469770 1234
1469780 1239
1469790 1245
1469800 1245
1469810 1250
1469820 1255
1469830 1255
1469840 1260
1469850 1264
1469860 1264
1469870 1268
1469880 1272
1469890 1272
1469900 1275
1469910 1278
1469920 1278
1469930 1282
1469940 1286
1469950 1286
1469960 1290
1469970 1292
1469980 1292
1469990 1293
1470000 1292
1470010 1294
1470020 1294
1470030 1295
1470040 1295
1470050 1295
1470060 1293
1470070 1293
1470080 1293
1470090 1296
1470100 1302
1470110 1302
1470120 1309
1470130 1317
1470140 1317
1470150 1324
1470160 1330
1470170 1330
1470180 1336
1470190 1340
1470200 1340
1470210 1341
1470220 1344
1470230 1349
1470240 1349
1470250 1352
1470260 1353
1470270 1353
1470280 1358
1470290 1363
1470300 1363
1470310 1370
1470320 1380
1470330 1380
1470340 1388
1470350 1400
1470360 1400
1470370 1414
1470380 1423
1470390 1423
1470400 1450
1470410 1462
1470420 1462
1470430 1469
1470440 1477
1470450 1484
1470460 1484
1470470 1489
1470480 1496
1470490 1496
1470500 1501
1470510 1506
1470520 1506
1470530 1510
1470540 1514
1470550 1514
1470560 1518
1470570 1522
1470580 1522
1470590 1532
1470600 1534
1470610 1534
1470620 1539
1470630 1550
1470640 1550
1470650 1564
1470660 1578
1470670 1586
1470680 1586
1470690 1598
1470700 1604
1470710 1604
1470720 1601
1470730 1592
1470740 1592
1470750 1615
1470760 1628
1470770 1628
1470780 1627
1470790 1619
1470800 1619
1470810 1608
1470820 1594
1470830 1594
1470840 1614
1470850 1624
1470860 1624
1470870 1630
1470880 1635
1470890 1641
1470900 1641
1470910 1648
1470920 1653
1470930 1653
1470940 1658
1470950 1664
1470960 1664
1470970 1671
1470980 1684
1470990 1684
1471000 1689
1471010 1689
1471020 1689
1471030 1695
1471040 1702
1471050 1702
1471060 1708
1471070 1715
1471080 1715
1471090 1722
1471100 1727
1471110 1733
1471120 1733
1471130 1736
1471140 1739
1471150 1739
1471160 1744
1471170 1752
1471180 1752
1471190 1760
1471200 1766
1471210 1766
1471220 1770
1471230 1771
1471240 1771
1471250 1769
1471260 1756
1471270 1756
1471280 1723
1471290 1700
1471300 1700
1471310 1683
1471320 1685
1471330 1700
1471340 1700
1471350 1714
1471360 1730
1471370 1730
1471380 1742
1471390 1737
1471400 1737
1471410 1740
1471420 1737
1471430 1737
1471440 1734
1471450 1729
1471460 1729
1471470 1721
1471480 1715
1471490 1715
1471500 1729
1471510 1742
1471520 1742
1471530 1745
1471540 1737
1471550 1737
1471560 1738
1471570 1743
1471580 1756
1471590 1756
1471600 1778
1471610 1797
1471620 1797
1471630 1812
1471640 1821
1471650 1821
1471660 1830
1471670 1840
1471680 1840
1471690 1852
1471700 1861
1471710 1861
1471720 1870
1471730 1880
1471740 1880
1471750 1889
1471760 1895
1471770 1895
1471780 1900
1471790 1905
1471800 1912
1471810 1912
1471820 1916
1471830 1918
1471840 1918
1471850 1916
1471860 1913
1471870 1913
1471880 1914
1471890 1919
1471900 1919
1471910 1923
1471920 1927
1471930 1927
1471940 1930
1471950 1933
1471960 1933
1471970 1937
1471980 1938
1471990 1938
1472000 1939
1472010 1940
1472020 1936
1472030 1936
1472040 1932
1472050 1940
1472060 1940
1472070 1943
1472080 1947
1472090 1947
1472100 1948
1472110 1953
1472120 1953
1472130 1954
1472140 1953
1472150 1953
1472160 1953
1472170 1956
1472180 1956
1472190 1960
1472200 1964
1472210 1964
1472220 1967
1472230 1968
1472240 1969
1472250 1969
1472260 1971
1472270 1977
1472280 1977
1472290 1982
1472300 1987
1472310 1987
1472320 1990
1472330 1987
1472340 1987
1472350 1986
1472360 1992
1472370 1992
1472380 1998
1472390 2003
1472400 2003
1472410 2009
1472420 2014
1472430 2014
1472440 2018
1472450 2021
1472460 2021
1472470 2021
1472480 2019
1472490 2018
1472500 2018
1472510 2022
1472520 2027
1472530 2027
1472540 2031
1472550 2033
1472560 2033
1472570 2036
1472580 2040
1472590 2040
1472600 2044
1472610 2049
1472620 2049
1472630 2054
1472640 2059
1472650 2059
1472660 2063
1472670 2067
1472680 2070
1472690 2070
1472700 2069
1472710 2068
1472720 2068
1472730 2071
1472740 2073
1472750 2073
1472760 2073
1472770 2073
1472780 2073
1472790 2072
1472800 2070
1472810 2070
1472820 2073
1472830 2077
1472840 2077
1472850 2083
1472860 2087
1472870 2087
1472880 2090
1472890 2092
1472900 2091
1472910 2091
1472920 2089
1472930 2088
1472940 2088
1472950 2089
1472960 2094
1472970 2094
1472980 2098
1472990 2103
1473000 2103
1473010 2108
1473020 2111
1473030 2111
1473040 2114
1473050 2118
1473060 2118
1473070 2122
1473080 2126
1473090 2126
1473100 2129
1473110 2124
1473120 2124
1473130 2124
1473140 2123
1473150 2123
1473160 2123
1473170 2123
1473180 2124
1473190 2124
1473200 2127
1473210 2130
1473220 2130
1473230 2134
1473240 2137
1473250 2137
1473260 2142
1473270 2147
1473280 2147
1473290 2153
1473300 2158
1473310 2158
1473320 2165
1473330 2170
1473340 2175
1473350 2175
1473360 2179
1473370 2184
1473380 2184
1473390 2190
1473400 2196
1473410 2196
1473420 2201
1473430 2207
1473440 2207
1473450 2214
1473460 2219
1473470 2219
1473480 2224
1473490 2226
1473500 2226
1473510 2225
1473520 2224
1473530 2224
1473540 2225
1473550 2224
1473560 2224
1473570 2224
1473580 2227
1473590 2230
1473600 2230
1473610 2235
1473620 2240
1473630 2240
1473640 2245
1473650 2250
1473660 2250
1473670 2254
1473680 2256
1473690 2256
1473700 2257
1473710 2261
1473720 2261
1473730 2267
1473740 2270
1473750 2270
1473760 2274
1473770 2272
1473780 2272
1473790 2271
1473800 2270
1473810 2264
1473820 2264
1473830 2257
1473840 2247
1473850 2247
1473860 2240
1473870 2230
1473880 2230
1473890 2209
1473900 2188
1473910 2188
1473920 2179
1473930 2178
1473940 2178
1473950 2167
1473960 2160
1473970 2160
1473980 2159
1473990 2155
1474000 2155
1474010 2151
1474020 2148
1474030 2145
1474040 2145
1474050 2139
1474060 2134
1474070 2134
1474080 2128
1474090 2124
1474100 2124
1474110 2123
1474120 2123
1474130 2123
1474140 2122
1474150 2121
1474160 2121
1474170 2120
1474180 2120
1474190 2120
1474200 2118
1474210 2118
1474220 2118
1474230 2119
1474240 2123
1474250 2128
1474260 2128
1474270 2129
1474280 2129
1474290 2129
1474300 2116
1474310 2112
1474320 2112
1474330 2110
1474340 2107
1474350 2107
1474360 2104
1474370 2105
1474380 2105
1474390 2106
1474400 2106
1474410 2106
1474420 2107
1474430 2107
1474440 2107
1474450 2107
1474460 2106
1474470 2107
1474480 2107
1474490 2108
1474500 2108
1474510 2108
1474520 2110
1474530 2112
1474540 2112
1474550 2113
1474560 2114
1474570 2114
1474580 2114
1474590 2113
1474600 2113
1474610 2113
1474620 2114
1474630 2114
1474640 2114
1474650 2114
1474660 2114
1474670 2115
1474680 2117
1474690 2120
1474700 2120
1474710 2123
1474720 2125
1474730 2125
1474740 2127
1474750 2128
1474760 2128
1474770 2131
1474780 2133
1474790 2133
1474800 2140
1474810 2148
1474820 2148
1474830 2154
1474840 2156
1474850 2156
1474860 2156
1474870 2156
1474880 2156
1474890 2151
1474900 2141
1474910 2139
1474920 2139
1474930 2139
1474940 2140
1474950 2140
1474960 2141
1474970 2140
1474980 2140
1474990 2140
1475000 2139
1475010 2139
1475020 2139
1475030 2140
1475040 2140
1475050 2140
1475060 2141
1475070 2141
1475080 2141
1475090 2142
1475100 2142
1475110 2143
1475120 2144
1475130 2145
1475140 2145
1475150 2146
1475160 2147
1475170 2147
1475180 2148
1475190 2149
1475200 2149
1475210 2151
1475220 2153
1475230 2153
1475240 2155
1475250 2155
1475260 2155
1475270 2157
1475280 2158
1475290 2158
1475300 2159
1475310 2159
1475320 2159
1475330 2161
1475340 2163
1475350 2163
1475360 2164
1475370 2166
1475380 2166
1475390 2166
1475400 2168
1475410 2170
1475420 2170
1475430 2172
1475440 2176
1475450 2176
1475460 2180
1475470 2184
1475480 2184
1475490 2188
1475500 2194
1475510 2194
1475520 2199
1475530 2204
1475540 2204
1475550 2210
1475560 2215
1475570 2215
1475580 2219
1475590 2223
1475600 2227
1475610 2227
1475620 2230
1475630 2232
1475640 2232
1475650 2234
1475660 2236
1475670 2236
1475680 2236
1475690 2236
1475700 2236
1475710 2235
1475720 2234
1475730 2234
1475740 2233
1475750 2235
1475760 2235
1475770 2238
1475780 2240
1475790 2240
1475800 2243
1475810 2245
1475820 2247
1475830 2247
1475840 2250
1475850 2252
1475860 2252
1475870 2254
1475880 2256
1475890 2256
1475900 2258
1475910 2259
1475920 2259
1475930 2260
1475940 2260
1475950 2260
1475960 2260
1475970 2258
1475980 2258
1475990 2258
1476000 2258
1476010 2258
1476020 2258
1476030 2258
1476040 2258
1476050 2258
1476060 2259
1476070 2259
1476080 2259
1476090 2260
1476100 2261
1476110 2261
1476120 2263
1476130 2264
1476140 2264
1476150 2266
1476160 2268
1476170 2268
1476180 2270
1476190 2272
1476200 2272
1476210 2275
1476220 2279
1476230 2279
1476240 2282
1476250 2285
1476260 2287
1476270 2287
1476280 2290
1476290 2292
1476300 2292
1476310 2295
1476320 2298
1476330 2298
1476340 2300
1476350 2303
1476360 2303
1476370 2305
1476380 2307
1476390 2307
1476400 2309
1476410 2311
1476420 2311
1476430 2313
1476440 2315
1476450 2315
1476460 2316
1476470 2318
1476480 2320
1476490 2320
1476500 2323
1476510 2326
1476520 2326
1476530 2327
1476540 2329
1476550 2329
1476560 2332
1476570 2335
1476580 2335
1476590 2339
1476600 2344
1476610 2344
1476620 2350
1476630 2355
1476640 2355
1476650 2361
1476660 2368
1476670 2368
1476680 2374
1476690 2381
1476700 2388
1476710 2388
1476720 2395
1476730 2401
1476740 2401
1476750 2409
1476760 2416
1476770 2416
1476780 2423
1476790 2430
1476800 2430
1476810 2438
1476820 2445
1476830 2445
1476840 2452
1476850 2462
1476860 2462
1476870 2473
1476880 2474
1476890 2474
1476900 2459
1476910 2448
1476920 2441
1476930 2441
1476940 2434
1476950 2426
1476960 2426
1476970 2407
1476980 2393
1476990 2393
1477000 2387
1477010 2381
1477020 2381
1477030 2376
1477040 2373
1477050 2373
1477060 2370
1477070 2368
1477080 2368
1477090 2364
1477100 2364
1477110 2364
1477120 2367
1477130 2367
1477140 2369
1477150 2369
1477160 2366
1477170 2360
1477180 2360
1477190 2355
1477200 2352
1477210 2352
1477220 2352
1477230 2349
1477240 2349
1477250 2346
1477260 2343
1477270 2343
1477280 2344
1477290 2344
1477300 2344
1477310 2342
1477320 2337
1477330 2337
1477340 2333
1477350 2332
1477360 2327
1477370 2327
1477380 2326
1477390 2323
1477400 2323
1477410 2321
1477420 2322
1477430 2322
1477440 2322
1477450 2322
1477460 2322
1477470 2319
1477480 2314
1477490 2314
1477500 2311
1477510 2309
1477520 2309
1477530 2307
1477540 2302
1477550 2302
1477560 2297
1477570 2292
1477580 2292
1477590 2288
1477600 2284
1477610 2280
1477620 2280
1477630 2277
1477640 2276
1477650 2276
1477660 2272
1477670 2267
1477680 2267
1477690 2263
1477700 2260
1477710 2260
1477720 2255
1477730 2249
1477740 2249
1477750 2248
1477760 2245
1477770 2245
1477780 2242
1477790 2236
1477800 2236
1477810 2233
1477820 2233
1477830 2230
1477840 2230
1477850 2225
1477860 2216
1477870 2216
1477880 2213
1477890 2208
1477900 2208
1477910 2205
1477920 2201
1477930 2201
1477940 2197
1477950 2194
1477960 2194
1477970 2192
1477980 2193
1477990 2193
1478000 2188
1478010 2182
1478020 2182
1478030 2179
1478040 2174
1478050 2169
1478060 2169
1478070 2168
1478080 2164
1478090 2164
1478100 2159
1478110 2153
1478120 2153
1478130 2149
1478140 2145
1478150 2145
1478160 2141
1478170 2137
1478180 2137
1478190 2133
1478200 2129
1478210 2129
1478220 2124
1478230 2119
1478240 2119
1478250 2113
1478260 2109
1478270 2106
1478280 2106
1478290 2102
1478300 2101
1478310 2101
1478320 2101
1478330 2101
1478340 2101
1478350 2101
1478360 2098
1478370 2098
1478380 2097
1478390 2095
1478400 2095
1478410 2091
1478420 2088
1478430 2088
1478440 2087
1478450 2088
1478460 2088
1478470 2087
1478480 2084
1478490 2082
1478500 2082
1478510 2078
1478520 2074
1478530 2074
1478540 2069
1478550 2065
1478560 2065
1478570 2060
1478580 2055
1478590 2055
1478600 2051
1478610 2047
1478620 2047
1478630 2042
1478640 2039
1478650 2039
1478660 2034
1478670 2031
1478680 2031
1478690 2028
1478700 2029
1478710 2027
1478720 2027
1478730 2025
1478740 2023
1478750 2023
1478760 2021
1478770 2017
1478780 2017
1478790 2013
1478800 2010
1478810 2010
1478820 2006
1478830 2001
1478840 2001
1478850 1997
1478860 1994
1478870 1994
1478880 1991
1478890 1987
1478900 1987
1478910 1983
1478920 1981
1478930 1978
1478940 1978
1478950 1974
1478960 1970
1478970 1970
1478980 1968
1478990 1965
1479000 1965
1479010 1960
1479020 1964
1479030 1964
1479040 1972
1479050 1980
1479060 1980
1479070 1987
1479080 1993
1479090 1993
1479100 1997
1479110 1997
1479120 1997
1479130 1996
1479140 1997
1479150 1996
1479160 1996
1479170 1997
1479180 2000
1479190 2000
1479200 2001
1479210 2004
1479220 2004
1479230 2002
1479240 2000
1479250 2000
1479260 2000
1479270 2002
1479280 2002
1479290 2005
1479300 2009
1479310 2009
1479320 2011
1479330 2015
1479340 2015
1479350 2019
1479360 2021
1479370 2021
1479380 2029
1479390 2036
1479400 2040
1479410 2040
1479420 2041
1479430 2041
1479440 2041
1479450 2046
1479460 2046
1479470 2046
1479480 2046
1479490 2047
1479500 2047
1479510 2050
1479520 2053
1479530 2053
1479540 2057
1479550 2060
1479560 2060
1479570 2060
1479580 2064
1479590 2064
1479600 2068
1479610 2072
1479620 2075
1479630 2075
1479640 2079
1479650 2080
1479660 2080
1479670 2081
1479680 2083
1479690 2083
1479700 2085
1479710 2087
1479720 2087
1479730 2090
1479740 2092
1479750 2092
1479760 2094
1479770 2097
1479780 2097
1479790 2101
1479800 2106
1479810 2106
1479820 2111
1479830 2113
1479840 2115
1479850 2115
1479860 2117
1479870 2119
1479880 2119
1479890 2122
1479900 2124
1479910 2124
1479920 2126
1479930 2127
1479940 2127
1479950 2129
1479960 2129
1479970 2129
1479980 2129
1479990 2130
