1460000 1695
1460010 1692
1460020 1689
1460030 1689
1460040 1685
1460050 1681
1460060 1681
1460070 1675
1460080 1671
1460090 1671
1460100 1666
1460110 1661
1460120 1661
1460130 1657
1460140 1652
1460150 1652
1460160 1647
1460170 1642
1460180 1637
1460190 1637
1460200 1633
1460210 1630
1460220 1630
1460230 1627
1460240 1625
1460250 1625
1460260 1621
1460270 1616
1460280 1616
1460290 1611
1460300 1605
1460310 1605
1460320 1599
1460330 1593
1460340 1593
1460350 1586
1460360 1580
1460370 1580
1460380 1574
1460390 1569
1460400 1564
1460410 1564
1460420 1560
1460430 1556
1460440 1556
1460450 1551
1460460 1546
1460470 1546
1460480 1542
1460490 1539
1460500 1539
1460510 1535
1460520 1529
1460530 1529
1460540 1523
1460550 1518
1460560 1518
1460570 1510
1460580 1499
1460590 1499
1460600 1490
1460610 1485
1460620 1480
1460630 1480
1460640 1475
1460650 1470
1460660 1470
1460670 1464
1460680 1460
1460690 1460
1460700 1455
1460710 1451
1460720 1451
1460730 1447
1460740 1442
1460750 1442
1460760 1437
1460770 1432
1460780 1432
1460790 1426
1460800 1421
1460810 1421
1460820 1415
1460830 1410
1460840 1403
1460850 1403
1460860 1397
1460870 1392
1460880 1392
1460890 1386
1460900 1380
1460910 1380
1460920 1374
1460930 1369
1460940 1369
1460950 1365
1460960 1360
1460970 1360
1460980 1354
1460990 1348
1461000 1348
1461010 1345
1461020 1342
1461030 1342
1461040 1339
1461050 1335
1461060 1331
1461070 1331
1461080 1326
1461090 1319
1461100 1319
1461110 1312
1461120 1308
1461130 1308
1461140 1303
1461150 1297
1461160 1297
1461170 1290
1461180 1285
1461190 1285
1461200 1280
1461210 1273
1461220 1273
1461230 1267
1461240 1263
1461250 1263
1461260 1259
1461270 1253
1461280 1247
1461290 1247
1461300 1242
1461310 1236
1461320 1236
1461330 1231
1461340 1225
1461350 1225
1461360 1220
1461370 1215
1461380 1215
1461390 1209
1461400 1202
1461410 1202
1461420 1199
1461430 1195
1461440 1195
1461450 1191
1461460 1187
1461470 1187
1461480 1182
1461490 1177
1461500 1171
1461510 1171
1461520 1164
1461530 1157
1461540 1157
1461550 1151
1461560 1144
1461570 1144
1461580 1138
1461590 1132
1461600 1132
1461610 1125
1461620 1115
1461630 1115
1461640 1111
1461650 1110
1461660 1110
1461670 1107
1461680 1105
1461690 1105
1461700 1102
1461710 1099
1461720 1098
1461730 1098
1461740 1097
1461750 1096
1461760 1096
1461770 1095
1461780 1093
1461790 1093
1461800 1092
1461810 1089
1461820 1089
1461830 1083
1461840 1083
1461850 1083
1461860 1083
1461870 1083
1461880 1083
1461890 1083
1461900 1083
1461910 1083
1461920 1083
1461930 1086
1461940 1086
1461950 1088
1461960 1091
1461970 1092
1461980 1092
1461990 1100
1462000 1108
1462010 1108
1462020 1110
1462030 1112
1462040 1112
1462050 1114
1462060 1116
1462070 1116
1462080 1116
1462090 1116
1462100 1116
1462110 1117
1462120 1118
1462130 1118
1462140 1119
1462150 1119
1462160 1119
1462170 1118
1462180 1117
1462190 1116
1462200 1116
1462210 1111
1462220 1109
1462230 1109
1462240 1105
1462250 1100
1462260 1100
1462270 1098
1462280 1099
1462290 1099
1462300 1091
1462310 1082
1462320 1082
1462330 1077
1462340 1076
1462350 1076
1462360 1074
1462370 1064
1462380 1064
1462390 1061
1462400 1068
1462410 1075
1462420 1075
1462430 1083
1462440 1091
1462450 1091
1462460 1097
1462470 1104
1462480 1104
1462490 1109
1462500 1114
1462510 1114
1462520 1121
1462530 1129
1462540 1129
1462550 1136
1462560 1143
1462570 1143
1462580 1149
1462590 1154
1462600 1154
1462610 1159
1462620 1165
1462630 1171
1462640 1171
1462650 1175
1462660 1178
1462670 1178
1462680 1181
1462690 1183
1462700 1183
1462710 1184
1462720 1185
1462730 1185
1462740 1188
1462750 1192
1462760 1192
1462770 1197
1462780 1203
1462790 1203
1462800 1208
1462810 1214
1462820 1214
1462830 1218
1462840 1222
1462850 1226
1462860 1226
1462870 1229
1462880 1232
1462890 1232
1462900 1235
1462910 1238
1462920 1238
1462930 1243
1462940 1248
1462950 1248
1462960 1253
1462970 1257
1462980 1257
1462990 1258
1463000 1259
1463010 1259
1463020 1259
1463030 1261
1463040 1261
1463050 1263
1463060 1266
1463070 1268
1463080 1268
1463090 1268
1463100 1269
1463110 1269
1463120 1271
1463130 1273
1463140 1273
1463150 1275
1463160 1278
1463170 1278
1463180 1281
1463190 1284
1463200 1284
1463210 1285
1463220 1286
1463230 1286
1463240 1285
1463250 1286
1463260 1286
1463270 1287
1463280 1288
1463290 1290
1463300 1290
1463310 1293
1463320 1296
1463330 1296
1463340 1301
1463350 1305
1463360 1305
1463370 1310
1463380 1315
1463390 1315
1463400 1318
1463410 1321
1463420 1321
1463430 1323
1463440 1326
1463450 1326
1463460 1329
1463470 1333
1463480 1333
1463490 1337
1463500 1342
1463510 1347
1463520 1347
1463530 1352
1463540 1356
1463550 1356
1463560 1359
1463570 1363
1463580 1363
1463590 1366
1463600 1370
1463610 1370
1463620 1373
1463630 1378
1463640 1378
1463650 1382
1463660 1388
1463670 1388
1463680 1395
1463690 1401
1463700 1401
1463710 1404
1463720 1409
1463730 1414
1463740 1414
1463750 1420
1463760 1427
1463770 1427
1463780 1434
1463790 1438
1463800 1438
1463810 1442
1463820 1448
1463830 1448
1463840 1453
1463850 1456
1463860 1456
1463870 1460
1463880 1465
1463890 1465
1463900 1469
1463910 1472
1463920 1472
1463930 1475
1463940 1477
1463950 1477
1463960 1480
1463970 1482
1463980 1486
1463990 1486
1464000 1490
1464010 1492
1464020 1492
1464030 1495
1464040 1498
1464050 1498
1464060 1501
1464070 1506
1464080 1506
1464090 1512
1464100 1516
1464110 1516
1464120 1522
1464130 1524
1464140 1524
1464150 1526
1464160 1529
1464170 1529
1464180 1534
1464190 1538
1464200 1543
1464210 1543
1464220 1548
1464230 1552
1464240 1552
1464250 1558
1464260 1563
1464270 1563
1464280 1568
1464290 1573
1464300 1573
1464310 1578
1464320 1584
1464330 1584
1464340 1588
1464350 1591
1464360 1591
1464370 1594
1464380 1598
1464390 1598
1464400 1602
1464410 1607
1464420 1613
1464430 1613
1464440 1618
1464450 1624
1464460 1624
1464470 1633
1464480 1641
1464490 1641
1464500 1646
1464510 1650
1464520 1650
1464530 1653
1464540 1656
1464550 1656
1464560 1658
1464570 1659
1464580 1659
1464590 1663
1464600 1667
1464610 1667
1464620 1672
1464630 1677
1464640 1683
1464650 1683
1464660 1689
1464670 1692
1464680 1692
1464690 1694
1464700 1696
1464710 1696
1464720 1697
1464730 1700
1464740 1700
1464750 1702
1464760 1704
1464770 1704
1464780 1708
1464790 1714
1464800 1714
1464810 1718
1464820 1721
1464830 1721
1464840 1723
1464850 1725
1464860 1728
1464870 1728
1464880 1730
1464890 1732
1464900 1732
1464910 1734
1464920 1737
1464930 1737
1464940 1738
1464950 1739
1464960 1739
1464970 1745
1464980 1749
1464990 1749
1465000 1753
1465010 1756
1465020 1756
1465030 1759
1465040 1762
1465050 1762
1465060 1764
1465070 1767
1465080 1770
1465090 1770
1465100 1771
1465110 1772
1465120 1772
1465130 1774
1465140 1774
1465150 1774
1465160 1773
1465170 1772
1465180 1772
1465190 1775
1465200 1780
1465210 1780
1465220 1780
1465230 1778
1465240 1778
1465250 1779
1465260 1778
1465270 1778
1465280 1774
1465290 1771
1465300 1774
1465310 1774
1465320 1774
1465330 1774
1465340 1774
1465350 1774
1465360 1774
1465370 1774
1465380 1775
1465390 1777
1465400 1777
1465410 1777
1465420 1777
1465430 1777
1465440 1778
1465450 1780
1465460 1780
1465470 1782
1465480 1783
1465490 1783
1465500 1784
1465510 1786
1465520 1787
1465530 1787
1465540 1788
1465550 1793
1465560 1793
1465570 1795
1465580 1796
1465590 1796
1465600 1798
1465610 1799
1465620 1799
1465630 1800
1465640 1801
1465650 1801
1465660 1801
1465670 1801
1465680 1801
1465690 1801
1465700 1802
1465710 1802
1465720 1801
1465730 1802
1465740 1802
1465750 1801
1465760 1798
1465770 1797
1465780 1797
1465790 1795
1465800 1793
1465810 1793
1465820 1791
1465830 1789
1465840 1789
1465850 1786
1465860 1783
1465870 1783
1465880 1779
1465890 1777
1465900 1777
1465910 1775
1465920 1774
1465930 1774
1465940 1773
1465950 1771
1465960 1771
1465970 1768
1465980 1766
1465990 1764
1466000 1764
1466010 1762
1466020 1761
1466030 1761
1466040 1761
1466050 1762
1466060 1762
1466070 1763
1466080 1762
1466090 1762
1466100 1760
1466110 1757
1466120 1757
1466130 1754
1466140 1751
1466150 1751
1466160 1750
1466170 1748
1466180 1748
1466190 1747
1466200 1747
1466210 1747
1466220 1747
1466230 1747
1466240 1749
1466250 1749
1466260 1750
1466270 1753
1466280 1753
1466290 1758
1466300 1762
1466310 1762
1466320 1765
1466330 1767
1466340 1767
1466350 1769
1466360 1772
1466370 1772
1466380 1775
1466390 1780
1466400 1780
1466410 1785
1466420 1791
1466430 1798
1466440 1798
1466450 1805
1466460 1812
1466470 1812
1466480 1824
1466490 1835
1466500 1835
1466510 1846
1466520 1856
1466530 1856
1466540 1865
1466550 1872
1466560 1872
1466570 1881
1466580 1889
1466590 1889
1466600 1898
1466610 1905
1466620 1905
1466630 1909
1466640 1914
1466650 1917
1466660 1917
1466670 1921
1466680 1924
1466690 1924
1466700 1928
1466710 1930
1466720 1930
1466730 1932
1466740 1933
1466750 1933
1466760 1934
1466770 1934
1466780 1934
1466790 1934
1466800 1933
1466810 1933
1466820 1931
1466830 1929
1466840 1929
1466850 1926
1466860 1922
1466870 1919
1466880 1919
1466890 1915
1466900 1910
1466910 1910
1466920 1906
1466930 1899
1466940 1899
1466950 1891
1466960 1883
1466970 1883
1466980 1873
1466990 1859
1467000 1859
1467010 1845
1467020 1829
1467030 1829
1467040 1819
1467050 1810
1467060 1810
1467070 1799
1467080 1790
1467090 1784
1467100 1784
1467110 1783
1467120 1778
1467130 1778
1467140 1772
1467150 1766
1467160 1766
1467170 1758
1467180 1755
1467190 1755
1467200 1750
1467210 1748
1467220 1748
1467230 1743
1467240 1737
1467250 1737
1467260 1730
1467270 1720
1467280 1720
1467290 1711
1467300 1704
1467310 1698
1467320 1698
1467330 1691
1467340 1685
1467350 1685
1467360 1674
1467370 1664
1467380 1664
1467390 1661
1467400 1659
1467410 1659
1467420 1654
1467430 1644
1467440 1644
1467450 1634
1467460 1626
1467470 1626
1467480 1625
1467490 1625
1467500 1625
1467510 1622
1467520 1619
1467530 1619
1467540 1614
1467550 1610
1467560 1605
1467570 1605
1467580 1600
1467590 1593
1467600 1593
1467610 1587
1467620 1582
1467630 1582
1467640 1577
1467650 1573
1467660 1573
1467670 1569
1467680 1565
1467690 1565
1467700 1559
1467710 1554
1467720 1554
1467730 1550
1467740 1547
1467750 1547
1467760 1547
1467770 1544
1467780 1538
1467790 1538
1467800 1527
1467810 1519
1467820 1519
1467830 1510
1467840 1503
1467850 1503
1467860 1494
1467870 1484
1467880 1484
1467890 1474
1467900 1462
1467910 1462
1467920 1453
1467930 1450
1467940 1450
1467950 1442
1467960 1436
1467970 1436
1467980 1429
1467990 1422
1468000 1420
1468010 1420
1468020 1417
1468030 1407
1468040 1407
1468050 1398
1468060 1396
1468070 1396
1468080 1395
1468090 1389
1468100 1389
1468110 1382
1468120 1380
1468130 1380
1468140 1376
1468150 1364
1468160 1364
1468170 1357
1468180 1349
1468190 1349
1468200 1340
1468210 1332
1468220 1324
1468230 1324
1468240 1314
1468250 1308
1468260 1308
1468270 1302
1468280 1295
1468290 1295
1468300 1287
1468310 1282
1468320 1282
1468330 1274
1468340 1267
1468350 1267
1468360 1264
1468370 1256
1468380 1256
1468390 1248
1468400 1242
1468410 1242
1468420 1236
1468430 1226
1468440 1215
1468450 1215
1468460 1216
1468470 1215
1468480 1215
1468490 1208
1468500 1199
1468510 1199
1468520 1198
1468530 1201
1468540 1201
1468550 1205
1468560 1204
1468570 1204
1468580 1201
1468590 1199
1468600 1199
1468610 1190
1468620 1185
1468630 1185
1468640 1183
1468650 1179
1468660 1173
1468670 1173
1468680 1168
1468690 1165
1468700 1165
1468710 1161
1468720 1157
1468730 1157
1468740 1154
1468750 1153
1468760 1153
1468770 1153
1468780 1150
1468790 1150
1468800 1148
1468810 1146
1468820 1146
1468830 1145
1468840 1144
1468850 1144
1468860 1143
1468870 1143
1468880 1142
1468890 1142
1468900 1143
1468910 1144
1468920 1144
1468930 1146
1468940 1147
1468950 1147
1468960 1148
1468970 1149
1468980 1149
1468990 1149
1469000 1148
1469010 1148
1469020 1146
1469030 1144
1469040 1144
1469050 1142
1469060 1142
1469070 1142
1469080 1142
1469090 1142
1469100 1143
1469110 1143
1469120 1143
1469130 1144
1469140 1144
1469150 1144
1469160 1145
1469170 1145
1469180 1146
1469190 1147
1469200 1147
1469210 1147
1469220 1147
1469230 1147
1469240 1148
1469250 1148
1469260 1148
1469270 1148
1469280 1149
1469290 1149
1469300 1150
1469310 1150
1469320 1150
1469330 1150
1469340 1151
1469350 1152
1469360 1152
1469370 1152
1469380 1153
1469390 1153
1469400 1156
1469410 1158
1469420 1158
1469430 1161
1469440 1163
1469450 1163
1469460 1166
1469470 1168
1469480 1168
1469490 1171
1469500 1175
1469510 1175
1469520 1179
1469530 1184
1469540 1184
1469550 1189
1469560 1192
1469570 1196
1469580 1196
1469590 1200
1469600 1202
1469610 1202
1469620 1205
1469630 1210
1469640 1210
1469650 1214
1469660 1219
1469670 1219
1469680 1224
1469690 1230
1469700 1230
1469710 1234
1469720 1236
1469730 1236
1469740 1237
1469750 1241
1469760 1241
1469770 1246
1469780 1250
1469790 1254
1469800 1254
1469810 1259
1469820 1265
1469830 1265
1469840 1272
1469850 1277
1469860 1277
1469870 1283
1469880 1287
1469890 1287
1469900 1292
1469910 1297
1469920 1297
1469930 1301
1469940 1305
1469950 1305
1469960 1309
1469970 1313
1469980 1313
1469990 1316
1470000 1316
1470010 1315
1470020 1315
1470030 1317
1470040 1316
1470050 1316
1470060 1314
1470070 1317
1470080 1317
1470090 1320
1470100 1330
1470110 1330
1470120 1365
1470130 1382
1470140 1382
1470150 1387
1470160 1376
1470170 1376
1470180 1362
1470190 1362
1470200 1362
1470210 1390
1470220 1404
1470230 1414
1470240 1414
1470250 1422
1470260 1425
1470270 1425
1470280 1427
1470290 1421
1470300 1421
1470310 1402
1470320 1402
1470330 1402
1470340 1396
1470350 1395
1470360 1395
1470370 1399
1470380 1405
1470390 1405
1470400 1410
1470410 1416
1470420 1416
1470430 1427
1470440 1440
1470450 1455
1470460 1455
1470470 1468
1470480 1478
1470490 1478
1470500 1490
1470510 1520
1470520 1520
1470530 1536
1470540 1541
1470550 1541
1470560 1545
1470570 1550
1470580 1550
1470590 1554
1470600 1559
1470610 1559
1470620 1567
1470630 1573
1470640 1573
1470650 1583
1470660 1599
1470670 1606
1470680 1606
1470690 1612
1470700 1619
1470710 1619
1470720 1624
1470730 1629
1470740 1629
1470750 1634
1470760 1640
1470770 1640
1470780 1645
1470790 1648
1470800 1648
1470810 1651
1470820 1650
1470830 1650
1470840 1634
1470850 1629
1470860 1629
1470870 1639
1470880 1651
1470890 1659
1470900 1659
1470910 1664
1470920 1669
1470930 1669
1470940 1674
1470950 1680
1470960 1680
1470970 1686
1470980 1693
1470990 1693
1471000 1701
1471010 1708
1471020 1708
1471030 1713
1471040 1716
1471050 1716
1471060 1721
1471070 1730
1471080 1730
1471090 1737
1471100 1743
1471110 1749
1471120 1749
1471130 1754
1471140 1758
1471150 1758
1471160 1763
1471170 1768
1471180 1768
1471190 1773
1471200 1780
1471210 1780
1471220 1790
1471230 1794
1471240 1794
1471250 1793
1471260 1786
1471270 1786
1471280 1760
1471290 1734
1471300 1734
1471310 1715
1471320 1705
1471330 1723
1471340 1723
1471350 1747
1471360 1764
1471370 1764
1471380 1773
1471390 1782
1471400 1782
1471410 1785
1471420 1780
1471430 1780
1471440 1770
1471450 1761
1471460 1761
1471470 1751
1471480 1741
1471490 1741
1471500 1746
1471510 1760
1471520 1760
1471530 1767
1471540 1780
1471550 1776
1471560 1776
1471570 1764
1471580 1763
1471590 1763
1471600 1771
1471610 1789
1471620 1789
1471630 1802
1471640 1817
1471650 1817
1471660 1832
1471670 1846
1471680 1846
1471690 1857
1471700 1869
1471710 1869
1471720 1882
1471730 1896
1471740 1896
1471750 1904
1471760 1910
1471770 1910
1471780 1917
1471790 1929
1471800 1933
1471810 1933
1471820 1936
1471830 1939
1471840 1939
1471850 1941
1471860 1939
1471870 1939
1471880 1939
1471890 1942
1471900 1942
1471910 1947
1471920 1953
1471930 1953
1471940 1958
1471950 1959
1471960 1959
1471970 1960
1471980 1961
1471990 1961
1472000 1963
1472010 1963
1472020 1961
1472030 1961
1472040 1956
1472050 1959
1472060 1959
1472070 1964
1472080 1972
1472090 1972
1472100 1977
1472110 1979
1472120 1979
1472130 1978
1472140 1977
1472150 1977
1472160 1978
1472170 1979
1472180 1979
1472190 1982
1472200 1988
1472210 1988
1472220 1993
1472230 1996
1472240 2000
1472250 2000
1472260 2000
1472270 2000
1472280 2000
1472290 2001
1472300 2003
1472310 2003
1472320 2007
1472330 2010
1472340 2010
1472350 2011
1472360 2012
1472370 2012
1472380 2016
1472390 2020
1472400 2020
1472410 2028
1472420 2034
1472430 2034
1472440 2038
1472450 2041
1472460 2043
1472470 2043
1472480 2043
1472490 2041
1472500 2041
1472510 2039
1472520 2045
1472530 2045
1472540 2050
1472550 2053
1472560 2053
1472570 2059
1472580 2063
1472590 2063
1472600 2068
1472610 2073
1472620 2073
1472630 2078
1472640 2081
1472650 2081
1472660 2087
1472670 2089
1472680 2091
1472690 2091
1472700 2094
1472710 2093
1472720 2093
1472730 2095
1472740 2099
1472750 2099
1472760 2101
1472770 2101
1472780 2101
1472790 2098
1472800 2096
1472810 2096
1472820 2094
1472830 2098
1472840 2098
1472850 2103
1472860 2106
1472870 2106
1472880 2110
1472890 2113
1472900 2113
1472910 2113
1472920 2112
1472930 2111
1472940 2111
1472950 2110
1472960 2113
1472970 2113
1472980 2116
1472990 2121
1473000 2121
1473010 2128
1473020 2131
1473030 2131
1473040 2136
1473050 2141
1473060 2141
1473070 2146
1473080 2151
1473090 2151
1473100 2152
1473110 2150
1473120 2149
1473130 2149
1473140 2149
1473150 2146
1473160 2146
1473170 2146
1473180 2149
1473190 2149
1473200 2153
1473210 2155
1473220 2155
1473230 2158
1473240 2163
1473250 2163
1473260 2166
1473270 2171
1473280 2171
1473290 2174
1473300 2176
1473310 2176
1473320 2178
1473330 2184
1473340 2188
1473350 2188
1473360 2193
1473370 2196
1473380 2196
1473390 2200
1473400 2205
1473410 2205
1473420 2210
1473430 2215
1473440 2215
1473450 2222
1473460 2229
1473470 2229
1473480 2231
1473490 2232
1473500 2232
1473510 2235
1473520 2238
1473530 2238
1473540 2238
1473550 2238
1473560 2238
1473570 2238
1473580 2239
1473590 2241
1473600 2241
1473610 2243
1473620 2247
1473630 2247
1473640 2249
1473650 2252
1473660 2252
1473670 2256
1473680 2261
1473690 2261
1473700 2265
1473710 2266
1473720 2266
1473730 2263
1473740 2263
1473750 2263
1473760 2267
1473770 2270
1473780 2270
1473790 2265
1473800 2254
1473810 2249
1473820 2249
1473830 2236
1473840 2227
1473850 2227
1473860 2217
1473870 2189
1473880 2189
1473890 2167
1473900 2161
1473910 2161
1473920 2157
1473930 2157
1473940 2157
1473950 2150
1473960 2145
1473970 2145
1473980 2143
1473990 2141
1474000 2141
1474010 2137
1474020 2134
1474030 2131
1474040 2131
1474050 2127
1474060 2122
1474070 2122
1474080 2118
1474090 2114
1474100 2114
1474110 2111
1474120 2109
1474130 2109
1474140 2108
1474150 2108
1474160 2108
1474170 2108
1474180 2107
1474190 2107
1474200 2107
1474210 2107
1474220 2107
1474230 2107
1474240 2107
1474250 2105
1474260 2105
1474270 2102
1474280 2097
1474290 2097
1474300 2097
1474310 2098
1474320 2098
1474330 2097
1474340 2098
1474350 2098
1474360 2098
1474370 2099
1474380 2099
1474390 2099
1474400 2099
1474410 2099
1474420 2099
1474430 2099
1474440 2099
1474450 2098
1474460 2098
1474470 2098
1474480 2098
1474490 2098
1474500 2099
1474510 2099
1474520 2100
1474530 2101
1474540 2101
1474550 2102
1474560 2103
1474570 2103
1474580 2103
1474590 2102
1474600 2102
1474610 2102
1474620 2102
1474630 2102
1474640 2102
1474650 2102
1474660 2102
1474670 2104
1474680 2106
1474690 2108
1474700 2108
1474710 2111
1474720 2113
1474730 2113
1474740 2114
1474750 2116
1474760 2116
1474770 2120
1474780 2125
1474790 2125
1474800 2132
1474810 2142
1474820 2142
1474830 2147
1474840 2147
1474850 2147
1474860 2146
1474870 2141
1474880 2141
1474890 2130
1474900 2127
1474910 2126
1474920 2126
1474930 2127
1474940 2129
1474950 2129
1474960 2129
1474970 2129
1474980 2129
1474990 2129
1475000 2129
1475010 2129
1475020 2130
1475030 2130
1475040 2130
1475050 2131
1475060 2131
1475070 2131
1475080 2132
1475090 2133
1475100 2133
1475110 2134
1475120 2135
1475130 2135
1475140 2135
1475150 2136
1475160 2136
1475170 2136
1475180 2138
1475190 2139
1475200 2139
1475210 2142
1475220 2143
1475230 2143
1475240 2144
1475250 2145
1475260 2145
1475270 2146
1475280 2148
1475290 2148
1475300 2149
1475310 2151
1475320 2151
1475330 2153
1475340 2155
1475350 2157
1475360 2157
1475370 2159
1475380 2159
1475390 2159
1475400 2160
1475410 2162
1475420 2162
1475430 2164
1475440 2167
1475450 2167
1475460 2171
1475470 2175
1475480 2175
1475490 2180
1475500 2184
1475510 2184
1475520 2190
1475530 2195
1475540 2195
1475550 2200
1475560 2204
1475570 2204
1475580 2208
1475590 2212
1475600 2215
1475610 2215
1475620 2218
1475630 2220
1475640 2220
1475650 2222
1475660 2222
1475670 2222
1475680 2222
1475690 2222
1475700 2222
1475710 2223
1475720 2223
1475730 2223
1475740 2223
1475750 2225
1475760 2225
1475770 2227
1475780 2230
1475790 2230
1475800 2232
1475810 2235
1475820 2238
1475830 2238
1475840 2240
1475850 2241
1475860 2241
1475870 2243
1475880 2244
1475890 2244
1475900 2246
1475910 2247
1475920 2247
1475930 2247
1475940 2248
1475950 2248
1475960 2247
1475970 2247
1475980 2247
1475990 2246
1476000 2247
1476010 2247
1476020 2247
1476030 2246
1476040 2246
1476050 2246
1476060 2247
1476070 2247
1476080 2247
1476090 2249
1476100 2251
1476110 2251
1476120 2252
1476130 2253
1476140 2253
1476150 2255
1476160 2257
1476170 2257
1476180 2260
1476190 2264
1476200 2264
1476210 2266
1476220 2269
1476230 2269
1476240 2273
1476250 2276
1476260 2278
1476270 2278
1476280 2281
1476290 2283
1476300 2283
1476310 2286
1476320 2288
1476330 2288
1476340 2290
1476350 2291
1476360 2291
1476370 2293
1476380 2295
1476390 2295
1476400 2297
1476410 2299
1476420 2299
1476430 2301
1476440 2302
1476450 2302
1476460 2305
1476470 2308
1476480 2311
1476490 2311
1476500 2313
1476510 2315
1476520 2315
1476530 2318
1476540 2321
1476550 2321
1476560 2325
1476570 2329
1476580 2329
1476590 2335
1476600 2341
1476610 2341
1476620 2348
1476630 2354
1476640 2354
1476650 2360
1476660 2367
1476670 2367
1476680 2373
1476690 2379
1476700 2385
1476710 2385
1476720 2392
1476730 2399
1476740 2399
1476750 2406
1476760 2413
1476770 2413
1476780 2420
1476790 2427
1476800 2427
1476810 2433
1476820 2440
1476830 2440
1476840 2447
1476850 2454
1476860 2454
1476870 2462
1476880 2471
1476890 2471
1476900 2475
1476910 2462
1476920 2448
1476930 2448
1476940 2427
1476950 2407
1476960 2407
1476970 2397
1476980 2389
1476990 2389
1477000 2382
1477010 2375
1477020 2375
1477030 2369
1477040 2365
1477050 2365
1477060 2361
1477070 2357
1477080 2357
1477090 2354
1477100 2354
1477110 2354
1477120 2355
1477130 2358
1477140 2356
1477150 2356
1477160 2355
1477170 2352
1477180 2352
1477190 2348
1477200 2346
1477210 2346
1477220 2344
1477230 2340
1477240 2340
1477250 2338
1477260 2338
1477270 2338
1477280 2336
1477290 2333
1477300 2333
1477310 2331
1477320 2330
1477330 2330
1477340 2325
1477350 2322
1477360 2320
1477370 2320
1477380 2319
1477390 2318
1477400 2318
1477410 2316
1477420 2317
1477430 2317
1477440 2317
1477450 2315
1477460 2315
1477470 2315
1477480 2308
1477490 2308
1477500 2302
1477510 2300
1477520 2300
1477530 2298
1477540 2296
1477550 2296
1477560 2290
1477570 2283
1477580 2283
1477590 2278
1477600 2276
1477610 2272
1477620 2272
1477630 2268
1477640 2268
1477650 2268
1477660 2267
1477670 2259
1477680 2259
1477690 2256
1477700 2256
1477710 2256
1477720 2250
1477730 2244
1477740 2244
1477750 2242
1477760 2239
1477770 2239
1477780 2237
1477790 2232
1477800 2232
1477810 2230
1477820 2228
1477830 2225
1477840 2225
1477850 2219
1477860 2210
1477870 2210
1477880 2204
1477890 2201
1477900 2201
1477910 2198
1477920 2194
1477930 2194
1477940 2192
1477950 2189
1477960 2189
1477970 2186
1477980 2183
1477990 2183
1478000 2178
1478010 2173
1478020 2173
1478030 2168
1478040 2165
1478050 2161
1478060 2161
1478070 2156
1478080 2155
1478090 2155
1478100 2153
1478110 2147
1478120 2147
1478130 2140
1478140 2136
1478150 2136
1478160 2133
1478170 2130
1478180 2130
1478190 2127
1478200 2123
1478210 2123
1478220 2119
1478230 2112
1478240 2112
1478250 2109
1478260 2105
1478270 2100
1478280 2100
1478290 2097
1478300 2098
1478310 2098
1478320 2098
1478330 2097
1478340 2097
1478350 2095
1478360 2094
1478370 2094
1478380 2091
1478390 2088
1478400 2088
1478410 2084
1478420 2083
1478430 2083
1478440 2082
1478450 2083
1478460 2083
1478470 2083
1478480 2081
1478490 2079
1478500 2079
1478510 2076
1478520 2072
1478530 2072
1478540 2066
1478550 2058
1478560 2058
1478570 2053
1478580 2049
1478590 2049
1478600 2043
1478610 2040
1478620 2040
1478630 2037
1478640 2031
1478650 2031
1478660 2024
1478670 2020
1478680 2020
1478690 2016
1478700 2015
1478710 2015
1478720 2015
1478730 2011
1478740 2009
1478750 2009
1478760 2011
1478770 2010
1478780 2010
1478790 2006
1478800 1997
1478810 1997
1478820 1992
1478830 1988
1478840 1988
1478850 1984
1478860 1982
1478870 1982
1478880 1980
1478890 1978
1478900 1978
1478910 1975
1478920 1972
1478930 1967
1478940 1967
1478950 1962
1478960 1959
1478970 1959
1478980 1958
1478990 1956
1479000 1956
1479010 1950
1479020 1953
1479030 1953
1479040 1961
1479050 1968
1479060 1968
1479070 1974
1479080 1977
1479090 1977
1479100 1979
1479110 1977
1479120 1977
1479130 1975
1479140 1977
1479150 1979
1479160 1979
1479170 1978
1479180 1979
1479190 1979
1479200 1979
1479210 1977
1479220 1977
1479230 1978
1479240 1984
1479250 1984
1479260 1989
1479270 1994
1479280 1994
1479290 1996
1479300 1999
1479310 1999
1479320 2000
1479330 2002
1479340 2002
1479350 2006
1479360 2013
1479370 2018
1479380 2018
1479390 2022
1479400 2025
1479410 2025
1479420 2029
1479430 2029
1479440 2029
1479450 2029
1479460 2029
1479470 2029
1479480 2032
1479490 2037
1479500 2037
1479510 2041
1479520 2044
1479530 2044
1479540 2044
1479550 2046
1479560 2046
1479570 2050
1479580 2055
1479590 2055
1479600 2056
1479610 2059
1479620 2062
1479630 2062
1479640 2066
1479650 2069
1479660 2069
1479670 2070
1479680 2072
1479690 2072
1479700 2074
1479710 2075
1479720 2075
1479730 2076
1479740 2079
1479750 2079
1479760 2082
1479770 2085
1479780 2085
1479790 2088
1479800 2091
1479810 2091
1479820 2096
1479830 2099
1479840 2101
1479850 2101
1479860 2103
1479870 2104
1479880 2104
1479890 2105
1479900 2107
1479910 2107
1479920 2109
1479930 2110
1479940 2110
1479950 2112
1479960 2114
1479970 2114
1479980 2116
1479990 2117
