1460000 1697
1460010 1695
1460020 1692
1460030 1692
1460040 1688
1460050 1684
1460060 1684
1460070 1679
1460080 1674
1460090 1674
1460100 1669
1460110 1664
1460120 1664
1460130 1659
1460140 1654
1460150 1654
1460160 1648
1460170 1643
1460180 1638
1460190 1638
1460200 1633
1460210 1629
1460220 1629
1460230 1627
1460240 1624
1460250 1624
1460260 1621
1460270 1617
1460280 1617
1460290 1612
1460300 1606
1460310 1606
1460320 1600
1460330 1594
1460340 1594
1460350 1587
1460360 1581
1460370 1581
1460380 1575
1460390 1569
1460400 1564
1460410 1564
1460420 1560
1460430 1556
1460440 1556
1460450 1551
1460460 1546
1460470 1546
1460480 1542
1460490 1538
1460500 1538
1460510 1536
1460520 1530
1460530 1530
1460540 1522
1460550 1517
1460560 1517
1460570 1511
1460580 1501
1460590 1501
1460600 1492
1460610 1485
1460620 1480
1460630 1480
1460640 1476
1460650 1471
1460660 1471
1460670 1466
1460680 1461
1460690 1461
1460700 1456
1460710 1451
1460720 1451
1460730 1447
1460740 1443
1460750 1443
1460760 1438
1460770 1433
1460780 1433
1460790 1428
1460800 1423
1460810 1423
1460820 1417
1460830 1411
1460840 1405
1460850 1405
1460860 1399
1460870 1394
1460880 1394
1460890 1388
1460900 1382
1460910 1382
1460920 1376
1460930 1370
1460940 1370
1460950 1364
1460960 1360
1460970 1360
1460980 1354
1460990 1348
1461000 1348
1461010 1344
1461020 1341
1461030 1341
1461040 1338
1461050 1335
1461060 1332
1461070 1332
1461080 1327
1461090 1320
1461100 1320
1461110 1314
1461120 1309
1461130 1309
1461140 1306
1461150 1301
1461160 1301
1461170 1294
1461180 1288
1461190 1288
1461200 1285
1461210 1279
1461220 1279
1461230 1274
1461240 1269
1461250 1269
1461260 1263
1461270 1257
1461280 1250
1461290 1250
1461300 1244
1461310 1239
1461320 1239
1461330 1233
1461340 1228
1461350 1228
1461360 1223
1461370 1218
1461380 1218
1461390 1211
1461400 1204
1461410 1204
1461420 1200
1461430 1195
1461440 1195
1461450 1191
1461460 1187
1461470 1187
1461480 1182
1461490 1176
1461500 1172
1461510 1172
1461520 1167
1461530 1159
1461540 1159
1461550 1154
1461560 1147
1461570 1147
1461580 1140
1461590 1133
1461600 1133
1461610 1127
1461620 1120
1461630 1120
1461640 1115
1461650 1113
1461660 1113
1461670 1110
1461680 1106
1461690 1106
1461700 1102
1461710 1099
1461720 1098
1461730 1098
1461740 1097
1461750 1096
1461760 1096
1461770 1094
1461780 1093
1461790 1093
1461800 1091
1461810 1088
1461820 1088
1461830 1083
1461840 1083
1461850 1083
1461860 1083
1461870 1083
1461880 1083
1461890 1083
1461900 1083
1461910 1083
1461920 1083
1461930 1085
1461940 1085
1461950 1086
1461960 1088
1461970 1091
1461980 1091
1461990 1094
1462000 1103
1462010 1103
1462020 1109
1462030 1112
1462040 1112
1462050 1116
1462060 1117
1462070 1117
1462080 1117
1462090 1117
1462100 1117
1462110 1118
1462120 1119
1462130 1119
1462140 1120
1462150 1120
1462160 1120
1462170 1118
1462180 1116
1462190 1114
1462200 1114
1462210 1109
1462220 1105
1462230 1105
1462240 1100
1462250 1097
1462260 1097
1462270 1096
1462280 1094
1462290 1094
1462300 1085
1462310 1076
1462320 1076
1462330 1074
1462340 1074
1462350 1074
1462360 1070
1462370 1064
1462380 1064
1462390 1061
1462400 1068
1462410 1076
1462420 1076
1462430 1083
1462440 1090
1462450 1090
1462460 1097
1462470 1103
1462480 1103
1462490 1109
1462500 1114
1462510 1114
1462520 1120
1462530 1128
1462540 1128
1462550 1135
1462560 1142
1462570 1142
1462580 1147
1462590 1152
1462600 1152
1462610 1158
1462620 1165
1462630 1168
1462640 1168
1462650 1171
1462660 1175
1462670 1175
1462680 1177
1462690 1179
1462700 1179
1462710 1180
1462720 1182
1462730 1182
1462740 1186
1462750 1191
1462760 1191
1462770 1197
1462780 1202
1462790 1202
1462800 1206
1462810 1212
1462820 1212
1462830 1217
1462840 1221
1462850 1226
1462860 1226
1462870 1229
1462880 1232
1462890 1232
1462900 1234
1462910 1237
1462920 1237
1462930 1240
1462940 1245
1462950 1245
1462960 1251
1462970 1256
1462980 1256
1462990 1258
1463000 1258
1463010 1258
1463020 1258
1463030 1259
1463040 1259
1463050 1261
1463060 1263
1463070 1264
1463080 1264
1463090 1265
1463100 1266
1463110 1266
1463120 1267
1463130 1269
1463140 1269
1463150 1271
1463160 1274
1463170 1274
1463180 1278
1463190 1281
1463200 1281
1463210 1283
1463220 1284
1463230 1284
1463240 1285
1463250 1285
1463260 1285
1463270 1286
1463280 1286
1463290 1287
1463300 1287
1463310 1293
1463320 1296
1463330 1296
1463340 1301
1463350 1305
1463360 1305
1463370 1310
1463380 1315
1463390 1315
1463400 1318
1463410 1321
1463420 1321
1463430 1323
1463440 1326
1463450 1326
1463460 1329
1463470 1333
1463480 1333
1463490 1337
1463500 1342
1463510 1347
1463520 1347
1463530 1352
1463540 1356
1463550 1356
1463560 1359
1463570 1363
1463580 1363
1463590 1366
1463600 1370
1463610 1370
1463620 1373
1463630 1378
1463640 1378
1463650 1382
1463660 1388
1463670 1388
1463680 1395
1463690 1401
1463700 1401
1463710 1404
1463720 1409
1463730 1414
1463740 1414
1463750 1420
1463760 1427
1463770 1427
1463780 1434
1463790 1438
1463800 1438
1463810 1442
1463820 1448
1463830 1448
1463840 1453
1463850 1456
1463860 1456
1463870 1460
1463880 1465
1463890 1465
1463900 1469
1463910 1472
1463920 1472
1463930 1475
1463940 1477
1463950 1477
1463960 1480
1463970 1482
1463980 1486
1463990 1486
1464000 1490
1464010 1492
1464020 1492
1464030 1495
1464040 1498
1464050 1498
1464060 1501
1464070 1506
1464080 1506
1464090 1512
1464100 1516
1464110 1516
1464120 1522
1464130 1524
1464140 1524
1464150 1526
1464160 1529
1464170 1529
1464180 1534
1464190 1538
1464200 1543
1464210 1543
1464220 1548
1464230 1552
1464240 1552
1464250 1558
1464260 1563
1464270 1563
1464280 1568
1464290 1573
1464300 1573
1464310 1578
1464320 1584
1464330 1584
1464340 1588
1464350 1591
1464360 1591
1464370 1594
1464380 1598
1464390 1598
1464400 1602
1464410 1607
1464420 1613
1464430 1613
1464440 1618
1464450 1624
1464460 1624
1464470 1633
1464480 1641
1464490 1641
1464500 1646
1464510 1650
1464520 1650
1464530 1653
1464540 1656
1464550 1656
1464560 1658
1464570 1659
1464580 1659
1464590 1663
1464600 1667
1464610 1667
1464620 1672
1464630 1677
1464640 1683
1464650 1683
1464660 1689
1464670 1692
1464680 1692
1464690 1694
1464700 1696
1464710 1696
1464720 1697
1464730 1700
1464740 1700
1464750 1702
1464760 1704
1464770 1704
1464780 1708
1464790 1714
1464800 1714
1464810 1718
1464820 1721
1464830 1721
1464840 1723
1464850 1725
1464860 1728
1464870 1728
1464880 1730
1464890 1732
1464900 1732
1464910 1734
1464920 1737
1464930 1737
1464940 1738
1464950 1739
1464960 1739
1464970 1745
1464980 1749
1464990 1749
1465000 1753
1465010 1756
1465020 1756
1465030 1759
1465040 1762
1465050 1762
1465060 1764
1465070 1767
1465080 1770
1465090 1770
1465100 1771
1465110 1772
1465120 1772
1465130 1774
1465140 1774
1465150 1774
1465160 1773
1465170 1772
1465180 1772
1465190 1775
1465200 1780
1465210 1780
1465220 1780
1465230 1778
1465240 1778
1465250 1779
1465260 1778
1465270 1778
1465280 1774
1465290 1771
1465300 1771
1465310 1771
1465320 1771
1465330 1771
1465340 1771
1465350 1773
1465360 1774
1465370 1774
1465380 1773
1465390 1774
1465400 1774
1465410 1773
1465420 1773
1465430 1773
1465440 1775
1465450 1777
1465460 1777
1465470 1778
1465480 1779
1465490 1779
1465500 1780
1465510 1782
1465520 1781
1465530 1781
1465540 1786
1465550 1790
1465560 1790
1465570 1793
1465580 1794
1465590 1794
1465600 1794
1465610 1795
1465620 1795
1465630 1796
1465640 1797
1465650 1797
1465660 1797
1465670 1797
1465680 1797
1465690 1798
1465700 1797
1465710 1797
1465720 1797
1465730 1797
1465740 1797
1465750 1796
1465760 1793
1465770 1792
1465780 1792
1465790 1791
1465800 1790
1465810 1790
1465820 1788
1465830 1785
1465840 1785
1465850 1782
1465860 1778
1465870 1778
1465880 1776
1465890 1774
1465900 1774
1465910 1771
1465920 1769
1465930 1769
1465940 1768
1465950 1767
1465960 1767
1465970 1765
1465980 1763
1465990 1762
1466000 1762
1466010 1760
1466020 1758
1466030 1758
1466040 1758
1466050 1758
1466060 1758
1466070 1757
1466080 1756
1466090 1756
1466100 1754
1466110 1751
1466120 1751
1466130 1748
1466140 1745
1466150 1745
1466160 1744
1466170 1743
1466180 1743
1466190 1742
1466200 1743
1466210 1744
1466220 1744
1466230 1745
1466240 1747
1466250 1747
1466260 1750
1466270 1754
1466280 1754
1466290 1758
1466300 1761
1466310 1761
1466320 1763
1466330 1764
1466340 1764
1466350 1767
1466360 1770
1466370 1770
1466380 1775
1466390 1781
1466400 1781
1466410 1786
1466420 1793
1466430 1801
1466440 1801
1466450 1808
1466460 1816
1466470 1816
1466480 1828
1466490 1839
1466500 1839
1466510 1848
1466520 1857
1466530 1857
1466540 1865
1466550 1873
1466560 1873
1466570 1880
1466580 1889
1466590 1889
1466600 1897
1466610 1903
1466620 1903
1466630 1906
1466640 1910
1466650 1914
1466660 1914
1466670 1917
1466680 1920
1466690 1920
1466700 1923
1466710 1924
1466720 1924
1466730 1926
1466740 1926
1466750 1926
1466760 1927
1466770 1927
1466780 1927
1466790 1927
1466800 1926
1466810 1926
1466820 1924
1466830 1922
1466840 1922
1466850 1919
1466860 1915
1466870 1912
1466880 1912
1466890 1908
1466900 1903
1466910 1903
1466920 1899
1466930 1892
1466940 1892
1466950 1885
1466960 1876
1466970 1876
1466980 1867
1466990 1857
1467000 1857
1467010 1843
1467020 1825
1467030 1825
1467040 1814
1467050 1803
1467060 1803
1467070 1794
1467080 1785
1467090 1777
1467100 1777
1467110 1773
1467120 1771
1467130 1771
1467140 1765
1467150 1757
1467160 1757
1467170 1751
1467180 1747
1467190 1747
1467200 1743
1467210 1742
1467220 1742
1467230 1738
1467240 1732
1467250 1732
1467260 1725
1467270 1715
1467280 1715
1467290 1706
1467300 1700
1467310 1693
1467320 1693
1467330 1687
1467340 1681
1467350 1681
1467360 1673
1467370 1659
1467380 1659
1467390 1649
1467400 1646
1467410 1646
1467420 1644
1467430 1637
1467440 1637
1467450 1630
1467460 1622
1467470 1622
1467480 1615
1467490 1616
1467500 1616
1467510 1617
1467520 1614
1467530 1610
1467540 1610
1467550 1605
1467560 1600
1467570 1600
1467580 1594
1467590 1588
1467600 1588
1467610 1581
1467620 1575
1467630 1575
1467640 1569
1467650 1565
1467660 1565
1467670 1562
1467680 1558
1467690 1558
1467700 1551
1467710 1547
1467720 1547
1467730 1541
1467740 1538
1467750 1538
1467760 1537
1467770 1535
1467780 1528
1467790 1528
1467800 1519
1467810 1513
1467820 1513
1467830 1505
1467840 1496
1467850 1496
1467860 1484
1467870 1477
1467880 1477
1467890 1470
1467900 1458
1467910 1458
1467920 1446
1467930 1442
1467940 1442
1467950 1436
1467960 1430
1467970 1430
1467980 1424
1467990 1417
1468000 1412
1468010 1412
1468020 1409
1468030 1397
1468040 1397
1468050 1388
1468060 1388
1468070 1388
1468080 1390
1468090 1384
1468100 1384
1468110 1377
1468120 1369
1468130 1369
1468140 1366
1468150 1353
1468160 1353
1468170 1347
1468180 1341
1468190 1341
1468200 1333
1468210 1324
1468220 1316
1468230 1316
1468240 1308
1468250 1300
1468260 1300
1468270 1295
1468280 1288
1468290 1288
1468300 1280
1468310 1272
1468320 1272
1468330 1265
1468340 1261
1468350 1261
1468360 1256
1468370 1249
1468380 1249
1468390 1241
1468400 1233
1468410 1233
1468420 1228
1468430 1222
1468440 1212
1468450 1212
1468460 1206
1468470 1206
1468480 1206
1468490 1206
1468500 1199
1468510 1199
1468520 1191
1468530 1193
1468540 1193
1468550 1198
1468560 1196
1468570 1196
1468580 1192
1468590 1189
1468600 1189
1468610 1185
1468620 1177
1468630 1177
1468640 1174
1468650 1171
1468660 1166
1468670 1166
1468680 1162
1468690 1159
1468700 1159
1468710 1155
1468720 1151
1468730 1151
1468740 1149
1468750 1147
1468760 1147
1468770 1147
1468780 1145
1468790 1145
1468800 1143
1468810 1142
1468820 1142
1468830 1140
1468840 1138
1468850 1138
1468860 1137
1468870 1137
1468880 1137
1468890 1137
1468900 1138
1468910 1139
1468920 1139
1468930 1140
1468940 1141
1468950 1141
1468960 1142
1468970 1143
1468980 1143
1468990 1143
1469000 1142
1469010 1142
1469020 1141
1469030 1140
1469040 1140
1469050 1141
1469060 1141
1469070 1141
1469080 1142
1469090 1142
1469100 1143
1469110 1143
1469120 1144
1469130 1144
1469140 1144
1469150 1144
1469160 1145
1469170 1145
1469180 1146
1469190 1146
1469200 1146
1469210 1147
1469220 1147
1469230 1147
1469240 1147
1469250 1148
1469260 1148
1469270 1148
1469280 1149
1469290 1149
1469300 1150
1469310 1150
1469320 1150
1469330 1150
1469340 1150
1469350 1151
1469360 1151
1469370 1152
1469380 1153
1469390 1153
1469400 1156
1469410 1159
1469420 1159
1469430 1162
1469440 1165
1469450 1165
1469460 1167
1469470 1170
1469480 1170
1469490 1172
1469500 1176
1469510 1176
1469520 1179
1469530 1183
1469540 1188
1469550 1188
1469560 1193
1469570 1198
1469580 1198
1469590 1201
1469600 1206
1469610 1206
1469620 1208
1469630 1212
1469640 1212
1469650 1216
1469660 1221
1469670 1221
1469680 1226
1469690 1231
1469700 1231
1469710 1236
1469720 1240
1469730 1240
1469740 1242
1469750 1245
1469760 1245
1469770 1249
1469780 1253
1469790 1258
1469800 1258
1469810 1262
1469820 1267
1469830 1267
1469840 1274
1469850 1281
1469860 1281
1469870 1287
1469880 1292
1469890 1292
1469900 1297
1469910 1302
1469920 1302
1469930 1306
1469940 1311
1469950 1311
1469960 1315
1469970 1319
1469980 1319
1469990 1323
1470000 1323
1470010 1322
1470020 1322
1470030 1324
1470040 1323
1470050 1323
1470060 1321
1470070 1324
1470080 1324
1470090 1329
1470100 1348
1470110 1348
1470120 1376
1470130 1386
1470140 1386
1470150 1391
1470160 1383
1470170 1383
1470180 1370
1470190 1371
1470200 1371
1470210 1391
1470220 1402
1470230 1414
1470240 1414
1470250 1422
1470260 1435
1470270 1435
1470280 1445
1470290 1451
1470300 1451
1470310 1447
1470320 1449
1470330 1449
1470340 1433
1470350 1420
1470360 1420
1470370 1414
1470380 1412
1470390 1412
1470400 1413
1470410 1418
1470420 1418
1470430 1424
1470440 1431
1470450 1446
1470460 1446
1470470 1461
1470480 1473
1470490 1473
1470500 1499
1470510 1520
1470520 1520
1470530 1536
1470540 1541
1470550 1541
1470560 1545
1470570 1550
1470580 1550
1470590 1554
1470600 1559
1470610 1559
1470620 1567
1470630 1573
1470640 1573
1470650 1583
1470660 1599
1470670 1606
1470680 1606
1470690 1612
1470700 1619
1470710 1619
1470720 1624
1470730 1629
1470740 1629
1470750 1634
1470760 1640
1470770 1640
1470780 1645
1470790 1648
1470800 1648
1470810 1651
1470820 1650
1470830 1650
1470840 1634
1470850 1629
1470860 1629
1470870 1639
1470880 1651
1470890 1659
1470900 1659
1470910 1664
1470920 1669
1470930 1669
1470940 1674
1470950 1680
1470960 1680
1470970 1686
1470980 1693
1470990 1693
1471000 1701
1471010 1708
1471020 1708
1471030 1713
1471040 1716
1471050 1716
1471060 1721
1471070 1730
1471080 1730
1471090 1737
1471100 1743
1471110 1749
1471120 1749
1471130 1754
1471140 1758
1471150 1758
1471160 1763
1471170 1768
1471180 1768
1471190 1773
1471200 1780
1471210 1780
1471220 1790
1471230 1794
1471240 1794
1471250 1793
1471260 1786
1471270 1786
1471280 1760
1471290 1734
1471300 1734
1471310 1715
1471320 1705
1471330 1723
1471340 1723
1471350 1747
1471360 1764
1471370 1764
1471380 1773
1471390 1782
1471400 1782
1471410 1785
1471420 1780
1471430 1780
1471440 1770
1471450 1761
1471460 1761
1471470 1751
1471480 1741
1471490 1741
1471500 1746
1471510 1760
1471520 1760
1471530 1767
1471540 1780
1471550 1776
1471560 1776
1471570 1764
1471580 1763
1471590 1763
1471600 1771
1471610 1789
1471620 1789
1471630 1802
1471640 1817
1471650 1817
1471660 1832
1471670 1846
1471680 1846
1471690 1857
1471700 1869
1471710 1869
1471720 1882
1471730 1896
1471740 1896
1471750 1904
1471760 1910
1471770 1910
1471780 1917
1471790 1929
1471800 1933
1471810 1933
1471820 1936
1471830 1939
1471840 1939
1471850 1941
1471860 1939
1471870 1939
1471880 1939
1471890 1942
1471900 1942
1471910 1947
1471920 1953
1471930 1953
1471940 1958
1471950 1959
1471960 1959
1471970 1960
1471980 1961
1471990 1961
1472000 1963
1472010 1963
1472020 1961
1472030 1961
1472040 1956
1472050 1959
1472060 1959
1472070 1964
1472080 1972
1472090 1972
1472100 1977
1472110 1979
1472120 1979
1472130 1978
1472140 1977
1472150 1977
1472160 1978
1472170 1979
1472180 1979
1472190 1982
1472200 1988
1472210 1988
1472220 1993
1472230 1996
1472240 2000
1472250 2000
1472260 2000
1472270 2000
1472280 2000
1472290 2001
1472300 2003
1472310 2003
1472320 2007
1472330 2010
1472340 2010
1472350 2011
1472360 2012
1472370 2012
1472380 2016
1472390 2020
1472400 2020
1472410 2028
1472420 2034
1472430 2034
1472440 2038
1472450 2041
1472460 2043
1472470 2043
1472480 2043
1472490 2041
1472500 2041
1472510 2039
1472520 2045
1472530 2045
1472540 2050
1472550 2053
1472560 2053
1472570 2059
1472580 2063
1472590 2063
1472600 2068
1472610 2073
1472620 2073
1472630 2078
1472640 2081
1472650 2081
1472660 2087
1472670 2089
1472680 2091
1472690 2091
1472700 2094
1472710 2093
1472720 2093
1472730 2095
1472740 2099
1472750 2099
1472760 2101
1472770 2101
1472780 2101
1472790 2098
1472800 2096
1472810 2096
1472820 2094
1472830 2098
1472840 2098
1472850 2103
1472860 2106
1472870 2106
1472880 2110
1472890 2113
1472900 2113
1472910 2113
1472920 2112
1472930 2111
1472940 2111
1472950 2110
1472960 2113
1472970 2113
1472980 2116
1472990 2121
1473000 2121
1473010 2128
1473020 2131
1473030 2131
1473040 2136
1473050 2141
1473060 2141
1473070 2146
1473080 2151
1473090 2151
1473100 2152
1473110 2150
1473120 2149
1473130 2149
1473140 2149
1473150 2146
1473160 2146
1473170 2146
1473180 2149
1473190 2149
1473200 2153
1473210 2155
1473220 2155
1473230 2158
1473240 2163
1473250 2163
1473260 2166
1473270 2171
1473280 2171
1473290 2174
1473300 2176
1473310 2176
1473320 2178
1473330 2184
1473340 2188
1473350 2188
1473360 2193
1473370 2196
1473380 2196
1473390 2200
1473400 2205
1473410 2205
1473420 2210
1473430 2215
1473440 2215
1473450 2222
1473460 2229
1473470 2229
1473480 2231
1473490 2232
1473500 2232
1473510 2235
1473520 2238
1473530 2238
1473540 2238
1473550 2238
1473560 2238
1473570 2238
1473580 2239
1473590 2241
1473600 2241
1473610 2243
1473620 2247
1473630 2247
1473640 2249
1473650 2252
1473660 2252
1473670 2256
1473680 2261
1473690 2261
1473700 2265
1473710 2266
1473720 2266
1473730 2263
1473740 2263
1473750 2263
1473760 2267
1473770 2270
1473780 2270
1473790 2265
1473800 2254
1473810 2239
1473820 2239
1473830 2225
1473840 2209
1473850 2209
1473860 2187
1473870 2173
1473880 2173
1473890 2157
1473900 2150
1473910 2150
1473920 2147
1473930 2147
1473940 2147
1473950 2140
1473960 2137
1473970 2137
1473980 2136
1473990 2133
1474000 2133
1474010 2130
1474020 2128
1474030 2125
1474040 2125
1474050 2121
1474060 2117
1474070 2117
1474080 2113
1474090 2109
1474100 2109
1474110 2106
1474120 2104
1474130 2104
1474140 2102
1474150 2102
1474160 2102
1474170 2101
1474180 2101
1474190 2101
1474200 2101
1474210 2101
1474220 2101
1474230 2101
1474240 2100
1474250 2098
1474260 2098
1474270 2095
1474280 2091
1474290 2091
1474300 2091
1474310 2092
1474320 2092
1474330 2093
1474340 2093
1474350 2093
1474360 2093
1474370 2094
1474380 2094
1474390 2094
1474400 2095
1474410 2095
1474420 2095
1474430 2094
1474440 2094
1474450 2093
1474460 2093
1474470 2093
1474480 2093
1474490 2093
1474500 2094
1474510 2094
1474520 2095
1474530 2096
1474540 2096
1474550 2096
1474560 2097
1474570 2097
1474580 2097
1474590 2097
1474600 2097
1474610 2096
1474620 2096
1474630 2096
1474640 2096
1474650 2097
1474660 2097
1474670 2099
1474680 2100
1474690 2103
1474700 2103
1474710 2106
1474720 2107
1474730 2107
1474740 2108
1474750 2111
1474760 2111
1474770 2116
1474780 2122
1474790 2122
1474800 2129
1474810 2139
1474820 2139
1474830 2145
1474840 2144
1474850 2144
1474860 2141
1474870 2130
1474880 2130
1474890 2123
1474900 2121
1474910 2120
1474920 2120
1474930 2122
1474940 2123
1474950 2123
1474960 2124
1474970 2124
1474980 2124
1474990 2124
1475000 2124
1475010 2124
1475020 2125
1475030 2126
1475040 2126
1475050 2127
1475060 2127
1475070 2127
1475080 2128
1475090 2129
1475100 2129
1475110 2129
1475120 2130
1475130 2131
1475140 2131
1475150 2131
1475160 2132
1475170 2132
1475180 2133
1475190 2135
1475200 2135
1475210 2137
1475220 2139
1475230 2139
1475240 2140
1475250 2141
1475260 2141
1475270 2142
1475280 2144
1475290 2144
1475300 2146
1475310 2147
1475320 2147
1475330 2149
1475340 2152
1475350 2154
1475360 2154
1475370 2155
1475380 2154
1475390 2154
1475400 2156
1475410 2158
1475420 2158
1475430 2160
1475440 2163
1475450 2163
1475460 2167
1475470 2171
1475480 2171
1475490 2176
1475500 2180
1475510 2180
1475520 2185
1475530 2191
1475540 2191
1475550 2195
1475560 2199
1475570 2199
1475580 2203
1475590 2206
1475600 2209
1475610 2209
1475620 2212
1475630 2214
1475640 2214
1475650 2215
1475660 2216
1475670 2216
1475680 2216
1475690 2216
1475700 2216
1475710 2217
1475720 2217
1475730 2217
1475740 2219
1475750 2221
1475760 2221
1475770 2224
1475780 2226
1475790 2226
1475800 2229
1475810 2231
1475820 2233
1475830 2233
1475840 2235
1475850 2236
1475860 2236
1475870 2237
1475880 2238
1475890 2238
1475900 2240
1475910 2241
1475920 2241
1475930 2241
1475940 2242
1475950 2242
1475960 2242
1475970 2241
1475980 2241
1475990 2241
1476000 2241
1476010 2241
1476020 2241
1476030 2241
1476040 2241
1476050 2241
1476060 2241
1476070 2241
1476080 2241
1476090 2243
1476100 2245
1476110 2245
1476120 2246
1476130 2247
1476140 2247
1476150 2250
1476160 2253
1476170 2253
1476180 2256
1476190 2259
1476200 2259
1476210 2262
1476220 2265
1476230 2265
1476240 2268
1476250 2271
1476260 2273
1476270 2273
1476280 2276
1476290 2279
1476300 2279
1476310 2281
1476320 2283
1476330 2283
1476340 2284
1476350 2286
1476360 2286
1476370 2288
1476380 2290
1476390 2290
1476400 2291
1476410 2293
1476420 2293
1476430 2295
1476440 2298
1476450 2298
1476460 2300
1476470 2303
1476480 2305
1476490 2305
1476500 2309
1476510 2311
1476520 2311
1476530 2314
1476540 2317
1476550 2317
1476560 2322
1476570 2327
1476580 2327
1476590 2333
1476600 2341
1476610 2341
1476620 2347
1476630 2353
1476640 2353
1476650 2359
1476660 2365
1476670 2365
1476680 2371
1476690 2377
1476700 2383
1476710 2383
1476720 2390
1476730 2397
1476740 2397
1476750 2404
1476760 2411
1476770 2411
1476780 2418
1476790 2424
1476800 2424
1476810 2431
1476820 2439
1476830 2439
1476840 2446
1476850 2454
1476860 2454
1476870 2462
1476880 2469
1476890 2469
1476900 2477
1476910 2465
1476920 2443
1476930 2443
1476940 2423
1476950 2402
1476960 2402
1476970 2395
1476980 2388
1476990 2388
1477000 2381
1477010 2374
1477020 2374
1477030 2368
1477040 2362
1477050 2362
1477060 2358
1477070 2355
1477080 2355
1477090 2351
1477100 2350
1477110 2350
1477120 2351
1477130 2354
1477140 2352
1477150 2352
1477160 2350
1477170 2348
1477180 2348
1477190 2345
1477200 2343
1477210 2343
1477220 2341
1477230 2338
1477240 2338
1477250 2336
1477260 2334
1477270 2334
1477280 2333
1477290 2331
1477300 2331
1477310 2327
1477320 2325
1477330 2325
1477340 2320
1477350 2319
1477360 2317
1477370 2317
1477380 2315
1477390 2316
1477400 2316
1477410 2314
1477420 2314
1477430 2314
1477440 2314
1477450 2313
1477460 2313
1477470 2310
1477480 2305
1477490 2305
1477500 2300
1477510 2296
1477520 2296
1477530 2292
1477540 2291
1477550 2291
1477560 2286
1477570 2279
1477580 2279
1477590 2275
1477600 2273
1477610 2270
1477620 2270
1477630 2266
1477640 2263
1477650 2263
1477660 2259
1477670 2255
1477680 2255
1477690 2252
1477700 2250
1477710 2250
1477720 2244
1477730 2241
1477740 2241
1477750 2239
1477760 2235
1477770 2235
1477780 2232
1477790 2229
1477800 2229
1477810 2227
1477820 2223
1477830 2220
1477840 2220
1477850 2214
1477860 2207
1477870 2207
1477880 2200
1477890 2197
1477900 2197
1477910 2195
1477920 2190
1477930 2190
1477940 2187
1477950 2186
1477960 2186
1477970 2183
1477980 2179
1477990 2179
1478000 2173
1478010 2169
1478020 2169
1478030 2166
1478040 2163
1478050 2159
1478060 2159
1478070 2154
1478080 2151
1478090 2151
1478100 2150
1478110 2145
1478120 2145
1478130 2138
1478140 2134
1478150 2134
1478160 2131
1478170 2129
1478180 2129
1478190 2125
1478200 2121
1478210 2121
1478220 2116
1478230 2109
1478240 2109
1478250 2105
1478260 2101
1478270 2096
1478280 2096
1478290 2096
1478300 2097
1478310 2097
1478320 2097
1478330 2096
1478340 2096
1478350 2094
1478360 2091
1478370 2091
1478380 2089
1478390 2085
1478400 2085
1478410 2082
1478420 2081
1478430 2081
1478440 2080
1478450 2081
1478460 2081
1478470 2082
1478480 2080
1478490 2078
1478500 2078
1478510 2076
1478520 2071
1478530 2071
1478540 2065
1478550 2057
1478560 2057
1478570 2051
1478580 2046
1478590 2046
1478600 2040
1478610 2036
1478620 2036
1478630 2033
1478640 2028
1478650 2028
1478660 2022
1478670 2016
1478680 2016
1478690 2013
1478700 2012
1478710 2011
1478720 2011
1478730 2009
1478740 2007
1478750 2007
1478760 2005
1478770 2005
1478780 2005
1478790 2001
1478800 1994
1478810 1994
1478820 1989
1478830 1985
1478840 1985
1478850 1983
1478860 1981
1478870 1981
1478880 1979
1478890 1977
1478900 1977
1478910 1974
1478920 1971
1478930 1964
1478940 1964
1478950 1958
1478960 1956
1478970 1956
1478980 1954
1478990 1952
1479000 1952
1479010 1947
1479020 1952
1479030 1952
1479040 1957
1479050 1960
1479060 1960
1479070 1965
1479080 1966
1479090 1966
1479100 1967
1479110 1967
1479120 1967
1479130 1970
1479140 1973
1479150 1974
1479160 1974
1479170 1973
1479180 1972
1479190 1972
1479200 1970
1479210 1970
1479220 1970
1479230 1972
1479240 1978
1479250 1978
1479260 1984
1479270 1989
1479280 1989
1479290 1992
1479300 1994
1479310 1994
1479320 1996
1479330 1998
1479340 1998
1479350 2002
1479360 2010
1479370 2012
1479380 2012
1479390 2014
1479400 2020
1479410 2020
1479420 2024
1479430 2023
1479440 2023
1479450 2023
1479460 2026
1479470 2026
1479480 2030
1479490 2033
1479500 2033
1479510 2037
1479520 2039
1479530 2039
1479540 2039
1479550 2042
1479560 2042
1479570 2046
1479580 2049
1479590 2049
1479600 2051
1479610 2054
1479620 2057
1479630 2057
1479640 2061
1479650 2065
1479660 2065
1479670 2066
1479680 2068
1479690 2068
1479700 2071
1479710 2072
1479720 2072
1479730 2073
1479740 2076
1479750 2076
1479760 2078
1479770 2081
1479780 2081
1479790 2083
1479800 2087
1479810 2087
1479820 2090
1479830 2093
1479840 2095
1479850 2095
1479860 2097
1479870 2097
1479880 2097
1479890 2098
1479900 2100
1479910 2100
1479920 2102
1479930 2105
1479940 2105
1479950 2107
1479960 2109
1479970 2109
1479980 2111
1479990 2113
