1460000 1387
1460010 1387
1460020 1384
1460030 1383
1460040 1381
1460050 1381
1460060 1381
1460070 1379
1460080 1379
1460090 1374
1460100 1371
1460110 1371
1460120 1372
1460130 1373
1460140 1373
1460150 1371
1460160 1370
1460170 1370
1460180 1370
1460190 1367
1460200 1367
1460210 1366
1460220 1363
1460230 1363
1460240 1359
1460250 1356
1460260 1354
1460270 1354
1460280 1353
1460290 1350
1460300 1350
1460310 1348
1460320 1347
1460330 1347
1460340 1346
1460350 1342
1460360 1342
1460370 1337
1460380 1330
1460390 1330
1460400 1323
1460410 1315
1460420 1315
1460430 1308
1460440 1302
1460450 1302
1460460 1299
1460470 1299
1460480 1298
1460490 1298
1460500 1293
1460510 1290
1460520 1290
1460530 1288
1460540 1284
1460550 1284
1460560 1279
1460570 1275
1460580 1275
1460590 1270
1460600 1264
1460610 1264
1460620 1257
1460630 1249
1460640 1249
1460650 1242
1460660 1238
1460670 1238
1460680 1235
1460690 1234
1460700 1233
1460710 1233
1460720 1231
1460730 1227
1460740 1227
1460750 1222
1460760 1217
1460770 1217
1460780 1211
1460790 1207
1460800 1207
1460810 1204
1460820 1201
1460830 1201
1460840 1197
1460850 1192
1460860 1192
1460870 1186
1460880 1178
1460890 1178
1460900 1174
1460910 1170
1460920 1165
1460930 1165
1460940 1161
1460950 1158
1460960 1158
1460970 1156
1460980 1154
1460990 1154
1461000 1151
1461010 1147
1461020 1147
1461030 1142
1461040 1138
1461050 1138
1461060 1134
1461070 1130
1461080 1130
1461090 1127
1461100 1123
1461110 1123
1461120 1118
1461130 1113
1461140 1113
1461150 1108
1461160 1104
1461170 1101
1461180 1101
1461190 1097
1461200 1094
1461210 1094
1461220 1093
1461230 1093
1461240 1093
1461250 1090
1461260 1083
1461270 1083
1461280 1076
1461290 1068
1461300 1068
1461310 1062
1461320 1056
1461330 1056
1461340 1049
1461350 1041
1461360 1041
1461370 1036
1461380 1033
1461390 1027
1461400 1027
1461410 1021
1461420 1016
1461430 1016
1461440 1010
1461450 1005
1461460 1005
1461470 999
1461480 994
1461490 994
1461500 989
1461510 984
1461520 984
1461530 978
1461540 972
1461550 972
1461560 966
1461570 960
1461580 960
1461590 954
1461600 950
1461610 944
1461620 944
1461630 939
1461640 935
1461650 935
1461660 928
1461670 922
1461680 922
1461690 918
1461700 913
1461710 913
1461720 907
1461730 900
1461740 900
1461750 893
1461760 887
1461770 887
1461780 881
1461790 875
1461800 875
1461810 868
1461820 864
1461830 860
1461840 860
1461850 857
1461860 857
1461870 857
1461880 856
1461890 856
1461900 856
1461910 856
1461920 856
1461930 856
1461940 856
1461950 856
1461960 856
1461970 857
1461980 857
1461990 857
1462000 857
1462010 857
1462020 857
1462030 857
1462040 857
1462050 857
1462060 857
1462070 857
1462080 857
1462090 857
1462100 857
1462110 857
1462120 857
1462130 857
1462140 857
1462150 857
1462160 857
1462170 857
1462180 857
1462190 857
1462200 857
1462210 857
1462220 857
1462230 857
1462240 857
1462250 858
1462260 858
1462270 858
1462280 858
1462290 858
1462300 858
1462310 858
1462320 859
1462330 859
1462340 859
1462350 859
1462360 859
1462370 859
1462380 859
1462390 859
1462400 859
1462410 860
1462420 858
1462430 858
1462440 857
1462450 860
1462460 860
1462470 860
1462480 862
1462490 862
1462500 862
1462510 862
1462520 863
1462530 863
1462540 862
1462550 862
1462560 862
1462570 862
1462580 862
1462590 862
1462600 862
1462610 862
1462620 862
1462630 862
1462640 863
1462650 863
1462660 865
1462670 869
1462680 869
1462690 870
1462700 870
1462710 870
1462720 870
1462730 870
1462740 870
1462750 870
1462760 869
1462770 869
1462780 869
1462790 869
1462800 869
1462810 869
1462820 870
1462830 870
1462840 870
1462850 870
1462860 870
1462870 870
1462880 870
1462890 871
1462900 871
1462910 873
1462920 877
1462930 877
1462940 881
1462950 885
1462960 885
1462970 889
1462980 893
1462990 896
1463000 896
1463010 899
1463020 902
1463030 902
1463040 906
1463050 910
1463060 910
1463070 912
1463080 916
1463090 916
1463100 919
1463110 922
1463120 922
1463130 926
1463140 930
1463150 930
1463160 934
1463170 938
1463180 938
1463190 942
1463200 945
1463210 948
1463220 948
1463230 951
1463240 953
1463250 953
1463260 957
1463270 961
1463280 961
1463290 965
1463300 969
1463310 969
1463320 973
1463330 978
1463340 978
1463350 982
1463360 988
1463370 988
1463380 992
1463390 995
1463400 995
1463410 998
1463420 1002
1463430 1006
1463440 1006
1463450 1011
1463460 1016
1463470 1016
1463480 1023
1463490 1031
1463500 1031
1463510 1037
1463520 1044
1463530 1044
1463540 1051
1463550 1057
1463560 1057
1463570 1063
1463580 1068
1463590 1068
1463600 1075
1463610 1082
1463620 1082
1463630 1087
1463640 1093
1463650 1097
1463660 1097
1463670 1102
1463680 1106
1463690 1106
1463700 1111
1463710 1114
1463720 1114
1463730 1117
1463740 1120
1463750 1120
1463760 1122
1463770 1124
1463780 1124
1463790 1126
1463800 1128
1463810 1128
1463820 1129
1463830 1132
1463840 1132
1463850 1135
1463860 1136
1463870 1138
1463880 1138
1463890 1138
1463900 1136
1463910 1136
1463920 1138
1463930 1139
1463940 1139
1463950 1139
1463960 1139
1463970 1139
1463980 1138
1463990 1136
1464000 1136
1464010 1133
1464020 1130
1464030 1130
1464040 1125
1464050 1122
1464060 1122
1464070 1127
1464080 1127
1464090 1127
1464100 1127
1464110 1126
1464120 1126
1464130 1126
1464140 1124
1464150 1122
1464160 1122
1464170 1123
1464180 1127
1464190 1127
1464200 1130
1464210 1130
1464220 1130
1464230 1128
1464240 1127
1464250 1127
1464260 1127
1464270 1126
1464280 1126
1464290 1126
1464300 1128
1464310 1128
1464320 1129
1464330 1129
1464340 1126
1464350 1126
1464360 1126
1464370 1125
1464380 1125
1464390 1126
1464400 1123
1464410 1123
1464420 1119
1464430 1119
1464440 1119
1464450 1118
1464460 1116
1464470 1116
1464480 1118
1464490 1116
1464500 1116
1464510 1113
1464520 1114
1464530 1114
1464540 1113
1464550 1113
1464560 1113
1464570 1113
1464580 1113
1464590 1113
1464600 1113
1464610 1113
1464620 1112
1464630 1112
1464640 1111
1464650 1111
1464660 1111
1464670 1110
1464680 1111
1464690 1111
1464700 1110
1464710 1108
1464720 1108
1464730 1105
1464740 1102
1464750 1102
1464760 1102
1464770 1101
1464780 1096
1464790 1096
1464800 1093
1464810 1093
1464820 1093
1464830 1094
1464840 1095
1464850 1095
1464860 1095
1464870 1096
1464880 1096
1464890 1096
1464900 1097
1464910 1097
1464920 1097
1464930 1092
1464940 1092
1464950 1092
1464960 1092
1464970 1092
1464980 1092
1464990 1092
1465000 1092
1465010 1093
1465020 1095
1465030 1096
1465040 1096
1465050 1097
1465060 1098
1465070 1098
1465080 1098
1465090 1099
1465100 1099
1465110 1099
1465120 1099
1465130 1099
1465140 1100
1465150 1101
1465160 1101
1465170 1102
1465180 1101
1465190 1101
1465200 1100
1465210 1100
1465220 1100
1465230 1100
1465240 1099
1465250 1100
1465260 1100
1465270 1101
1465280 1102
1465290 1102
1465300 1105
1465310 1106
1465320 1106
1465330 1108
1465340 1110
1465350 1110
1465360 1111
1465370 1113
1465380 1113
1465390 1116
1465400 1118
1465410 1118
1465420 1117
1465430 1117
1465440 1117
1465450 1116
1465460 1115
1465470 1118
1465480 1118
1465490 1120
1465500 1120
1465510 1120
1465520 1122
1465530 1127
1465540 1127
1465550 1129
1465560 1134
1465570 1134
1465580 1137
1465590 1140
1465600 1140
1465610 1149
1465620 1158
1465630 1158
1465640 1166
1465650 1174
1465660 1174
1465670 1176
1465680 1180
1465690 1177
1465700 1177
1465710 1176
1465720 1182
1465730 1182
1465740 1189
1465750 1194
1465760 1194
1465770 1188
1465780 1175
1465790 1175
1465800 1163
1465810 1161
1465820 1161
1465830 1159
1465840 1157
1465850 1157
1465860 1158
1465870 1152
1465880 1152
1465890 1155
1465900 1159
1465910 1158
1465920 1158
1465930 1158
1465940 1158
1465950 1158
1465960 1157
1465970 1156
1465980 1156
1465990 1157
1466000 1159
1466010 1159
1466020 1164
1466030 1167
1466040 1167
1466050 1166
1466060 1163
1466070 1163
1466080 1159
1466090 1154
1466100 1154
1466110 1149
1466120 1145
1466130 1145
1466140 1141
1466150 1141
1466160 1147
1466170 1147
1466180 1154
1466190 1160
1466200 1160
1466210 1167
1466220 1176
1466230 1176
1466240 1184
1466250 1187
1466260 1187
1466270 1189
1466280 1194
1466290 1194
1466300 1200
1466310 1204
1466320 1204
1466330 1202
1466340 1197
1466350 1197
1466360 1190
1466370 1182
1466380 1180
1466390 1180
1466400 1182
1466410 1187
1466420 1187
1466430 1191
1466440 1193
1466450 1193
1466460 1198
1466470 1204
1466480 1204
1466490 1206
1466500 1210
1466510 1210
1466520 1218
1466530 1224
1466540 1224
1466550 1227
1466560 1234
1466570 1234
1466580 1242
1466590 1246
1466600 1254
1466610 1254
1466620 1264
1466630 1276
1466640 1276
1466650 1284
1466660 1292
1466670 1292
1466680 1299
1466690 1307
1466700 1307
1466710 1316
1466720 1324
1466730 1324
1466740 1332
1466750 1339
1466760 1339
1466770 1348
1466780 1357
1466790 1357
1466800 1365
1466810 1373
1466820 1381
1466830 1381
1466840 1390
1466850 1399
1466860 1399
1466870 1407
1466880 1417
1466890 1417
1466900 1428
1466910 1439
1466920 1439
1466930 1451
1466940 1462
1466950 1462
1466960 1470
1466970 1479
1466980 1479
1466990 1487
1467000 1494
1467010 1494
1467020 1502
1467030 1510
1467040 1510
1467050 1518
1467060 1526
1467070 1534
1467080 1534
1467090 1541
1467100 1548
1467110 1548
1467120 1556
1467130 1565
1467140 1565
1467150 1571
1467160 1573
1467170 1573
1467180 1575
1467190 1578
1467200 1578
1467210 1583
1467220 1590
1467230 1590
1467240 1597
1467250 1605
1467260 1605
1467270 1612
1467280 1622
1467290 1630
1467300 1630
1467310 1634
1467320 1637
1467330 1637
1467340 1645
1467350 1653
1467360 1653
1467370 1670
1467380 1683
1467390 1683
1467400 1693
1467410 1706
1467420 1706
1467430 1725
1467440 1738
1467450 1738
1467460 1748
1467470 1755
1467480 1755
1467490 1763
1467500 1770
1467510 1778
1467520 1778
1467530 1786
1467540 1793
1467550 1793
1467560 1800
1467570 1807
1467580 1807
1467590 1814
1467600 1822
1467610 1822
1467620 1831
1467630 1841
1467640 1841
1467650 1850
1467660 1858
1467670 1858
1467680 1863
1467690 1870
1467700 1870
1467710 1877
1467720 1886
1467730 1896
1467740 1896
1467750 1904
1467760 1912
1467770 1912
1467780 1920
1467790 1928
1467800 1928
1467810 1936
1467820 1944
1467830 1944
1467840 1952
1467850 1960
1467860 1960
1467870 1967
1467880 1974
1467890 1974
1467900 1980
1467910 1986
1467920 1986
1467930 1992
1467940 1998
1467950 1998
1467960 2004
1467970 2009
1467980 2014
1467990 2014
1468000 2020
1468010 2025
1468020 2025
1468030 2031
1468040 2035
1468050 2035
1468060 2040
1468070 2046
1468080 2046
1468090 2052
1468100 2057
1468110 2057
1468120 2063
1468130 2068
1468140 2068
1468150 2072
1468160 2077
1468170 2077
1468180 2083
1468190 2088
1468200 2093
1468210 2093
1468220 2098
1468230 2103
1468240 2103
1468250 2109
1468260 2115
1468270 2115
1468280 2122
1468290 2128
1468300 2128
1468310 2133
1468320 2138
1468330 2138
1468340 2142
1468350 2146
1468360 2146
1468370 2151
1468380 2156
1468390 2156
1468400 2158
1468410 2154
1468420 2147
1468430 2147
1468440 2141
1468450 2138
1468460 2138
1468470 2137
1468480 2139
1468490 2139
1468500 2144
1468510 2143
1468520 2143
1468530 2136
1468540 2129
1468550 2129
1468560 2125
1468570 2120
1468580 2120
1468590 2110
1468600 2106
1468610 2106
1468620 2109
1468630 2111
1468640 2114
1468650 2114
1468660 2113
1468670 2108
1468680 2108
1468690 2101
1468700 2097
1468710 2097
1468720 2098
1468730 2098
1468740 2098
1468750 2098
1468760 2099
1468770 2099
1468780 2103
1468790 2109
1468800 2109
1468810 2112
1468820 2114
1468830 2114
1468840 2115
1468850 2115
1468860 2115
1468870 2115
1468880 2120
1468890 2123
1468900 2123
1468910 2125
1468920 2123
1468930 2123
1468940 2118
1468950 2112
1468960 2112
1468970 2109
1468980 2106
1468990 2106
1469000 2107
1469010 2106
1469020 2106
1469030 2105
1469040 2108
1469050 2108
1469060 2114
1469070 2121
1469080 2121
1469090 2126
1469100 2132
1469110 2137
1469120 2137
1469130 2136
1469140 2134
1469150 2134
1469160 2130
1469170 2128
1469180 2128
1469190 2126
1469200 2123
1469210 2123
1469220 2118
1469230 2115
1469240 2115
1469250 2114
1469260 2113
1469270 2113
1469280 2111
1469290 2108
1469300 2108
1469310 2105
1469320 2103
1469330 2103
1469340 2103
1469350 2102
1469360 2099
1469370 2099
1469380 2098
1469390 2100
1469400 2100
1469410 2099
1469420 2098
1469430 2098
1469440 2096
1469450 2095
1469460 2095
1469470 2093
1469480 2093
1469490 2093
1469500 2091
1469510 2090
1469520 2090
1469530 2089
1469540 2088
1469550 2085
1469560 2085
1469570 2082
1469580 2078
1469590 2078
1469600 2076
1469610 2074
1469620 2074
1469630 2072
1469640 2072
1469650 2072
1469660 2071
1469670 2069
1469680 2069
1469690 2068
1469700 2069
1469710 2069
1469720 2072
1469730 2074
1469740 2074
1469750 2075
1469760 2074
1469770 2074
1469780 2074
1469790 2072
1469800 2070
1469810 2070
1469820 2071
1469830 2076
1469840 2076
1469850 2081
1469860 2082
1469870 2082
1469880 2084
1469890 2086
1469900 2086
1469910 2089
1469920 2090
1469930 2090
1469940 2090
1469950 2088
1469960 2088
1469970 2085
1469980 2080
1469990 2080
1470000 2074
1470010 2071
1470020 2070
1470030 2070
1470040 2069
1470050 2068
1470060 2068
1470070 2067
1470080 2068
1470090 2068
1470100 2067
1470110 2066
1470120 2066
1470130 2066
1470140 2067
1470150 2067
1470160 2070
1470170 2073
1470180 2073
1470190 2078
1470200 2082
1470210 2082
1470220 2084
1470230 2085
1470240 2084
1470250 2084
1470260 2080
1470270 2079
1470280 2079
1470290 2079
1470300 2080
1470310 2080
1470320 2082
1470330 2083
1470340 2083
1470350 2084
1470360 2084
1470370 2084
1470380 2083
1470390 2082
1470400 2082
1470410 2082
1470420 2082
1470430 2082
1470440 2082
1470450 2082
1470460 2084
1470470 2084
1470480 2086
1470490 2088
1470500 2088
1470510 2088
1470520 2088
1470530 2088
1470540 2091
1470550 2095
1470560 2095
1470570 2097
1470580 2100
1470590 2100
1470600 2104
1470610 2108
1470620 2108
1470630 2113
1470640 2118
1470650 2118
1470660 2123
1470670 2128
1470680 2132
1470690 2132
1470700 2138
1470710 2143
1470720 2143
1470730 2150
1470740 2155
1470750 2155
1470760 2160
1470770 2165
1470780 2165
1470790 2170
1470800 2182
1470810 2182
1470820 2193
1470830 2198
1470840 2198
1470850 2193
1470860 2183
1470870 2183
1470880 2175
1470890 2165
1470900 2155
1470910 2155
1470920 2148
1470930 2143
1470940 2143
1470950 2139
1470960 2134
1470970 2134
1470980 2129
1470990 2125
1471000 2125
1471010 2123
1471020 2120
1471030 2120
1471040 2115
1471050 2107
1471060 2107
1471070 2099
1471080 2094
1471090 2094
1471100 2090
1471110 2088
1471120 2088
1471130 2082
1471140 2078
1471150 2077
1471160 2077
1471170 2076
1471180 2076
1471190 2076
1471200 2076
1471210 2077
1471220 2077
1471230 2077
1471240 2078
1471250 2078
1471260 2078
1471270 2078
1471280 2078
1471290 2079
1471300 2080
1471310 2080
1471320 2080
1471330 2079
1471340 2079
1471350 2078
1471360 2077
1471370 2076
1471380 2076
1471390 2075
1471400 2073
1471410 2073
1471420 2070
1471430 2068
1471440 2068
1471450 2066
1471460 2064
1471470 2064
1471480 2060
1471490 2059
1471500 2059
1471510 2057
1471520 2052
1471530 2052
1471540 2048
1471550 2047
1471560 2047
1471570 2047
1471580 2045
1471590 2043
1471600 2043
1471610 2042
1471620 2040
1471630 2040
1471640 2038
1471650 2034
1471660 2034
1471670 2033
1471680 2030
1471690 2030
1471700 2027
1471710 2024
1471720 2024
1471730 2020
1471740 2018
1471750 2018
1471760 2017
1471770 2018
1471780 2018
1471790 2016
1471800 2013
1471810 2010
1471820 2010
1471830 2008
1471840 2006
1471850 2006
1471860 2004
1471870 2001
1471880 2001
1471890 2000
1471900 1999
1471910 1999
1471920 1994
1471930 1991
1471940 1991
1471950 1988
1471960 1986
1471970 1986
1471980 1982
1471990 1978
1472000 1978
1472010 1974
1472020 1973
1472030 1973
1472040 1972
1472050 1971
1472060 1967
1472070 1967
1472080 1963
1472090 1960
1472100 1960
1472110 1953
1472120 1940
1472130 1940
1472140 1929
1472150 1924
1472160 1924
1472170 1924
1472180 1921
1472190 1921
1472200 1918
1472210 1917
1472220 1917
1472230 1915
1472240 1912
1472250 1912
1472260 1910
1472270 1905
1472280 1901
1472290 1901
1472300 1898
1472310 1894
1472320 1894
1472330 1886
1472340 1881
1472350 1881
1472360 1879
1472370 1878
1472380 1878
1472390 1877
1472400 1880
1472410 1880
1472420 1882
1472430 1884
1472440 1884
1472450 1885
1472460 1888
1472470 1888
1472480 1890
1472490 1885
1472500 1880
1472510 1880
1472520 1875
1472530 1863
1472540 1863
1472550 1853
1472560 1848
1472570 1848
1472580 1846
1472590 1845
1472600 1845
1472610 1843
1472620 1839
1472630 1839
1472640 1834
1472650 1828
1472660 1828
1472670 1822
1472680 1815
1472690 1815
1472700 1811
1472710 1808
1472720 1803
1472730 1803
1472740 1799
1472750 1795
1472760 1795
1472770 1790
1472780 1785
1472790 1785
1472800 1781
1472810 1776
1472820 1776
1472830 1771
1472840 1766
1472850 1766
1472860 1760
1472870 1755
1472880 1755
1472890 1750
1472900 1745
1472910 1745
1472920 1740
1472930 1736
1472940 1732
1472950 1732
1472960 1728
1472970 1724
1472980 1724
1472990 1720
1473000 1715
1473010 1715
1473020 1710
1473030 1706
1473040 1706
1473050 1701
1473060 1697
1473070 1697
1473080 1691
1473090 1687
1473100 1687
1473110 1678
1473120 1674
1473130 1674
1473140 1670
1473150 1662
1473160 1662
1473170 1653
1473180 1646
1473190 1639
1473200 1639
1473210 1632
1473220 1625
1473230 1625
1473240 1619
1473250 1615
1473260 1615
1473270 1611
1473280 1605
1473290 1605
1473300 1599
1473310 1593
1473320 1593
1473330 1586
1473340 1580
1473350 1580
1473360 1573
1473370 1565
1473380 1565
1473390 1557
1473400 1555
1473410 1550
1473420 1550
1473430 1542
1473440 1532
1473450 1532
1473460 1529
1473470 1528
1473480 1528
1473490 1525
1473500 1524
1473510 1524
1473520 1522
1473530 1515
1473540 1515
1473550 1510
1473560 1505
1473570 1505
1473580 1498
1473590 1492
1473600 1492
1473610 1487
1473620 1481
1473630 1474
1473640 1474
1473650 1468
1473660 1461
1473670 1461
1473680 1456
1473690 1452
1473700 1452
1473710 1449
1473720 1445
1473730 1445
1473740 1442
1473750 1438
1473760 1438
1473770 1432
1473780 1431
1473790 1431
1473800 1432
1473810 1436
1473820 1436
1473830 1439
1473840 1440
1473850 1443
1473860 1443
1473870 1448
1473880 1452
1473890 1452
1473900 1456
1473910 1460
1473920 1460
1473930 1465
1473940 1471
1473950 1471
1473960 1477
1473970 1484
1473980 1484
1473990 1489
1474000 1496
1474010 1496
1474020 1503
1474030 1510
1474040 1510
1474050 1516
1474060 1520
1474070 1520
1474080 1523
1474090 1528
1474100 1535
1474110 1535
1474120 1540
1474130 1546
1474140 1546
1474150 1558
1474160 1568
1474170 1568
1474180 1581
1474190 1592
1474200 1592
1474210 1610
1474220 1618
1474230 1618
1474240 1624
1474250 1629
1474260 1629
1474270 1641
1474280 1657
1474290 1657
1474300 1669
1474310 1675
1474320 1680
1474330 1680
1474340 1684
1474350 1689
1474360 1689
1474370 1694
1474380 1698
1474390 1698
1474400 1702
1474410 1705
1474420 1705
1474430 1708
1474440 1711
1474450 1711
1474460 1715
1474470 1719
1474480 1719
1474490 1721
1474500 1724
1474510 1724
1474520 1727
1474530 1731
1474540 1735
1474550 1735
1474560 1740
1474570 1745
1474580 1745
1474590 1750
1474600 1754
1474610 1754
1474620 1759
1474630 1764
1474640 1764
1474650 1769
1474660 1774
1474670 1774
1474680 1780
1474690 1785
1474700 1785
1474710 1790
1474720 1796
1474730 1796
1474740 1801
1474750 1807
1474760 1814
1474770 1814
1474780 1819
1474790 1823
1474800 1823
1474810 1827
1474820 1829
1474830 1829
1474840 1831
1474850 1833
1474860 1833
1474870 1835
1474880 1836
1474890 1836
1474900 1839
1474910 1842
1474920 1842
1474930 1846
1474940 1849
1474950 1849
1474960 1853
1474970 1858
1474980 1862
1474990 1862
1475000 1865
1475010 1869
1475020 1869
1475030 1874
1475040 1878
1475050 1878
1475060 1882
1475070 1887
1475080 1887
1475090 1892
1475100 1897
1475110 1897
1475120 1901
1475130 1905
1475140 1905
1475150 1909
1475160 1913
1475170 1913
1475180 1917
1475190 1920
1475200 1920
1475210 1923
1475220 1925
1475230 1927
1475240 1927
1475250 1930
1475260 1933
1475270 1933
1475280 1936
1475290 1940
1475300 1940
1475310 1944
1475320 1948
1475330 1948
1475340 1952
1475350 1956
1475360 1956
1475370 1962
1475380 1966
1475390 1966
1475400 1971
1475410 1981
1475420 1981
1475430 1992
1475440 1998
1475450 2003
1475460 2003
1475470 2007
1475480 2011
1475490 2011
1475500 2014
1475510 2018
1475520 2018
1475530 2022
1475540 2025
1475550 2025
1475560 2029
1475570 2033
1475580 2033
1475590 2036
1475600 2039
1475610 2039
1475620 2043
1475630 2046
1475640 2046
1475650 2048
1475660 2051
1475670 2053
1475680 2053
1475690 2056
1475700 2059
1475710 2059
1475720 2065
1475730 2072
1475740 2072
1475750 2078
1475760 2084
1475770 2084
1475780 2090
1475790 2096
1475800 2096
1475810 2103
1475820 2112
1475830 2112
1475840 2122
1475850 2134
1475860 2134
1475870 2143
1475880 2150
1475890 2153
1475900 2153
1475910 2155
1475920 2156
1475930 2156
1475940 2160
1475950 2161
1475960 2161
1475970 2163
1475980 2164
1475990 2164
1476000 2166
1476010 2168
1476020 2168
1476030 2172
1476040 2176
1476050 2176
1476060 2179
1476070 2182
1476080 2182
1476090 2183
1476100 2184
1476110 2184
1476120 2187
1476130 2185
1476140 2184
1476150 2184
1476160 2185
1476170 2185
1476180 2185
1476190 2182
1476200 2173
1476210 2173
1476220 2165
1476230 2160
1476240 2160
1476250 2156
1476260 2154
1476270 2154
1476280 2154
1476290 2152
1476300 2152
1476310 2148
1476320 2142
1476330 2142
1476340 2140
1476350 2140
1476360 2138
1476370 2138
1476380 2135
1476390 2133
1476400 2133
1476410 2130
1476420 2128
1476430 2128
1476440 2126
1476450 2123
1476460 2123
1476470 2121
1476480 2117
1476490 2117
1476500 2112
1476510 2107
1476520 2107
1476530 2104
1476540 2099
1476550 2099
1476560 2095
1476570 2091
1476580 2087
1476590 2087
1476600 2082
1476610 2077
1476620 2077
1476630 2070
1476640 2065
1476650 2065
1476660 2064
1476670 2063
1476680 2063
1476690 2061
1476700 2058
1476710 2058
1476720 2053
1476730 2048
1476740 2048
1476750 2043
1476760 2041
1476770 2041
1476780 2037
1476790 2031
1476800 2028
1476810 2028
1476820 2026
1476830 2024
1476840 2024
1476850 2021
1476860 2014
1476870 2014
1476880 2007
1476890 2001
1476900 2001
1476910 1995
1476920 1991
1476930 1991
1476940 1990
1476950 1988
1476960 1988
1476970 1990
1476980 1989
1476990 1989
1477000 1987
1477010 1983
1477020 1983
1477030 1981
1477040 1979
1477050 1976
1477060 1976
1477070 1971
1477080 1967
1477090 1967
1477100 1963
1477110 1959
1477120 1959
1477130 1956
1477140 1954
1477150 1954
1477160 1948
1477170 1940
1477180 1940
1477190 1935
1477200 1935
1477210 1935
1477220 1936
1477230 1937
1477240 1937
1477250 1936
1477260 1933
1477270 1930
1477280 1930
1477290 1927
1477300 1922
1477310 1922
1477320 1917
1477330 1913
1477340 1913
1477350 1909
1477360 1905
1477370 1905
1477380 1902
1477390 1897
1477400 1897
1477410 1891
1477420 1886
1477430 1886
1477440 1881
1477450 1876
1477460 1876
1477470 1872
1477480 1867
1477490 1862
1477500 1862
1477510 1857
1477520 1850
1477530 1850
1477540 1845
1477550 1847
1477560 1847
1477570 1846
1477580 1844
1477590 1844
1477600 1840
1477610 1836
1477620 1836
1477630 1832
1477640 1830
1477650 1830
1477660 1827
1477670 1825
1477680 1825
1477690 1822
1477700 1813
1477710 1806
1477720 1806
1477730 1802
1477740 1800
1477750 1800
1477760 1799
1477770 1798
1477780 1798
1477790 1796
1477800 1793
1477810 1793
1477820 1789
1477830 1786
1477840 1786
1477850 1786
1477860 1787
1477870 1787
1477880 1784
1477890 1780
1477900 1780
1477910 1777
1477920 1774
1477930 1772
1477940 1772
1477950 1770
1477960 1769
1477970 1769
1477980 1769
1477990 1770
1478000 1770
1478010 1772
1478020 1773
1478030 1773
1478040 1776
1478050 1778
1478060 1778
1478070 1779
1478080 1781
1478090 1781
1478100 1784
1478110 1788
1478120 1788
1478130 1791
1478140 1796
1478150 1796
1478160 1801
1478170 1808
1478180 1814
1478190 1814
1478200 1820
1478210 1826
1478220 1826
1478230 1829
1478240 1828
1478250 1828
1478260 1824
1478270 1819
1478280 1819
1478290 1814
1478300 1806
1478310 1806
1478320 1796
1478330 1785
1478340 1785
1478350 1778
1478360 1770
1478370 1770
1478380 1762
1478390 1749
1478400 1738
1478410 1738
1478420 1732
1478430 1727
1478440 1727
1478450 1720
1478460 1714
1478470 1714
1478480 1708
1478490 1702
1478500 1702
1478510 1694
1478520 1687
1478530 1687
1478540 1678
1478550 1670
1478560 1670
1478570 1660
1478580 1649
1478590 1649
1478600 1638
1478610 1627
1478620 1615
1478630 1615
1478640 1604
1478650 1594
1478660 1594
1478670 1583
1478680 1567
1478690 1567
1478700 1544
1478710 1526
1478720 1526
1478730 1516
1478740 1508
1478750 1508
1478760 1497
1478770 1492
1478780 1492
1478790 1490
1478800 1482
1478810 1482
1478820 1471
1478830 1460
1478840 1450
1478850 1450
1478860 1444
1478870 1437
1478880 1437
1478890 1429
1478900 1422
1478910 1422
1478920 1415
1478930 1407
1478940 1407
1478950 1398
1478960 1390
1478970 1390
1478980 1381
1478990 1373
1479000 1373
1479010 1364
1479020 1357
1479030 1357
1479040 1351
1479050 1345
1479060 1345
1479070 1338
1479080 1332
1479090 1322
1479100 1322
1479110 1310
1479120 1300
1479130 1300
1479140 1292
1479150 1284
1479160 1284
1479170 1276
1479180 1267
1479190 1267
1479200 1256
1479210 1246
1479220 1246
1479230 1237
1479240 1231
1479250 1231
1479260 1225
1479270 1219
1479280 1219
1479290 1213
1479300 1205
1479310 1198
1479320 1198
1479330 1193
1479340 1188
1479350 1188
1479360 1183
1479370 1177
1479380 1177
1479390 1169
1479400 1164
1479410 1164
1479420 1161
1479430 1161
1479440 1161
1479450 1158
1479460 1151
1479470 1151
1479480 1145
1479490 1139
1479500 1139
1479510 1128
1479520 1119
1479530 1115
1479540 1115
1479550 1112
1479560 1111
1479570 1111
1479580 1111
1479590 1110
1479600 1110
1479610 1111
1479620 1111
1479630 1111
1479640 1109
1479650 1107
1479660 1107
1479670 1104
1479680 1102
1479690 1102
1479700 1100
1479710 1098
1479720 1098
1479730 1097
1479740 1096
1479750 1095
1479760 1095
1479770 1095
1479780 1094
1479790 1094
1479800 1093
1479810 1093
1479820 1093
1479830 1094
1479840 1094
1479850 1094
1479860 1096
1479870 1095
1479880 1095
1479890 1095
1479900 1096
1479910 1096
1479920 1097
1479930 1096
1479940 1096
1479950 1096
1479960 1095
1479970 1095
1479980 1095
1479990 1096
