1460000 1191
1460010 1188
1460020 1188
1460030 1181
1460040 1179
1460050 1179
1460060 1181
1460070 1183
1460080 1183
1460090 1183
1460100 1184
1460110 1184
1460120 1185
1460130 1186
1460140 1187
1460150 1187
1460160 1186
1460170 1184
1460180 1184
1460190 1179
1460200 1175
1460210 1175
1460220 1171
1460230 1168
1460240 1168
1460250 1165
1460260 1163
1460270 1163
1460280 1161
1460290 1159
1460300 1159
1460310 1157
1460320 1156
1460330 1156
1460340 1156
1460350 1155
1460360 1152
1460370 1152
1460380 1149
1460390 1147
1460400 1147
1460410 1145
1460420 1144
1460430 1144
1460440 1142
1460450 1140
1460460 1140
1460470 1137
1460480 1134
1460490 1134
1460500 1131
1460510 1126
1460520 1126
1460530 1121
1460540 1115
1460550 1115
1460560 1111
1460570 1109
1460580 1109
1460590 1108
1460600 1106
1460610 1102
1460620 1102
1460630 1099
1460640 1096
1460650 1096
1460660 1093
1460670 1090
1460680 1090
1460690 1087
1460700 1086
1460710 1086
1460720 1084
1460730 1079
1460740 1079
1460750 1074
1460760 1068
1460770 1068
1460780 1063
1460790 1058
1460800 1058
1460810 1056
1460820 1054
1460830 1052
1460840 1052
1460850 1050
1460860 1048
1460870 1048
1460880 1046
1460890 1043
1460900 1043
1460910 1039
1460920 1034
1460930 1034
1460940 1030
1460950 1024
1460960 1024
1460970 1020
1460980 1018
1460990 1018
1461000 1016
1461010 1011
1461020 1011
1461030 1008
1461040 1002
1461050 994
1461060 994
1461070 988
1461080 984
1461090 984
1461100 981
1461110 976
1461120 976
1461130 967
1461140 960
1461150 960
1461160 959
1461170 957
1461180 957
1461190 954
1461200 949
1461210 949
1461220 945
1461230 938
1461240 938
1461250 931
1461260 924
1461270 917
1461280 917
1461290 913
1461300 908
1461310 908
1461320 902
1461330 898
1461340 898
1461350 895
1461360 887
1461370 887
1461380 880
1461390 874
1461400 874
1461410 868
1461420 862
1461430 862
1461440 857
1461450 854
1461460 854
1461470 853
1461480 853
1461490 853
1461500 853
1461510 853
1461520 853
1461530 853
1461540 853
1461550 853
1461560 853
1461570 853
1461580 853
1461590 853
1461600 853
1461610 853
1461620 853
1461630 853
1461640 853
1461650 853
1461660 852
1461670 852
1461680 852
1461690 852
1461700 852
1461710 852
1461720 852
1461730 852
1461740 852
1461750 852
1461760 853
1461770 853
1461780 853
1461790 852
1461800 852
1461810 852
1461820 852
1461830 852
1461840 852
1461850 852
1461860 852
1461870 852
1461880 852
1461890 853
1461900 853
1461910 853
1461920 852
1461930 852
1461940 853
1461950 853
1461960 853
1461970 853
1461980 853
1461990 852
1462000 852
1462010 853
1462020 853
1462030 853
1462040 853
1462050 852
1462060 852
1462070 852
1462080 852
1462090 852
1462100 852
1462110 853
1462120 853
1462130 853
1462140 853
1462150 853
1462160 853
1462170 853
1462180 853
1462190 853
1462200 853
1462210 853
1462220 853
1462230 854
1462240 854
1462250 854
1462260 854
1462270 855
1462280 855
1462290 855
1462300 855
1462310 855
1462320 856
1462330 857
1462340 857
1462350 859
1462360 862
1462370 862
1462380 865
1462390 867
1462400 867
1462410 866
1462420 864
1462430 865
1462440 865
1462450 868
1462460 870
1462470 870
1462480 871
1462490 873
1462500 873
1462510 877
1462520 881
1462530 881
1462540 884
1462550 887
1462560 887
1462570 890
1462580 892
1462590 892
1462600 895
1462610 898
1462620 898
1462630 902
1462640 905
1462650 908
1462660 908
1462670 912
1462680 915
1462690 915
1462700 919
1462710 924
1462720 924
1462730 929
1462740 934
1462750 934
1462760 938
1462770 943
1462780 943
1462790 947
1462800 950
1462810 950
1462820 953
1462830 957
1462840 957
1462850 961
1462860 965
1462870 968
1462880 968
1462890 970
1462900 973
1462910 973
1462920 977
1462930 981
1462940 981
1462950 985
1462960 987
1462970 987
1462980 990
1462990 993
1463000 993
1463010 998
1463020 1004
1463030 1004
1463040 1009
1463050 1015
1463060 1015
1463070 1021
1463080 1029
1463090 1036
1463100 1036
1463110 1039
1463120 1041
1463130 1041
1463140 1045
1463150 1052
1463160 1052
1463170 1056
1463180 1052
1463190 1052
1463200 1046
1463210 1042
1463220 1042
1463230 1042
1463240 1042
1463250 1042
1463260 1043
1463270 1047
1463280 1047
1463290 1055
1463300 1061
1463310 1061
1463320 1066
1463330 1073
1463340 1081
1463350 1081
1463360 1090
1463370 1098
1463380 1098
1463390 1106
1463400 1114
1463410 1114
1463420 1122
1463430 1129
1463440 1129
1463450 1136
1463460 1141
1463470 1141
1463480 1146
1463490 1152
1463500 1152
1463510 1157
1463520 1165
1463530 1165
1463540 1172
1463550 1179
1463560 1186
1463570 1186
1463580 1193
1463590 1201
1463600 1201
1463610 1210
1463620 1218
1463630 1218
1463640 1227
1463650 1236
1463660 1236
1463670 1244
1463680 1251
1463690 1251
1463700 1259
1463710 1265
1463720 1265
1463730 1272
1463740 1278
1463750 1278
1463760 1284
1463770 1288
1463780 1293
1463790 1293
1463800 1297
1463810 1303
1463820 1303
1463830 1309
1463840 1317
1463850 1317
1463860 1324
1463870 1330
1463880 1330
1463890 1335
1463900 1340
1463910 1340
1463920 1348
1463930 1356
1463940 1356
1463950 1362
1463960 1367
1463970 1367
1463980 1371
1463990 1375
1464000 1380
1464010 1380
1464020 1387
1464030 1395
1464040 1395
1464050 1403
1464060 1411
1464070 1411
1464080 1418
1464090 1424
1464100 1424
1464110 1432
1464120 1439
1464130 1439
1464140 1451
1464150 1458
1464160 1458
1464170 1465
1464180 1472
1464190 1472
1464200 1478
1464210 1482
1464220 1482
1464230 1487
1464240 1491
1464250 1494
1464260 1494
1464270 1496
1464280 1499
1464290 1499
1464300 1501
1464310 1503
1464320 1503
1464330 1504
1464340 1504
1464350 1504
1464360 1504
1464370 1504
1464380 1504
1464390 1503
1464400 1503
1464410 1503
1464420 1502
1464430 1502
1464440 1502
1464450 1504
1464460 1506
1464470 1508
1464480 1508
1464490 1509
1464500 1512
1464510 1512
1464520 1514
1464530 1516
1464540 1516
1464550 1520
1464560 1523
1464570 1523
1464580 1525
1464590 1528
1464600 1528
1464610 1530
1464620 1533
1464630 1533
1464640 1535
1464650 1537
1464660 1537
1464670 1537
1464680 1537
1464690 1533
1464700 1533
1464710 1529
1464720 1526
1464730 1526
1464740 1521
1464750 1511
1464760 1511
1464770 1506
1464780 1511
1464790 1511
1464800 1510
1464810 1510
1464820 1510
1464830 1511
1464840 1513
1464850 1513
1464860 1514
1464870 1516
1464880 1516
1464890 1525
1464900 1534
1464910 1534
1464920 1543
1464930 1557
1464940 1569
1464950 1569
1464960 1580
1464970 1589
1464980 1589
1464990 1598
1465000 1607
1465010 1607
1465020 1616
1465030 1628
1465040 1628
1465050 1631
1465060 1624
1465070 1624
1465080 1627
1465090 1634
1465100 1634
1465110 1640
1465120 1636
1465130 1636
1465140 1630
1465150 1629
1465160 1635
1465170 1635
1465180 1641
1465190 1646
1465200 1646
1465210 1650
1465220 1654
1465230 1654
1465240 1659
1465250 1664
1465260 1664
1465270 1669
1465280 1675
1465290 1675
1465300 1681
1465310 1686
1465320 1686
1465330 1692
1465340 1697
1465350 1697
1465360 1702
1465370 1707
1465380 1712
1465390 1712
1465400 1718
1465410 1724
1465420 1724
1465430 1729
1465440 1733
1465450 1733
1465460 1737
1465470 1742
1465480 1742
1465490 1747
1465500 1753
1465510 1753
1465520 1761
1465530 1767
1465540 1763
1465550 1768
1465560 1773
1465570 1773
1465580 1779
1465590 1784
1465600 1790
1465610 1790
1465620 1795
1465630 1803
1465640 1803
1465650 1812
1465660 1818
1465670 1818
1465680 1822
1465690 1823
1465700 1823
1465710 1822
1465720 1820
1465730 1820
1465740 1821
1465750 1824
1465760 1824
1465770 1827
1465780 1830
1465790 1830
1465800 1830
1465810 1828
1465820 1828
1465830 1817
1465840 1806
1465850 1797
1465860 1797
1465870 1788
1465880 1779
1465890 1779
1465900 1768
1465910 1759
1465920 1759
1465930 1750
1465940 1742
1465950 1742
1465960 1734
1465970 1731
1465980 1731
1465990 1736
1466000 1732
1466010 1732
1466020 1711
1466030 1702
1466040 1702
1466050 1696
1466060 1691
1466070 1688
1466080 1688
1466090 1688
1466100 1678
1466110 1678
1466120 1667
1466130 1661
1466140 1661
1466150 1669
1466160 1680
1466170 1680
1466180 1688
1466190 1697
1466200 1697
1466210 1707
1466220 1714
1466230 1714
1466240 1721
1466250 1727
1466260 1727
1466270 1732
1466280 1733
1466290 1728
1466300 1728
1466310 1715
1466320 1700
1466330 1700
1466340 1697
1466350 1706
1466360 1706
1466370 1714
1466380 1720
1466390 1720
1466400 1719
1466410 1712
1466420 1712
1466430 1703
1466440 1698
1466450 1698
1466460 1690
1466470 1689
1466480 1689
1466490 1688
1466500 1682
1466510 1676
1466520 1676
1466530 1671
1466540 1665
1466550 1665
1466560 1658
1466570 1648
1466580 1648
1466590 1642
1466600 1641
1466610 1641
1466620 1636
1466630 1630
1466640 1630
1466650 1628
1466660 1631
1466670 1631
1466680 1637
1466690 1643
1466700 1643
1466710 1650
1466720 1657
1466730 1657
1466740 1663
1466750 1668
1466760 1674
1466770 1674
1466780 1679
1466790 1685
1466800 1685
1466810 1691
1466820 1697
1466830 1697
1466840 1702
1466850 1707
1466860 1707
1466870 1711
1466880 1715
1466890 1715
1466900 1719
1466910 1724
1466920 1724
1466930 1728
1466940 1732
1466950 1732
1466960 1735
1466970 1739
1466980 1742
1466990 1742
1467000 1746
1467010 1749
1467020 1749
1467030 1754
1467040 1759
1467050 1759
1467060 1764
1467070 1770
1467080 1770
1467090 1775
1467100 1780
1467110 1780
1467120 1785
1467130 1789
1467140 1789
1467150 1793
1467160 1797
1467170 1797
1467180 1800
1467190 1803
1467200 1803
1467210 1803
1467220 1801
1467230 1800
1467240 1800
1467250 1796
1467260 1792
1467270 1792
1467280 1784
1467290 1780
1467300 1780
1467310 1784
1467320 1791
1467330 1791
1467340 1798
1467350 1805
1467360 1805
1467370 1813
1467380 1819
1467390 1819
1467400 1824
1467410 1830
1467420 1836
1467430 1836
1467440 1841
1467450 1847
1467460 1847
1467470 1852
1467480 1858
1467490 1858
1467500 1863
1467510 1868
1467520 1868
1467530 1874
1467540 1880
1467550 1880
1467560 1887
1467570 1894
1467580 1894
1467590 1901
1467600 1908
1467610 1908
1467620 1914
1467630 1919
1467640 1919
1467650 1924
1467660 1929
1467670 1934
1467680 1934
1467690 1938
1467700 1941
1467710 1941
1467720 1944
1467730 1947
1467740 1947
1467750 1950
1467760 1952
1467770 1952
1467780 1954
1467790 1955
1467800 1955
1467810 1955
1467820 1955
1467830 1955
1467840 1954
1467850 1953
1467860 1953
1467870 1951
1467880 1950
1467890 1949
1467900 1949
1467910 1948
1467920 1947
1467930 1947
1467940 1945
1467950 1946
1467960 1946
1467970 1948
1467980 1949
1467990 1949
1468000 1951
1468010 1954
1468020 1954
1468030 1957
1468040 1960
1468050 1960
1468060 1962
1468070 1963
1468080 1963
1468090 1965
1468100 1968
1468110 1970
1468120 1970
1468130 1970
1468140 1973
1468150 1973
1468160 1978
1468170 1982
1468180 1982
1468190 1983
1468200 1987
1468210 1987
1468220 1991
1468230 1995
1468240 1995
1468250 1997
1468260 2000
1468270 2000
1468280 2003
1468290 2006
1468300 2006
1468310 2009
1468320 2012
1468330 2015
1468340 2015
1468350 2019
1468360 2023
1468370 2023
1468380 2027
1468390 2031
1468400 2031
1468410 2034
1468420 2039
1468430 2039
1468440 2043
1468450 2048
1468460 2048
1468470 2052
1468480 2058
1468490 2058
1468500 2062
1468510 2068
1468520 2068
1468530 2073
1468540 2078
1468550 2078
1468560 2083
1468570 2088
1468580 2093
1468590 2093
1468600 2098
1468610 2103
1468620 2103
1468630 2108
1468640 2114
1468650 2114
1468660 2119
1468670 2124
1468680 2124
1468690 2129
1468700 2133
1468710 2133
1468720 2138
1468730 2143
1468740 2143
1468750 2147
1468760 2152
1468770 2152
1468780 2156
1468790 2160
1468800 2164
1468810 2164
1468820 2169
1468830 2173
1468840 2173
1468850 2177
1468860 2180
1468870 2180
1468880 2183
1468890 2185
1468900 2185
1468910 2186
1468920 2182
1468930 2182
1468940 2174
1468950 2167
1468960 2167
1468970 2160
1468980 2150
1468990 2150
1469000 2142
1469010 2132
1469020 2124
1469030 2124
1469040 2118
1469050 2113
1469060 2113
1469070 2105
1469080 2093
1469090 2093
1469100 2079
1469110 2068
1469120 2068
1469130 2054
1469140 2045
1469150 2045
1469160 2039
1469170 2034
1469180 2034
1469190 2029
1469200 2025
1469210 2025
1469220 2019
1469230 2014
1469240 2014
1469250 2009
1469260 2003
1469270 1997
1469280 1997
1469290 1994
1469300 1991
1469310 1991
1469320 1988
1469330 1984
1469340 1984
1469350 1978
1469360 1973
1469370 1973
1469380 1969
1469390 1968
1469400 1968
1469410 1965
1469420 1964
1469430 1964
1469440 1963
1469450 1961
1469460 1961
1469470 1959
1469480 1957
1469490 1957
1469500 1957
1469510 1958
1469520 1956
1469530 1956
1469540 1952
1469550 1950
1469560 1950
1469570 1947
1469580 1946
1469590 1946
1469600 1945
1469610 1945
1469620 1945
1469630 1944
1469640 1942
1469650 1942
1469660 1938
1469670 1940
1469680 1940
1469690 1937
1469700 1934
1469710 1933
1469720 1933
1469730 1931
1469740 1929
1469750 1929
1469760 1927
1469770 1926
1469780 1926
1469790 1923
1469800 1926
1469810 1926
1469820 1927
1469830 1928
1469840 1928
1469850 1930
1469860 1933
1469870 1933
1469880 1935
1469890 1936
1469900 1936
1469910 1936
1469920 1935
1469930 1937
1469940 1937
1469950 1937
1469960 1937
1469970 1937
1469980 1935
1469990 1932
1470000 1932
1470010 1929
1470020 1927
1470030 1927
1470040 1925
1470050 1924
1470060 1924
1470070 1924
1470080 1924
1470090 1924
1470100 1924
1470110 1924
1470120 1924
1470130 1925
1470140 1925
1470150 1925
1470160 1927
1470170 1928
1470180 1926
1470190 1926
1470200 1929
1470210 1931
1470220 1931
1470230 1932
1470240 1932
1470250 1932
1470260 1932
1470270 1932
1470280 1932
1470290 1932
1470300 1933
1470310 1933
1470320 1934
1470330 1937
1470340 1937
1470350 1940
1470360 1940
1470370 1940
1470380 1940
1470390 1940
1470400 1940
1470410 1940
1470420 1941
1470430 1943
1470440 1943
1470450 1946
1470460 1947
1470470 1947
1470480 1949
1470490 1952
1470500 1952
1470510 1956
1470520 1958
1470530 1958
1470540 1962
1470550 1966
1470560 1966
1470570 1972
1470580 1977
1470590 1977
1470600 1982
1470610 1987
1470620 1994
1470630 1994
1470640 2003
1470650 2017
1470660 2017
1470670 2025
1470680 2041
1470690 2041
1470700 2052
1470710 2062
1470720 2062
1470730 2070
1470740 2077
1470750 2077
1470760 2082
1470770 2085
1470780 2085
1470790 2089
1470800 2092
1470810 2092
1470820 2093
1470830 2095
1470840 2094
1470850 2094
1470860 2097
1470870 2101
1470880 2101
1470890 2103
1470900 2107
1470910 2107
1470920 2109
1470930 2110
1470940 2110
1470950 2110
1470960 2114
1470970 2114
1470980 2119
1470990 2125
1471000 2125
1471010 2131
1471020 2138
1471030 2138
1471040 2145
1471050 2150
1471060 2150
1471070 2153
1471080 2156
1471090 2158
1471100 2158
1471110 2160
1471120 2163
1471130 2163
1471140 2167
1471150 2178
1471160 2178
1471170 2182
1471180 2184
1471190 2184
1471200 2179
1471210 2172
1471220 2172
1471230 2165
1471240 2160
1471250 2160
1471260 2159
1471270 2155
1471280 2155
1471290 2151
1471300 2145
1471310 2139
1471320 2139
1471330 2133
1471340 2128
1471350 2128
1471360 2122
1471370 2117
1471380 2117
1471390 2112
1471400 2106
1471410 2106
1471420 2105
1471430 2102
1471440 2102
1471450 2096
1471460 2091
1471470 2091
1471480 2087
1471490 2083
1471500 2083
1471510 2079
1471520 2074
1471530 2069
1471540 2069
1471550 2063
1471560 2058
1471570 2058
1471580 2052
1471590 2043
1471600 2043
1471610 2033
1471620 2024
1471630 2024
1471640 2020
1471650 2017
1471660 2017
1471670 2012
1471680 2007
1471690 2007
1471700 2003
1471710 1999
1471720 1999
1471730 1994
1471740 1988
1471750 1982
1471760 1982
1471770 1977
1471780 1973
1471790 1973
1471800 1969
1471810 1964
1471820 1964
1471830 1960
1471840 1956
1471850 1956
1471860 1952
1471870 1948
1471880 1948
1471890 1943
1471900 1939
1471910 1939
1471920 1934
1471930 1931
1471940 1931
1471950 1927
1471960 1922
1471970 1922
1471980 1918
1471990 1914
1472000 1909
1472010 1909
1472020 1904
1472030 1901
1472040 1901
1472050 1897
1472060 1893
1472070 1893
1472080 1889
1472090 1885
1472100 1885
1472110 1882
1472120 1877
1472130 1877
1472140 1871
1472150 1866
1472160 1866
1472170 1861
1472180 1857
1472190 1857
1472200 1852
1472210 1849
1472220 1847
1472230 1847
1472240 1845
1472250 1843
1472260 1843
1472270 1842
1472280 1841
1472290 1841
1472300 1841
1472310 1840
1472320 1840
1472330 1839
1472340 1838
1472350 1838
1472360 1837
1472370 1836
1472380 1836
1472390 1833
1472400 1830
1472410 1830
1472420 1826
1472430 1822
1472440 1819
1472450 1819
1472460 1816
1472470 1813
1472480 1813
1472490 1810
1472500 1808
1472510 1808
1472520 1804
1472530 1799
1472540 1799
1472550 1793
1472560 1788
1472570 1788
1472580 1784
1472590 1780
1472600 1780
1472610 1776
1472620 1773
1472630 1773
1472640 1769
1472650 1765
1472660 1760
1472670 1760
1472680 1752
1472690 1739
1472700 1739
1472710 1726
1472720 1709
1472730 1709
1472740 1699
1472750 1697
1472760 1697
1472770 1694
1472780 1695
1472790 1695
1472800 1690
1472810 1688
1472820 1688
1472830 1688
1472840 1687
1472850 1687
1472860 1688
1472870 1687
1472880 1687
1472890 1685
1472900 1681
1472910 1678
1472920 1678
1472930 1675
1472940 1672
1472950 1672
1472960 1659
1472970 1649
1472980 1649
1472990 1646
1473000 1640
1473010 1640
1473020 1640
1473030 1636
1473040 1636
1473050 1632
1473060 1626
1473070 1626
1473080 1617
1473090 1610
1473100 1610
1473110 1602
1473120 1592
1473130 1580
1473140 1580
1473150 1569
1473160 1555
1473170 1555
1473180 1543
1473190 1526
1473200 1526
1473210 1505
1473220 1505
1473230 1505
1473240 1504
1473250 1496
1473260 1496
1473270 1480
1473280 1462
1473290 1462
1473300 1450
1473310 1443
1473320 1443
1473330 1436
1473340 1430
1473350 1427
1473360 1427
1473370 1423
1473380 1419
1473390 1419
1473400 1415
1473410 1407
1473420 1407
1473430 1401
1473440 1396
1473450 1396
1473460 1392
1473470 1387
1473480 1387
1473490 1381
1473500 1377
1473510 1377
1473520 1376
1473530 1374
1473540 1374
1473550 1372
1473560 1370
1473570 1369
1473580 1369
1473590 1367
1473600 1365
1473610 1365
1473620 1364
1473630 1363
1473640 1363
1473650 1362
1473660 1360
1473670 1360
1473680 1360
1473690 1358
1473700 1358
1473710 1357
1473720 1357
1473730 1357
1473740 1357
1473750 1358
1473760 1358
1473770 1359
1473780 1364
1473790 1364
1473800 1369
1473810 1373
1473820 1379
1473830 1379
1473840 1384
1473850 1389
1473860 1389
1473870 1393
1473880 1396
1473890 1396
1473900 1401
1473910 1405
1473920 1405
1473930 1410
1473940 1415
1473950 1415
1473960 1421
1473970 1426
1473980 1426
1473990 1432
1474000 1438
1474010 1438
1474020 1444
1474030 1450
1474040 1457
1474050 1457
1474060 1464
1474070 1474
1474080 1474
1474090 1483
1474100 1493
1474110 1493
1474120 1508
1474130 1520
1474140 1520
1474150 1532
1474160 1541
1474170 1541
1474180 1550
1474190 1559
1474200 1559
1474210 1567
1474220 1575
1474230 1575
1474240 1583
1474250 1590
1474260 1596
1474270 1596
1474280 1603
1474290 1606
1474300 1606
1474310 1607
1474320 1612
1474330 1612
1474340 1620
1474350 1628
1474360 1628
1474370 1635
1474380 1642
1474390 1642
1474400 1646
1474410 1652
1474420 1652
1474430 1657
1474440 1662
1474450 1662
1474460 1665
1474470 1666
1474480 1665
1474490 1665
1474500 1664
1474510 1664
1474520 1664
1474530 1665
1474540 1667
1474550 1667
1474560 1670
1474570 1673
1474580 1673
1474590 1675
1474600 1678
1474610 1678
1474620 1681
1474630 1684
1474640 1684
1474650 1689
1474660 1694
1474670 1694
1474680 1700
1474690 1704
1474700 1704
1474710 1707
1474720 1711
1474730 1714
1474740 1714
1474750 1719
1474760 1722
1474770 1722
1474780 1726
1474790 1731
1474800 1731
1474810 1732
1474820 1734
1474830 1734
1474840 1735
1474850 1737
1474860 1737
1474870 1739
1474880 1741
1474890 1741
1474900 1743
1474910 1743
1474920 1743
1474930 1742
1474940 1741
1474950 1741
1474960 1741
1474970 1742
1474980 1743
1474990 1743
1475000 1743
1475010 1744
1475020 1744
1475030 1744
1475040 1746
1475050 1746
1475060 1747
1475070 1745
1475080 1745
1475090 1745
1475100 1751
1475110 1751
1475120 1755
1475130 1757
1475140 1757
1475150 1760
1475160 1763
1475170 1766
1475180 1766
1475190 1768
1475200 1772
1475210 1772
1475220 1775
1475230 1777
1475240 1777
1475250 1778
1475260 1783
1475270 1783
1475280 1788
1475290 1791
1475300 1791
1475310 1795
1475320 1798
1475330 1798
1475340 1801
1475350 1803
1475360 1803
1475370 1806
1475380 1809
1475390 1809
1475400 1811
1475410 1814
1475420 1815
1475430 1815
1475440 1817
1475450 1819
1475460 1819
1475470 1820
1475480 1821
1475490 1821
1475500 1821
1475510 1823
1475520 1823
1475530 1826
1475540 1829
1475550 1829
1475560 1832
1475570 1835
1475580 1835
1475590 1838
1475600 1843
1475610 1843
1475620 1849
1475630 1855
1475640 1860
1475650 1860
1475660 1865
1475670 1870
1475680 1870
1475690 1875
1475700 1880
1475710 1880
1475720 1886
1475730 1890
1475740 1890
1475750 1895
1475760 1899
1475770 1899
1475780 1903
1475790 1908
1475800 1908
1475810 1911
1475820 1915
1475830 1915
1475840 1919
1475850 1924
1475860 1929
1475870 1929
1475880 1933
1475890 1937
1475900 1937
1475910 1942
1475920 1947
1475930 1947
1475940 1952
1475950 1957
1475960 1957
1475970 1962
1475980 1970
1475990 1970
1476000 1982
1476010 1995
1476020 1995
1476030 2007
1476040 2022
1476050 2022
1476060 2033
1476070 2044
1476080 2057
1476090 2057
1476100 2069
1476110 2077
1476120 2077
1476130 2086
1476140 2093
1476150 2093
1476160 2099
1476170 2106
1476180 2106
1476190 2105
1476200 2099
1476210 2099
1476220 2086
1476230 2076
1476240 2076
1476250 2068
1476260 2059
1476270 2059
1476280 2049
1476290 2041
1476300 2041
1476310 2033
1476320 2025
1476330 2018
1476340 2018
1476350 2011
1476360 2006
1476370 2006
1476380 2000
1476390 1995
1476400 1995
1476410 1991
1476420 1986
1476430 1986
1476440 1981
1476450 1976
1476460 1976
1476470 1970
1476480 1964
1476490 1964
1476500 1959
1476510 1954
1476520 1954
1476530 1949
1476540 1944
1476550 1939
1476560 1939
1476570 1934
1476580 1929
1476590 1929
1476600 1925
1476610 1922
1476620 1922
1476630 1921
1476640 1918
1476650 1918
1476660 1916
1476670 1912
1476680 1912
1476690 1910
1476700 1907
1476710 1907
1476720 1905
1476730 1905
1476740 1905
1476750 1905
1476760 1903
1476770 1902
1476780 1902
1476790 1899
1476800 1896
1476810 1896
1476820 1893
1476830 1891
1476840 1891
1476850 1889
1476860 1889
1476870 1889
1476880 1889
1476890 1889
1476900 1889
1476910 1889
1476920 1883
1476930 1883
1476940 1882
1476950 1881
1476960 1881
1476970 1881
1476980 1880
1476990 1880
1477000 1880
1477010 1879
1477020 1878
1477030 1878
1477040 1875
1477050 1874
1477060 1874
1477070 1874
1477080 1875
1477090 1875
1477100 1874
1477110 1873
1477120 1873
1477130 1872
1477140 1870
1477150 1870
1477160 1867
1477170 1863
1477180 1863
1477190 1858
1477200 1854
1477210 1854
1477220 1851
1477230 1846
1477240 1841
1477250 1841
1477260 1836
1477270 1832
1477280 1832
1477290 1829
1477300 1827
1477310 1827
1477320 1824
1477330 1820
1477340 1820
1477350 1816
1477360 1812
1477370 1812
1477380 1810
1477390 1808
1477400 1808
1477410 1805
1477420 1803
1477430 1803
1477440 1801
1477450 1797
1477460 1794
1477470 1794
1477480 1791
1477490 1788
1477500 1788
1477510 1785
1477520 1782
1477530 1782
1477540 1778
1477550 1773
1477560 1773
1477570 1769
1477580 1764
1477590 1764
1477600 1759
1477610 1756
1477620 1756
1477630 1754
1477640 1752
1477650 1752
1477660 1749
1477670 1746
1477680 1743
1477690 1743
1477700 1739
1477710 1734
1477720 1734
1477730 1728
1477740 1721
1477750 1721
1477760 1714
1477770 1705
1477780 1705
1477790 1697
1477800 1690
1477810 1690
1477820 1684
1477830 1677
1477840 1677
1477850 1670
1477860 1662
1477870 1662
1477880 1655
1477890 1648
1477900 1641
1477910 1641
1477920 1633
1477930 1629
1477940 1629
1477950 1624
1477960 1618
1477970 1618
1477980 1612
1477990 1607
1478000 1607
1478010 1602
1478020 1595
1478030 1595
1478040 1585
1478050 1572
1478060 1572
1478070 1567
1478080 1568
1478090 1568
1478100 1568
1478110 1564
1478120 1564
1478130 1559
1478140 1555
1478150 1555
1478160 1555
1478170 1554
1478180 1553
1478190 1553
1478200 1549
1478210 1543
1478220 1543
1478230 1538
1478240 1534
1478250 1534
1478260 1532
1478270 1535
1478280 1535
1478290 1540
1478300 1543
1478310 1543
1478320 1544
1478330 1546
1478340 1546
1478350 1547
1478360 1546
1478370 1542
1478380 1542
1478390 1537
1478400 1534
1478410 1534
1478420 1529
1478430 1525
1478440 1525
1478450 1520
1478460 1513
1478470 1513
1478480 1507
1478490 1502
1478500 1502
1478510 1497
1478520 1491
1478530 1491
1478540 1486
1478550 1481
1478560 1481
1478570 1476
1478580 1470
1478590 1465
1478600 1465
1478610 1459
1478620 1452
1478630 1452
1478640 1444
1478650 1435
1478660 1435
1478670 1425
1478680 1418
1478690 1418
1478700 1411
1478710 1405
1478720 1405
1478730 1399
1478740 1393
1478750 1393
1478760 1387
1478770 1383
1478780 1383
1478790 1379
1478800 1375
1478810 1371
1478820 1371
1478830 1365
1478840 1359
1478850 1359
1478860 1352
1478870 1345
1478880 1345
1478890 1338
1478900 1331
1478910 1331
1478920 1325
1478930 1320
1478940 1320
1478950 1314
1478960 1309
1478970 1309
1478980 1302
1478990 1296
1479000 1296
1479010 1289
1479020 1284
1479030 1284
1479040 1278
1479050 1272
1479060 1265
1479070 1265
1479080 1259
1479090 1250
1479100 1250
1479110 1240
1479120 1232
1479130 1232
1479140 1225
1479150 1218
1479160 1218
1479170 1210
1479180 1203
1479190 1203
1479200 1195
1479210 1187
1479220 1187
1479230 1178
1479240 1167
1479250 1167
1479260 1156
1479270 1145
1479280 1134
1479290 1134
1479300 1120
1479310 1108
1479320 1108
1479330 1099
1479340 1088
1479350 1088
1479360 1079
1479370 1073
1479380 1073
1479390 1067
1479400 1064
1479410 1064
1479420 1063
1479430 1061
1479440 1061
1479450 1060
1479460 1060
1479470 1060
1479480 1059
1479490 1059
1479500 1059
1479510 1059
1479520 1059
1479530 1059
1479540 1059
1479550 1059
1479560 1059
1479570 1059
1479580 1059
1479590 1059
1479600 1059
1479610 1059
1479620 1060
1479630 1060
1479640 1060
1479650 1059
1479660 1059
1479670 1059
1479680 1059
1479690 1059
1479700 1059
1479710 1059
1479720 1059
1479730 1061
1479740 1063
1479750 1066
1479760 1066
1479770 1070
1479780 1075
1479790 1075
1479800 1080
1479810 1085
1479820 1085
1479830 1091
1479840 1097
1479850 1097
1479860 1105
1479870 1112
1479880 1112
1479890 1119
1479900 1127
1479910 1127
1479920 1133
1479930 1140
1479940 1140
1479950 1147
1479960 1154
1479970 1161
1479980 1161
1479990 1169
