1460000 844
1460010 844
1460020 844
1460030 844
1460040 844
1460050 844
1460060 844
1460070 844
1460080 844
1460090 844
1460100 844
1460110 844
1460120 844
1460130 844
1460140 844
1460150 844
1460160 844
1460170 844
1460180 844
1460190 844
1460200 844
1460210 844
1460220 844
1460230 844
1460240 844
1460250 844
1460260 845
1460270 845
1460280 845
1460290 844
1460300 844
1460310 845
1460320 845
1460330 845
1460340 845
1460350 845
1460360 844
1460370 844
1460380 844
1460390 844
1460400 845
1460410 845
1460420 845
1460430 846
1460440 846
1460450 846
1460460 846
1460470 846
1460480 847
1460490 847
1460500 847
1460510 847
1460520 847
1460530 847
1460540 847
1460550 847
1460560 848
1460570 848
1460580 848
1460590 848
1460600 848
1460610 849
1460620 849
1460630 849
1460640 849
1460650 850
1460660 850
1460670 850
1460680 850
1460690 850
1460700 851
1460710 851
1460720 851
1460730 851
1460740 851
1460750 851
1460760 851
1460770 851
1460780 851
1460790 851
1460800 852
1460810 852
1460820 852
1460830 852
1460840 852
1460850 852
1460860 852
1460870 852
1460880 852
1460890 852
1460900 853
1460910 853
1460920 853
1460930 854
1460940 854
1460950 854
1460960 854
1460970 854
1460980 854
1460990 854
1461000 854
1461010 854
1461020 854
1461030 854
1461040 854
1461050 853
1461060 853
1461070 853
1461080 854
1461090 860
1461100 860
1461110 863
1461120 867
1461130 867
1461140 871
1461150 875
1461160 875
1461170 879
1461180 884
1461190 884
1461200 890
1461210 895
1461220 899
1461230 899
1461240 903
1461250 906
1461260 906
1461270 909
1461280 912
1461290 912
1461300 916
1461310 918
1461320 918
1461330 922
1461340 925
1461350 925
1461360 929
1461370 934
1461380 934
1461390 940
1461400 947
1461410 947
1461420 950
1461430 955
1461440 955
1461450 959
1461460 963
1461470 968
1461480 968
1461490 973
1461500 978
1461510 978
1461520 982
1461530 987
1461540 987
1461550 992
1461560 997
1461570 997
1461580 1002
1461590 1008
1461600 1008
1461610 1013
1461620 1017
1461630 1017
1461640 1023
1461650 1030
1461660 1030
1461670 1036
1461680 1041
1461690 1046
1461700 1046
1461710 1053
1461720 1057
1461730 1057
1461740 1060
1461750 1065
1461760 1065
1461770 1070
1461780 1077
1461790 1077
1461800 1085
1461810 1091
1461820 1091
1461830 1094
1461840 1098
1461850 1098
1461860 1102
1461870 1106
1461880 1106
1461890 1110
1461900 1115
1461910 1115
1461920 1120
1461930 1123
1461940 1125
1461950 1125
1461960 1132
1461970 1138
1461980 1138
1461990 1143
1462000 1148
1462010 1148
1462020 1152
1462030 1157
1462040 1157
1462050 1161
1462060 1165
1462070 1165
1462080 1170
1462090 1176
1462100 1176
1462110 1182
1462120 1188
1462130 1188
1462140 1193
1462150 1197
1462160 1202
1462170 1202
1462180 1207
1462190 1212
1462200 1212
1462210 1218
1462220 1224
1462230 1224
1462240 1228
1462250 1232
1462260 1232
1462270 1236
1462280 1240
1462290 1240
1462300 1243
1462310 1247
1462320 1247
1462330 1251
1462340 1255
1462350 1255
1462360 1258
1462370 1262
1462380 1267
1462390 1267
1462400 1271
1462410 1275
1462420 1275
1462430 1279
1462440 1284
1462450 1284
1462460 1289
1462470 1294
1462480 1294
1462490 1298
1462500 1302
1462510 1302
1462520 1306
1462530 1310
1462540 1310
1462550 1313
1462560 1317
1462570 1317
1462580 1321
1462590 1322
1462600 1322
1462610 1325
1462620 1328
1462630 1331
1462640 1331
1462650 1333
1462660 1335
1462670 1335
1462680 1338
1462690 1342
1462700 1342
1462710 1345
1462720 1348
1462730 1348
1462740 1352
1462750 1351
1462760 1351
1462770 1349
1462780 1347
1462790 1347
1462800 1343
1462810 1345
1462820 1345
1462830 1351
1462840 1355
1462850 1358
1462860 1358
1462870 1356
1462880 1354
1462890 1354
1462900 1351
1462910 1352
1462920 1352
1462930 1355
1462940 1356
1462950 1356
1462960 1353
1462970 1348
1462980 1348
1462990 1351
1463000 1358
1463010 1358
1463020 1365
1463030 1369
1463040 1369
1463050 1374
1463060 1376
1463070 1377
1463080 1377
1463090 1379
1463100 1382
1463110 1382
1463120 1382
1463130 1377
1463140 1377
1463150 1371
1463160 1367
1463170 1367
1463180 1372
1463190 1372
1463200 1372
1463210 1366
1463220 1363
1463230 1363
1463240 1361
1463250 1361
1463260 1361
1463270 1364
1463280 1369
1463290 1369
1463300 1374
1463310 1379
1463320 1383
1463330 1383
1463340 1390
1463350 1395
1463360 1395
1463370 1401
1463380 1407
1463390 1407
1463400 1412
1463410 1418
1463420 1418
1463430 1425
1463440 1432
1463450 1432
1463460 1438
1463470 1442
1463480 1442
1463490 1445
1463500 1447
1463510 1447
1463520 1447
1463530 1450
1463540 1454
1463550 1454
1463560 1459
1463570 1465
1463580 1465
1463590 1471
1463600 1477
1463610 1477
1463620 1482
1463630 1487
1463640 1487
1463650 1491
1463660 1495
1463670 1495
1463680 1499
1463690 1503
1463700 1503
1463710 1506
1463720 1510
1463730 1510
1463740 1514
1463750 1518
1463760 1522
1463770 1522
1463780 1528
1463790 1532
1463800 1532
1463810 1536
1463820 1541
1463830 1541
1463840 1546
1463850 1550
1463860 1550
1463870 1553
1463880 1556
1463890 1556
1463900 1559
1463910 1563
1463920 1563
1463930 1570
1463940 1578
1463950 1578
1463960 1584
1463970 1591
1463980 1591
1463990 1597
1464000 1603
1464010 1608
1464020 1608
1464030 1612
1464040 1617
1464050 1617
1464060 1620
1464070 1623
1464080 1623
1464090 1629
1464100 1635
1464110 1635
1464120 1641
1464130 1647
1464140 1647
1464150 1654
1464160 1667
1464170 1667
1464180 1679
1464190 1685
1464200 1685
1464210 1692
1464220 1701
1464230 1710
1464240 1710
1464250 1718
1464260 1727
1464270 1727
1464280 1736
1464290 1742
1464300 1742
1464310 1746
1464320 1748
1464330 1748
1464340 1749
1464350 1748
1464360 1748
1464370 1744
1464380 1740
1464390 1740
1464400 1736
1464410 1730
1464420 1730
1464430 1724
1464440 1718
1464450 1712
1464460 1712
1464470 1707
1464480 1704
1464490 1704
1464500 1702
1464510 1701
1464520 1701
1464530 1700
1464540 1696
1464550 1696
1464560 1691
1464570 1688
1464580 1688
1464590 1685
1464600 1681
1464610 1681
1464620 1676
1464630 1670
1464640 1670
1464650 1672
1464660 1674
1464670 1674
1464680 1672
1464690 1668
1464700 1665
1464710 1665
1464720 1664
1464730 1664
1464740 1664
1464750 1662
1464760 1661
1464770 1661
1464780 1657
1464790 1656
1464800 1656
1464810 1659
1464820 1663
1464830 1663
1464840 1666
1464850 1671
1464860 1671
1464870 1676
1464880 1681
1464890 1681
1464900 1687
1464910 1691
1464920 1695
1464930 1695
1464940 1698
1464950 1702
1464960 1702
1464970 1706
1464980 1711
1464990 1711
1465000 1718
1465010 1725
1465020 1725
1465030 1732
1465040 1738
1465050 1738
1465060 1743
1465070 1748
1465080 1748
1465090 1752
1465100 1755
1465110 1755
1465120 1758
1465130 1762
1465140 1765
1465150 1765
1465160 1768
1465170 1770
1465180 1770
1465190 1774
1465200 1778
1465210 1778
1465220 1783
1465230 1790
1465240 1790
1465250 1796
1465260 1801
1465270 1801
1465280 1803
1465290 1805
1465300 1805
1465310 1809
1465320 1814
1465330 1814
1465340 1818
1465350 1823
1465360 1823
1465370 1828
1465380 1835
1465390 1847
1465400 1847
1465410 1860
1465420 1870
1465430 1870
1465440 1877
1465450 1885
1465460 1885
1465470 1892
1465480 1898
1465490 1898
1465500 1905
1465510 1911
1465520 1911
1465530 1917
1465540 1923
1465550 1923
1465560 1929
1465570 1937
1465580 1937
1465590 1944
1465600 1951
1465610 1958
1465620 1958
1465630 1965
1465640 1970
1465650 1970
1465660 1976
1465670 1981
1465680 1981
1465690 1987
1465700 1993
1465710 1993
1465720 2000
1465730 2006
1465740 2006
1465750 2013
1465760 2020
1465770 2020
1465780 2027
1465790 2035
1465800 2035
1465810 2042
1465820 2049
1465830 2049
1465840 2059
1465850 2072
1465860 2081
1465870 2081
1465880 2088
1465890 2093
1465900 2093
1465910 2100
1465920 2108
1465930 2108
1465940 2115
1465950 2122
1465960 2122
1465970 2127
1465980 2132
1465990 2132
1466000 2137
1466010 2140
1466020 2140
1466030 2143
1466040 2146
1466050 2146
1466060 2146
1466070 2144
1466080 2145
1466090 2145
1466100 2143
1466110 2142
1466120 2142
1466130 2140
1466140 2140
1466150 2140
1466160 2141
1466170 2144
1466180 2144
1466190 2148
1466200 2152
1466210 2152
1466220 2156
1466230 2161
1466240 2161
1466250 2165
1466260 2170
1466270 2170
1466280 2175
1466290 2180
1466300 2185
1466310 2185
1466320 2190
1466330 2195
1466340 2195
1466350 2199
1466360 2202
1466370 2202
1466380 2201
1466390 2201
1466400 2201
1466410 2203
1466420 2205
1466430 2205
1466440 2204
1466450 2204
1466460 2204
1466470 2202
1466480 2196
1466490 2196
1466500 2189
1466510 2183
1466520 2183
1466530 2177
1466540 2167
1466550 2152
1466560 2152
1466570 2143
1466580 2137
1466590 2137
1466600 2131
1466610 2124
1466620 2124
1466630 2117
1466640 2110
1466650 2110
1466660 2103
1466670 2098
1466680 2098
1466690 2093
1466700 2090
1466710 2090
1466720 2087
1466730 2084
1466740 2084
1466750 2081
1466760 2078
1466770 2074
1466780 2074
1466790 2070
1466800 2067
1466810 2067
1466820 2067
1466830 2066
1466840 2066
1466850 2066
1466860 2065
1466870 2065
1466880 2065
1466890 2064
1466900 2064
1466910 2063
1466920 2062
1466930 2062
1466940 2062
1466950 2062
1466960 2062
1466970 2062
1466980 2062
1466990 2062
1467000 2062
1467010 2062
1467020 2063
1467030 2063
1467040 2065
1467050 2067
1467060 2067
1467070 2069
1467080 2072
1467090 2072
1467100 2074
1467110 2078
1467120 2078
1467130 2080
1467140 2083
1467150 2083
1467160 2085
1467170 2087
1467180 2087
1467190 2090
1467200 2093
1467210 2093
1467220 2095
1467230 2099
1467240 2101
1467250 2101
1467260 2102
1467270 2102
1467280 2102
1467290 2105
1467300 2109
1467310 2109
1467320 2112
1467330 2113
1467340 2113
1467350 2113
1467360 2113
1467370 2113
1467380 2114
1467390 2115
1467400 2115
1467410 2117
1467420 2119
1467430 2119
1467440 2121
1467450 2126
1467460 2128
1467470 2128
1467480 2130
1467490 2133
1467500 2133
1467510 2135
1467520 2139
1467530 2139
1467540 2142
1467550 2145
1467560 2145
1467570 2146
1467580 2148
1467590 2148
1467600 2150
1467610 2154
1467620 2154
1467630 2157
1467640 2160
1467650 2160
1467660 2164
1467670 2169
1467680 2173
1467690 2173
1467700 2176
1467710 2180
1467720 2180
1467730 2184
1467740 2193
1467750 2193
1467760 2198
1467770 2202
1467780 2202
1467790 2208
1467800 2213
1467810 2213
1467820 2217
1467830 2220
1467840 2220
1467850 2225
1467860 2228
1467870 2228
1467880 2235
1467890 2241
1467900 2241
1467910 2243
1467920 2246
1467930 2249
1467940 2249
1467950 2253
1467960 2257
1467970 2257
1467980 2259
1467990 2262
1468000 2262
1468010 2264
1468020 2265
1468030 2265
1468040 2262
1468050 2257
1468060 2257
1468070 2251
1468080 2246
1468090 2246
1468100 2241
1468110 2237
1468120 2237
1468130 2230
1468140 2221
1468150 2214
1468160 2214
1468170 2207
1468180 2199
1468190 2199
1468200 2188
1468210 2181
1468220 2181
1468230 2171
1468240 2159
1468250 2159
1468260 2143
1468270 2128
1468280 2128
1468290 2118
1468300 2111
1468310 2111
1468320 2104
1468330 2098
1468340 2098
1468350 2091
1468360 2085
1468370 2079
1468380 2079
1468390 2073
1468400 2067
1468410 2067
1468420 2062
1468430 2057
1468440 2057
1468450 2052
1468460 2048
1468470 2048
1468480 2043
1468490 2040
1468500 2040
1468510 2037
1468520 2033
1468530 2033
1468540 2030
1468550 2027
1468560 2027
1468570 2024
1468580 2021
1468590 2021
1468600 2019
1468610 2016
1468620 2014
1468630 2014
1468640 2012
1468650 2010
1468660 2010
1468670 2008
1468680 2005
1468690 2005
1468700 2002
1468710 2000
1468720 2000
1468730 1997
1468740 1994
1468750 1994
1468760 1990
1468770 1986
1468780 1986
1468790 1982
1468800 1979
1468810 1979
1468820 1975
1468830 1972
1468840 1970
1468850 1970
1468860 1968
1468870 1967
1468880 1967
1468890 1963
1468900 1958
1468910 1958
1468920 1953
1468930 1950
1468940 1950
1468950 1945
1468960 1941
1468970 1941
1468980 1937
1468990 1933
1469000 1933
1469010 1930
1469020 1928
1469030 1928
1469040 1927
1469050 1924
1469060 1919
1469070 1919
1469080 1915
1469090 1912
1469100 1912
1469110 1910
1469120 1907
1469130 1907
1469140 1901
1469150 1898
1469160 1898
1469170 1894
1469180 1889
1469190 1889
1469200 1886
1469210 1883
1469220 1883
1469230 1879
1469240 1874
1469250 1874
1469260 1867
1469270 1861
1469280 1861
1469290 1854
1469300 1848
1469310 1842
1469320 1842
1469330 1837
1469340 1832
1469350 1832
1469360 1826
1469370 1821
1469380 1821
1469390 1817
1469400 1813
1469410 1813
1469420 1809
1469430 1804
1469440 1804
1469450 1798
1469460 1790
1469470 1790
1469480 1781
1469490 1773
1469500 1773
1469510 1763
1469520 1754
1469530 1753
1469540 1753
1469550 1755
1469560 1747
1469570 1747
1469580 1738
1469590 1732
1469600 1732
1469610 1731
1469620 1737
1469630 1737
1469640 1741
1469650 1736
1469660 1736
1469670 1733
1469680 1729
1469690 1729
1469700 1723
1469710 1715
1469720 1715
1469730 1707
1469740 1700
1469750 1700
1469760 1693
1469770 1684
1469780 1675
1469790 1675
1469800 1665
1469810 1657
1469820 1657
1469830 1648
1469840 1642
1469850 1642
1469860 1635
1469870 1628
1469880 1628
1469890 1618
1469900 1609
1469910 1609
1469920 1599
1469930 1589
1469940 1589
1469950 1584
1469960 1578
1469970 1578
1469980 1571
1469990 1562
1470000 1557
1470010 1557
1470020 1557
1470030 1562
1470040 1562
1470050 1570
1470060 1577
1470070 1577
1470080 1579
1470090 1582
1470100 1582
1470110 1583
1470120 1583
1470130 1583
1470140 1585
1470150 1588
1470160 1588
1470170 1591
1470180 1592
1470190 1592
1470200 1594
1470210 1596
1470220 1598
1470230 1598
1470240 1601
1470250 1604
1470260 1604
1470270 1606
1470280 1609
1470290 1609
1470300 1611
1470310 1613
1470320 1613
1470330 1614
1470340 1615
1470350 1615
1470360 1618
1470370 1620
1470380 1620
1470390 1619
1470400 1618
1470410 1618
1470420 1617
1470430 1614
1470440 1614
1470450 1613
1470460 1611
1470470 1610
1470480 1610
1470490 1609
1470500 1611
1470510 1611
1470520 1615
1470530 1620
1470540 1620
1470550 1627
1470560 1634
1470570 1634
1470580 1642
1470590 1648
1470600 1648
1470610 1655
1470620 1664
1470630 1664
1470640 1676
1470650 1681
1470660 1681
1470670 1684
1470680 1688
1470690 1692
1470700 1692
1470710 1695
1470720 1699
1470730 1699
1470740 1700
1470750 1702
1470760 1702
1470770 1701
1470780 1702
1470790 1702
1470800 1706
1470810 1713
1470820 1713
1470830 1717
1470840 1724
1470850 1724
1470860 1730
1470870 1738
1470880 1738
1470890 1744
1470900 1747
1470910 1749
1470920 1749
1470930 1749
1470940 1751
1470950 1751
1470960 1755
1470970 1762
1470980 1762
1470990 1769
1471000 1776
1471010 1776
1471020 1783
1471030 1789
1471040 1789
1471050 1795
1471060 1800
1471070 1800
1471080 1805
1471090 1811
1471100 1811
1471110 1817
1471120 1824
1471130 1824
1471140 1831
1471150 1841
1471160 1851
1471170 1851
1471180 1860
1471190 1869
1471200 1869
1471210 1877
1471220 1885
1471230 1885
1471240 1894
1471250 1902
1471260 1902
1471270 1907
1471280 1913
1471290 1913
1471300 1920
1471310 1927
1471320 1927
1471330 1935
1471340 1944
1471350 1944
1471360 1952
1471370 1960
1471380 1967
1471390 1967
1471400 1973
1471410 1980
1471420 1980
1471430 1986
1471440 1993
1471450 1993
1471460 1999
1471470 2006
1471480 2006
1471490 2013
1471500 2020
1471510 2020
1471520 2026
1471530 2033
1471540 2033
1471550 2040
1471560 2048
1471570 2048
1471580 2056
1471590 2063
1471600 2070
1471610 2070
1471620 2078
1471630 2085
1471640 2085
1471650 2084
1471660 2079
1471670 2079
1471680 2073
1471690 2066
1471700 2066
1471710 2057
1471720 2045
1471730 2045
1471740 2034
1471750 2023
1471760 2023
1471770 2012
1471780 2002
1471790 2002
1471800 1992
1471810 1982
1471820 1982
1471830 1973
1471840 1964
1471850 1956
1471860 1956
1471870 1948
1471880 1941
1471890 1941
1471900 1934
1471910 1927
1471920 1927
1471930 1920
1471940 1913
1471950 1913
1471960 1908
1471970 1903
1471980 1903
1471990 1898
1472000 1893
1472010 1893
1472020 1888
1472030 1884
1472040 1884
1472050 1880
1472060 1876
1472070 1872
1472080 1872
1472090 1868
1472100 1864
1472110 1864
1472120 1860
1472130 1855
1472140 1855
1472150 1850
1472160 1847
1472170 1847
1472180 1842
1472190 1837
1472200 1837
1472210 1832
1472220 1828
1472230 1828
1472240 1825
1472250 1822
1472260 1822
1472270 1818
1472280 1814
1472290 1809
1472300 1809
1472310 1805
1472320 1801
1472330 1801
1472340 1798
1472350 1794
1472360 1794
1472370 1791
1472380 1789
1472390 1789
1472400 1785
1472410 1780
1472420 1780
1472430 1776
1472440 1774
1472450 1774
1472460 1771
1472470 1767
1472480 1767
1472490 1764
1472500 1761
1472510 1761
1472520 1757
1472530 1754
1472540 1750
1472550 1750
1472560 1744
1472570 1740
1472580 1740
1472590 1734
1472600 1729
1472610 1729
1472620 1722
1472630 1716
1472640 1716
1472650 1714
1472660 1711
1472670 1711
1472680 1709
1472690 1707
1472700 1707
1472710 1706
1472720 1704
1472730 1704
1472740 1701
1472750 1697
1472760 1694
1472770 1694
1472780 1691
1472790 1687
1472800 1687
1472810 1681
1472820 1678
1472830 1678
1472840 1674
1472850 1670
1472860 1670
1472870 1666
1472880 1661
1472890 1661
1472900 1656
1472910 1650
1472920 1650
1472930 1645
1472940 1640
1472950 1640
1472960 1636
1472970 1630
1472980 1625
1472990 1625
1473000 1621
1473010 1618
1473020 1618
1473030 1615
1473040 1614
1473050 1614
1473060 1610
1473070 1607
1473080 1607
1473090 1604
1473100 1601
1473110 1601
1473120 1596
1473130 1590
1473140 1590
1473150 1582
1473160 1574
1473170 1574
1473180 1570
1473190 1566
1473200 1566
1473210 1560
1473220 1553
1473230 1548
1473240 1548
1473250 1543
1473260 1540
1473270 1540
1473280 1537
1473290 1537
1473300 1537
1473310 1534
1473320 1531
1473330 1531
1473340 1528
1473350 1523
1473360 1523
1473370 1516
1473380 1512
1473390 1512
1473400 1510
1473410 1506
1473420 1506
1473430 1500
1473440 1496
1473450 1492
1473460 1492
1473470 1488
1473480 1485
1473490 1485
1473500 1482
1473510 1478
1473520 1478
1473530 1474
1473540 1470
1473550 1470
1473560 1465
1473570 1464
1473580 1464
1473590 1461
1473600 1458
1473610 1458
1473620 1456
1473630 1453
1473640 1453
1473650 1451
1473660 1449
1473670 1446
1473680 1446
1473690 1443
1473700 1439
1473710 1439
1473720 1435
1473730 1430
1473740 1430
1473750 1425
1473760 1417
1473770 1417
1473780 1410
1473790 1401
1473800 1401
1473810 1393
1473820 1383
1473830 1383
1473840 1374
1473850 1366
1473860 1366
1473870 1358
1473880 1351
1473890 1351
1473900 1346
1473910 1339
1473920 1332
1473930 1332
1473940 1327
1473950 1322
1473960 1322
1473970 1317
1473980 1316
1473990 1316
1474000 1316
1474010 1315
1474020 1315
1474030 1313
1474040 1311
1474050 1311
1474060 1310
1474070 1308
1474080 1308
1474090 1306
1474100 1305
1474110 1305
1474120 1304
1474130 1302
1474140 1301
1474150 1301
1474160 1300
1474170 1299
1474180 1299
1474190 1299
1474200 1298
1474210 1298
1474220 1297
1474230 1296
1474240 1296
1474250 1295
1474260 1294
1474270 1294
1474280 1294
1474290 1294
1474300 1294
1474310 1294
1474320 1295
1474330 1295
1474340 1296
1474350 1298
1474360 1298
1474370 1299
1474380 1299
1474390 1300
1474400 1300
1474410 1301
1474420 1302
1474430 1302
1474440 1305
1474450 1309
1474460 1309
1474470 1314
1474480 1318
1474490 1318
1474500 1321
1474510 1324
1474520 1324
1474530 1329
1474540 1335
1474550 1335
1474560 1341
1474570 1346
1474580 1346
1474590 1352
1474600 1358
1474610 1366
1474620 1366
1474630 1375
1474640 1384
1474650 1384
1474660 1392
1474670 1400
1474680 1400
1474690 1409
1474700 1418
1474710 1418
1474720 1427
1474730 1436
1474740 1436
1474750 1444
1474760 1454
1474770 1454
1474780 1464
1474790 1473
1474800 1473
1474810 1482
1474820 1492
1474830 1503
1474840 1503
1474850 1511
1474860 1515
1474870 1515
1474880 1521
1474890 1527
1474900 1527
1474910 1531
1474920 1535
1474930 1535
1474940 1541
1474950 1546
1474960 1546
1474970 1550
1474980 1556
1474990 1556
1475000 1564
1475010 1572
1475020 1572
1475030 1581
1475040 1605
1475050 1605
1475060 1619
1475070 1626
1475080 1632
1475090 1632
1475100 1639
1475110 1647
1475120 1647
1475130 1652
1475140 1653
1475150 1653
1475160 1654
1475170 1662
1475180 1662
1475190 1666
1475200 1668
1475210 1668
1475220 1674
1475230 1684
1475240 1684
1475250 1692
1475260 1700
1475270 1700
1475280 1710
1475290 1723
1475300 1735
1475310 1735
1475320 1741
1475330 1752
1475340 1752
1475350 1762
1475360 1773
1475370 1773
1475380 1784
1475390 1795
1475400 1795
1475410 1805
1475420 1812
1475430 1812
1475440 1816
1475450 1822
1475460 1822
1475470 1828
1475480 1837
1475490 1837
1475500 1847
1475510 1856
1475520 1865
1475530 1865
1475540 1875
1475550 1886
1475560 1886
1475570 1897
1475580 1906
1475590 1906
1475600 1916
1475610 1925
1475620 1925
1475630 1933
1475640 1939
1475650 1939
1475660 1927
1475670 1917
1475680 1917
1475690 1918
1475700 1910
1475710 1910
1475720 1901
1475730 1895
1475740 1895
1475750 1891
1475760 1887
1475770 1882
1475780 1882
1475790 1877
1475800 1870
1475810 1870
1475820 1862
1475830 1852
1475840 1852
1475850 1839
1475860 1828
1475870 1828
1475880 1820
1475890 1817
1475900 1817
1475910 1812
1475920 1806
1475930 1806
1475940 1800
1475950 1793
1475960 1793
1475970 1788
1475980 1782
1475990 1776
1476000 1776
1476010 1769
1476020 1763
1476030 1763
1476040 1757
1476050 1752
1476060 1752
1476070 1748
1476080 1745
1476090 1745
1476100 1742
1476110 1737
1476120 1737
1476130 1734
1476140 1732
1476150 1732
1476160 1732
1476170 1730
1476180 1730
1476190 1727
1476200 1726
1476210 1723
1476220 1723
1476230 1722
1476240 1720
1476250 1720
1476260 1717
1476270 1717
1476280 1717
1476290 1716
1476300 1715
1476310 1715
1476320 1715
1476330 1715
1476340 1715
1476350 1716
1476360 1716
1476370 1716
1476380 1715
1476390 1712
1476400 1712
1476410 1710
1476420 1709
1476430 1709
1476440 1708
1476450 1708
1476460 1708
1476470 1708
1476480 1708
1476490 1708
1476500 1708
1476510 1708
1476520 1707
1476530 1707
1476540 1707
1476550 1706
1476560 1706
1476570 1704
1476580 1703
1476590 1703
1476600 1703
1476610 1702
1476620 1702
1476630 1701
1476640 1702
1476650 1702
1476660 1701
1476670 1700
1476680 1699
1476690 1699
1476700 1697
1476710 1697
1476720 1697
1476730 1696
1476740 1695
1476750 1695
1476760 1693
1476770 1692
1476780 1692
1476790 1689
1476800 1686
1476810 1686
1476820 1683
1476830 1680
1476840 1680
1476850 1674
1476860 1671
1476870 1671
1476880 1668
1476890 1666
1476900 1666
1476910 1666
1476920 1666
1476930 1665
1476940 1665
1476950 1664
1476960 1664
1476970 1664
1476980 1661
1476990 1657
1477000 1657
1477010 1653
1477020 1650
1477030 1650
1477040 1648
1477050 1647
1477060 1647
1477070 1645
1477080 1640
1477090 1640
1477100 1630
1477110 1620
1477120 1620
1477130 1612
1477140 1605
1477150 1599
1477160 1599
1477170 1593
1477180 1587
1477190 1587
1477200 1583
1477210 1581
1477220 1581
1477230 1577
1477240 1572
1477250 1572
1477260 1567
1477270 1563
1477280 1563
1477290 1561
1477300 1560
1477310 1560
1477320 1559
1477330 1558
1477340 1558
1477350 1557
1477360 1554
1477370 1553
1477380 1553
1477390 1553
1477400 1552
1477410 1552
1477420 1551
1477430 1550
1477440 1550
1477450 1549
1477460 1548
1477470 1548
1477480 1548
1477490 1546
1477500 1546
1477510 1543
1477520 1540
1477530 1540
1477540 1538
1477550 1534
1477560 1534
1477570 1529
1477580 1525
1477590 1520
1477600 1520
1477610 1513
1477620 1507
1477630 1507
1477640 1500
1477650 1492
1477660 1492
1477670 1483
1477680 1475
1477690 1475
1477700 1466
1477710 1458
1477720 1458
1477730 1451
1477740 1447
1477750 1447
1477760 1447
1477770 1448
1477780 1448
1477790 1449
1477800 1449
1477810 1449
1477820 1447
1477830 1434
1477840 1411
1477850 1411
1477860 1405
1477870 1405
1477880 1405
1477890 1403
1477900 1405
1477910 1405
1477920 1406
1477930 1395
1477940 1395
1477950 1385
1477960 1381
1477970 1381
1477980 1376
1477990 1371
1478000 1371
1478010 1367
1478020 1358
1478030 1358
1478040 1351
1478050 1343
1478060 1329
1478070 1329
1478080 1321
1478090 1317
1478100 1317
1478110 1311
1478120 1308
1478130 1308
1478140 1306
1478150 1296
1478160 1296
1478170 1287
1478180 1279
1478190 1279
1478200 1278
1478210 1270
1478220 1270
1478230 1259
1478240 1250
1478250 1250
1478260 1244
1478270 1238
1478280 1231
1478290 1231
1478300 1224
1478310 1209
1478320 1209
1478330 1194
1478340 1187
1478350 1187
1478360 1180
1478370 1169
1478380 1169
1478390 1162
1478400 1161
1478410 1161
1478420 1157
1478430 1150
1478440 1150
1478450 1142
1478460 1136
1478470 1136
1478480 1132
1478490 1127
1478500 1127
1478510 1126
1478520 1123
1478530 1117
1478540 1117
1478550 1112
1478560 1108
1478570 1108
1478580 1105
1478590 1100
1478600 1100
1478610 1095
1478620 1091
1478630 1091
1478640 1086
1478650 1081
1478660 1081
1478670 1078
1478680 1075
1478690 1075
1478700 1071
1478710 1068
1478720 1068
1478730 1065
1478740 1062
1478750 1059
1478760 1059
1478770 1056
1478780 1053
1478790 1053
1478800 1051
1478810 1049
1478820 1049
1478830 1048
1478840 1047
1478850 1047
1478860 1046
1478870 1046
1478880 1046
1478890 1045
1478900 1044
1478910 1044
1478920 1043
1478930 1043
1478940 1043
1478950 1042
1478960 1042
1478970 1042
1478980 1041
1478990 1041
1479000 1041
1479010 1041
1479020 1041
1479030 1041
1479040 1041
1479050 1040
1479060 1040
1479070 1040
1479080 1041
1479090 1041
1479100 1041
1479110 1041
1479120 1041
1479130 1041
1479140 1041
1479150 1041
1479160 1041
1479170 1041
1479180 1042
1479190 1042
1479200 1042
1479210 1042
1479220 1042
1479230 1042
1479240 1042
1479250 1042
1479260 1042
1479270 1043
1479280 1043
1479290 1043
1479300 1043
1479310 1043
1479320 1043
1479330 1044
1479340 1044
1479350 1044
1479360 1044
1479370 1045
1479380 1045
1479390 1046
1479400 1046
1479410 1046
1479420 1047
1479430 1048
1479440 1048
1479450 1048
1479460 1048
1479470 1049
1479480 1049
1479490 1050
1479500 1051
1479510 1051
1479520 1052
1479530 1052
1479540 1052
1479550 1052
1479560 1054
1479570 1054
1479580 1055
1479590 1057
1479600 1057
1479610 1060
1479620 1064
1479630 1064
1479640 1070
1479650 1078
1479660 1078
1479670 1088
1479680 1097
1479690 1105
1479700 1105
1479710 1114
1479720 1124
1479730 1124
1479740 1135
1479750 1145
1479760 1145
1479770 1156
1479780 1167
1479790 1167
1479800 1177
1479810 1184
1479820 1184
1479830 1193
1479840 1202
1479850 1202
1479860 1211
1479870 1219
1479880 1219
1479890 1229
1479900 1239
1479910 1247
1479920 1247
1479930 1254
1479940 1261
1479950 1261
1479960 1267
1479970 1272
1479980 1272
1479990 1277
