1460000 843
1460010 843
1460020 844
1460030 844
1460040 844
1460050 843
1460060 843
1460070 843
1460080 843
1460090 843
1460100 843
1460110 843
1460120 843
1460130 843
1460140 843
1460150 843
1460160 843
1460170 843
1460180 843
1460190 843
1460200 843
1460210 843
1460220 844
1460230 844
1460240 845
1460250 845
1460260 845
1460270 846
1460280 846
1460290 846
1460300 848
1460310 850
1460320 853
1460330 853
1460340 857
1460350 861
1460360 861
1460370 865
1460380 870
1460390 870
1460400 874
1460410 878
1460420 878
1460430 882
1460440 887
1460450 887
1460460 892
1460470 898
1460480 898
1460490 904
1460500 909
1460510 909
1460520 915
1460530 920
1460540 925
1460550 925
1460560 931
1460570 936
1460580 936
1460590 942
1460600 949
1460610 949
1460620 955
1460630 962
1460640 962
1460650 968
1460660 976
1460670 976
1460680 985
1460690 990
1460700 990
1460710 997
1460720 1004
1460730 1004
1460740 1011
1460750 1018
1460760 1018
1460770 1024
1460780 1030
1460790 1037
1460800 1037
1460810 1044
1460820 1051
1460830 1051
1460840 1058
1460850 1064
1460860 1064
1460870 1069
1460880 1075
1460890 1075
1460900 1080
1460910 1085
1460920 1085
1460930 1091
1460940 1098
1460950 1098
1460960 1104
1460970 1111
1460980 1111
1460990 1118
1461000 1126
1461010 1133
1461020 1133
1461030 1141
1461040 1150
1461050 1150
1461060 1159
1461070 1167
1461080 1167
1461090 1174
1461100 1182
1461110 1182
1461120 1192
1461130 1203
1461140 1203
1461150 1210
1461160 1217
1461170 1217
1461180 1222
1461190 1226
1461200 1226
1461210 1231
1461220 1237
1461230 1237
1461240 1242
1461250 1247
1461260 1252
1461270 1252
1461280 1257
1461290 1262
1461300 1262
1461310 1267
1461320 1272
1461330 1272
1461340 1279
1461350 1285
1461360 1285
1461370 1293
1461380 1301
1461390 1301
1461400 1308
1461410 1313
1461420 1313
1461430 1317
1461440 1319
1461450 1319
1461460 1322
1461470 1325
1461480 1330
1461490 1330
1461500 1336
1461510 1340
1461520 1340
1461530 1341
1461540 1342
1461550 1342
1461560 1343
1461570 1346
1461580 1346
1461590 1348
1461600 1351
1461610 1351
1461620 1354
1461630 1355
1461640 1355
1461650 1358
1461660 1363
1461670 1363
1461680 1366
1461690 1371
1461700 1373
1461710 1373
1461720 1376
1461730 1380
1461740 1380
1461750 1382
1461760 1385
1461770 1385
1461780 1388
1461790 1391
1461800 1391
1461810 1393
1461820 1394
1461830 1394
1461840 1393
1461850 1393
1461860 1393
1461870 1395
1461880 1397
1461890 1397
1461900 1400
1461910 1404
1461920 1404
1461930 1406
1461940 1406
1461950 1403
1461960 1403
1461970 1400
1461980 1396
1461990 1396
1462000 1396
1462010 1404
1462020 1404
1462030 1409
1462040 1415
1462050 1415
1462060 1419
1462070 1423
1462080 1423
1462090 1425
1462100 1426
1462110 1426
1462120 1426
1462130 1428
1462140 1428
1462150 1429
1462160 1425
1462170 1421
1462180 1421
1462190 1412
1462200 1404
1462210 1404
1462220 1405
1462230 1408
1462240 1408
1462250 1408
1462260 1406
1462270 1406
1462280 1402
1462290 1397
1462300 1397
1462310 1394
1462320 1396
1462330 1396
1462340 1393
1462350 1386
1462360 1386
1462370 1384
1462380 1385
1462390 1385
1462400 1382
1462410 1383
1462420 1383
1462430 1383
1462440 1383
1462450 1383
1462460 1383
1462470 1384
1462480 1393
1462490 1393
1462500 1400
1462510 1408
1462520 1408
1462530 1415
1462540 1423
1462550 1423
1462560 1429
1462570 1435
1462580 1435
1462590 1440
1462600 1443
1462610 1443
1462620 1446
1462630 1452
1462640 1459
1462650 1459
1462660 1466
1462670 1474
1462680 1474
1462690 1482
1462700 1491
1462710 1491
1462720 1500
1462730 1508
1462740 1508
1462750 1517
1462760 1525
1462770 1525
1462780 1533
1462790 1541
1462800 1541
1462810 1550
1462820 1560
1462830 1560
1462840 1571
1462850 1585
1462860 1593
1462870 1593
1462880 1600
1462890 1607
1462900 1607
1462910 1610
1462920 1612
1462930 1612
1462940 1614
1462950 1613
1462960 1613
1462970 1615
1462980 1620
1462990 1620
1463000 1622
1463010 1620
1463020 1620
1463030 1617
1463040 1615
1463050 1615
1463060 1611
1463070 1608
1463080 1608
1463090 1614
1463100 1621
1463110 1622
1463120 1622
1463130 1619
1463140 1625
1463150 1625
1463160 1637
1463170 1657
1463180 1657
1463190 1672
1463200 1681
1463210 1681
1463220 1692
1463230 1704
1463240 1704
1463250 1714
1463260 1725
1463270 1725
1463280 1731
1463290 1735
1463300 1735
1463310 1745
1463320 1762
1463330 1774
1463340 1774
1463350 1770
1463360 1761
1463370 1761
1463380 1756
1463390 1753
1463400 1753
1463410 1749
1463420 1738
1463430 1738
1463440 1741
1463450 1754
1463460 1754
1463470 1771
1463480 1783
1463490 1783
1463500 1795
1463510 1805
1463520 1805
1463530 1814
1463540 1827
1463550 1827
1463560 1838
1463570 1847
1463580 1856
1463590 1856
1463600 1865
1463610 1874
1463620 1874
1463630 1882
1463640 1891
1463650 1891
1463660 1899
1463670 1906
1463680 1906
1463690 1913
1463700 1919
1463710 1919
1463720 1927
1463730 1934
1463740 1934
1463750 1941
1463760 1950
1463770 1950
1463780 1959
1463790 1969
1463800 1978
1463810 1978
1463820 1989
1463830 1994
1463840 1994
1463850 1996
1463860 2003
1463870 2003
1463880 2010
1463890 2017
1463900 2017
1463910 2024
1463920 2030
1463930 2030
1463940 2037
1463950 2042
1463960 2042
1463970 2048
1463980 2054
1463990 2054
1464000 2060
1464010 2066
1464020 2066
1464030 2073
1464040 2080
1464050 2087
1464060 2087
1464070 2094
1464080 2100
1464090 2100
1464100 2097
1464110 2096
1464120 2096
1464130 2095
1464140 2097
1464150 2097
1464160 2106
1464170 2116
1464180 2116
1464190 2119
1464200 2119
1464210 2119
1464220 2118
1464230 2124
1464240 2124
1464250 2128
1464260 2133
1464270 2140
1464280 2140
1464290 2146
1464300 2152
1464310 2152
1464320 2159
1464330 2167
1464340 2167
1464350 2175
1464360 2184
1464370 2184
1464380 2190
1464390 2196
1464400 2196
1464410 2204
1464420 2214
1464430 2214
1464440 2219
1464450 2226
1464460 2226
1464470 2238
1464480 2253
1464490 2263
1464500 2263
1464510 2262
1464520 2267
1464530 2267
1464540 2275
1464550 2283
1464560 2283
1464570 2293
1464580 2305
1464590 2305
1464600 2316
1464610 2325
1464620 2325
1464630 2334
1464640 2342
1464650 2342
1464660 2350
1464670 2355
1464680 2355
1464690 2353
1464700 2348
1464710 2348
1464720 2342
1464730 2337
1464740 2331
1464750 2331
1464760 2325
1464770 2320
1464780 2320
1464790 2315
1464800 2311
1464810 2311
1464820 2306
1464830 2302
1464840 2302
1464850 2297
1464860 2291
1464870 2291
1464880 2286
1464890 2280
1464900 2280
1464910 2276
1464920 2274
1464930 2274
1464940 2271
1464950 2268
1464960 2266
1464970 2266
1464980 2270
1464990 2272
1465000 2272
1465010 2277
1465020 2281
1465030 2281
1465040 2282
1465050 2282
1465060 2282
1465070 2281
1465080 2279
1465090 2279
1465100 2277
1465110 2274
1465120 2274
1465130 2271
1465140 2267
1465150 2267
1465160 2265
1465170 2264
1465180 2264
1465190 2264
1465200 2267
1465210 2270
1465220 2270
1465230 2272
1465240 2274
1465250 2274
1465260 2272
1465270 2260
1465280 2260
1465290 2242
1465300 2234
1465310 2234
1465320 2229
1465330 2226
1465340 2226
1465350 2225
1465360 2223
1465370 2223
1465380 2221
1465390 2220
1465400 2220
1465410 2216
1465420 2212
1465430 2209
1465440 2209
1465450 2206
1465460 2202
1465470 2202
1465480 2198
1465490 2192
1465500 2192
1465510 2189
1465520 2187
1465530 2187
1465540 2181
1465550 2173
1465560 2173
1465570 2165
1465580 2159
1465590 2159
1465600 2153
1465610 2146
1465620 2146
1465630 2140
1465640 2135
1465650 2135
1465660 2131
1465670 2126
1465680 2120
1465690 2120
1465700 2114
1465710 2107
1465720 2107
1465730 2101
1465740 2096
1465750 2096
1465760 2089
1465770 2083
1465780 2083
1465790 2078
1465800 2073
1465810 2073
1465820 2070
1465830 2067
1465840 2067
1465850 2065
1465860 2062
1465870 2062
1465880 2060
1465890 2057
1465900 2054
1465910 2054
1465920 2053
1465930 2050
1465940 2050
1465950 2046
1465960 2042
1465970 2042
1465980 2039
1465990 2036
1466000 2036
1466010 2031
1466020 2027
1466030 2027
1466040 2021
1466050 2015
1466060 2015
1466070 2008
1466080 2002
1466090 2002
1466100 1996
1466110 1991
1466120 1986
1466130 1986
1466140 1982
1466150 1977
1466160 1977
1466170 1972
1466180 1967
1466190 1967
1466200 1964
1466210 1960
1466220 1960
1466230 1955
1466240 1949
1466250 1949
1466260 1943
1466270 1938
1466280 1938
1466290 1932
1466300 1925
1466310 1925
1466320 1920
1466330 1916
1466340 1916
1466350 1911
1466360 1907
1466370 1903
1466380 1903
1466390 1899
1466400 1893
1466410 1893
1466420 1888
1466430 1884
1466440 1884
1466450 1881
1466460 1878
1466470 1878
1466480 1875
1466490 1870
1466500 1870
1466510 1867
1466520 1863
1466530 1863
1466540 1859
1466550 1854
1466560 1854
1466570 1849
1466580 1842
1466590 1836
1466600 1836
1466610 1830
1466620 1824
1466630 1824
1466640 1818
1466650 1812
1466660 1812
1466670 1804
1466680 1795
1466690 1795
1466700 1785
1466710 1778
1466720 1778
1466730 1772
1466740 1766
1466750 1766
1466760 1761
1466770 1756
1466780 1756
1466790 1750
1466800 1746
1466810 1746
1466820 1741
1466830 1735
1466840 1728
1466850 1728
1466860 1721
1466870 1718
1466880 1718
1466890 1715
1466900 1712
1466910 1712
1466920 1708
1466930 1703
1466940 1703
1466950 1697
1466960 1693
1466970 1693
1466980 1690
1466990 1687
1467000 1687
1467010 1683
1467020 1677
1467030 1677
1467040 1674
1467050 1670
1467060 1667
1467070 1667
1467080 1664
1467090 1661
1467100 1661
1467110 1658
1467120 1656
1467130 1656
1467140 1652
1467150 1647
1467160 1647
1467170 1643
1467180 1640
1467190 1640
1467200 1638
1467210 1638
1467220 1638
1467230 1641
1467240 1645
1467250 1645
1467260 1650
1467270 1652
1467280 1652
1467290 1655
1467300 1657
1467310 1659
1467320 1659
1467330 1663
1467340 1667
1467350 1667
1467360 1671
1467370 1676
1467380 1676
1467390 1681
1467400 1685
1467410 1685
1467420 1689
1467430 1695
1467440 1695
1467450 1705
1467460 1712
1467470 1712
1467480 1716
1467490 1721
1467500 1721
1467510 1730
1467520 1734
1467530 1744
1467540 1744
1467550 1751
1467560 1758
1467570 1758
1467580 1765
1467590 1771
1467600 1771
1467610 1774
1467620 1776
1467630 1776
1467640 1779
1467650 1783
1467660 1783
1467670 1785
1467680 1787
1467690 1787
1467700 1788
1467710 1791
1467720 1791
1467730 1795
1467740 1799
1467750 1803
1467760 1803
1467770 1805
1467780 1807
1467790 1807
1467800 1808
1467810 1809
1467820 1809
1467830 1811
1467840 1814
1467850 1814
1467860 1817
1467870 1820
1467880 1820
1467890 1822
1467900 1825
1467910 1825
1467920 1829
1467930 1832
1467940 1832
1467950 1837
1467960 1841
1467970 1841
1467980 1844
1467990 1846
1468000 1847
1468010 1847
1468020 1846
1468030 1851
1468040 1851
1468050 1854
1468060 1856
1468070 1856
1468080 1857
1468090 1858
1468100 1858
1468110 1859
1468120 1861
1468130 1861
1468140 1862
1468150 1864
1468160 1864
1468170 1866
1468180 1865
1468190 1865
1468200 1867
1468210 1869
1468220 1871
1468230 1871
1468240 1872
1468250 1874
1468260 1874
1468270 1875
1468280 1877
1468290 1877
1468300 1879
1468310 1882
1468320 1882
1468330 1885
1468340 1888
1468350 1888
1468360 1892
1468370 1896
1468380 1896
1468390 1901
1468400 1906
1468410 1906
1468420 1912
1468430 1917
1468440 1917
1468450 1922
1468460 1928
1468470 1934
1468480 1934
1468490 1940
1468500 1948
1468510 1948
1468520 1957
1468530 1970
1468540 1970
1468550 1983
1468560 1991
1468570 1991
1468580 1999
1468590 2006
1468600 2006
1468610 2013
1468620 2022
1468630 2022
1468640 2031
1468650 2041
1468660 2041
1468670 2050
1468680 2058
1468690 2065
1468700 2065
1468710 2072
1468720 2078
1468730 2078
1468740 2083
1468750 2087
1468760 2087
1468770 2092
1468780 2097
1468790 2097
1468800 2102
1468810 2108
1468820 2108
1468830 2115
1468840 2119
1468850 2119
1468860 2124
1468870 2131
1468880 2131
1468890 2135
1468900 2132
1468910 2132
1468920 2127
1468930 2123
1468940 2118
1468950 2118
1468960 2112
1468970 2109
1468980 2109
1468990 2105
1469000 2102
1469010 2102
1469020 2098
1469030 2093
1469040 2093
1469050 2088
1469060 2083
1469070 2083
1469080 2079
1469090 2075
1469100 2075
1469110 2072
1469120 2070
1469130 2070
1469140 2066
1469150 2062
1469160 2058
1469170 2058
1469180 2055
1469190 2052
1469200 2052
1469210 2047
1469220 2041
1469230 2041
1469240 2035
1469250 2031
1469260 2031
1469270 2028
1469280 2024
1469290 2024
1469300 2019
1469310 2013
1469320 2013
1469330 2008
1469340 2002
1469350 2002
1469360 1997
1469370 1989
1469380 1981
1469390 1981
1469400 1972
1469410 1964
1469420 1964
1469430 1956
1469440 1948
1469450 1948
1469460 1941
1469470 1934
1469480 1934
1469490 1928
1469500 1922
1469510 1922
1469520 1916
1469530 1911
1469540 1911
1469550 1907
1469560 1902
1469570 1902
1469580 1896
1469590 1890
1469600 1890
1469610 1882
1469620 1875
1469630 1867
1469640 1867
1469650 1861
1469660 1856
1469670 1856
1469680 1851
1469690 1848
1469700 1848
1469710 1843
1469720 1837
1469730 1837
1469740 1833
1469750 1828
1469760 1828
1469770 1822
1469780 1819
1469790 1819
1469800 1816
1469810 1813
1469820 1813
1469830 1810
1469840 1807
1469850 1804
1469860 1804
1469870 1803
1469880 1803
1469890 1803
1469900 1801
1469910 1797
1469920 1797
1469930 1792
1469940 1787
1469950 1787
1469960 1783
1469970 1779
1469980 1779
1469990 1776
1470000 1772
1470010 1772
1470020 1768
1470030 1763
1470040 1763
1470050 1759
1470060 1755
1470070 1755
1470080 1752
1470090 1749
1470100 1744
1470110 1744
1470120 1740
1470130 1734
1470140 1734
1470150 1730
1470160 1728
1470170 1728
1470180 1724
1470190 1721
1470200 1721
1470210 1718
1470220 1714
1470230 1714
1470240 1709
1470250 1706
1470260 1706
1470270 1702
1470280 1697
1470290 1697
1470300 1690
1470310 1683
1470320 1676
1470330 1676
1470340 1670
1470350 1666
1470360 1666
1470370 1663
1470380 1660
1470390 1660
1470400 1655
1470410 1649
1470420 1649
1470430 1643
1470440 1636
1470450 1636
1470460 1630
1470470 1624
1470480 1624
1470490 1618
1470500 1613
1470510 1613
1470520 1607
1470530 1602
1470540 1602
1470550 1598
1470560 1594
1470570 1589
1470580 1589
1470590 1584
1470600 1580
1470610 1580
1470620 1576
1470630 1570
1470640 1570
1470650 1564
1470660 1559
1470670 1559
1470680 1554
1470690 1549
1470700 1549
1470710 1545
1470720 1540
1470730 1540
1470740 1537
1470750 1533
1470760 1533
1470770 1529
1470780 1525
1470790 1519
1470800 1519
1470810 1510
1470820 1503
1470830 1503
1470840 1498
1470850 1491
1470860 1491
1470870 1486
1470880 1479
1470890 1479
1470900 1472
1470910 1466
1470920 1466
1470930 1459
1470940 1455
1470950 1455
1470960 1457
1470970 1462
1470980 1462
1470990 1466
1471000 1471
1471010 1475
1471020 1475
1471030 1479
1471040 1483
1471050 1483
1471060 1486
1471070 1489
1471080 1489
1471090 1492
1471100 1495
1471110 1495
1471120 1500
1471130 1505
1471140 1505
1471150 1511
1471160 1517
1471170 1517
1471180 1524
1471190 1530
1471200 1530
1471210 1538
1471220 1544
1471230 1544
1471240 1554
1471250 1567
1471260 1576
1471270 1576
1471280 1580
1471290 1584
1471300 1584
1471310 1588
1471320 1591
1471330 1591
1471340 1595
1471350 1600
1471360 1600
1471370 1604
1471380 1608
1471390 1608
1471400 1611
1471410 1613
1471420 1613
1471430 1616
1471440 1619
1471450 1619
1471460 1622
1471470 1625
1471480 1629
1471490 1629
1471500 1633
1471510 1636
1471520 1636
1471530 1639
1471540 1642
1471550 1642
1471560 1646
1471570 1650
1471580 1650
1471590 1652
1471600 1656
1471610 1656
1471620 1660
1471630 1664
1471640 1664
1471650 1667
1471660 1670
1471670 1670
1471680 1674
1471690 1676
1471700 1676
1471710 1675
1471720 1678
1471730 1682
1471740 1682
1471750 1683
1471760 1683
1471770 1686
1471780 1690
1471790 1694
1471800 1694
1471810 1699
1471820 1704
1471830 1704
1471840 1716
1471850 1726
1471860 1726
1471870 1733
1471880 1739
1471890 1739
1471900 1747
1471910 1756
1471920 1756
1471930 1762
1471940 1766
1471950 1770
1471960 1770
1471970 1775
1471980 1780
1471990 1780
1472000 1785
1472010 1789
1472020 1789
1472030 1793
1472040 1797
1472050 1797
1472060 1800
1472070 1804
1472080 1804
1472090 1808
1472100 1812
1472110 1812
1472120 1816
1472130 1820
1472140 1820
1472150 1823
1472160 1827
1472170 1827
1472180 1831
1472190 1835
1472200 1840
1472210 1840
1472220 1845
1472230 1849
1472240 1849
1472250 1854
1472260 1857
1472270 1857
1472280 1862
1472290 1867
1472300 1867
1472310 1873
1472320 1878
1472330 1878
1472340 1883
1472350 1888
1472360 1888
1472370 1892
1472380 1895
1472390 1895
1472400 1898
1472410 1901
1472420 1904
1472430 1904
1472440 1901
1472450 1902
1472460 1902
1472470 1903
1472480 1902
1472490 1902
1472500 1899
1472510 1896
1472520 1896
1472530 1894
1472540 1893
1472550 1893
1472560 1892
1472570 1890
1472580 1890
1472590 1887
1472600 1885
1472610 1885
1472620 1884
1472630 1883
1472640 1881
1472650 1881
1472660 1879
1472670 1877
1472680 1877
1472690 1874
1472700 1870
1472710 1870
1472720 1865
1472730 1860
1472740 1860
1472750 1856
1472760 1854
1472770 1854
1472780 1853
1472790 1849
1472800 1849
1472810 1843
1472820 1837
1472830 1837
1472840 1830
1472850 1823
1472860 1823
1472870 1814
1472880 1804
1472890 1796
1472900 1796
1472910 1789
1472920 1783
1472930 1783
1472940 1779
1472950 1776
1472960 1776
1472970 1774
1472980 1770
1472990 1770
1473000 1765
1473010 1759
1473020 1759
1473030 1752
1473040 1746
1473050 1746
1473060 1743
1473070 1739
1473080 1739
1473090 1734
1473100 1728
1473110 1724
1473120 1724
1473130 1721
1473140 1718
1473150 1718
1473160 1714
1473170 1711
1473180 1711
1473190 1708
1473200 1706
1473210 1706
1473220 1703
1473230 1697
1473240 1697
1473250 1693
1473260 1692
1473270 1692
1473280 1690
1473290 1687
1473300 1687
1473310 1684
1473320 1682
1473330 1682
1473340 1679
1473350 1675
1473360 1672
1473370 1672
1473380 1668
1473390 1664
1473400 1664
1473410 1660
1473420 1656
1473430 1656
1473440 1652
1473450 1647
1473460 1647
1473470 1645
1473480 1640
1473490 1640
1473500 1635
1473510 1630
1473520 1630
1473530 1625
1473540 1621
1473550 1621
1473560 1617
1473570 1612
1473580 1608
1473590 1608
1473600 1602
1473610 1596
1473620 1596
1473630 1587
1473640 1582
1473650 1582
1473660 1571
1473670 1561
1473680 1561
1473690 1552
1473700 1543
1473710 1543
1473720 1534
1473730 1526
1473740 1526
1473750 1517
1473760 1508
1473770 1508
1473780 1502
1473790 1497
1473800 1492
1473810 1492
1473820 1485
1473830 1478
1473840 1478
1473850 1471
1473860 1464
1473870 1464
1473880 1457
1473890 1451
1473900 1451
1473910 1443
1473920 1436
1473930 1436
1473940 1428
1473950 1420
1473960 1420
1473970 1411
1473980 1405
1473990 1405
1474000 1399
1474010 1391
1474020 1391
1474030 1383
1474040 1374
1474050 1366
1474060 1366
1474070 1357
1474080 1347
1474090 1347
1474100 1338
1474110 1331
1474120 1331
1474130 1324
1474140 1316
1474150 1316
1474160 1309
1474170 1302
1474180 1302
1474190 1295
1474200 1288
1474210 1288
1474220 1282
1474230 1276
1474240 1276
1474250 1270
1474260 1264
1474270 1257
1474280 1257
1474290 1250
1474300 1246
1474310 1246
1474320 1245
1474330 1244
1474340 1244
1474350 1244
1474360 1245
1474370 1245
1474380 1247
1474390 1254
1474400 1254
1474410 1260
1474420 1262
1474430 1262
1474440 1264
1474450 1265
1474460 1265
1474470 1267
1474480 1271
1474490 1271
1474500 1277
1474510 1282
1474520 1287
1474530 1287
1474540 1294
1474550 1302
1474560 1302
1474570 1310
1474580 1318
1474590 1318
1474600 1327
1474610 1334
1474620 1334
1474630 1344
1474640 1353
1474650 1353
1474660 1365
1474670 1384
1474680 1384
1474690 1402
1474700 1412
1474710 1412
1474720 1423
1474730 1433
1474740 1441
1474750 1441
1474760 1449
1474770 1459
1474780 1459
1474790 1474
1474800 1487
1474810 1487
1474820 1497
1474830 1503
1474840 1503
1474850 1509
1474860 1516
1474870 1516
1474880 1524
1474890 1533
1474900 1533
1474910 1541
1474920 1551
1474930 1551
1474940 1559
1474950 1567
1474960 1567
1474970 1576
1474980 1583
1474990 1591
1475000 1591
1475010 1599
1475020 1609
1475030 1609
1475040 1618
1475050 1626
1475060 1626
1475070 1632
1475080 1637
1475090 1637
1475100 1642
1475110 1649
1475120 1649
1475130 1654
1475140 1659
1475150 1659
1475160 1665
1475170 1670
1475180 1670
1475190 1674
1475200 1676
1475210 1670
1475220 1670
1475230 1663
1475240 1655
1475250 1655
1475260 1646
1475270 1638
1475280 1638
1475290 1632
1475300 1631
1475310 1631
1475320 1633
1475330 1634
1475340 1634
1475350 1634
1475360 1634
1475370 1634
1475380 1634
1475390 1634
1475400 1634
1475410 1633
1475420 1632
1475430 1630
1475440 1630
1475450 1627
1475460 1625
1475470 1625
1475480 1624
1475490 1623
1475500 1623
1475510 1621
1475520 1620
1475530 1620
1475540 1618
1475550 1616
1475560 1616
1475570 1613
1475580 1610
1475590 1610
1475600 1605
1475610 1600
1475620 1600
1475630 1595
1475640 1589
1475650 1589
1475660 1583
1475670 1577
1475680 1572
1475690 1572
1475700 1567
1475710 1563
1475720 1563
1475730 1560
1475740 1555
1475750 1555
1475760 1552
1475770 1547
1475780 1547
1475790 1543
1475800 1538
1475810 1538
1475820 1534
1475830 1529
1475840 1529
1475850 1524
1475860 1520
1475870 1520
1475880 1516
1475890 1513
1475900 1509
1475910 1509
1475920 1506
1475930 1503
1475940 1503
1475950 1500
1475960 1498
1475970 1498
1475980 1494
1475990 1489
1476000 1489
1476010 1485
1476020 1481
1476030 1481
1476040 1478
1476050 1473
1476060 1473
1476070 1467
1476080 1459
1476090 1459
1476100 1452
1476110 1446
1476120 1446
1476130 1442
1476140 1439
1476150 1435
1476160 1435
1476170 1430
1476180 1426
1476190 1426
1476200 1423
1476210 1421
1476220 1421
1476230 1418
1476240 1413
1476250 1413
1476260 1406
1476270 1401
1476280 1401
1476290 1398
1476300 1394
1476310 1394
1476320 1391
1476330 1387
1476340 1387
1476350 1385
1476360 1384
1476370 1385
1476380 1385
1476390 1386
1476400 1386
1476410 1386
1476420 1387
1476430 1388
1476440 1388
1476450 1390
1476460 1391
1476470 1391
1476480 1392
1476490 1391
1476500 1391
1476510 1390
1476520 1388
1476530 1388
1476540 1386
1476550 1382
1476560 1382
1476570 1379
1476580 1375
1476590 1375
1476600 1373
1476610 1369
1476620 1367
1476630 1367
1476640 1362
1476650 1360
1476660 1360
1476670 1361
1476680 1361
1476690 1361
1476700 1360
1476710 1360
1476720 1360
1476730 1359
1476740 1359
1476750 1359
1476760 1359
1476770 1359
1476780 1359
1476790 1359
1476800 1359
1476810 1359
1476820 1358
1476830 1357
1476840 1356
1476850 1356
1476860 1353
1476870 1351
1476880 1351
1476890 1348
1476900 1345
1476910 1345
1476920 1342
1476930 1340
1476940 1340
1476950 1338
1476960 1335
1476970 1335
1476980 1332
1476990 1329
1477000 1329
1477010 1326
1477020 1323
1477030 1323
1477040 1321
1477050 1318
1477060 1314
1477070 1314
1477080 1310
1477090 1307
1477100 1307
1477110 1305
1477120 1302
1477130 1302
1477140 1299
1477150 1296
1477160 1296
1477170 1293
1477180 1290
1477190 1290
1477200 1288
1477210 1285
1477220 1285
1477230 1282
1477240 1280
1477250 1280
1477260 1275
1477270 1270
1477280 1270
1477290 1264
1477300 1260
1477310 1254
1477320 1254
1477330 1251
1477340 1246
1477350 1246
1477360 1241
1477370 1236
1477380 1236
1477390 1230
1477400 1223
1477410 1223
1477420 1217
1477430 1212
1477440 1212
1477450 1207
1477460 1202
1477470 1202
1477480 1197
1477490 1192
1477500 1192
1477510 1185
1477520 1180
1477530 1175
1477540 1175
1477550 1170
1477560 1166
1477570 1166
1477580 1163
1477590 1159
1477600 1159
1477610 1154
1477620 1150
1477630 1150
1477640 1146
1477650 1141
1477660 1141
1477670 1138
1477680 1134
1477690 1134
1477700 1131
1477710 1128
1477720 1128
1477730 1124
1477740 1120
1477750 1120
1477760 1112
1477770 1105
1477780 1100
1477790 1100
1477800 1097
1477810 1093
1477820 1093
1477830 1087
1477840 1081
1477850 1081
1477860 1075
1477870 1070
1477880 1070
1477890 1064
1477900 1059
1477910 1059
1477920 1055
1477930 1050
1477940 1050
1477950 1045
1477960 1043
1477970 1043
1477980 1041
1477990 1039
1478000 1036
1478010 1036
1478020 1034
1478030 1034
1478040 1034
1478050 1033
1478060 1032
1478070 1032
1478080 1030
1478090 1031
1478100 1031
1478110 1031
1478120 1031
1478130 1031
1478140 1030
1478150 1031
1478160 1031
1478170 1031
1478180 1031
1478190 1031
1478200 1030
1478210 1031
1478220 1031
1478230 1031
1478240 1032
1478250 1032
1478260 1032
1478270 1033
1478280 1035
1478290 1035
1478300 1036
1478310 1038
1478320 1038
1478330 1040
1478340 1042
1478350 1042
1478360 1044
1478370 1047
1478380 1047
1478390 1049
1478400 1051
1478410 1051
1478420 1054
1478430 1057
1478440 1057
1478450 1060
1478460 1063
1478470 1066
1478480 1066
1478490 1068
1478500 1071
1478510 1071
1478520 1074
1478530 1076
1478540 1076
1478550 1079
1478560 1081
1478570 1081
1478580 1083
1478590 1085
1478600 1085
1478610 1087
1478620 1087
1478630 1087
1478640 1090
1478650 1092
1478660 1092
1478670 1092
1478680 1092
1478690 1096
1478700 1096
1478710 1100
1478720 1102
1478730 1102
1478740 1105
1478750 1110
1478760 1110
1478770 1116
1478780 1120
1478790 1120
1478800 1124
1478810 1129
1478820 1129
1478830 1133
1478840 1136
1478850 1136
1478860 1140
1478870 1145
1478880 1145
1478890 1149
1478900 1154
1478910 1154
1478920 1164
1478930 1202
1478940 1221
1478950 1221
1478960 1231
1478970 1243
1478980 1243
1478990 1257
1479000 1265
1479010 1265
1479020 1278
1479030 1301
1479040 1301
1479050 1325
1479060 1345
1479070 1345
1479080 1354
1479090 1360
1479100 1360
1479110 1366
1479120 1373
1479130 1373
1479140 1379
1479150 1386
1479160 1394
1479170 1394
1479180 1402
1479190 1410
1479200 1410
1479210 1417
1479220 1419
1479230 1419
1479240 1421
1479250 1427
1479260 1427
1479270 1432
1479280 1439
1479290 1439
1479300 1444
1479310 1450
1479320 1450
1479330 1461
1479340 1465
1479350 1465
1479360 1466
1479370 1473
1479380 1473
1479390 1478
1479400 1484
1479410 1493
1479420 1493
1479430 1501
1479440 1508
1479450 1508
1479460 1515
1479470 1520
1479480 1520
1479490 1526
1479500 1533
1479510 1533
1479520 1539
1479530 1545
1479540 1545
1479550 1551
1479560 1557
1479570 1557
1479580 1563
1479590 1569
1479600 1569
1479610 1576
1479620 1583
1479630 1592
1479640 1592
1479650 1601
1479660 1611
1479670 1611
1479680 1623
1479690 1633
1479700 1633
1479710 1635
1479720 1638
1479730 1638
1479740 1653
1479750 1674
1479760 1674
1479770 1687
1479780 1691
1479790 1691
1479800 1689
1479810 1693
1479820 1693
1479830 1702
1479840 1713
1479850 1713
1479860 1723
1479870 1733
1479880 1742
1479890 1742
1479900 1750
1479910 1759
1479920 1759
1479930 1768
1479940 1777
1479950 1777
1479960 1786
1479970 1797
1479980 1797
1479990 1810
