1460000 978
1460010 978
1460020 978
1460030 980
1460040 984
1460050 991
1460060 991
1460070 997
1460080 1005
1460090 1005
1460100 1013
1460110 1013
1460120 1013
1460130 1013
1460140 1013
1460150 1013
1460160 1015
1460170 1018
1460180 1018
1460190 1020
1460200 1020
1460210 1020
1460220 1019
1460230 1019
1460240 1019
1460250 1019
1460260 1017
1460270 1017
1460280 1017
1460290 1022
1460300 1024
1460310 1024
1460320 1029
1460330 1033
1460340 1033
1460350 1033
1460360 1031
1460370 1031
1460380 1034
1460390 1041
1460400 1041
1460410 1051
1460420 1059
1460430 1059
1460440 1068
1460450 1076
1460460 1076
1460470 1083
1460480 1084
1460490 1084
1460500 1089
1460510 1098
1460520 1098
1460530 1104
1460540 1108
1460550 1122
1460560 1122
1460570 1135
1460580 1139
1460590 1139
1460600 1144
1460610 1149
1460620 1149
1460630 1153
1460640 1156
1460650 1156
1460660 1160
1460670 1165
1460680 1165
1460690 1168
1460700 1171
1460710 1171
1460720 1175
1460730 1178
1460740 1178
1460750 1181
1460760 1185
1460770 1187
1460780 1187
1460790 1190
1460800 1193
1460810 1193
1460820 1195
1460830 1198
1460840 1198
1460850 1205
1460860 1208
1460870 1208
1460880 1210
1460890 1212
1460900 1212
1460910 1215
1460920 1219
1460930 1219
1460940 1222
1460950 1223
1460960 1223
1460970 1225
1460980 1230
1460990 1230
1461000 1233
1461010 1236
1461020 1242
1461030 1242
1461040 1247
1461050 1249
1461060 1249
1461070 1251
1461080 1252
1461090 1252
1461100 1254
1461110 1256
1461120 1256
1461130 1263
1461140 1266
1461150 1266
1461160 1271
1461170 1276
1461180 1276
1461190 1283
1461200 1288
1461210 1288
1461220 1292
1461230 1295
1461240 1295
1461250 1298
1461260 1302
1461270 1307
1461280 1307
1461290 1310
1461300 1313
1461310 1313
1461320 1316
1461330 1318
1461340 1318
1461350 1322
1461360 1328
1461370 1328
1461380 1333
1461390 1338
1461400 1338
1461410 1343
1461420 1347
1461430 1347
1461440 1350
1461450 1352
1461460 1352
1461470 1355
1461480 1358
1461490 1358
1461500 1361
1461510 1363
1461520 1368
1461530 1368
1461540 1372
1461550 1375
1461560 1375
1461570 1379
1461580 1385
1461590 1385
1461600 1388
1461610 1388
1461620 1388
1461630 1392
1461640 1400
1461650 1400
1461660 1403
1461670 1407
1461680 1407
1461690 1415
1461700 1422
1461710 1422
1461720 1430
1461730 1434
1461740 1437
1461750 1437
1461760 1443
1461770 1447
1461780 1447
1461790 1451
1461800 1454
1461810 1454
1461820 1458
1461830 1461
1461840 1461
1461850 1465
1461860 1466
1461870 1466
1461880 1469
1461890 1472
1461900 1472
1461910 1475
1461920 1478
1461930 1478
1461940 1481
1461950 1483
1461960 1483
1461970 1487
1461980 1491
1461990 1493
1462000 1493
1462010 1495
1462020 1497
1462030 1497
1462040 1499
1462050 1501
1462060 1501
1462070 1504
1462080 1509
1462090 1509
1462100 1515
1462110 1523
1462120 1523
1462130 1529
1462140 1535
1462150 1535
1462160 1540
1462170 1545
1462180 1545
1462190 1548
1462200 1551
1462210 1551
1462220 1555
1462230 1560
1462240 1566
1462250 1566
1462260 1572
1462270 1578
1462280 1578
1462290 1583
1462300 1585
1462310 1585
1462320 1588
1462330 1593
1462340 1593
1462350 1597
1462360 1595
1462370 1595
1462380 1594
1462390 1596
1462400 1596
1462410 1597
1462420 1606
1462430 1606
1462440 1619
1462450 1626
1462460 1626
1462470 1633
1462480 1636
1462490 1638
1462500 1638
1462510 1638
1462520 1637
1462530 1637
1462540 1639
1462550 1646
1462560 1646
1462570 1652
1462580 1655
1462590 1655
1462600 1659
1462610 1664
1462620 1664
1462630 1673
1462640 1683
1462650 1683
1462660 1693
1462670 1702
1462680 1702
1462690 1710
1462700 1717
1462710 1724
1462720 1724
1462730 1729
1462740 1736
1462750 1736
1462760 1742
1462770 1749
1462780 1749
1462790 1755
1462800 1761
1462810 1761
1462820 1767
1462830 1773
1462840 1773
1462850 1779
1462860 1785
1462870 1785
1462880 1790
1462890 1795
1462900 1795
1462910 1800
1462920 1807
1462930 1807
1462940 1812
1462950 1818
1462960 1823
1462970 1823
1462980 1828
1462990 1833
1463000 1833
1463010 1839
1463020 1846
1463030 1846
1463040 1851
1463050 1856
1463060 1856
1463070 1862
1463080 1868
1463090 1868
1463100 1874
1463110 1881
1463120 1881
1463130 1888
1463140 1894
1463150 1894
1463160 1901
1463170 1907
1463180 1907
1463190 1912
1463200 1918
1463210 1925
1463220 1925
1463230 1933
1463240 1940
1463250 1940
1463260 1946
1463270 1953
1463280 1953
1463290 1959
1463300 1964
1463310 1964
1463320 1970
1463330 1978
1463340 1978
1463350 1986
1463360 1993
1463370 1993
1463380 2000
1463390 2006
1463400 2006
1463410 2013
1463420 2020
1463430 2027
1463440 2027
1463450 2033
1463460 2039
1463470 2039
1463480 2044
1463490 2044
1463500 2044
1463510 2040
1463520 2036
1463530 2036
1463540 2029
1463550 2019
1463560 2019
1463570 2010
1463580 2003
1463590 2003
1463600 1998
1463610 1995
1463620 1995
1463630 1993
1463640 1992
1463650 1992
1463660 1989
1463670 1980
1463680 1971
1463690 1971
1463700 1965
1463710 1961
1463720 1961
1463730 1958
1463740 1954
1463750 1954
1463760 1951
1463770 1948
1463780 1948
1463790 1945
1463800 1943
1463810 1943
1463820 1941
1463830 1939
1463840 1939
1463850 1935
1463860 1932
1463870 1932
1463880 1932
1463890 1930
1463900 1930
1463910 1927
1463920 1923
1463930 1921
1463940 1921
1463950 1918
1463960 1916
1463970 1916
1463980 1916
1463990 1911
1464000 1911
1464010 1909
1464020 1910
1464030 1910
1464040 1912
1464050 1915
1464060 1915
1464070 1915
1464080 1914
1464090 1914
1464100 1911
1464110 1908
1464120 1908
1464130 1903
1464140 1898
1464150 1898
1464160 1894
1464170 1890
1464180 1885
1464190 1885
1464200 1879
1464210 1874
1464220 1874
1464230 1867
1464240 1861
1464250 1861
1464260 1854
1464270 1847
1464280 1847
1464290 1841
1464300 1834
1464310 1834
1464320 1827
1464330 1822
1464340 1822
1464350 1815
1464360 1809
1464370 1809
1464380 1805
1464390 1800
1464400 1794
1464410 1794
1464420 1789
1464430 1784
1464440 1784
1464450 1778
1464460 1771
1464470 1771
1464480 1768
1464490 1765
1464500 1765
1464510 1763
1464520 1753
1464530 1753
1464540 1740
1464550 1723
1464560 1723
1464570 1707
1464580 1696
1464590 1696
1464600 1685
1464610 1675
1464620 1675
1464630 1662
1464640 1649
1464650 1635
1464660 1635
1464670 1622
1464680 1610
1464690 1610
1464700 1598
1464710 1587
1464720 1587
1464730 1577
1464740 1566
1464750 1566
1464760 1552
1464770 1539
1464780 1539
1464790 1529
1464800 1520
1464810 1520
1464820 1514
1464830 1508
1464840 1508
1464850 1501
1464860 1495
1464870 1495
1464880 1489
1464890 1483
1464900 1477
1464910 1477
1464920 1470
1464930 1465
1464940 1465
1464950 1465
1464960 1464
1464970 1464
1464980 1463
1464990 1462
1465000 1462
1465010 1458
1465020 1453
1465030 1453
1465040 1448
1465050 1443
1465060 1443
1465070 1438
1465080 1433
1465090 1433
1465100 1428
1465110 1423
1465120 1423
1465130 1417
1465140 1411
1465150 1406
1465160 1406
1465170 1402
1465180 1400
1465190 1400
1465200 1399
1465210 1399
1465220 1399
1465230 1399
1465240 1398
1465250 1398
1465260 1397
1465270 1396
1465280 1396
1465290 1395
1465300 1394
1465310 1394
1465320 1397
1465330 1399
1465340 1399
1465350 1401
1465360 1402
1465370 1403
1465380 1403
1465390 1406
1465400 1408
1465410 1408
1465420 1410
1465430 1411
1465440 1411
1465450 1413
1465460 1416
1465470 1416
1465480 1419
1465490 1421
1465500 1421
1465510 1424
1465520 1426
1465530 1426
1465540 1428
1465550 1432
1465560 1432
1465570 1436
1465580 1442
1465590 1442
1465600 1446
1465610 1449
1465620 1452
1465630 1452
1465640 1456
1465650 1461
1465660 1461
1465670 1464
1465680 1468
1465690 1468
1465700 1472
1465710 1475
1465720 1475
1465730 1480
1465740 1485
1465750 1485
1465760 1490
1465770 1495
1465780 1495
1465790 1499
1465800 1504
1465810 1504
1465820 1512
1465830 1525
1465840 1525
1465850 1538
1465860 1555
1465870 1564
1465880 1564
1465890 1569
1465900 1575
1465910 1575
1465920 1581
1465930 1587
1465940 1587
1465950 1593
1465960 1603
1465970 1603
1465980 1621
1465990 1644
1466000 1644
1466010 1670
1466020 1689
1466030 1689
1466040 1696
1466050 1696
1466060 1696
1466070 1697
1466080 1697
1466090 1697
1466100 1701
1466110 1703
1466120 1705
1466130 1705
1466140 1708
1466150 1716
1466160 1716
1466170 1732
1466180 1748
1466190 1748
1466200 1764
1466210 1770
1466220 1770
1466230 1763
1466240 1755
1466250 1755
1466260 1747
1466270 1738
1466280 1738
1466290 1729
1466300 1721
1466310 1721
1466320 1712
1466330 1703
1466340 1694
1466350 1694
1466360 1685
1466370 1677
1466380 1677
1466390 1669
1466400 1661
1466410 1661
1466420 1652
1466430 1645
1466440 1645
1466450 1639
1466460 1634
1466470 1634
1466480 1629
1466490 1623
1466500 1623
1466510 1617
1466520 1611
1466530 1611
1466540 1605
1466550 1598
1466560 1598
1466570 1591
1466580 1584
1466590 1577
1466600 1577
1466610 1571
1466620 1564
1466630 1564
1466640 1558
1466650 1551
1466660 1551
1466670 1544
1466680 1535
1466690 1535
1466700 1526
1466710 1517
1466720 1517
1466730 1506
1466740 1493
1466750 1493
1466760 1483
1466770 1474
1466780 1474
1466790 1467
1466800 1459
1466810 1459
1466820 1451
1466830 1443
1466840 1435
1466850 1435
1466860 1426
1466870 1418
1466880 1418
1466890 1411
1466900 1402
1466910 1402
1466920 1393
1466930 1385
1466940 1385
1466950 1377
1466960 1370
1466970 1370
1466980 1363
1466990 1354
1467000 1354
1467010 1344
1467020 1337
1467030 1337
1467040 1329
1467050 1320
1467060 1320
1467070 1312
1467080 1302
1467090 1294
1467100 1294
1467110 1285
1467120 1277
1467130 1277
1467140 1271
1467150 1265
1467160 1265
1467170 1258
1467180 1251
1467190 1251
1467200 1243
1467210 1236
1467220 1236
1467230 1229
1467240 1223
1467250 1223
1467260 1217
1467270 1212
1467280 1212
1467290 1206
1467300 1199
1467310 1196
1467320 1196
1467330 1192
1467340 1192
1467350 1192
1467360 1197
1467370 1203
1467380 1203
1467390 1210
1467400 1222
1467410 1222
1467420 1227
1467430 1232
1467440 1232
1467450 1237
1467460 1242
1467470 1242
1467480 1245
1467490 1249
1467500 1249
1467510 1253
1467520 1258
1467530 1258
1467540 1263
1467550 1268
1467560 1272
1467570 1272
1467580 1278
1467590 1283
1467600 1283
1467610 1288
1467620 1292
1467630 1292
1467640 1297
1467650 1304
1467660 1304
1467670 1309
1467680 1315
1467690 1315
1467700 1322
1467710 1331
1467720 1331
1467730 1338
1467740 1345
1467750 1345
1467760 1352
1467770 1359
1467780 1359
1467790 1364
1467800 1370
1467810 1377
1467820 1377
1467830 1384
1467840 1391
1467850 1391
1467860 1397
1467870 1403
1467880 1403
1467890 1408
1467900 1414
1467910 1414
1467920 1418
1467930 1423
1467940 1423
1467950 1428
1467960 1431
1467970 1431
1467980 1428
1467990 1422
1468000 1422
1468010 1417
1468020 1414
1468030 1414
1468040 1410
1468050 1407
1468060 1405
1468070 1405
1468080 1404
1468090 1402
1468100 1402
1468110 1400
1468120 1398
1468130 1398
1468140 1396
1468150 1393
1468160 1393
1468170 1390
1468180 1388
1468190 1388
1468200 1387
1468210 1385
1468220 1385
1468230 1381
1468240 1378
1468250 1378
1468260 1375
1468270 1369
1468280 1362
1468290 1362
1468300 1352
1468310 1341
1468320 1341
1468330 1330
1468340 1320
1468350 1320
1468360 1310
1468370 1301
1468380 1301
1468390 1294
1468400 1288
1468410 1288
1468420 1282
1468430 1279
1468440 1279
1468450 1276
1468460 1272
1468470 1272
1468480 1269
1468490 1268
1468500 1268
1468510 1266
1468520 1262
1468530 1257
1468540 1257
1468550 1253
1468560 1251
1468570 1251
1468580 1250
1468590 1248
1468600 1248
1468610 1245
1468620 1245
1468630 1245
1468640 1246
1468650 1236
1468660 1236
1468670 1227
1468680 1221
1468690 1221
1468700 1216
1468710 1211
1468720 1211
1468730 1204
1468740 1198
1468750 1198
1468760 1194
1468770 1190
1468780 1188
1468790 1188
1468800 1185
1468810 1182
1468820 1182
1468830 1178
1468840 1174
1468850 1174
1468860 1171
1468870 1168
1468880 1168
1468890 1165
1468900 1160
1468910 1160
1468920 1155
1468930 1148
1468940 1148
1468950 1142
1468960 1136
1468970 1136
1468980 1132
1468990 1126
1469000 1126
1469010 1120
1469020 1114
1469030 1110
1469040 1110
1469050 1108
1469060 1106
1469070 1106
1469080 1105
1469090 1104
1469100 1104
1469110 1102
1469120 1100
1469130 1100
1469140 1099
1469150 1097
1469160 1097
1469170 1094
1469180 1091
1469190 1091
1469200 1088
1469210 1085
1469220 1085
1469230 1082
1469240 1080
1469250 1077
1469260 1077
1469270 1074
1469280 1071
1469290 1071
1469300 1069
1469310 1065
1469320 1065
1469330 1060
1469340 1055
1469350 1055
1469360 1049
1469370 1043
1469380 1043
1469390 1039
1469400 1034
1469410 1034
1469420 1025
1469430 1015
1469440 1015
1469450 1006
1469460 999
1469470 999
1469480 995
1469490 992
1469500 989
1469510 989
1469520 986
1469530 983
1469540 983
1469550 980
1469560 979
1469570 979
1469580 977
1469590 973
1469600 973
1469610 971
1469620 969
1469630 969
1469640 966
1469650 966
1469660 966
1469670 964
1469680 961
1469690 961
1469700 957
1469710 954
1469720 954
1469730 953
1469740 950
1469750 945
1469760 945
1469770 937
1469780 931
1469790 931
1469800 926
1469810 921
1469820 921
1469830 918
1469840 915
1469850 915
1469860 913
1469870 911
1469880 911
1469890 910
1469900 910
1469910 910
1469920 908
1469930 909
1469940 909
1469950 910
1469960 910
1469970 911
1469980 911
1469990 911
1470000 911
1470010 911
1470020 911
1470030 912
1470040 912
1470050 912
1470060 914
1470070 914
1470080 917
1470090 920
1470100 920
1470110 923
1470120 926
1470130 926
1470140 930
1470150 935
1470160 935
1470170 939
1470180 944
1470190 944
1470200 947
1470210 950
1470220 955
1470230 955
1470240 962
1470250 968
1470260 968
1470270 973
1470280 978
1470290 978
1470300 984
1470310 990
1470320 990
1470330 997
1470340 1004
1470350 1004
1470360 1010
1470370 1017
1470380 1017
1470390 1025
1470400 1034
1470410 1034
1470420 1043
1470430 1058
1470440 1058
1470450 1073
1470460 1081
1470470 1089
1470480 1089
1470490 1100
1470500 1108
1470510 1108
1470520 1119
1470530 1129
1470540 1129
1470550 1139
1470560 1147
1470570 1147
1470580 1156
1470590 1164
1470600 1164
1470610 1174
1470620 1183
1470630 1183
1470640 1192
1470650 1198
1470660 1198
1470670 1204
1470680 1211
1470690 1211
1470700 1218
1470710 1225
1470720 1232
1470730 1232
1470740 1237
1470750 1243
1470760 1243
1470770 1248
1470780 1254
1470790 1254
1470800 1261
1470810 1269
1470820 1269
1470830 1281
1470840 1288
1470850 1288
1470860 1295
1470870 1302
1470880 1302
1470890 1308
1470900 1314
1470910 1314
1470920 1320
1470930 1327
1470940 1334
1470950 1334
1470960 1341
1470970 1348
1470980 1348
1470990 1357
1471000 1367
1471010 1367
1471020 1377
1471030 1387
1471040 1387
1471050 1398
1471060 1411
1471070 1411
1471080 1431
1471090 1452
1471100 1452
1471110 1461
1471120 1468
1471130 1468
1471140 1475
1471150 1481
1471160 1481
1471170 1483
1471180 1481
1471190 1477
1471200 1477
1471210 1471
1471220 1462
1471230 1462
1471240 1453
1471250 1448
1471260 1448
1471270 1443
1471280 1442
1471290 1442
1471300 1441
1471310 1442
1471320 1442
1471330 1441
1471340 1438
1471350 1438
1471360 1432
1471370 1426
1471380 1426
1471390 1419
1471400 1412
1471410 1412
1471420 1406
1471430 1401
1471440 1400
1471450 1400
1471460 1405
1471470 1411
1471480 1411
1471490 1416
1471500 1419
1471510 1419
1471520 1413
1471530 1406
1471540 1406
1471550 1401
1471560 1399
1471570 1399
1471580 1404
1471590 1411
1471600 1411
1471610 1417
1471620 1420
1471630 1420
1471640 1417
1471650 1409
1471660 1409
1471670 1398
1471680 1387
1471690 1378
1471700 1378
1471710 1367
1471720 1358
1471730 1358
1471740 1348
1471750 1339
1471760 1339
1471770 1332
1471780 1325
1471790 1325
1471800 1320
1471810 1314
1471820 1314
1471830 1309
1471840 1304
1471850 1304
1471860 1298
1471870 1294
1471880 1294
1471890 1289
1471900 1283
1471910 1281
1471920 1281
1471930 1280
1471940 1275
1471950 1275
1471960 1269
1471970 1261
1471980 1261
1471990 1252
1472000 1246
1472010 1246
1472020 1242
1472030 1236
1472040 1236
1472050 1229
1472060 1222
1472070 1222
1472080 1216
1472090 1217
1472100 1217
1472110 1220
1472120 1216
1472130 1216
1472140 1215
1472150 1224
1472160 1237
1472170 1237
1472180 1248
1472190 1257
1472200 1257
1472210 1266
1472220 1276
1472230 1276
1472240 1291
1472250 1297
1472260 1297
1472270 1302
1472280 1306
1472290 1306
1472300 1310
1472310 1319
1472320 1319
1472330 1328
1472340 1336
1472350 1336
1472360 1342
1472370 1348
1472380 1348
1472390 1354
1472400 1360
1472410 1363
1472420 1363
1472430 1369
1472440 1374
1472450 1374
1472460 1380
1472470 1385
1472480 1385
1472490 1391
1472500 1396
1472510 1396
1472520 1400
1472530 1403
1472540 1403
1472550 1407
1472560 1411
1472570 1411
1472580 1415
1472590 1419
1472600 1419
1472610 1423
1472620 1429
1472630 1429
1472640 1434
1472650 1437
1472660 1441
1472670 1441
1472680 1447
1472690 1453
1472700 1453
1472710 1459
1472720 1464
1472730 1464
1472740 1469
1472750 1475
1472760 1475
1472770 1481
1472780 1487
1472790 1487
1472800 1495
1472810 1504
1472820 1504
1472830 1516
1472840 1520
1472850 1520
1472860 1521
1472870 1523
1472880 1524
1472890 1524
1472900 1527
1472910 1528
1472920 1528
1472930 1529
1472940 1530
1472950 1530
1472960 1531
1472970 1532
1472980 1532
1472990 1536
1473000 1538
1473010 1538
1473020 1539
1473030 1541
1473040 1541
1473050 1543
1473060 1544
1473070 1544
1473080 1547
1473090 1550
1473100 1550
1473110 1552
1473120 1553
1473130 1551
1473140 1551
1473150 1551
1473160 1552
1473170 1552
1473180 1553
1473190 1556
1473200 1556
1473210 1557
1473220 1557
1473230 1557
1473240 1561
1473250 1567
1473260 1567
1473270 1570
1473280 1572
1473290 1572
1473300 1573
1473310 1575
1473320 1575
1473330 1578
1473340 1582
1473350 1582
1473360 1585
1473370 1590
1473380 1598
1473390 1598
1473400 1610
1473410 1620
1473420 1620
1473430 1628
1473440 1636
1473450 1636
1473460 1642
1473470 1645
1473480 1645
1473490 1649
1473500 1652
1473510 1652
1473520 1656
1473530 1659
1473540 1659
1473550 1662
1473560 1665
1473570 1665
1473580 1668
1473590 1671
1473600 1671
1473610 1675
1473620 1679
1473630 1683
1473640 1683
1473650 1685
1473660 1688
1473670 1688
1473680 1691
1473690 1693
1473700 1693
1473710 1694
1473720 1695
1473730 1695
1473740 1695
1473750 1695
1473760 1695
1473770 1697
1473780 1701
1473790 1701
1473800 1706
1473810 1712
1473820 1712
1473830 1718
1473840 1720
1473850 1721
1473860 1721
1473870 1723
1473880 1725
1473890 1725
1473900 1728
1473910 1730
1473920 1730
1473930 1733
1473940 1736
1473950 1736
1473960 1738
1473970 1739
1473980 1739
1473990 1740
1474000 1742
1474010 1742
1474020 1745
1474030 1749
1474040 1749
1474050 1754
1474060 1758
1474070 1758
1474080 1763
1474090 1769
1474100 1773
1474110 1773
1474120 1776
1474130 1778
1474140 1778
1474150 1780
1474160 1782
1474170 1782
1474180 1782
1474190 1781
1474200 1781
1474210 1779
1474220 1773
1474230 1773
1474240 1768
1474250 1765
1474260 1765
1474270 1763
1474280 1760
1474290 1760
1474300 1762
1474310 1769
1474320 1769
1474330 1774
1474340 1779
1474350 1786
1474360 1786
1474370 1793
1474380 1798
1474390 1798
1474400 1804
1474410 1809
1474420 1809
1474430 1815
1474440 1821
1474450 1821
1474460 1827
1474470 1829
1474480 1829
1474490 1828
1474500 1826
1474510 1826
1474520 1823
1474530 1820
1474540 1820
1474550 1818
1474560 1812
1474570 1812
1474580 1807
1474590 1806
1474600 1812
1474610 1812
1474620 1820
1474630 1826
1474640 1826
1474650 1831
1474660 1837
1474670 1837
1474680 1838
1474690 1841
1474700 1841
1474710 1848
1474720 1857
1474730 1857
1474740 1865
1474750 1872
1474760 1872
1474770 1877
1474780 1883
1474790 1883
1474800 1891
1474810 1899
1474820 1906
1474830 1906
1474840 1912
1474850 1919
1474860 1919
1474870 1924
1474880 1927
1474890 1927
1474900 1925
1474910 1928
1474920 1928
1474930 1936
1474940 1941
1474950 1941
1474960 1946
1474970 1951
1474980 1951
1474990 1955
1475000 1959
1475010 1959
1475020 1959
1475030 1955
1475040 1955
1475050 1953
1475060 1952
1475070 1952
1475080 1952
1475090 1958
1475100 1963
1475110 1963
1475120 1968
1475130 1975
1475140 1975
1475150 1980
1475160 1981
1475170 1981
1475180 1980
1475190 1982
1475200 1982
1475210 1985
1475220 1988
1475230 1988
1475240 1990
1475250 1992
1475260 1992
1475270 1995
1475280 1998
1475290 1998
1475300 2001
1475310 2003
1475320 2003
1475330 2003
1475340 2001
1475350 1995
1475360 1995
1475370 1988
1475380 1983
1475390 1983
1475400 1977
1475410 1969
1475420 1969
1475430 1965
1475440 1963
1475450 1963
1475460 1961
1475470 1957
1475480 1957
1475490 1953
1475500 1948
1475510 1948
1475520 1943
1475530 1940
1475540 1937
1475550 1937
1475560 1934
1475570 1931
1475580 1931
1475590 1925
1475600 1920
1475610 1920
1475620 1917
1475630 1915
1475640 1915
1475650 1914
1475660 1915
1475670 1915
1475680 1915
1475690 1915
1475700 1915
1475710 1915
1475720 1916
1475730 1916
1475740 1917
1475750 1919
1475760 1919
1475770 1920
1475780 1923
1475790 1925
1475800 1925
1475810 1926
1475820 1926
1475830 1926
1475840 1927
1475850 1928
1475860 1928
1475870 1926
1475880 1920
1475890 1920
1475900 1920
1475910 1925
1475920 1925
1475930 1928
1475940 1927
1475950 1927
1475960 1926
1475970 1927
1475980 1927
1475990 1932
1476000 1937
1476010 1937
1476020 1943
1476030 1948
1476040 1952
1476050 1952
1476060 1955
1476070 1953
1476080 1953
1476090 1956
1476100 1962
1476110 1962
1476120 1967
1476130 1970
1476140 1970
1476150 1974
1476160 1980
1476170 1980
1476180 1984
1476190 1990
1476200 1990
1476210 1996
1476220 2001
1476230 2001
1476240 2006
1476250 2011
1476260 2011
1476270 2014
1476280 2018
1476290 2024
1476300 2024
1476310 2029
1476320 2034
1476330 2034
1476340 2040
1476350 2045
1476360 2045
1476370 2050
1476380 2057
1476390 2057
1476400 2064
1476410 2071
1476420 2071
1476430 2079
1476440 2088
1476450 2088
1476460 2098
1476470 2108
1476480 2108
1476490 2117
1476500 2125
1476510 2130
1476520 2130
1476530 2130
1476540 2130
1476550 2130
1476560 2130
1476570 2131
1476580 2131
1476590 2131
1476600 2130
1476610 2130
1476620 2128
1476630 2125
1476640 2125
1476650 2122
1476660 2119
1476670 2119
1476680 2114
1476690 2108
1476700 2108
1476710 2102
1476720 2097
1476730 2097
1476740 2093
1476750 2088
1476760 2084
1476770 2084
1476780 2080
1476790 2078
1476800 2078
1476810 2075
1476820 2074
1476830 2074
1476840 2073
1476850 2072
1476860 2072
1476870 2073
1476880 2072
1476890 2072
1476900 2068
1476910 2065
1476920 2065
1476930 2061
1476940 2060
1476950 2060
1476960 2056
1476970 2057
1476980 2057
1476990 2062
1477000 2062
1477010 2058
1477020 2058
1477030 2056
1477040 2053
1477050 2053
1477060 2051
1477070 2049
1477080 2049
1477090 2045
1477100 2042
1477110 2042
1477120 2038
1477130 2035
1477140 2035
1477150 2032
1477160 2028
1477170 2028
1477180 2023
1477190 2021
1477200 2021
1477210 2019
1477220 2013
1477230 2013
1477240 2007
1477250 2006
1477260 2009
1477270 2009
1477280 2009
1477290 2010
1477300 2010
1477310 2009
1477320 2007
1477330 2007
1477340 2009
1477350 2009
1477360 2009
1477370 2008
1477380 2009
1477390 2009
1477400 2011
1477410 2014
1477420 2014
1477430 2015
1477440 2019
1477450 2019
1477460 2022
1477470 2023
1477480 2023
1477490 2023
1477500 2024
1477510 2026
1477520 2026
1477530 2027
1477540 2027
1477550 2027
1477560 2028
1477570 2029
1477580 2029
1477590 2031
1477600 2031
1477610 2031
1477620 2033
1477630 2034
1477640 2034
1477650 2035
1477660 2038
1477670 2038
1477680 2041
1477690 2045
1477700 2045
1477710 2048
1477720 2051
1477730 2053
1477740 2053
1477750 2053
1477760 2056
1477770 2056
1477780 2058
1477790 2059
1477800 2059
1477810 2059
1477820 2059
1477830 2059
1477840 2059
1477850 2060
1477860 2060
1477870 2061
1477880 2064
1477890 2064
1477900 2066
1477910 2068
1477920 2068
1477930 2071
1477940 2074
1477950 2074
1477960 2076
1477970 2079
1477980 2082
1477990 2082
1478000 2085
1478010 2087
1478020 2087
1478030 2090
1478040 2093
1478050 2093
1478060 2096
1478070 2096
1478080 2096
1478090 2097
1478100 2098
1478110 2098
1478120 2099
1478130 2098
1478140 2098
1478150 2097
1478160 2094
1478170 2094
1478180 2091
1478190 2090
1478200 2090
1478210 2090
1478220 2090
1478230 2090
1478240 2090
1478250 2090
1478260 2091
1478270 2091
1478280 2089
1478290 2087
1478300 2087
1478310 2086
1478320 2086
1478330 2086
1478340 2086
1478350 2087
1478360 2087
1478370 2087
1478380 2087
1478390 2087
1478400 2087
1478410 2088
1478420 2088
1478430 2089
1478440 2090
1478450 2088
1478460 2088
1478470 2086
1478480 2083
1478490 2083
1478500 2081
1478510 2081
1478520 2081
1478530 2082
1478540 2081
1478550 2081
1478560 2083
1478570 2085
1478580 2085
1478590 2086
1478600 2089
1478610 2089
1478620 2092
1478630 2095
1478640 2095
1478650 2096
1478660 2094
1478670 2094
1478680 2091
1478690 2088
1478700 2084
1478710 2084
1478720 2080
1478730 2075
1478740 2075
1478750 2070
1478760 2065
1478770 2065
1478780 2060
1478790 2055
1478800 2055
1478810 2051
1478820 2048
1478830 2048
1478840 2045
1478850 2042
1478860 2042
1478870 2041
1478880 2040
1478890 2040
1478900 2041
1478910 2042
1478920 2042
1478930 2042
1478940 2043
1478950 2043
1478960 2043
1478970 2043
1478980 2044
1478990 2044
1479000 2046
1479010 2050
1479020 2050
1479030 2054
1479040 2058
1479050 2058
1479060 2061
1479070 2065
1479080 2065
1479090 2070
1479100 2074
1479110 2074
1479120 2078
1479130 2083
1479140 2083
1479150 2087
1479160 2091
1479170 2091
1479180 2095
1479190 2100
1479200 2106
1479210 2106
1479220 2112
1479230 2118
1479240 2118
1479250 2125
1479260 2132
1479270 2132
1479280 2140
1479290 2147
1479300 2147
1479310 2154
1479320 2160
1479330 2160
1479340 2166
1479350 2173
1479360 2173
1479370 2180
1479380 2187
1479390 2187
1479400 2194
1479410 2203
1479420 2211
1479430 2211
1479440 2220
1479450 2229
1479460 2229
1479470 2237
1479480 2246
1479490 2246
1479500 2249
1479510 2249
1479520 2249
1479530 2248
1479540 2247
1479550 2247
1479560 2247
1479570 2248
1479580 2248
1479590 2251
1479600 2254
1479610 2254
1479620 2251
1479630 2237
1479640 2237
1479650 2226
1479660 2217
1479670 2207
1479680 2207
1479690 2196
1479700 2191
1479710 2191
1479720 2188
1479730 2177
1479740 2177
1479750 2165
1479760 2155
1479770 2155
1479780 2148
1479790 2142
1479800 2142
1479810 2136
1479820 2130
1479830 2130
1479840 2123
1479850 2116
1479860 2116
1479870 2110
1479880 2105
1479890 2105
1479900 2100
1479910 2096
1479920 2092
1479930 2092
1479940 2088
1479950 2085
1479960 2085
1479970 2083
1479980 2082
1479990 2082
