1460000 933
1460010 942
1460020 951
1460030 951
1460040 960
1460050 975
1460060 975
1460070 990
1460080 997
1460090 997
1460100 1007
1460110 1019
1460120 1028
1460130 1028
1460140 1037
1460150 1043
1460160 1043
1460170 1050
1460180 1059
1460190 1059
1460200 1066
1460210 1073
1460220 1073
1460230 1079
1460240 1084
1460250 1084
1460260 1088
1460270 1091
1460280 1091
1460290 1096
1460300 1101
1460310 1101
1460320 1106
1460330 1112
1460340 1112
1460350 1117
1460360 1124
1460370 1130
1460380 1130
1460390 1136
1460400 1142
1460410 1142
1460420 1147
1460430 1153
1460440 1153
1460450 1159
1460460 1164
1460470 1164
1460480 1170
1460490 1176
1460500 1176
1460510 1184
1460520 1191
1460530 1191
1460540 1197
1460550 1204
1460560 1204
1460570 1210
1460580 1217
1460590 1217
1460600 1224
1460610 1230
1460620 1237
1460630 1237
1460640 1243
1460650 1249
1460660 1249
1460670 1254
1460680 1259
1460690 1259
1460700 1264
1460710 1267
1460720 1267
1460730 1271
1460740 1276
1460750 1276
1460760 1281
1460770 1287
1460780 1287
1460790 1293
1460800 1299
1460810 1299
1460820 1305
1460830 1311
1460840 1311
1460850 1317
1460860 1323
1460870 1329
1460880 1329
1460890 1335
1460900 1341
1460910 1341
1460920 1346
1460930 1351
1460940 1351
1460950 1356
1460960 1361
1460970 1361
1460980 1367
1460990 1373
1461000 1373
1461010 1380
1461020 1386
1461030 1386
1461040 1393
1461050 1400
1461060 1400
1461070 1406
1461080 1412
1461090 1419
1461100 1419
1461110 1428
1461120 1436
1461130 1436
1461140 1444
1461150 1451
1461160 1451
1461170 1459
1461180 1465
1461190 1465
1461200 1470
1461210 1474
1461220 1474
1461230 1480
1461240 1488
1461250 1488
1461260 1498
1461270 1506
1461280 1506
1461290 1515
1461300 1523
1461310 1523
1461320 1536
1461330 1547
1461340 1556
1461350 1556
1461360 1564
1461370 1570
1461380 1570
1461390 1578
1461400 1585
1461410 1585
1461420 1590
1461430 1596
1461440 1596
1461450 1602
1461460 1608
1461470 1608
1461480 1617
1461490 1631
1461500 1631
1461510 1641
1461520 1654
1461530 1654
1461540 1660
1461550 1666
1461560 1666
1461570 1672
1461580 1679
1461590 1685
1461600 1685
1461610 1692
1461620 1700
1461630 1700
1461640 1707
1461650 1716
1461660 1716
1461670 1724
1461680 1733
1461690 1733
1461700 1739
1461710 1742
1461720 1742
1461730 1745
1461740 1747
1461750 1747
1461760 1748
1461770 1750
1461780 1750
1461790 1753
1461800 1753
1461810 1753
1461820 1753
1461830 1753
1461840 1753
1461850 1753
1461860 1752
1461870 1750
1461880 1750
1461890 1750
1461900 1750
1461910 1750
1461920 1750
1461930 1750
1461940 1750
1461950 1750
1461960 1750
1461970 1750
1461980 1750
1461990 1750
1462000 1750
1462010 1751
1462020 1752
1462030 1752
1462040 1752
1462050 1753
1462060 1753
1462070 1754
1462080 1754
1462090 1754
1462100 1754
1462110 1753
1462120 1754
1462130 1754
1462140 1754
1462150 1754
1462160 1754
1462170 1755
1462180 1756
1462190 1756
1462200 1758
1462210 1760
1462220 1760
1462230 1763
1462240 1766
1462250 1766
1462260 1769
1462270 1771
1462280 1771
1462290 1773
1462300 1775
1462310 1777
1462320 1777
1462330 1777
1462340 1777
1462350 1777
1462360 1775
1462370 1773
1462380 1773
1462390 1771
1462400 1770
1462410 1770
1462420 1768
1462430 1766
1462440 1766
1462450 1765
1462460 1765
1462470 1765
1462480 1767
1462490 1766
1462500 1766
1462510 1762
1462520 1759
1462530 1759
1462540 1758
1462550 1755
1462560 1752
1462570 1752
1462580 1749
1462590 1746
1462600 1746
1462610 1743
1462620 1741
1462630 1741
1462640 1737
1462650 1733
1462660 1733
1462670 1729
1462680 1728
1462690 1728
1462700 1728
1462710 1727
1462720 1727
1462730 1727
1462740 1729
1462750 1729
1462760 1730
1462770 1731
1462780 1731
1462790 1732
1462800 1732
1462810 1730
1462820 1730
1462830 1728
1462840 1729
1462850 1729
1462860 1731
1462870 1731
1462880 1731
1462890 1731
1462900 1731
1462910 1731
1462920 1731
1462930 1732
1462940 1732
1462950 1731
1462960 1732
1462970 1732
1462980 1731
1462990 1728
1463000 1728
1463010 1728
1463020 1733
1463030 1733
1463040 1738
1463050 1740
1463060 1744
1463070 1744
1463080 1747
1463090 1750
1463100 1750
1463110 1751
1463120 1749
1463130 1749
1463140 1750
1463150 1755
1463160 1755
1463170 1765
1463180 1772
1463190 1772
1463200 1781
1463210 1791
1463220 1791
1463230 1801
1463240 1811
1463250 1811
1463260 1820
1463270 1828
1463280 1828
1463290 1836
1463300 1842
1463310 1847
1463320 1847
1463330 1851
1463340 1854
1463350 1854
1463360 1857
1463370 1861
1463380 1861
1463390 1864
1463400 1867
1463410 1867
1463420 1871
1463430 1878
1463440 1878
1463450 1886
1463460 1894
1463470 1894
1463480 1901
1463490 1909
1463500 1909
1463510 1917
1463520 1925
1463530 1933
1463540 1933
1463550 1942
1463560 1950
1463570 1950
1463580 1959
1463590 1967
1463600 1967
1463610 1975
1463620 1982
1463630 1982
1463640 1989
1463650 1995
1463660 1995
1463670 2003
1463680 2010
1463690 2010
1463700 2018
1463710 2026
1463720 2026
1463730 2032
1463740 2036
1463750 2036
1463760 2039
1463770 2041
1463780 2044
1463790 2044
1463800 2050
1463810 2055
1463820 2055
1463830 2059
1463840 2059
1463850 2059
1463860 2052
1463870 2042
1463880 2042
1463890 2033
1463900 2023
1463910 2023
1463920 2013
1463930 2001
1463940 2001
1463950 1992
1463960 1984
1463970 1984
1463980 1976
1463990 1967
1464000 1967
1464010 1958
1464020 1949
1464030 1941
1464040 1941
1464050 1932
1464060 1921
1464070 1921
1464080 1909
1464090 1896
1464100 1896
1464110 1885
1464120 1873
1464130 1873
1464140 1862
1464150 1853
1464160 1853
1464170 1842
1464180 1831
1464190 1831
1464200 1820
1464210 1812
1464220 1812
1464230 1803
1464240 1792
1464250 1792
1464260 1777
1464270 1770
1464280 1756
1464290 1756
1464300 1740
1464310 1732
1464320 1732
1464330 1730
1464340 1725
1464350 1725
1464360 1718
1464370 1711
1464380 1711
1464390 1701
1464400 1691
1464410 1691
1464420 1678
1464430 1665
1464440 1665
1464450 1649
1464460 1636
1464470 1636
1464480 1627
1464490 1619
1464500 1619
1464510 1614
1464520 1613
1464530 1611
1464540 1611
1464550 1606
1464560 1600
1464570 1600
1464580 1595
1464590 1592
1464600 1592
1464610 1588
1464620 1585
1464630 1585
1464640 1581
1464650 1577
1464660 1577
1464670 1573
1464680 1568
1464690 1568
1464700 1561
1464710 1555
1464720 1555
1464730 1548
1464740 1541
1464750 1535
1464760 1535
1464770 1529
1464780 1523
1464790 1523
1464800 1517
1464810 1511
1464820 1511
1464830 1505
1464840 1499
1464850 1499
1464860 1494
1464870 1488
1464880 1488
1464890 1482
1464900 1476
1464910 1476
1464920 1470
1464930 1464
1464940 1464
1464950 1458
1464960 1453
1464970 1453
1464980 1447
1464990 1440
1465000 1434
1465010 1434
1465020 1427
1465030 1419
1465040 1419
1465050 1411
1465060 1401
1465070 1401
1465080 1390
1465090 1380
1465100 1380
1465110 1369
1465120 1358
1465130 1358
1465140 1345
1465150 1336
1465160 1336
1465170 1328
1465180 1320
1465190 1320
1465200 1315
1465210 1314
1465220 1314
1465230 1312
1465240 1310
1465250 1308
1465260 1308
1465270 1306
1465280 1305
1465290 1305
1465300 1303
1465310 1301
1465320 1301
1465330 1300
1465340 1299
1465350 1299
1465360 1298
1465370 1296
1465380 1296
1465390 1295
1465400 1294
1465410 1294
1465420 1292
1465430 1291
1465440 1291
1465450 1290
1465460 1289
1465470 1289
1465480 1288
1465490 1290
1465500 1288
1465510 1288
1465520 1279
1465530 1276
1465540 1276
1465550 1276
1465560 1280
1465570 1280
1465580 1285
1465590 1292
1465600 1292
1465610 1300
1465620 1307
1465630 1307
1465640 1314
1465650 1322
1465660 1322
1465670 1328
1465680 1334
1465690 1334
1465700 1340
1465710 1348
1465720 1348
1465730 1354
1465740 1360
1465750 1365
1465760 1365
1465770 1372
1465780 1382
1465790 1382
1465800 1390
1465810 1396
1465820 1396
1465830 1403
1465840 1411
1465850 1411
1465860 1420
1465870 1427
1465880 1427
1465890 1432
1465900 1439
1465910 1439
1465920 1448
1465930 1457
1465940 1457
1465950 1468
1465960 1478
1465970 1485
1465980 1485
1465990 1489
1466000 1494
1466010 1494
1466020 1499
1466030 1503
1466040 1503
1466050 1509
1466060 1517
1466070 1517
1466080 1525
1466090 1528
1466100 1528
1466110 1528
1466120 1525
1466130 1525
1466140 1522
1466150 1519
1466160 1519
1466170 1516
1466180 1513
1466190 1513
1466200 1510
1466210 1507
1466220 1505
1466230 1505
1466240 1503
1466250 1503
1466260 1503
1466270 1503
1466280 1503
1466290 1503
1466300 1504
1466310 1503
1466320 1503
1466330 1503
1466340 1502
1466350 1502
1466360 1499
1466370 1495
1466380 1495
1466390 1492
1466400 1489
1466410 1489
1466420 1486
1466430 1483
1466440 1483
1466450 1479
1466460 1477
1466470 1476
1466480 1476
1466490 1475
1466500 1474
1466510 1474
1466520 1474
1466530 1475
1466540 1475
1466550 1477
1466560 1480
1466570 1480
1466580 1481
1466590 1482
1466600 1482
1466610 1485
1466620 1489
1466630 1489
1466640 1493
1466650 1497
1466660 1497
1466670 1501
1466680 1503
1466690 1503
1466700 1504
1466710 1506
1466720 1507
1466730 1507
1466740 1508
1466750 1509
1466760 1509
1466770 1508
1466780 1507
1466790 1507
1466800 1506
1466810 1506
1466820 1506
1466830 1504
1466840 1502
1466850 1502
1466860 1500
1466870 1497
1466880 1497
1466890 1494
1466900 1492
1466910 1492
1466920 1489
1466930 1487
1466940 1483
1466950 1483
1466960 1479
1466970 1476
1466980 1476
1466990 1473
1467000 1471
1467010 1471
1467020 1468
1467030 1465
1467040 1465
1467050 1463
1467060 1461
1467070 1461
1467080 1458
1467090 1455
1467100 1455
1467110 1452
1467120 1450
1467130 1450
1467140 1448
1467150 1445
1467160 1445
1467170 1441
1467180 1437
1467190 1432
1467200 1432
1467210 1426
1467220 1419
1467230 1419
1467240 1413
1467250 1408
1467260 1408
1467270 1401
1467280 1394
1467290 1394
1467300 1388
1467310 1380
1467320 1380
1467330 1373
1467340 1365
1467350 1365
1467360 1358
1467370 1351
1467380 1351
1467390 1343
1467400 1335
1467410 1335
1467420 1327
1467430 1320
1467440 1313
1467450 1313
1467460 1304
1467470 1297
1467480 1297
1467490 1290
1467500 1284
1467510 1284
1467520 1279
1467530 1273
1467540 1273
1467550 1269
1467560 1264
1467570 1264
1467580 1259
1467590 1255
1467600 1255
1467610 1249
1467620 1243
1467630 1243
1467640 1238
1467650 1230
1467660 1230
1467670 1226
1467680 1223
1467690 1215
1467700 1215
1467710 1205
1467720 1195
1467730 1195
1467740 1185
1467750 1172
1467760 1172
1467770 1162
1467780 1153
1467790 1153
1467800 1146
1467810 1139
1467820 1139
1467830 1134
1467840 1127
1467850 1127
1467860 1121
1467870 1115
1467880 1115
1467890 1108
1467900 1102
1467910 1102
1467920 1095
1467930 1087
1467940 1081
1467950 1078
1467960 1072
1467970 1070
1467980 1070
1467990 1074
1468000 1080
1468010 1080
1468020 1087
1468030 1093
1468040 1093
1468050 1098
1468060 1104
1468070 1104
1468080 1106
1468090 1112
1468100 1112
1468110 1115
1468120 1115
1468130 1115
1468140 1115
1468150 1114
1468160 1113
1468170 1113
1468180 1112
1468190 1111
1468200 1111
1468210 1110
1468220 1107
1468230 1107
1468240 1104
1468250 1101
1468260 1101
1468270 1097
1468280 1093
1468290 1093
1468300 1090
1468310 1087
1468320 1087
1468330 1084
1468340 1079
1468350 1079
1468360 1076
1468370 1073
1468380 1073
1468390 1069
1468400 1065
1468410 1061
1468420 1061
1468430 1057
1468440 1053
1468450 1053
1468460 1049
1468470 1046
1468480 1046
1468490 1042
1468500 1037
1468510 1037
1468520 1033
1468530 1031
1468540 1031
1468550 1029
1468560 1025
1468570 1025
1468580 1020
1468590 1017
1468600 1017
1468610 1012
1468620 1007
1468630 1007
1468640 1001
1468650 996
1468660 991
1468670 991
1468680 986
1468690 983
1468700 983
1468710 981
1468720 979
1468730 979
1468740 975
1468750 972
1468760 972
1468770 970
1468780 970
1468790 970
1468800 967
1468810 965
1468820 965
1468830 963
1468840 963
1468850 963
1468860 961
1468870 957
1468880 957
1468890 953
1468900 950
1468910 947
1468920 947
1468930 945
1468940 942
1468950 942
1468960 939
1468970 936
1468980 936
1468990 933
1469000 930
1469010 930
1469020 927
1469030 924
1469040 924
1469050 923
1469060 920
1469070 920
1469080 917
1469090 914
1469100 914
1469110 912
1469120 910
1469130 910
1469140 907
1469150 905
1469160 903
1469170 903
1469180 902
1469190 901
1469200 901
1469210 901
1469220 901
1469230 901
1469240 901
1469250 901
1469260 901
1469270 901
1469280 901
1469290 901
1469300 901
1469310 901
1469320 901
1469330 901
1469340 901
1469350 901
1469360 901
1469370 900
1469380 900
1469390 900
1469400 901
1469410 901
1469420 901
1469430 901
1469440 901
1469450 901
1469460 901
1469470 901
1469480 901
1469490 901
1469500 901
1469510 901
1469520 901
1469530 901
1469540 901
1469550 901
1469560 903
1469570 903
1469580 905
1469590 906
1469600 906
1469610 908
1469620 912
1469630 919
1469640 919
1469650 924
1469660 927
1469670 927
1469680 933
1469690 940
1469700 940
1469710 949
1469720 955
1469730 955
1469740 959
1469750 960
1469760 960
1469770 962
1469780 963
1469790 963
1469800 963
1469810 962
1469820 962
1469830 961
1469840 960
1469850 960
1469860 960
1469870 960
1469880 963
1469890 963
1469900 968
1469910 972
1469920 972
1469930 976
1469940 981
1469950 981
1469960 987
1469970 993
1469980 993
1469990 1001
1470000 1008
1470010 1008
1470020 1015
1470030 1020
1470040 1020
1470050 1026
1470060 1034
1470070 1034
1470080 1042
1470090 1050
1470100 1050
1470110 1060
1470120 1068
1470130 1075
1470140 1075
1470150 1082
1470160 1088
1470170 1088
1470180 1092
1470190 1094
1470200 1094
1470210 1095
1470220 1093
1470230 1093
1470240 1091
1470250 1089
1470260 1089
1470270 1086
1470280 1082
1470290 1082
1470300 1077
1470310 1072
1470320 1072
1470330 1067
1470340 1063
1470350 1063
1470360 1063
1470370 1070
1470380 1080
1470390 1080
1470400 1088
1470410 1095
1470420 1095
1470430 1102
1470440 1110
1470450 1110
1470460 1115
1470470 1117
1470480 1117
1470490 1119
1470500 1119
1470510 1119
1470520 1119
1470530 1119
1470540 1119
1470550 1120
1470560 1122
1470570 1122
1470580 1124
1470590 1126
1470600 1130
1470610 1130
1470620 1132
1470630 1136
1470640 1136
1470650 1141
1470660 1145
1470670 1145
1470680 1151
1470690 1158
1470700 1158
1470710 1164
1470720 1170
1470730 1170
1470740 1180
1470750 1190
1470760 1190
1470770 1201
1470780 1212
1470790 1212
1470800 1217
1470810 1222
1470820 1222
1470830 1229
1470840 1237
1470850 1244
1470860 1244
1470870 1249
1470880 1252
1470890 1252
1470900 1254
1470910 1257
1470920 1257
1470930 1259
1470940 1260
1470950 1260
1470960 1265
1470970 1266
1470980 1266
1470990 1268
1471000 1272
1471010 1272
1471020 1278
1471030 1279
1471040 1279
1471050 1282
1471060 1286
1471070 1286
1471080 1291
1471090 1294
1471100 1297
1471110 1297
1471120 1299
1471130 1304
1471140 1304
1471150 1308
1471160 1312
1471170 1312
1471180 1316
1471190 1323
1471200 1323
1471210 1327
1471220 1330
1471230 1330
1471240 1334
1471250 1338
1471260 1338
1471270 1340
1471280 1343
1471290 1343
1471300 1348
1471310 1354
1471320 1354
1471330 1360
1471340 1368
1471350 1376
1471360 1376
1471370 1383
1471380 1390
1471390 1390
1471400 1397
1471410 1403
1471420 1403
1471430 1409
1471440 1415
1471450 1415
1471460 1420
1471470 1426
1471480 1426
1471490 1431
1471500 1433
1471510 1433
1471520 1438
1471530 1442
1471540 1442
1471550 1447
1471560 1452
1471570 1452
1471580 1459
1471590 1464
1471600 1470
1471610 1470
1471620 1477
1471630 1484
1471640 1484
1471650 1491
1471660 1498
1471670 1498
1471680 1501
1471690 1507
1471700 1507
1471710 1512
1471720 1519
1471730 1519
1471740 1525
1471750 1532
1471760 1532
1471770 1537
1471780 1543
1471790 1543
1471800 1549
1471810 1555
1471820 1561
1471830 1561
1471840 1568
1471850 1574
1471860 1574
1471870 1581
1471880 1587
1471890 1587
1471900 1595
1471910 1602
1471920 1602
1471930 1610
1471940 1617
1471950 1617
1471960 1624
1471970 1631
1471980 1631
1471990 1638
1472000 1645
1472010 1645
1472020 1652
1472030 1660
1472040 1660
1472050 1667
1472060 1671
1472070 1674
1472080 1674
1472090 1678
1472100 1681
1472110 1681
1472120 1685
1472130 1688
1472140 1688
1472150 1689
1472160 1687
1472170 1687
1472180 1683
1472190 1677
1472200 1677
1472210 1670
1472220 1663
1472230 1663
1472240 1657
1472250 1650
1472260 1650
1472270 1642
1472280 1634
1472290 1634
1472300 1627
1472310 1621
1472320 1615
1472330 1615
1472340 1610
1472350 1606
1472360 1606
1472370 1603
1472380 1599
1472390 1599
1472400 1598
1472410 1600
1472420 1600
1472430 1604
1472440 1605
1472450 1605
1472460 1604
1472470 1609
1472480 1609
1472490 1612
1472500 1609
1472510 1609
1472520 1604
1472530 1598
1472540 1598
1472550 1592
1472560 1584
1472570 1575
1472580 1575
1472590 1567
1472600 1571
1472610 1571
1472620 1575
1472630 1581
1472640 1581
1472650 1583
1472660 1590
1472670 1590
1472680 1598
1472690 1605
1472700 1605
1472710 1613
1472720 1622
1472730 1622
1472740 1630
1472750 1640
1472760 1640
1472770 1650
1472780 1656
1472790 1656
1472800 1662
1472810 1669
1472820 1675
1472830 1675
1472840 1674
1472850 1671
1472860 1671
1472870 1666
1472880 1660
1472890 1660
1472900 1656
1472910 1651
1472920 1651
1472930 1647
1472940 1641
1472950 1641
1472960 1635
1472970 1629
1472980 1629
1472990 1623
1473000 1616
1473010 1616
1473020 1610
1473030 1603
1473040 1602
1473050 1602
1473060 1606
1473070 1610
1473080 1610
1473090 1616
1473100 1619
1473110 1619
1473120 1621
1473130 1619
1473140 1619
1473150 1616
1473160 1611
1473170 1611
1473180 1604
1473190 1598
1473200 1598
1473210 1594
1473220 1591
1473230 1591
1473240 1586
1473250 1582
1473260 1582
1473270 1577
1473280 1570
1473290 1568
1473300 1568
1473310 1574
1473320 1579
1473330 1579
1473340 1580
1473350 1577
1473360 1577
1473370 1572
1473380 1569
1473390 1569
1473400 1576
1473410 1586
1473420 1586
1473430 1597
1473440 1604
1473450 1604
1473460 1610
1473470 1617
1473480 1617
1473490 1624
1473500 1630
1473510 1630
1473520 1637
1473530 1643
1473540 1650
1473550 1650
1473560 1657
1473570 1664
1473580 1664
1473590 1669
1473600 1673
1473610 1673
1473620 1678
1473630 1683
1473640 1683
1473650 1688
1473660 1693
1473670 1693
1473680 1699
1473690 1706
1473700 1706
1473710 1712
1473720 1719
1473730 1719
1473740 1725
1473750 1730
1473760 1730
1473770 1736
1473780 1742
1473790 1749
1473800 1749
1473810 1755
1473820 1760
1473830 1760
1473840 1764
1473850 1769
1473860 1769
1473870 1774
1473880 1779
1473890 1779
1473900 1784
1473910 1790
1473920 1790
1473930 1797
1473940 1801
1473950 1801
1473960 1803
1473970 1808
1473980 1808
1473990 1814
1474000 1819
1474010 1819
1474020 1824
1474030 1830
1474040 1833
1474050 1833
1474060 1836
1474070 1839
1474080 1839
1474090 1843
1474100 1847
1474110 1847
1474120 1851
1474130 1855
1474140 1855
1474150 1860
1474160 1864
1474170 1864
1474180 1870
1474190 1876
1474200 1876
1474210 1881
1474220 1887
1474230 1887
1474240 1891
1474250 1893
1474260 1894
1474270 1894
1474280 1894
1474290 1895
1474300 1895
1474310 1896
1474320 1897
1474330 1897
1474340 1898
1474350 1898
1474360 1898
1474370 1897
1474380 1901
1474390 1901
1474400 1907
1474410 1912
1474420 1912
1474430 1918
1474440 1924
1474450 1924
1474460 1929
1474470 1934
1474480 1934
1474490 1939
1474500 1943
1474510 1946
1474520 1946
1474530 1944
1474540 1942
1474550 1942
1474560 1940
1474570 1940
1474580 1940
1474590 1941
1474600 1943
1474610 1943
1474620 1945
1474630 1946
1474640 1946
1474650 1950
1474660 1955
1474670 1955
1474680 1960
1474690 1964
1474700 1964
1474710 1967
1474720 1968
1474730 1968
1474740 1966
1474750 1962
1474760 1957
1474770 1957
1474780 1953
1474790 1948
1474800 1948
1474810 1944
1474820 1940
1474830 1940
1474840 1938
1474850 1936
1474860 1936
1474870 1934
1474880 1927
1474890 1927
1474900 1921
1474910 1918
1474920 1918
1474930 1916
1474940 1913
1474950 1913
1474960 1909
1474970 1907
1474980 1907
1474990 1904
1475000 1899
1475010 1895
1475020 1895
1475030 1886
1475040 1878
1475050 1878
1475060 1872
1475070 1866
1475080 1866
1475090 1860
1475100 1855
1475110 1855
1475120 1850
1475130 1846
1475140 1846
1475150 1843
1475160 1839
1475170 1839
1475180 1835
1475190 1830
1475200 1830
1475210 1825
1475220 1820
1475230 1820
1475240 1816
1475250 1814
1475260 1812
1475270 1812
1475280 1813
1475290 1810
1475300 1810
1475310 1805
1475320 1802
1475330 1802
1475340 1804
1475350 1799
1475360 1799
1475370 1797
1475380 1796
1475390 1796
1475400 1794
1475410 1789
1475420 1789
1475430 1786
1475440 1785
1475450 1785
1475460 1783
1475470 1781
1475480 1779
1475490 1779
1475500 1778
1475510 1775
1475520 1775
1475530 1772
1475540 1769
1475550 1769
1475560 1767
1475570 1765
1475580 1765
1475590 1764
1475600 1762
1475610 1762
1475620 1758
1475630 1755
1475640 1755
1475650 1750
1475660 1743
1475670 1743
1475680 1738
1475690 1736
1475700 1736
1475710 1733
1475720 1731
1475730 1730
1475740 1730
1475750 1729
1475760 1730
1475770 1730
1475780 1730
1475790 1727
1475800 1727
1475810 1726
1475820 1726
1475830 1726
1475840 1724
1475850 1715
1475860 1715
1475870 1707
1475880 1706
1475890 1706
1475900 1709
1475910 1716
1475920 1716
1475930 1723
1475940 1729
1475950 1729
1475960 1735
1475970 1741
1475980 1746
1475990 1746
1476000 1753
1476010 1754
1476020 1754
1476030 1755
1476040 1762
1476050 1762
1476060 1771
1476070 1778
1476080 1778
1476090 1784
1476100 1790
1476110 1790
1476120 1798
1476130 1807
1476140 1807
1476150 1814
1476160 1821
1476170 1821
1476180 1831
1476190 1840
1476200 1840
1476210 1848
1476220 1858
1476230 1870
1476240 1870
1476250 1882
1476260 1894
1476270 1894
1476280 1904
1476290 1910
1476300 1910
1476310 1917
1476320 1920
1476330 1920
1476340 1925
1476350 1932
1476360 1932
1476370 1937
1476380 1943
1476390 1943
1476400 1950
1476410 1956
1476420 1956
1476430 1963
1476440 1969
1476450 1969
1476460 1974
1476470 1979
1476480 1983
1476490 1983
1476500 1988
1476510 1992
1476520 1992
1476530 1996
1476540 2001
1476550 2001
1476560 2005
1476570 2010
1476580 2010
1476590 2015
1476600 2020
1476610 2020
1476620 2025
1476630 2031
1476640 2031
1476650 2036
1476660 2041
1476670 2041
1476680 2045
1476690 2050
1476700 2055
1476710 2055
1476720 2060
1476730 2065
1476740 2065
1476750 2071
1476760 2076
1476770 2076
1476780 2078
1476790 2076
1476800 2076
1476810 2071
1476820 2067
1476830 2067
1476840 2063
1476850 2061
1476860 2061
1476870 2060
1476880 2059
1476890 2059
1476900 2059
1476910 2056
1476920 2056
1476930 2057
1476940 2057
1476950 2056
1476960 2056
1476970 2053
1476980 2050
1476990 2050
1477000 2047
1477010 2042
1477020 2042
1477030 2037
1477040 2033
1477050 2033
1477060 2032
1477070 2034
1477080 2034
1477090 2034
1477100 2032
1477110 2032
1477120 2028
1477130 2023
1477140 2023
1477150 2016
1477160 2010
1477170 2010
1477180 2003
1477190 1996
1477200 1988
1477210 1988
1477220 1980
1477230 1973
1477240 1973
1477250 1966
1477260 1960
1477270 1960
1477280 1953
1477290 1947
1477300 1947
1477310 1943
1477320 1939
1477330 1939
1477340 1935
1477350 1932
1477360 1932
1477370 1927
1477380 1922
1477390 1922
1477400 1917
1477410 1913
1477420 1913
1477430 1910
1477440 1907
1477450 1905
1477460 1905
1477470 1903
1477480 1902
1477490 1902
1477500 1902
1477510 1901
1477520 1901
1477530 1900
1477540 1897
1477550 1897
1477560 1894
1477570 1890
1477580 1890
1477590 1885
1477600 1882
1477610 1882
1477620 1880
1477630 1877
1477640 1877
1477650 1872
1477660 1865
1477670 1865
1477680 1863
1477690 1862
1477700 1864
1477710 1864
1477720 1866
1477730 1866
1477740 1866
1477750 1864
1477760 1864
1477770 1864
1477780 1864
1477790 1866
1477800 1866
1477810 1868
1477820 1866
1477830 1866
1477840 1866
1477850 1872
1477860 1872
1477870 1879
1477880 1881
1477890 1881
1477900 1883
1477910 1885
1477920 1888
1477930 1888
1477940 1891
1477950 1895
1477960 1895
1477970 1898
1477980 1900
1477990 1900
1478000 1902
1478010 1904
1478020 1904
1478030 1905
1478040 1906
1478050 1906
1478060 1908
1478070 1909
1478080 1909
1478090 1910
1478100 1911
1478110 1911
1478120 1912
1478130 1912
1478140 1912
1478150 1913
1478160 1914
1478170 1915
1478180 1915
1478190 1916
1478200 1917
1478210 1917
1478220 1916
1478230 1913
1478240 1913
1478250 1911
1478260 1908
1478270 1908
1478280 1903
1478290 1903
1478300 1903
1478310 1905
1478320 1904
1478330 1904
1478340 1903
1478350 1901
1478360 1901
1478370 1898
1478380 1896
1478390 1896
1478400 1895
1478410 1894
1478420 1892
1478430 1892
1478440 1890
1478450 1889
1478460 1889
1478470 1889
1478480 1890
1478490 1890
1478500 1893
1478510 1895
1478520 1895
1478530 1893
1478540 1891
1478550 1891
1478560 1888
1478570 1885
1478580 1885
1478590 1881
1478600 1872
1478610 1872
1478620 1865
1478630 1868
1478640 1868
1478650 1873
1478660 1877
1478670 1877
1478680 1877
1478690 1878
1478700 1877
1478710 1877
1478720 1876
1478730 1874
1478740 1874
1478750 1871
1478760 1867
1478770 1867
1478780 1867
1478790 1868
1478800 1868
1478810 1867
1478820 1866
1478830 1866
1478840 1870
1478850 1872
1478860 1872
1478870 1872
1478880 1874
1478890 1877
1478900 1877
1478910 1883
1478920 1888
1478930 1888
1478940 1890
1478950 1892
1478960 1892
1478970 1894
1478980 1896
1478990 1896
1479000 1899
1479010 1902
1479020 1902
1479030 1902
1479040 1903
1479050 1903
1479060 1904
1479070 1903
1479080 1903
1479090 1901
1479100 1901
1479110 1901
1479120 1901
1479130 1903
1479140 1904
1479150 1904
1479160 1905
1479170 1906
1479180 1906
1479190 1909
1479200 1913
1479210 1913
1479220 1913
1479230 1910
1479240 1910
1479250 1911
1479260 1913
1479270 1913
1479280 1916
1479290 1919
1479300 1919
1479310 1923
1479320 1927
1479330 1927
1479340 1930
1479350 1935
1479360 1935
1479370 1939
1479380 1944
1479390 1949
1479400 1949
1479410 1955
1479420 1960
1479430 1960
1479440 1966
1479450 1972
1479460 1972
1479470 1978
1479480 1984
1479490 1984
1479500 1991
1479510 1998
1479520 1998
1479530 2005
1479540 2013
1479550 2013
1479560 2021
1479570 2030
1479580 2030
1479590 2038
1479600 2046
1479610 2046
1479620 2054
1479630 2059
1479640 2065
1479650 2065
1479660 2071
1479670 2078
1479680 2078
1479690 2085
1479700 2093
1479710 2093
1479720 2098
1479730 2096
1479740 2096
1479750 2093
1479760 2091
1479770 2091
1479780 2091
1479790 2090
1479800 2090
1479810 2086
1479820 2078
1479830 2078
1479840 2070
1479850 2062
1479860 2062
1479870 2054
1479880 2048
1479890 2042
1479900 2042
1479910 2036
1479920 2031
1479930 2031
1479940 2025
1479950 2019
1479960 2019
1479970 2014
1479980 2009
1479990 2009
