1460000 914
1460010 914
1460020 923
1460030 930
1460040 930
1460050 935
1460060 939
1460070 939
1460080 944
1460090 948
1460100 948
1460110 954
1460120 960
1460130 960
1460140 966
1460150 971
1460160 971
1460170 977
1460180 985
1460190 986
1460200 992
1460210 999
1460220 999
1460230 1005
1460240 1011
1460250 1015
1460260 1015
1460270 1019
1460280 1023
1460290 1023
1460300 1027
1460310 1032
1460320 1032
1460330 1037
1460340 1043
1460350 1043
1460360 1051
1460370 1058
1460380 1058
1460390 1066
1460400 1073
1460410 1073
1460420 1078
1460430 1083
1460440 1083
1460450 1087
1460460 1091
1460470 1091
1460480 1096
1460490 1103
1460500 1110
1460510 1110
1460520 1117
1460530 1124
1460540 1124
1460550 1130
1460560 1135
1460570 1135
1460580 1141
1460590 1146
1460600 1146
1460610 1151
1460620 1156
1460630 1156
1460640 1161
1460650 1166
1460660 1166
1460670 1170
1460680 1177
1460690 1177
1460700 1183
1460710 1189
1460720 1196
1460730 1196
1460740 1203
1460750 1209
1460760 1209
1460770 1215
1460780 1222
1460790 1222
1460800 1228
1460810 1234
1460820 1234
1460830 1240
1460840 1245
1460850 1245
1460860 1250
1460870 1257
1460880 1257
1460890 1266
1460900 1275
1460910 1275
1460920 1276
1460930 1277
1460940 1277
1460950 1280
1460960 1283
1460970 1285
1460980 1285
1460990 1288
1461000 1292
1461010 1292
1461020 1294
1461030 1296
1461040 1296
1461050 1298
1461060 1297
1461070 1297
1461080 1296
1461090 1296
1461100 1296
1461110 1295
1461120 1297
1461130 1297
1461140 1302
1461150 1307
1461160 1307
1461170 1312
1461180 1317
1461190 1317
1461200 1321
1461210 1326
1461220 1330
1461230 1330
1461240 1333
1461250 1338
1461260 1338
1461270 1342
1461280 1346
1461290 1346
1461300 1349
1461310 1352
1461320 1352
1461330 1356
1461340 1359
1461350 1359
1461360 1363
1461370 1366
1461380 1366
1461390 1369
1461400 1371
1461410 1371
1461420 1374
1461430 1377
1461440 1377
1461450 1379
1461460 1380
1461470 1382
1461480 1382
1461490 1382
1461500 1382
1461510 1382
1461520 1383
1461530 1383
1461540 1383
1461550 1382
1461560 1381
1461570 1381
1461580 1379
1461590 1380
1461600 1380
1461610 1382
1461620 1384
1461630 1384
1461640 1384
1461650 1384
1461660 1384
1461670 1385
1461680 1386
1461690 1386
1461700 1386
1461710 1386
1461720 1386
1461730 1386
1461740 1385
1461750 1386
1461760 1386
1461770 1387
1461780 1388
1461790 1388
1461800 1388
1461810 1389
1461820 1389
1461830 1389
1461840 1388
1461850 1388
1461860 1388
1461870 1388
1461880 1388
1461890 1388
1461900 1388
1461910 1388
1461920 1388
1461930 1387
1461940 1387
1461950 1386
1461960 1386
1461970 1389
1461980 1389
1461990 1393
1462000 1397
1462010 1397
1462020 1400
1462030 1398
1462040 1398
1462050 1397
1462060 1399
1462070 1399
1462080 1400
1462090 1402
1462100 1402
1462110 1404
1462120 1406
1462130 1406
1462140 1406
1462150 1405
1462160 1405
1462170 1404
1462180 1405
1462190 1406
1462200 1406
1462210 1405
1462220 1402
1462230 1402
1462240 1399
1462250 1396
1462260 1396
1462270 1394
1462280 1393
1462290 1393
1462300 1395
1462310 1398
1462320 1398
1462330 1400
1462340 1404
1462350 1404
1462360 1407
1462370 1409
1462380 1409
1462390 1411
1462400 1413
1462410 1413
1462420 1415
1462430 1418
1462440 1419
1462450 1419
1462460 1419
1462470 1418
1462480 1418
1462490 1411
1462500 1404
1462510 1404
1462520 1397
1462530 1392
1462540 1392
1462550 1388
1462560 1384
1462570 1384
1462580 1381
1462590 1377
1462600 1377
1462610 1372
1462620 1370
1462630 1370
1462640 1380
1462650 1392
1462660 1392
1462670 1405
1462680 1413
1462690 1418
1462700 1418
1462710 1422
1462720 1426
1462730 1426
1462740 1432
1462750 1436
1462760 1436
1462770 1440
1462780 1442
1462790 1442
1462800 1442
1462810 1443
1462820 1443
1462830 1444
1462840 1446
1462850 1446
1462860 1446
1462870 1447
1462880 1447
1462890 1450
1462900 1453
1462910 1453
1462920 1456
1462930 1458
1462940 1459
1462950 1459
1462960 1463
1462970 1469
1462980 1469
1462990 1475
1463000 1479
1463010 1479
1463020 1482
1463030 1485
1463040 1485
1463050 1488
1463060 1490
1463070 1490
1463080 1493
1463090 1497
1463100 1497
1463110 1501
1463120 1507
1463130 1507
1463140 1514
1463150 1519
1463160 1519
1463170 1524
1463180 1529
1463190 1534
1463200 1534
1463210 1539
1463220 1543
1463230 1543
1463240 1548
1463250 1555
1463260 1555
1463270 1562
1463280 1569
1463290 1569
1463300 1575
1463310 1579
1463320 1579
1463330 1583
1463340 1589
1463350 1589
1463360 1597
1463370 1605
1463380 1605
1463390 1612
1463400 1618
1463410 1618
1463420 1624
1463430 1630
1463440 1636
1463450 1636
1463460 1638
1463470 1640
1463480 1640
1463490 1645
1463500 1649
1463510 1649
1463520 1648
1463530 1650
1463540 1650
1463550 1655
1463560 1662
1463570 1662
1463580 1668
1463590 1676
1463600 1676
1463610 1683
1463620 1691
1463630 1691
1463640 1697
1463650 1700
1463660 1705
1463670 1705
1463680 1709
1463690 1716
1463700 1716
1463710 1718
1463720 1722
1463730 1722
1463740 1731
1463750 1739
1463760 1739
1463770 1743
1463780 1746
1463790 1746
1463800 1749
1463810 1751
1463820 1751
1463830 1753
1463840 1758
1463850 1758
1463860 1763
1463870 1767
1463880 1767
1463890 1771
1463900 1774
1463910 1777
1463920 1777
1463930 1780
1463940 1781
1463950 1781
1463960 1783
1463970 1787
1463980 1787
1463990 1790
1464000 1794
1464010 1794
1464020 1802
1464030 1810
1464040 1810
1464050 1819
1464060 1826
1464070 1826
1464080 1830
1464090 1835
1464100 1835
1464110 1842
1464120 1850
1464130 1850
1464140 1854
1464150 1856
1464160 1857
1464170 1857
1464180 1854
1464190 1847
1464200 1847
1464210 1834
1464220 1825
1464230 1825
1464240 1818
1464250 1810
1464260 1810
1464270 1803
1464280 1797
1464290 1797
1464300 1791
1464310 1785
1464320 1785
1464330 1780
1464340 1774
1464350 1774
1464360 1768
1464370 1763
1464380 1763
1464390 1755
1464400 1747
1464410 1739
1464420 1739
1464430 1729
1464440 1720
1464450 1720
1464460 1712
1464470 1705
1464480 1705
1464490 1697
1464500 1688
1464510 1688
1464520 1680
1464530 1673
1464540 1673
1464550 1665
1464560 1657
1464570 1657
1464580 1649
1464590 1641
1464600 1641
1464610 1634
1464620 1626
1464630 1626
1464640 1618
1464650 1611
1464660 1603
1464670 1603
1464680 1595
1464690 1588
1464700 1588
1464710 1580
1464720 1573
1464730 1573
1464740 1567
1464750 1561
1464760 1561
1464770 1554
1464780 1547
1464790 1547
1464800 1541
1464810 1535
1464820 1535
1464830 1530
1464840 1527
1464850 1527
1464860 1523
1464870 1520
1464880 1520
1464890 1516
1464900 1512
1464910 1507
1464920 1507
1464930 1503
1464940 1498
1464950 1498
1464960 1494
1464970 1488
1464980 1488
1464990 1481
1465000 1475
1465010 1475
1465020 1472
1465030 1469
1465040 1469
1465050 1464
1465060 1458
1465070 1458
1465080 1452
1465090 1446
1465100 1446
1465110 1440
1465120 1434
1465130 1428
1465140 1428
1465150 1422
1465160 1415
1465170 1415
1465180 1408
1465190 1401
1465200 1401
1465210 1394
1465220 1387
1465230 1387
1465240 1380
1465250 1373
1465260 1373
1465270 1367
1465280 1361
1465290 1361
1465300 1355
1465310 1349
1465320 1349
1465330 1342
1465340 1334
1465350 1334
1465360 1326
1465370 1319
1465380 1311
1465390 1311
1465400 1305
1465410 1300
1465420 1300
1465430 1296
1465440 1291
1465450 1291
1465460 1286
1465470 1282
1465480 1282
1465490 1277
1465500 1273
1465510 1273
1465520 1268
1465530 1263
1465540 1263
1465550 1259
1465560 1255
1465570 1255
1465580 1251
1465590 1247
1465600 1247
1465610 1242
1465620 1239
1465630 1237
1465640 1237
1465650 1235
1465660 1231
1465670 1231
1465680 1227
1465690 1226
1465700 1226
1465710 1225
1465720 1223
1465730 1223
1465740 1220
1465750 1217
1465760 1217
1465770 1215
1465780 1211
1465790 1211
1465800 1209
1465810 1207
1465820 1207
1465830 1206
1465840 1204
1465850 1204
1465860 1202
1465870 1199
1465880 1197
1465890 1197
1465900 1197
1465910 1197
1465920 1197
1465930 1197
1465940 1199
1465950 1199
1465960 1201
1465970 1202
1465980 1202
1465990 1203
1466000 1203
1466010 1203
1466020 1204
1466030 1205
1466040 1205
1466050 1206
1466060 1208
1466070 1208
1466080 1211
1466090 1214
1466100 1214
1466110 1217
1466120 1220
1466130 1221
1466140 1221
1466150 1222
1466160 1225
1466170 1225
1466180 1229
1466190 1232
1466200 1232
1466210 1234
1466220 1236
1466230 1236
1466240 1239
1466250 1242
1466260 1242
1466270 1246
1466280 1248
1466290 1248
1466300 1250
1466310 1250
1466320 1250
1466330 1253
1466340 1254
1466350 1254
1466360 1255
1466370 1255
1466380 1255
1466390 1255
1466400 1255
1466410 1254
1466420 1254
1466430 1253
1466440 1251
1466450 1251
1466460 1249
1466470 1249
1466480 1249
1466490 1249
1466500 1250
1466510 1250
1466520 1250
1466530 1251
1466540 1251
1466550 1251
1466560 1251
1466570 1251
1466580 1250
1466590 1249
1466600 1249
1466610 1249
1466620 1249
1466630 1248
1466640 1248
1466650 1247
1466660 1245
1466670 1245
1466680 1245
1466690 1244
1466700 1244
1466710 1243
1466720 1244
1466730 1244
1466740 1243
1466750 1241
1466760 1241
1466770 1241
1466780 1240
1466790 1240
1466800 1236
1466810 1231
1466820 1231
1466830 1229
1466840 1223
1466850 1218
1466860 1218
1466870 1214
1466880 1212
1466890 1212
1466900 1209
1466910 1205
1466920 1205
1466930 1200
1466940 1198
1466950 1198
1466960 1196
1466970 1196
1466980 1196
1466990 1194
1467000 1191
1467010 1191
1467020 1188
1467030 1186
1467040 1186
1467050 1187
1467060 1185
1467070 1185
1467080 1181
1467090 1175
1467100 1169
1467110 1169
1467120 1164
1467130 1162
1467140 1162
1467150 1162
1467160 1161
1467170 1161
1467180 1158
1467190 1153
1467200 1153
1467210 1150
1467220 1147
1467230 1147
1467240 1145
1467250 1144
1467260 1144
1467270 1144
1467280 1144
1467290 1144
1467300 1144
1467310 1144
1467320 1144
1467330 1142
1467340 1141
1467350 1139
1467360 1139
1467370 1137
1467380 1134
1467390 1134
1467400 1132
1467410 1129
1467420 1129
1467430 1128
1467440 1128
1467450 1128
1467460 1130
1467470 1131
1467480 1131
1467490 1130
1467500 1131
1467510 1131
1467520 1132
1467530 1133
1467540 1133
1467550 1133
1467560 1133
1467570 1133
1467580 1129
1467590 1124
1467600 1120
1467610 1120
1467620 1117
1467630 1113
1467640 1113
1467650 1112
1467660 1113
1467670 1113
1467680 1116
1467690 1117
1467700 1117
1467710 1117
1467720 1114
1467730 1114
1467740 1106
1467750 1098
1467760 1098
1467770 1093
1467780 1089
1467790 1089
1467800 1085
1467810 1082
1467820 1082
1467830 1079
1467840 1076
1467850 1072
1467860 1072
1467870 1069
1467880 1065
1467890 1065
1467900 1062
1467910 1060
1467920 1060
1467930 1058
1467940 1055
1467950 1055
1467960 1052
1467970 1049
1467980 1049
1467990 1046
1468000 1042
1468010 1042
1468020 1035
1468030 1030
1468040 1030
1468050 1023
1468060 1018
1468070 1018
1468080 1014
1468090 1009
1468100 1003
1468110 1003
1468120 1002
1468130 999
1468140 999
1468150 996
1468160 991
1468170 991
1468180 987
1468190 985
1468200 985
1468210 983
1468220 981
1468230 981
1468240 979
1468250 978
1468260 978
1468270 977
1468280 975
1468290 975
1468300 973
1468310 971
1468320 969
1468330 969
1468340 968
1468350 965
1468360 965
1468370 962
1468380 962
1468390 962
1468400 962
1468410 962
1468420 962
1468430 961
1468440 960
1468450 960
1468460 957
1468470 952
1468480 952
1468490 946
1468500 940
1468510 940
1468520 934
1468530 928
1468540 928
1468550 925
1468560 924
1468570 923
1468580 923
1468590 922
1468600 921
1468610 921
1468620 921
1468630 920
1468640 920
1468650 919
1468660 918
1468670 918
1468680 917
1468690 916
1468700 916
1468710 915
1468720 914
1468730 914
1468740 913
1468750 913
1468760 913
1468770 912
1468780 911
1468790 911
1468800 910
1468810 909
1468820 909
1468830 909
1468840 908
1468850 907
1468860 907
1468870 907
1468880 906
1468890 906
1468900 906
1468910 905
1468920 905
1468930 905
1468940 904
1468950 904
1468960 903
1468970 902
1468980 902
1468990 901
1469000 901
1469010 901
1469020 900
1469030 899
1469040 899
1469050 899
1469060 898
1469070 898
1469080 898
1469090 898
1469100 898
1469110 898
1469120 898
1469130 898
1469140 898
1469150 897
1469160 897
1469170 897
1469180 897
1469190 896
1469200 896
1469210 896
1469220 896
1469230 896
1469240 896
1469250 895
1469260 895
1469270 894
1469280 895
1469290 895
1469300 895
1469310 895
1469320 896
1469330 896
1469340 898
1469350 900
1469360 900
1469370 902
1469380 906
1469390 906
1469400 909
1469410 915
1469420 915
1469430 919
1469440 923
1469450 923
1469460 927
1469470 931
1469480 931
1469490 935
1469500 939
1469510 939
1469520 943
1469530 948
1469540 948
1469550 953
1469560 956
1469570 960
1469580 960
1469590 964
1469600 968
1469610 968
1469620 973
1469630 980
1469640 980
1469650 988
1469660 994
1469670 994
1469680 1000
1469690 1006
1469700 1006
1469710 1012
1469720 1017
1469730 1017
1469740 1024
1469750 1030
1469760 1030
1469770 1037
1469780 1044
1469790 1051
1469800 1051
1469810 1057
1469820 1064
1469830 1064
1469840 1071
1469850 1079
1469860 1079
1469870 1087
1469880 1093
1469890 1093
1469900 1097
1469910 1103
1469920 1103
1469930 1110
1469940 1116
1469950 1116
1469960 1123
1469970 1130
1469980 1130
1469990 1137
1470000 1145
1470010 1145
1470020 1152
1470030 1159
1470040 1165
1470050 1165
1470060 1171
1470070 1179
1470080 1179
1470090 1188
1470100 1197
1470110 1197
1470120 1205
1470130 1213
1470140 1213
1470150 1221
1470160 1228
1470170 1228
1470180 1235
1470190 1242
1470200 1242
1470210 1251
1470220 1260
1470230 1260
1470240 1269
1470250 1278
1470260 1278
1470270 1286
1470280 1295
1470290 1304
1470300 1304
1470310 1316
1470320 1324
1470330 1324
1470340 1330
1470350 1336
1470360 1336
1470370 1344
1470380 1354
1470390 1354
1470400 1364
1470410 1372
1470420 1372
1470430 1379
1470440 1386
1470450 1386
1470460 1395
1470470 1408
1470480 1408
1470490 1418
1470500 1424
1470510 1424
1470520 1428
1470530 1431
1470540 1435
1470550 1435
1470560 1440
1470570 1444
1470580 1444
1470590 1446
1470600 1447
1470610 1447
1470620 1446
1470630 1444
1470640 1444
1470650 1441
1470660 1439
1470670 1439
1470680 1436
1470690 1436
1470700 1436
1470710 1435
1470720 1434
1470730 1434
1470740 1434
1470750 1434
1470760 1434
1470770 1435
1470780 1436
1470790 1437
1470800 1437
1470810 1438
1470820 1439
1470830 1439
1470840 1439
1470850 1441
1470860 1441
1470870 1440
1470880 1437
1470890 1437
1470900 1433
1470910 1428
1470920 1428
1470930 1423
1470940 1418
1470950 1418
1470960 1413
1470970 1408
1470980 1408
1470990 1403
1471000 1399
1471010 1399
1471020 1394
1471030 1389
1471040 1383
1471050 1383
1471060 1378
1471070 1379
1471080 1379
1471090 1382
1471100 1381
1471110 1381
1471120 1382
1471130 1384
1471140 1384
1471150 1386
1471160 1388
1471170 1388
1471180 1389
1471190 1388
1471200 1388
1471210 1385
1471220 1381
1471230 1381
1471240 1376
1471250 1372
1471260 1365
1471270 1365
1471280 1361
1471290 1363
1471300 1363
1471310 1370
1471320 1378
1471330 1378
1471340 1386
1471350 1394
1471360 1394
1471370 1402
1471380 1410
1471390 1410
1471400 1417
1471410 1426
1471420 1426
1471430 1435
1471440 1446
1471450 1446
1471460 1456
1471470 1463
1471480 1463
1471490 1466
1471500 1469
1471510 1473
1471520 1473
1471530 1475
1471540 1475
1471550 1475
1471560 1478
1471570 1485
1471580 1485
1471590 1494
1471600 1502
1471610 1502
1471620 1509
1471630 1515
1471640 1515
1471650 1521
1471660 1528
1471670 1528
1471680 1533
1471690 1540
1471700 1540
1471710 1547
1471720 1553
1471730 1553
1471740 1558
1471750 1564
1471760 1569
1471770 1569
1471780 1575
1471790 1581
1471800 1581
1471810 1587
1471820 1593
1471830 1593
1471840 1598
1471850 1603
1471860 1603
1471870 1606
1471880 1609
1471890 1609
1471900 1613
1471910 1616
1471920 1616
1471930 1620
1471940 1624
1471950 1624
1471960 1628
1471970 1633
1471980 1633
1471990 1637
1472000 1641
1472010 1644
1472020 1644
1472030 1647
1472040 1648
1472050 1648
1472060 1650
1472070 1651
1472080 1651
1472090 1651
1472100 1651
1472110 1651
1472120 1655
1472130 1661
1472140 1661
1472150 1667
1472160 1672
1472170 1672
1472180 1677
1472190 1682
1472200 1682
1472210 1689
1472220 1695
1472230 1695
1472240 1699
1472250 1704
1472260 1708
1472270 1708
1472280 1713
1472290 1718
1472300 1718
1472310 1722
1472320 1727
1472330 1727
1472340 1733
1472350 1738
1472360 1738
1472370 1745
1472380 1752
1472390 1752
1472400 1760
1472410 1767
1472420 1767
1472430 1772
1472440 1777
1472450 1777
1472460 1782
1472470 1786
1472480 1786
1472490 1790
1472500 1793
1472510 1797
1472520 1797
1472530 1801
1472540 1805
1472550 1805
1472560 1810
1472570 1814
1472580 1814
1472590 1818
1472600 1821
1472610 1821
1472620 1824
1472630 1826
1472640 1826
1472650 1825
1472660 1824
1472670 1824
1472680 1824
1472690 1820
1472700 1820
1472710 1814
1472720 1809
1472730 1806
1472740 1806
1472750 1804
1472760 1801
1472770 1801
1472780 1797
1472790 1794
1472800 1794
1472810 1792
1472820 1789
1472830 1789
1472840 1789
1472850 1787
1472860 1787
1472870 1785
1472880 1784
1472890 1784
1472900 1784
1472910 1785
1472920 1785
1472930 1786
1472940 1785
1472950 1785
1472960 1783
1472970 1781
1472980 1779
1472990 1779
1473000 1778
1473010 1776
1473020 1776
1473030 1773
1473040 1771
1473050 1771
1473060 1770
1473070 1769
1473080 1769
1473090 1771
1473100 1772
1473110 1772
1473120 1772
1473130 1772
1473140 1772
1473150 1772
1473160 1773
1473170 1773
1473180 1775
1473190 1776
1473200 1776
1473210 1777
1473220 1778
1473230 1779
1473240 1779
1473250 1780
1473260 1781
1473270 1781
1473280 1784
1473290 1787
1473300 1787
1473310 1790
1473320 1792
1473330 1792
1473340 1795
1473350 1798
1473360 1798
1473370 1802
1473380 1805
1473390 1805
1473400 1808
1473410 1810
1473420 1810
1473430 1812
1473440 1814
1473450 1814
1473460 1814
1473470 1815
1473480 1815
1473490 1815
1473500 1815
1473510 1816
1473520 1816
1473530 1817
1473540 1819
1473550 1819
1473560 1820
1473570 1821
1473580 1821
1473590 1822
1473600 1824
1473610 1824
1473620 1826
1473630 1829
1473640 1829
1473650 1831
1473660 1832
1473670 1832
1473680 1835
1473690 1836
1473700 1836
1473710 1837
1473720 1839
1473730 1840
1473740 1840
1473750 1840
1473760 1840
1473770 1840
1473780 1838
1473790 1838
1473800 1838
1473810 1840
1473820 1841
1473830 1841
1473840 1842
1473850 1842
1473860 1842
1473870 1844
1473880 1846
1473890 1846
1473900 1846
1473910 1846
1473920 1846
1473930 1847
1473940 1848
1473950 1848
1473960 1848
1473970 1847
1473980 1847
1473990 1847
1474000 1848
1474010 1850
1474020 1850
1474030 1851
1474040 1852
1474050 1852
1474060 1853
1474070 1854
1474080 1854
1474090 1853
1474100 1854
1474110 1854
1474120 1856
1474130 1859
1474140 1859
1474150 1861
1474160 1864
1474170 1864
1474180 1867
1474190 1871
1474200 1871
1474210 1876
1474220 1877
1474230 1871
1474240 1871
1474250 1862
1474260 1854
1474270 1854
1474280 1847
1474290 1838
1474300 1838
1474310 1828
1474320 1821
1474330 1821
1474340 1814
1474350 1809
1474360 1809
1474370 1806
1474380 1804
1474390 1804
1474400 1800
1474410 1798
1474420 1798
1474430 1796
1474440 1794
1474450 1796
1474460 1796
1474470 1798
1474480 1799
1474490 1799
1474500 1801
1474510 1801
1474520 1801
1474530 1798
1474540 1794
1474550 1794
1474560 1791
1474570 1787
1474580 1787
1474590 1784
1474600 1783
1474610 1783
1474620 1781
1474630 1780
1474640 1780
1474650 1780
1474660 1781
1474670 1781
1474680 1782
1474690 1783
1474700 1779
1474710 1779
1474720 1771
1474730 1767
1474740 1767
1474750 1768
1474760 1769
1474770 1769
1474780 1768
1474790 1767
1474800 1767
1474810 1764
1474820 1762
1474830 1762
1474840 1759
1474850 1753
1474860 1753
1474870 1749
1474880 1749
1474890 1749
1474900 1749
1474910 1748
1474920 1748
1474930 1747
1474940 1745
1474950 1742
1474960 1742
1474970 1739
1474980 1736
1474990 1736
1475000 1733
1475010 1728
1475020 1728
1475030 1724
1475040 1720
1475050 1720
1475060 1719
1475070 1717
1475080 1717
1475090 1717
1475100 1716
1475110 1716
1475120 1715
1475130 1713
1475140 1713
1475150 1712
1475160 1710
1475170 1710
1475180 1706
1475190 1703
1475200 1700
1475210 1700
1475220 1696
1475230 1690
1475240 1690
1475250 1688
1475260 1686
1475270 1686
1475280 1685
1475290 1684
1475300 1684
1475310 1682
1475320 1680
1475330 1680
1475340 1682
1475350 1680
1475360 1680
1475370 1677
1475380 1676
1475390 1676
1475400 1675
1475410 1674
1475420 1674
1475430 1674
1475440 1673
1475450 1672
1475460 1672
1475470 1669
1475480 1667
1475490 1667
1475500 1662
1475510 1656
1475520 1656
1475530 1648
1475540 1645
1475550 1645
1475560 1642
1475570 1635
1475580 1635
1475590 1630
1475600 1624
1475610 1624
1475620 1618
1475630 1611
1475640 1611
1475650 1604
1475660 1603
1475670 1603
1475680 1609
1475690 1615
1475700 1622
1475710 1622
1475720 1629
1475730 1633
1475740 1633
1475750 1635
1475760 1637
1475770 1637
1475780 1640
1475790 1643
1475800 1643
1475810 1645
1475820 1648
1475830 1648
1475840 1652
1475850 1655
1475860 1655
1475870 1657
1475880 1661
1475890 1661
1475900 1666
1475910 1669
1475920 1673
1475930 1673
1475940 1677
1475950 1679
1475960 1679
1475970 1680
1475980 1682
1475990 1682
1476000 1685
1476010 1689
1476020 1689
1476030 1694
1476040 1700
1476050 1700
1476060 1704
1476070 1709
1476080 1709
1476090 1719
1476100 1733
1476110 1733
1476120 1743
1476130 1747
1476140 1747
1476150 1757
1476160 1767
1476170 1777
1476180 1777
1476190 1786
1476200 1794
1476210 1794
1476220 1802
1476230 1810
1476240 1810
1476250 1817
1476260 1824
1476270 1824
1476280 1831
1476290 1837
1476300 1837
1476310 1844
1476320 1850
1476330 1850
1476340 1857
1476350 1865
1476360 1865
1476370 1871
1476380 1879
1476390 1879
1476400 1888
1476410 1893
1476420 1898
1476430 1898
1476440 1903
1476450 1907
1476460 1907
1476470 1913
1476480 1918
1476490 1918
1476500 1920
1476510 1923
1476520 1923
1476530 1924
1476540 1925
1476550 1925
1476560 1927
1476570 1930
1476580 1930
1476590 1933
1476600 1936
1476610 1936
1476620 1940
1476630 1944
1476640 1944
1476650 1947
1476660 1952
1476670 1957
1476680 1957
1476690 1964
1476700 1971
1476710 1971
1476720 1978
1476730 1986
1476740 1986
1476750 1994
1476760 2002
1476770 2002
1476780 2010
1476790 2019
1476800 2019
1476810 2028
1476820 2035
1476830 2035
1476840 2043
1476850 2051
1476860 2051
1476870 2060
1476880 2070
1476890 2070
1476900 2076
1476910 2081
1476920 2079
1476930 2079
1476940 2074
1476950 2067
1476960 2067
1476970 2059
1476980 2054
1476990 2054
1477000 2050
1477010 2047
1477020 2047
1477030 2041
1477040 2034
1477050 2034
1477060 2025
1477070 2018
1477080 2018
1477090 2011
1477100 2008
1477110 2008
1477120 2007
1477130 2003
1477140 2003
1477150 1997
1477160 1989
1477170 1983
1477180 1983
1477190 1975
1477200 1968
1477210 1968
1477220 1961
1477230 1956
1477240 1956
1477250 1950
1477260 1944
1477270 1944
1477280 1939
1477290 1932
1477300 1932
1477310 1926
1477320 1921
1477330 1921
1477340 1914
1477350 1907
1477360 1907
1477370 1901
1477380 1895
1477390 1888
1477400 1888
1477410 1884
1477420 1879
1477430 1879
1477440 1874
1477450 1869
1477460 1869
1477470 1863
1477480 1857
1477490 1857
1477500 1852
1477510 1846
1477520 1846
1477530 1841
1477540 1837
1477550 1837
1477560 1833
1477570 1831
1477580 1831
1477590 1829
1477600 1826
1477610 1826
1477620 1823
1477630 1819
1477640 1813
1477650 1813
1477660 1805
1477670 1798
1477680 1798
1477690 1790
1477700 1784
1477710 1784
1477720 1780
1477730 1777
1477740 1777
1477750 1775
1477760 1772
1477770 1772
1477780 1770
1477790 1767
1477800 1767
1477810 1764
1477820 1761
1477830 1761
1477840 1758
1477850 1755
1477860 1755
1477870 1753
1477880 1750
1477890 1747
1477900 1747
1477910 1744
1477920 1740
1477930 1740
1477940 1736
1477950 1732
1477960 1732
1477970 1729
1477980 1727
1477990 1727
1478000 1725
1478010 1723
1478020 1723
1478030 1723
1478040 1723
1478050 1723
1478060 1723
1478070 1724
1478080 1724
1478090 1726
1478100 1729
1478110 1729
1478120 1730
1478130 1731
1478140 1733
1478150 1733
1478160 1732
1478170 1729
1478180 1729
1478190 1728
1478200 1729
1478210 1729
1478220 1730
1478230 1732
1478240 1732
1478250 1732
1478260 1734
1478270 1734
1478280 1736
1478290 1740
1478300 1740
1478310 1743
1478320 1745
1478330 1745
1478340 1746
1478350 1745
1478360 1745
1478370 1745
1478380 1744
1478390 1741
1478400 1741
1478410 1738
1478420 1738
1478430 1738
1478440 1738
1478450 1739
1478460 1739
1478470 1741
1478480 1742
1478490 1742
1478500 1742
1478510 1744
1478520 1744
1478530 1750
1478540 1754
1478550 1754
1478560 1757
1478570 1760
1478580 1760
1478590 1761
1478600 1764
1478610 1764
1478620 1767
1478630 1769
1478640 1772
1478650 1772
1478660 1776
1478670 1781
1478680 1781
1478690 1786
1478700 1791
1478710 1791
1478720 1797
1478730 1802
1478740 1802
1478750 1808
1478760 1813
1478770 1813
1478780 1818
1478790 1821
1478800 1821
1478810 1824
1478820 1832
1478830 1832
1478840 1845
1478850 1857
1478860 1857
1478870 1864
1478880 1869
1478890 1866
1478900 1866
1478910 1865
1478920 1867
1478930 1867
1478940 1869
1478950 1873
1478960 1873
1478970 1877
1478980 1881
1478990 1881
1479000 1884
1479010 1887
1479020 1887
1479030 1889
1479040 1890
1479050 1890
1479060 1889
1479070 1890
1479080 1890
1479090 1892
1479100 1897
1479110 1901
1479120 1901
1479130 1904
1479140 1904
1479150 1904
1479160 1904
1479170 1905
1479180 1905
1479190 1906
1479200 1906
1479210 1906
1479220 1907
1479230 1908
1479240 1908
1479250 1909
1479260 1910
1479270 1910
1479280 1911
1479290 1911
1479300 1911
1479310 1912
1479320 1912
1479330 1912
1479340 1913
1479350 1914
1479360 1914
1479370 1914
1479380 1914
1479390 1915
1479400 1915
1479410 1915
1479420 1916
1479430 1916
1479440 1916
1479450 1917
1479460 1917
1479470 1918
1479480 1919
1479490 1919
1479500 1920
1479510 1922
1479520 1922
1479530 1923
1479540 1924
1479550 1924
1479560 1924
1479570 1925
1479580 1925
1479590 1925
1479600 1925
1479610 1925
1479620 1925
1479630 1924
1479640 1923
1479650 1923
1479660 1922
1479670 1922
1479680 1922
1479690 1921
1479700 1921
1479710 1921
1479720 1923
1479730 1924
1479740 1924
1479750 1926
1479760 1928
1479770 1928
1479780 1930
1479790 1931
1479800 1931
1479810 1932
1479820 1932
1479830 1932
1479840 1933
1479850 1935
1479860 1937
1479870 1937
1479880 1941
1479890 1944
1479900 1944
1479910 1949
1479920 1952
1479930 1952
1479940 1955
1479950 1957
1479960 1957
1479970 1958
1479980 1959
1479990 1959
