1460000 1038
1460010 1045
1460020 1048
1460030 1048
1460040 1052
1460050 1053
1460060 1053
1460070 1056
1460080 1064
1460090 1064
1460100 1074
1460110 1083
1460120 1083
1460130 1092
1460140 1100
1460150 1100
1460160 1106
1460170 1114
1460180 1120
1460190 1120
1460200 1126
1460210 1131
1460220 1131
1460230 1136
1460240 1142
1460250 1142
1460260 1149
1460270 1156
1460280 1156
1460290 1164
1460300 1173
1460310 1173
1460320 1184
1460330 1194
1460340 1194
1460350 1203
1460360 1209
1460370 1209
1460380 1216
1460390 1224
1460400 1224
1460410 1232
1460420 1240
1460430 1240
1460440 1245
1460450 1252
1460460 1258
1460470 1258
1460480 1264
1460490 1270
1460500 1270
1460510 1275
1460520 1278
1460530 1278
1460540 1282
1460550 1286
1460560 1286
1460570 1290
1460580 1293
1460590 1293
1460600 1297
1460610 1300
1460620 1300
1460630 1304
1460640 1308
1460650 1308
1460660 1312
1460670 1315
1460680 1315
1460690 1317
1460700 1319
1460710 1320
1460720 1320
1460730 1323
1460740 1327
1460750 1327
1460760 1331
1460770 1334
1460780 1334
1460790 1338
1460800 1341
1460810 1341
1460820 1345
1460830 1348
1460840 1348
1460850 1351
1460860 1355
1460870 1355
1460880 1357
1460890 1360
1460900 1360
1460910 1363
1460920 1364
1460930 1364
1460940 1366
1460950 1369
1460960 1372
1460970 1372
1460980 1375
1460990 1378
1461000 1378
1461010 1383
1461020 1389
1461030 1389
1461040 1395
1461050 1402
1461060 1402
1461070 1408
1461080 1414
1461090 1414
1461100 1421
1461110 1428
1461120 1428
1461130 1435
1461140 1441
1461150 1441
1461160 1446
1461170 1450
1461180 1450
1461190 1455
1461200 1461
1461210 1467
1461220 1467
1461230 1474
1461240 1480
1461250 1480
1461260 1487
1461270 1493
1461280 1493
1461290 1500
1461300 1506
1461310 1506
1461320 1511
1461330 1516
1461340 1516
1461350 1521
1461360 1526
1461370 1526
1461380 1532
1461390 1537
1461400 1537
1461410 1542
1461420 1547
1461430 1547
1461440 1552
1461450 1557
1461460 1562
1461470 1562
1461480 1566
1461490 1568
1461500 1568
1461510 1571
1461520 1575
1461530 1575
1461540 1579
1461550 1583
1461560 1583
1461570 1587
1461580 1591
1461590 1591
1461600 1594
1461610 1597
1461620 1597
1461630 1601
1461640 1604
1461650 1604
1461660 1607
1461670 1612
1461680 1612
1461690 1615
1461700 1620
1461710 1625
1461720 1625
1461730 1630
1461740 1635
1461750 1635
1461760 1639
1461770 1642
1461780 1642
1461790 1644
1461800 1646
1461810 1646
1461820 1649
1461830 1651
1461840 1651
1461850 1653
1461860 1654
1461870 1654
1461880 1655
1461890 1656
1461900 1656
1461910 1655
1461920 1656
1461930 1656
1461940 1658
1461950 1660
1461960 1660
1461970 1660
1461980 1661
1461990 1663
1462000 1663
1462010 1664
1462020 1664
1462030 1664
1462040 1663
1462050 1662
1462060 1662
1462070 1662
1462080 1660
1462090 1660
1462100 1658
1462110 1659
1462120 1659
1462130 1658
1462140 1657
1462150 1657
1462160 1658
1462170 1659
1462180 1659
1462190 1659
1462200 1657
1462210 1657
1462220 1657
1462230 1660
1462240 1662
1462250 1662
1462260 1662
1462270 1663
1462280 1663
1462290 1664
1462300 1665
1462310 1665
1462320 1665
1462330 1662
1462340 1662
1462350 1662
1462360 1662
1462370 1662
1462380 1662
1462390 1663
1462400 1663
1462410 1664
1462420 1665
1462430 1665
1462440 1665
1462450 1666
1462460 1667
1462470 1667
1462480 1669
1462490 1669
1462500 1669
1462510 1671
1462520 1671
1462530 1671
1462540 1673
1462550 1675
1462560 1675
1462570 1679
1462580 1686
1462590 1686
1462600 1691
1462610 1696
1462620 1696
1462630 1700
1462640 1703
1462650 1703
1462660 1707
1462670 1710
1462680 1710
1462690 1714
1462700 1719
1462710 1725
1462720 1725
1462730 1731
1462740 1736
1462750 1736
1462760 1740
1462770 1742
1462780 1742
1462790 1744
1462800 1748
1462810 1748
1462820 1752
1462830 1754
1462840 1754
1462850 1756
1462860 1759
1462870 1759
1462880 1763
1462890 1767
1462900 1767
1462910 1772
1462920 1776
1462930 1776
1462940 1781
1462950 1787
1462960 1793
1462970 1793
1462980 1796
1462990 1800
1463000 1800
1463010 1806
1463020 1813
1463030 1813
1463040 1820
1463050 1819
1463060 1819
1463070 1819
1463080 1825
1463090 1825
1463100 1830
1463110 1835
1463120 1835
1463130 1841
1463140 1842
1463150 1842
1463160 1843
1463170 1844
1463180 1844
1463190 1846
1463200 1849
1463210 1855
1463220 1855
1463230 1861
1463240 1865
1463250 1865
1463260 1867
1463270 1869
1463280 1869
1463290 1872
1463300 1874
1463310 1874
1463320 1876
1463330 1879
1463340 1879
1463350 1881
1463360 1884
1463370 1884
1463380 1887
1463390 1890
1463400 1890
1463410 1893
1463420 1896
1463430 1896
1463440 1899
1463450 1900
1463460 1900
1463470 1900
1463480 1900
1463490 1900
1463500 1900
1463510 1900
1463520 1904
1463530 1904
1463540 1907
1463550 1910
1463560 1910
1463570 1915
1463580 1917
1463590 1917
1463600 1921
1463610 1926
1463620 1926
1463630 1936
1463640 1943
1463650 1943
1463660 1947
1463670 1951
1463680 1951
1463690 1956
1463700 1961
1463710 1965
1463720 1965
1463730 1967
1463740 1970
1463750 1970
1463760 1974
1463770 1978
1463780 1978
1463790 1981
1463800 1984
1463810 1984
1463820 1986
1463830 1988
1463840 1988
1463850 1989
1463860 1987
1463870 1987
1463880 1984
1463890 1983
1463900 1983
1463910 1980
1463920 1976
1463930 1976
1463940 1973
1463950 1968
1463960 1963
1463970 1963
1463980 1958
1463990 1953
1464000 1953
1464010 1947
1464020 1942
1464030 1942
1464040 1937
1464050 1933
1464060 1933
1464070 1928
1464080 1924
1464090 1924
1464100 1921
1464110 1917
1464120 1917
1464130 1911
1464140 1905
1464150 1905
1464160 1900
1464170 1895
1464180 1895
1464190 1892
1464200 1889
1464210 1886
1464220 1886
1464230 1883
1464240 1882
1464250 1882
1464260 1880
1464270 1876
1464280 1876
1464290 1871
1464300 1866
1464310 1866
1464320 1862
1464330 1857
1464340 1857
1464350 1851
1464360 1846
1464370 1846
1464380 1840
1464390 1835
1464400 1835
1464410 1828
1464420 1822
1464430 1822
1464440 1817
1464450 1813
1464460 1809
1464470 1809
1464480 1805
1464490 1799
1464500 1799
1464510 1791
1464520 1785
1464530 1785
1464540 1779
1464550 1774
1464560 1774
1464570 1768
1464580 1764
1464590 1764
1464600 1760
1464610 1756
1464620 1756
1464630 1752
1464640 1747
1464650 1747
1464660 1743
1464670 1738
1464680 1738
1464690 1733
1464700 1727
1464710 1722
1464720 1722
1464730 1717
1464740 1711
1464750 1711
1464760 1707
1464770 1703
1464780 1703
1464790 1700
1464800 1696
1464810 1696
1464820 1692
1464830 1687
1464840 1687
1464850 1682
1464860 1677
1464870 1677
1464880 1673
1464890 1667
1464900 1667
1464910 1661
1464920 1655
1464930 1655
1464940 1648
1464950 1641
1464960 1634
1464970 1634
1464980 1626
1464990 1618
1465000 1618
1465010 1612
1465020 1606
1465030 1606
1465040 1600
1465050 1594
1465060 1594
1465070 1589
1465080 1583
1465090 1583
1465100 1579
1465110 1575
1465120 1575
1465130 1570
1465140 1565
1465150 1565
1465160 1561
1465170 1556
1465180 1556
1465190 1552
1465200 1549
1465210 1544
1465220 1544
1465230 1539
1465240 1534
1465250 1534
1465260 1529
1465270 1526
1465280 1526
1465290 1523
1465300 1519
1465310 1519
1465320 1515
1465330 1511
1465340 1511
1465350 1507
1465360 1503
1465370 1503
1465380 1500
1465390 1496
1465400 1496
1465410 1492
1465420 1487
1465430 1487
1465440 1482
1465450 1478
1465460 1478
1465470 1478
1465480 1477
1465490 1475
1465500 1475
1465510 1477
1465520 1480
1465530 1480
1465540 1483
1465550 1484
1465560 1484
1465570 1486
1465580 1489
1465590 1489
1465600 1491
1465610 1492
1465620 1492
1465630 1494
1465640 1495
1465650 1495
1465660 1496
1465670 1497
1465680 1497
1465690 1499
1465700 1502
1465710 1504
1465720 1504
1465730 1507
1465740 1509
1465750 1509
1465760 1513
1465770 1516
1465780 1516
1465790 1517
1465800 1519
1465810 1519
1465820 1522
1465830 1526
1465840 1526
1465850 1529
1465860 1531
1465870 1531
1465880 1532
1465890 1533
1465900 1533
1465910 1536
1465920 1537
1465930 1537
1465940 1538
1465950 1538
1465960 1539
1465970 1539
1465980 1539
1465990 1539
1466000 1539
1466010 1540
1466020 1540
1466030 1540
1466040 1541
1466050 1542
1466060 1542
1466070 1543
1466080 1543
1466090 1543
1466100 1545
1466110 1549
1466120 1549
1466130 1551
1466140 1552
1466150 1552
1466160 1553
1466170 1552
1466180 1552
1466190 1552
1466200 1550
1466210 1547
1466220 1547
1466230 1544
1466240 1544
1466250 1544
1466260 1545
1466270 1546
1466280 1546
1466290 1544
1466300 1542
1466310 1542
1466320 1543
1466330 1547
1466340 1547
1466350 1551
1466360 1556
1466370 1556
1466380 1559
1466390 1562
1466400 1562
1466410 1566
1466420 1569
1466430 1569
1466440 1575
1466450 1580
1466460 1584
1466470 1584
1466480 1587
1466490 1586
1466500 1586
1466510 1580
1466520 1575
1466530 1575
1466540 1573
1466550 1570
1466560 1570
1466570 1563
1466580 1555
1466590 1555
1466600 1548
1466610 1540
1466620 1540
1466630 1530
1466640 1519
1466650 1519
1466660 1513
1466670 1508
1466680 1508
1466690 1504
1466700 1504
1466710 1502
1466720 1502
1466730 1498
1466740 1494
1466750 1494
1466760 1491
1466770 1489
1466780 1489
1466790 1489
1466800 1488
1466810 1488
1466820 1486
1466830 1484
1466840 1484
1466850 1481
1466860 1478
1466870 1478
1466880 1474
1466890 1471
1466900 1471
1466910 1468
1466920 1466
1466930 1466
1466940 1465
1466950 1466
1466960 1466
1466970 1466
1466980 1466
1466990 1465
1467000 1465
1467010 1463
1467020 1461
1467030 1461
1467040 1459
1467050 1457
1467060 1457
1467070 1454
1467080 1453
1467090 1453
1467100 1453
1467110 1452
1467120 1452
1467130 1453
1467140 1454
1467150 1454
1467160 1449
1467170 1445
1467180 1445
1467190 1439
1467200 1433
1467210 1427
1467220 1427
1467230 1422
1467240 1418
1467250 1418
1467260 1414
1467270 1410
1467280 1410
1467290 1407
1467300 1405
1467310 1405
1467320 1403
1467330 1398
1467340 1398
1467350 1393
1467360 1386
1467370 1386
1467380 1379
1467390 1378
1467400 1378
1467410 1374
1467420 1370
1467430 1370
1467440 1366
1467450 1360
1467460 1354
1467470 1354
1467480 1349
1467490 1345
1467500 1345
1467510 1342
1467520 1339
1467530 1339
1467540 1336
1467550 1334
1467560 1334
1467570 1331
1467580 1328
1467590 1328
1467600 1323
1467610 1319
1467620 1319
1467630 1315
1467640 1308
1467650 1308
1467660 1302
1467670 1297
1467680 1297
1467690 1290
1467700 1279
1467710 1268
1467720 1268
1467730 1257
1467740 1249
1467750 1249
1467760 1241
1467770 1234
1467780 1234
1467790 1229
1467800 1225
1467810 1225
1467820 1223
1467830 1220
1467840 1220
1467850 1217
1467860 1213
1467870 1213
1467880 1209
1467890 1205
1467900 1205
1467910 1199
1467920 1195
1467930 1195
1467940 1189
1467950 1183
1467960 1178
1467970 1178
1467980 1174
1467990 1170
1468000 1170
1468010 1166
1468020 1161
1468030 1161
1468040 1155
1468050 1150
1468060 1150
1468070 1147
1468080 1144
1468090 1144
1468100 1143
1468110 1139
1468120 1139
1468130 1136
1468140 1133
1468150 1133
1468160 1130
1468170 1124
1468180 1124
1468190 1118
1468200 1114
1468210 1109
1468220 1109
1468230 1105
1468240 1100
1468250 1100
1468260 1096
1468270 1093
1468280 1093
1468290 1089
1468300 1085
1468310 1085
1468320 1082
1468330 1076
1468340 1076
1468350 1071
1468360 1065
1468370 1065
1468380 1060
1468390 1054
1468400 1054
1468410 1045
1468420 1036
1468430 1036
1468440 1029
1468450 1024
1468460 1020
1468470 1020
1468480 1018
1468490 1016
1468500 1016
1468510 1010
1468520 1003
1468530 1003
1468540 998
1468550 995
1468560 995
1468570 994
1468580 993
1468590 993
1468600 988
1468610 985
1468620 985
1468630 982
1468640 979
1468650 979
1468660 976
1468670 972
1468680 972
1468690 970
1468700 966
1468710 965
1468720 965
1468730 964
1468740 958
1468750 958
1468760 951
1468770 949
1468780 949
1468790 947
1468800 943
1468810 943
1468820 939
1468830 937
1468840 937
1468850 934
1468860 929
1468870 929
1468880 921
1468890 918
1468900 918
1468910 912
1468920 907
1468930 907
1468940 903
1468950 899
1468960 892
1468970 892
1468980 888
1468990 883
1469000 883
1469010 880
1469020 883
1469030 883
1469040 883
1469050 882
1469060 882
1469070 883
1469080 883
1469090 883
1469100 883
1469110 883
1469120 883
1469130 884
1469140 884
1469150 884
1469160 884
1469170 885
1469180 885
1469190 885
1469200 886
1469210 886
1469220 886
1469230 886
1469240 886
1469250 886
1469260 886
1469270 887
1469280 887
1469290 888
1469300 888
1469310 888
1469320 888
1469330 887
1469340 887
1469350 887
1469360 889
1469370 889
1469380 889
1469390 890
1469400 890
1469410 890
1469420 890
1469430 890
1469440 890
1469450 891
1469460 891
1469470 891
1469480 891
1469490 891
1469500 891
1469510 892
1469520 892
1469530 892
1469540 893
1469550 894
1469560 894
1469570 899
1469580 900
1469590 900
1469600 902
1469610 905
1469620 905
1469630 904
1469640 905
1469650 905
1469660 908
1469670 910
1469680 910
1469690 909
1469700 909
1469710 908
1469720 908
1469730 907
1469740 910
1469750 910
1469760 914
1469770 918
1469780 918
1469790 925
1469800 935
1469810 935
1469820 942
1469830 949
1469840 949
1469850 954
1469860 957
1469870 957
1469880 960
1469890 964
1469900 964
1469910 967
1469920 970
1469930 970
1469940 972
1469950 972
1469960 972
1469970 972
1469980 972
1469990 970
1470000 970
1470010 967
1470020 959
1470030 959
1470040 950
1470050 940
1470060 940
1470070 929
1470080 916
1470090 916
1470100 913
1470110 913
1470120 913
1470130 913
1470140 915
1470150 915
1470160 917
1470170 922
1470180 922
1470190 931
1470200 933
1470210 921
1470220 921
1470230 917
1470240 918
1470250 918
1470260 919
1470270 919
1470280 919
1470290 920
1470300 920
1470310 920
1470320 920
1470330 921
1470340 921
1470350 921
1470360 921
1470370 921
1470380 921
1470390 921
1470400 921
1470410 922
1470420 924
1470430 924
1470440 925
1470450 926
1470460 928
1470470 928
1470480 932
1470490 938
1470500 938
1470510 937
1470520 932
1470530 932
1470540 930
1470550 930
1470560 930
1470570 933
1470580 934
1470590 934
1470600 935
1470610 936
1470620 936
1470630 937
1470640 937
1470650 937
1470660 936
1470670 935
1470680 935
1470690 934
1470700 935
1470710 938
1470720 938
1470730 944
1470740 947
1470750 947
1470760 952
1470770 949
1470780 949
1470790 940
1470800 939
1470810 939
1470820 943
1470830 947
1470840 947
1470850 948
1470860 949
1470870 949
1470880 948
1470890 947
1470900 947
1470910 947
1470920 947
1470930 947
1470940 947
1470950 947
1470960 947
1470970 947
1470980 948
1470990 949
1471000 949
1471010 949
1471020 948
1471030 948
1471040 949
1471050 957
1471060 957
1471070 962
1471080 968
1471090 968
1471100 974
1471110 981
1471120 981
1471130 987
1471140 990
1471150 990
1471160 991
1471170 988
1471180 988
1471190 982
1471200 978
1471210 978
1471220 976
1471230 975
1471240 974
1471250 974
1471260 972
1471270 969
1471280 969
1471290 968
1471300 965
1471310 965
1471320 968
1471330 973
1471340 973
1471350 978
1471360 982
1471370 982
1471380 984
1471390 984
1471400 984
1471410 984
1471420 984
1471430 984
1471440 982
1471450 983
1471460 983
1471470 985
1471480 987
1471490 988
1471500 988
1471510 987
1471520 988
1471530 988
1471540 987
1471550 986
1471560 986
1471570 985
1471580 985
1471590 985
1471600 987
1471610 990
1471620 990
1471630 991
1471640 993
1471650 993
1471660 994
1471670 995
1471680 995
1471690 997
1471700 1002
1471710 1002
1471720 1000
1471730 1003
1471740 1005
1471750 1005
1471760 1009
1471770 1008
1471780 1008
1471790 1002
1471800 1000
1471810 1000
1471820 999
1471830 1000
1471840 1000
1471850 1001
1471860 1002
1471870 1002
1471880 1002
1471890 1002
1471900 1002
1471910 1005
1471920 1014
1471930 1014
1471940 1018
1471950 1020
1471960 1020
1471970 1022
1471980 1025
1471990 1029
1472000 1029
1472010 1033
1472020 1035
1472030 1035
1472040 1038
1472050 1037
1472060 1037
1472070 1037
1472080 1039
1472090 1039
1472100 1042
1472110 1046
1472120 1046
1472130 1050
1472140 1050
1472150 1050
1472160 1048
1472170 1046
1472180 1046
1472190 1045
1472200 1043
1472210 1043
1472220 1042
1472230 1040
1472240 1037
1472250 1037
1472260 1037
1472270 1038
1472280 1038
1472290 1038
1472300 1040
1472310 1040
1472320 1042
1472330 1042
1472340 1042
1472350 1043
1472360 1044
1472370 1044
1472380 1047
1472390 1049
1472400 1049
1472410 1051
1472420 1052
1472430 1052
1472440 1053
1472450 1051
1472460 1051
1472470 1052
1472480 1053
1472490 1052
1472500 1052
1472510 1050
1472520 1047
1472530 1047
1472540 1047
1472550 1047
1472560 1047
1472570 1045
1472580 1045
1472590 1045
1472600 1045
1472610 1045
1472620 1045
1472630 1045
1472640 1045
1472650 1045
1472660 1045
1472670 1051
1472680 1051
1472690 1052
1472700 1054
1472710 1054
1472720 1059
1472730 1066
1472740 1077
1472750 1077
1472760 1087
1472770 1092
1472780 1092
1472790 1095
1472800 1100
1472810 1100
1472820 1104
1472830 1107
1472840 1107
1472850 1110
1472860 1114
1472870 1114
1472880 1117
1472890 1119
1472900 1119
1472910 1118
1472920 1120
1472930 1120
1472940 1125
1472950 1130
1472960 1130
1472970 1133
1472980 1136
1472990 1140
1473000 1140
1473010 1142
1473020 1145
1473030 1145
1473040 1149
1473050 1152
1473060 1152
1473070 1156
1473080 1160
1473090 1160
1473100 1163
1473110 1165
1473120 1165
1473130 1167
1473140 1169
1473150 1169
1473160 1169
1473170 1168
1473180 1168
1473190 1165
1473200 1161
1473210 1161
1473220 1155
1473230 1151
1473240 1147
1473250 1147
1473260 1145
1473270 1145
1473280 1145
1473290 1142
1473300 1133
1473310 1133
1473320 1138
1473330 1148
1473340 1148
1473350 1157
1473360 1165
1473370 1165
1473380 1173
1473390 1179
1473400 1179
1473410 1184
1473420 1187
1473430 1187
1473440 1190
1473450 1193
1473460 1193
1473470 1196
1473480 1200
1473490 1203
1473500 1203
1473510 1203
1473520 1206
1473530 1206
1473540 1210
1473550 1215
1473560 1215
1473570 1217
1473580 1217
1473590 1217
1473600 1220
1473610 1222
1473620 1222
1473630 1225
1473640 1227
1473650 1227
1473660 1229
1473670 1230
1473680 1230
1473690 1232
1473700 1233
1473710 1233
1473720 1234
1473730 1237
1473740 1240
1473750 1240
1473760 1242
1473770 1243
1473780 1243
1473790 1244
1473800 1244
1473810 1244
1473820 1245
1473830 1246
1473840 1246
1473850 1247
1473860 1248
1473870 1248
1473880 1249
1473890 1249
1473900 1249
1473910 1250
1473920 1252
1473930 1252
1473940 1253
1473950 1253
1473960 1253
1473970 1251
1473980 1250
1473990 1250
1474000 1250
1474010 1250
1474020 1251
1474030 1251
1474040 1253
1474050 1255
1474060 1255
1474070 1255
1474080 1256
1474090 1256
1474100 1256
1474110 1255
1474120 1255
1474130 1254
1474140 1255
1474150 1255
1474160 1255
1474170 1255
1474180 1255
1474190 1255
1474200 1256
1474210 1256
1474220 1255
1474230 1255
1474240 1253
1474250 1253
1474260 1252
1474270 1250
1474280 1250
1474290 1248
1474300 1247
1474310 1247
1474320 1245
1474330 1241
1474340 1241
1474350 1239
1474360 1237
1474370 1237
1474380 1236
1474390 1233
1474400 1233
1474410 1231
1474420 1229
1474430 1229
1474440 1229
1474450 1231
1474460 1231
1474470 1231
1474480 1229
1474490 1231
1474500 1231
1474510 1236
1474520 1240
1474530 1240
1474540 1244
1474550 1247
1474560 1247
1474570 1251
1474580 1255
1474590 1255
1474600 1257
1474610 1259
1474620 1259
1474630 1260
1474640 1262
1474650 1262
1474660 1268
1474670 1273
1474680 1273
1474690 1277
1474700 1281
1474710 1281
1474720 1285
1474730 1290
1474740 1295
1474750 1295
1474760 1298
1474770 1301
1474780 1301
1474790 1302
1474800 1302
1474810 1302
1474820 1303
1474830 1304
1474840 1304
1474850 1305
1474860 1302
1474870 1302
1474880 1301
1474890 1299
1474900 1299
1474910 1299
1474920 1303
1474930 1303
1474940 1306
1474950 1310
1474960 1310
1474970 1315
1474980 1319
1474990 1323
1475000 1323
1475010 1326
1475020 1327
1475030 1327
1475040 1328
1475050 1329
1475060 1329
1475070 1330
1475080 1332
1475090 1332
1475100 1334
1475110 1336
1475120 1336
1475130 1341
1475140 1344
1475150 1344
1475160 1346
1475170 1348
1475180 1348
1475190 1350
1475200 1351
1475210 1351
1475220 1352
1475230 1351
1475240 1352
1475250 1352
1475260 1352
1475270 1352
1475280 1352
1475290 1352
1475300 1352
1475310 1352
1475320 1351
1475330 1348
1475340 1348
1475350 1349
1475360 1350
1475370 1350
1475380 1351
1475390 1354
1475400 1354
1475410 1356
1475420 1358
1475430 1358
1475440 1359
1475450 1358
1475460 1358
1475470 1359
1475480 1361
1475490 1362
1475500 1362
1475510 1363
1475520 1365
1475530 1365
1475540 1367
1475550 1371
1475560 1371
1475570 1374
1475580 1375
1475590 1375
1475600 1375
1475610 1376
1475620 1376
1475630 1379
1475640 1382
1475650 1382
1475660 1383
1475670 1384
1475680 1384
1475690 1385
1475700 1385
1475710 1385
1475720 1385
1475730 1385
1475740 1382
1475750 1382
1475760 1378
1475770 1377
1475780 1377
1475790 1374
1475800 1369
1475810 1369
1475820 1363
1475830 1353
1475840 1353
1475850 1343
1475860 1340
1475870 1340
1475880 1347
1475890 1360
1475900 1360
1475910 1369
1475920 1370
1475930 1370
1475940 1368
1475950 1365
1475960 1365
1475970 1366
1475980 1368
1475990 1369
1476000 1369
1476010 1369
1476020 1367
1476030 1367
1476040 1367
1476050 1368
1476060 1368
1476070 1365
1476080 1363
1476090 1363
1476100 1364
1476110 1367
1476120 1367
1476130 1369
1476140 1373
1476150 1373
1476160 1373
1476170 1371
1476180 1371
1476190 1370
1476200 1371
1476210 1371
1476220 1372
1476230 1372
1476240 1372
1476250 1372
1476260 1372
1476270 1371
1476280 1371
1476290 1371
1476300 1373
1476310 1373
1476320 1374
1476330 1376
1476340 1376
1476350 1375
1476360 1373
1476370 1373
1476380 1371
1476390 1372
1476400 1372
1476410 1370
1476420 1370
1476430 1370
1476440 1372
1476450 1374
1476460 1374
1476470 1375
1476480 1375
1476490 1372
1476500 1372
1476510 1368
1476520 1366
1476530 1366
1476540 1364
1476550 1362
1476560 1362
1476570 1360
1476580 1354
1476590 1354
1476600 1355
1476610 1366
1476620 1366
1476630 1373
1476640 1380
1476650 1380
1476660 1386
1476670 1392
1476680 1392
1476690 1398
1476700 1404
1476710 1404
1476720 1412
1476730 1413
1476740 1418
1476750 1418
1476760 1424
1476770 1428
1476780 1428
1476790 1432
1476800 1436
1476810 1436
1476820 1439
1476830 1441
1476840 1441
1476850 1442
1476860 1446
1476870 1446
1476880 1449
1476890 1451
1476900 1451
1476910 1452
1476920 1453
1476930 1453
1476940 1453
1476950 1453
1476960 1453
1476970 1455
1476980 1456
1476990 1458
1477000 1458
1477010 1458
1477020 1458
1477030 1458
1477040 1456
1477050 1454
1477060 1454
1477070 1448
1477080 1444
1477090 1444
1477100 1449
1477110 1452
1477120 1452
1477130 1451
1477140 1451
1477150 1451
1477160 1456
1477170 1458
1477180 1458
1477190 1457
1477200 1456
1477210 1456
1477220 1455
1477230 1457
1477240 1459
1477250 1459
1477260 1464
1477270 1469
1477280 1469
1477290 1472
1477300 1473
1477310 1473
1477320 1476
1477330 1482
1477340 1482
1477350 1488
1477360 1492
1477370 1492
1477380 1492
1477390 1493
1477400 1493
1477410 1498
1477420 1501
1477430 1501
1477440 1504
1477450 1507
1477460 1507
1477470 1510
1477480 1514
1477490 1517
1477500 1517
1477510 1522
1477520 1526
1477530 1526
1477540 1528
1477550 1533
1477560 1533
1477570 1539
1477580 1544
1477590 1544
1477600 1550
1477610 1555
1477620 1555
1477630 1561
1477640 1567
1477650 1567
1477660 1573
1477670 1580
1477680 1580
1477690 1586
1477700 1592
1477710 1592
1477720 1598
1477730 1603
1477740 1610
1477750 1610
1477760 1616
1477770 1622
1477780 1622
1477790 1628
1477800 1634
1477810 1634
1477820 1640
1477830 1645
1477840 1645
1477850 1650
1477860 1656
1477870 1656
1477880 1663
1477890 1670
1477900 1670
1477910 1677
1477920 1684
1477930 1684
1477940 1690
1477950 1696
1477960 1696
1477970 1701
1477980 1705
1477990 1709
1478000 1709
1478010 1710
1478020 1711
1478030 1711
1478040 1713
1478050 1718
1478060 1718
1478070 1724
1478080 1726
1478090 1726
1478100 1730
1478110 1734
1478120 1734
1478130 1738
1478140 1741
1478150 1741
1478160 1745
1478170 1748
1478180 1748
1478190 1751
1478200 1755
1478210 1755
1478220 1758
1478230 1761
1478240 1764
1478250 1764
1478260 1767
1478270 1770
1478280 1770
1478290 1773
1478300 1776
1478310 1776
1478320 1778
1478330 1781
1478340 1781
1478350 1783
1478360 1785
1478370 1785
1478380 1787
1478390 1790
1478400 1790
1478410 1794
1478420 1797
1478430 1797
1478440 1800
1478450 1802
1478460 1802
1478470 1803
1478480 1805
1478490 1809
1478500 1809
1478510 1812
1478520 1817
1478530 1817
1478540 1820
1478550 1823
1478560 1823
1478570 1826
1478580 1830
1478590 1830
1478600 1835
1478610 1840
1478620 1840
1478630 1844
1478640 1849
1478650 1849
1478660 1853
1478670 1858
1478680 1858
1478690 1863
1478700 1867
1478710 1867
1478720 1870
1478730 1873
1478740 1878
1478750 1878
1478760 1884
1478770 1889
1478780 1889
1478790 1893
1478800 1897
1478810 1897
1478820 1904
1478830 1909
1478840 1909
1478850 1914
1478860 1920
1478870 1920
1478880 1926
1478890 1932
1478900 1932
1478910 1938
1478920 1943
1478930 1943
1478940 1950
1478950 1956
1478960 1956
1478970 1962
1478980 1969
1478990 1977
1479000 1977
1479010 1984
1479020 1994
1479030 1994
1479040 2014
1479050 2022
1479060 2022
1479070 2023
1479080 2019
1479090 2019
1479100 2015
1479110 2010
1479120 2010
1479130 2007
1479140 2005
1479150 2005
1479160 2001
1479170 1993
1479180 1993
1479190 1983
1479200 1973
1479210 1973
1479220 1965
1479230 1957
1479240 1949
1479250 1949
1479260 1945
1479270 1942
1479280 1942
1479290 1940
1479300 1936
1479310 1936
1479320 1931
1479330 1926
1479340 1926
1479350 1919
1479360 1916
1479370 1916
1479380 1914
1479390 1911
1479400 1911
1479410 1907
1479420 1903
1479430 1903
1479440 1901
1479450 1899
1479460 1899
1479470 1896
1479480 1892
1479490 1889
1479500 1889
1479510 1885
1479520 1879
1479530 1879
1479540 1874
1479550 1869
1479560 1869
1479570 1865
1479580 1861
1479590 1861
1479600 1858
1479610 1854
1479620 1854
1479630 1850
1479640 1847
1479650 1847
1479660 1846
1479670 1843
1479680 1843
1479690 1838
1479700 1834
1479710 1834
1479720 1829
1479730 1825
1479740 1820
1479750 1820
1479760 1815
1479770 1813
1479780 1813
1479790 1809
1479800 1804
1479810 1804
1479820 1803
1479830 1800
1479840 1800
1479850 1796
1479860 1791
1479870 1791
1479880 1787
1479890 1783
1479900 1783
1479910 1776
1479920 1769
1479930 1769
1479940 1762
1479950 1757
1479960 1757
1479970 1754
1479980 1751
1479990 1748
