1460000 1098
1460010 1104
1460020 1111
1460030 1111
1460040 1117
1460050 1123
1460060 1123
1460070 1130
1460080 1138
1460090 1138
1460100 1145
1460110 1151
1460120 1157
1460130 1157
1460140 1163
1460150 1170
1460160 1170
1460170 1177
1460180 1183
1460190 1183
1460200 1189
1460210 1195
1460220 1195
1460230 1200
1460240 1206
1460250 1206
1460260 1212
1460270 1219
1460280 1219
1460290 1225
1460300 1225
1460310 1225
1460320 1230
1460330 1236
1460340 1236
1460350 1241
1460360 1246
1460370 1250
1460380 1250
1460390 1254
1460400 1260
1460410 1260
1460420 1268
1460430 1275
1460440 1275
1460450 1280
1460460 1283
1460470 1283
1460480 1288
1460490 1295
1460500 1295
1460510 1301
1460520 1306
1460530 1306
1460540 1310
1460550 1316
1460560 1316
1460570 1322
1460580 1328
1460590 1328
1460600 1333
1460610 1339
1460620 1344
1460630 1344
1460640 1348
1460650 1352
1460660 1352
1460670 1358
1460680 1363
1460690 1363
1460700 1368
1460710 1372
1460720 1372
1460730 1378
1460740 1385
1460750 1385
1460760 1392
1460770 1400
1460780 1400
1460790 1406
1460800 1414
1460810 1414
1460820 1421
1460830 1424
1460840 1424
1460850 1426
1460860 1429
1460870 1432
1460880 1432
1460890 1435
1460900 1437
1460910 1437
1460920 1439
1460930 1441
1460940 1441
1460950 1443
1460960 1444
1460970 1444
1460980 1444
1460990 1445
1461000 1445
1461010 1447
1461020 1449
1461030 1449
1461040 1451
1461050 1453
1461060 1453
1461070 1454
1461080 1456
1461090 1456
1461100 1459
1461110 1461
1461120 1463
1461130 1463
1461140 1462
1461150 1463
1461160 1463
1461170 1463
1461180 1464
1461190 1464
1461200 1462
1461210 1462
1461220 1462
1461230 1463
1461240 1462
1461250 1462
1461260 1462
1461270 1462
1461280 1462
1461290 1462
1461300 1462
1461310 1462
1461320 1462
1461330 1463
1461340 1463
1461350 1465
1461360 1466
1461370 1468
1461380 1468
1461390 1469
1461400 1470
1461410 1470
1461420 1470
1461430 1471
1461440 1471
1461450 1472
1461460 1473
1461470 1473
1461480 1475
1461490 1476
1461500 1476
1461510 1476
1461520 1475
1461530 1475
1461540 1474
1461550 1473
1461560 1473
1461570 1472
1461580 1472
1461590 1472
1461600 1473
1461610 1474
1461620 1476
1461630 1476
1461640 1478
1461650 1479
1461660 1479
1461670 1480
1461680 1480
1461690 1480
1461700 1479
1461710 1479
1461720 1479
1461730 1478
1461740 1478
1461750 1478
1461760 1478
1461770 1478
1461780 1478
1461790 1478
1461800 1477
1461810 1477
1461820 1479
1461830 1482
1461840 1482
1461850 1485
1461860 1486
1461870 1488
1461880 1488
1461890 1489
1461900 1488
1461910 1488
1461920 1490
1461930 1496
1461940 1496
1461950 1500
1461960 1502
1461970 1502
1461980 1502
1461990 1504
1462000 1504
1462010 1506
1462020 1507
1462030 1507
1462040 1508
1462050 1509
1462060 1509
1462070 1509
1462080 1510
1462090 1510
1462100 1512
1462110 1514
1462120 1515
1462130 1515
1462140 1515
1462150 1516
1462160 1516
1462170 1516
1462180 1518
1462190 1518
1462200 1518
1462210 1518
1462220 1518
1462230 1517
1462240 1516
1462250 1516
1462260 1517
1462270 1519
1462280 1519
1462290 1520
1462300 1520
1462310 1520
1462320 1522
1462330 1523
1462340 1523
1462350 1525
1462360 1529
1462370 1530
1462380 1530
1462390 1533
1462400 1539
1462410 1539
1462420 1544
1462430 1549
1462440 1549
1462450 1555
1462460 1560
1462470 1560
1462480 1566
1462490 1573
1462500 1573
1462510 1578
1462520 1585
1462530 1585
1462540 1592
1462550 1598
1462560 1598
1462570 1603
1462580 1609
1462590 1609
1462600 1616
1462610 1622
1462620 1628
1462630 1628
1462640 1633
1462650 1638
1462660 1638
1462670 1642
1462680 1646
1462690 1646
1462700 1651
1462710 1655
1462720 1655
1462730 1657
1462740 1660
1462750 1660
1462760 1665
1462770 1669
1462780 1669
1462790 1672
1462800 1675
1462810 1675
1462820 1678
1462830 1681
1462840 1681
1462850 1683
1462860 1685
1462870 1687
1462880 1687
1462890 1689
1462900 1688
1462910 1688
1462920 1690
1462930 1692
1462940 1692
1462950 1694
1462960 1699
1462970 1699
1462980 1705
1462990 1708
1463000 1708
1463010 1709
1463020 1710
1463030 1710
1463040 1711
1463050 1712
1463060 1712
1463070 1716
1463080 1720
1463090 1720
1463100 1722
1463110 1723
1463120 1723
1463130 1723
1463140 1723
1463150 1723
1463160 1723
1463170 1725
1463180 1727
1463190 1727
1463200 1730
1463210 1733
1463220 1733
1463230 1737
1463240 1741
1463250 1741
1463260 1746
1463270 1750
1463280 1750
1463290 1753
1463300 1755
1463310 1755
1463320 1756
1463330 1758
1463340 1758
1463350 1759
1463360 1758
1463370 1757
1463380 1757
1463390 1758
1463400 1757
1463410 1757
1463420 1758
1463430 1762
1463440 1762
1463450 1765
1463460 1768
1463470 1768
1463480 1769
1463490 1772
1463500 1772
1463510 1776
1463520 1782
1463530 1782
1463540 1792
1463550 1800
1463560 1800
1463570 1808
1463580 1813
1463590 1813
1463600 1819
1463610 1826
1463620 1832
1463630 1832
1463640 1838
1463650 1844
1463660 1844
1463670 1850
1463680 1856
1463690 1856
1463700 1862
1463710 1868
1463720 1868
1463730 1873
1463740 1879
1463750 1879
1463760 1884
1463770 1890
1463780 1890
1463790 1896
1463800 1901
1463810 1901
1463820 1907
1463830 1912
1463840 1912
1463850 1916
1463860 1921
1463870 1925
1463880 1925
1463890 1928
1463900 1931
1463910 1931
1463920 1936
1463930 1939
1463940 1939
1463950 1942
1463960 1944
1463970 1944
1463980 1947
1463990 1949
1464000 1949
1464010 1950
1464020 1951
1464030 1951
1464040 1949
1464050 1946
1464060 1946
1464070 1946
1464080 1943
1464090 1943
1464100 1939
1464110 1933
1464120 1931
1464130 1931
1464140 1927
1464150 1923
1464160 1923
1464170 1918
1464180 1911
1464190 1911
1464200 1906
1464210 1903
1464220 1903
1464230 1898
1464240 1893
1464250 1893
1464260 1888
1464270 1884
1464280 1884
1464290 1882
1464300 1879
1464310 1879
1464320 1877
1464330 1874
1464340 1874
1464350 1872
1464360 1871
1464370 1869
1464380 1869
1464390 1866
1464400 1861
1464410 1861
1464420 1855
1464430 1850
1464440 1850
1464450 1845
1464460 1843
1464470 1843
1464480 1839
1464490 1835
1464500 1835
1464510 1831
1464520 1825
1464530 1825
1464540 1819
1464550 1814
1464560 1814
1464570 1808
1464580 1801
1464590 1801
1464600 1795
1464610 1789
1464620 1789
1464630 1783
1464640 1776
1464650 1768
1464660 1768
1464670 1760
1464680 1756
1464690 1756
1464700 1753
1464710 1750
1464720 1750
1464730 1746
1464740 1742
1464750 1742
1464760 1738
1464770 1734
1464780 1734
1464790 1730
1464800 1726
1464810 1726
1464820 1722
1464830 1716
1464840 1716
1464850 1711
1464860 1706
1464870 1706
1464880 1701
1464890 1696
1464900 1692
1464910 1692
1464920 1688
1464930 1683
1464940 1683
1464950 1678
1464960 1676
1464970 1676
1464980 1673
1464990 1668
1465000 1668
1465010 1663
1465020 1658
1465030 1658
1465040 1654
1465050 1649
1465060 1649
1465070 1645
1465080 1641
1465090 1641
1465100 1637
1465110 1634
1465120 1634
1465130 1630
1465140 1627
1465150 1624
1465160 1624
1465170 1621
1465180 1617
1465190 1617
1465200 1614
1465210 1611
1465220 1611
1465230 1607
1465240 1603
1465250 1603
1465260 1600
1465270 1596
1465280 1596
1465290 1592
1465300 1589
1465310 1589
1465320 1585
1465330 1581
1465340 1581
1465350 1578
1465360 1574
1465370 1574
1465380 1570
1465390 1566
1465400 1562
1465410 1562
1465420 1558
1465430 1553
1465440 1553
1465450 1549
1465460 1545
1465470 1545
1465480 1540
1465490 1536
1465500 1536
1465510 1531
1465520 1527
1465530 1527
1465540 1522
1465550 1518
1465560 1518
1465570 1513
1465580 1508
1465590 1508
1465600 1503
1465610 1501
1465620 1501
1465630 1498
1465640 1494
1465650 1489
1465660 1489
1465670 1485
1465680 1482
1465690 1482
1465700 1479
1465710 1475
1465720 1475
1465730 1470
1465740 1466
1465750 1466
1465760 1462
1465770 1458
1465780 1458
1465790 1453
1465800 1449
1465810 1449
1465820 1445
1465830 1442
1465840 1442
1465850 1437
1465860 1432
1465870 1432
1465880 1427
1465890 1422
1465900 1414
1465910 1414
1465920 1405
1465930 1394
1465940 1394
1465950 1381
1465960 1374
1465970 1374
1465980 1373
1465990 1375
1466000 1375
1466010 1375
1466020 1377
1466030 1377
1466040 1380
1466050 1383
1466060 1383
1466070 1386
1466080 1388
1466090 1388
1466100 1392
1466110 1397
1466120 1397
1466130 1403
1466140 1406
1466150 1410
1466160 1410
1466170 1412
1466180 1413
1466190 1413
1466200 1413
1466210 1409
1466220 1409
1466230 1409
1466240 1411
1466250 1411
1466260 1411
1466270 1409
1466280 1409
1466290 1408
1466300 1407
1466310 1410
1466320 1411
1466330 1413
1466340 1413
1466350 1413
1466360 1413
1466370 1413
1466380 1413
1466390 1415
1466400 1416
1466410 1416
1466420 1417
1466430 1423
1466440 1423
1466450 1427
1466460 1431
1466470 1431
1466480 1438
1466490 1449
1466500 1449
1466510 1459
1466520 1464
1466530 1464
1466540 1467
1466550 1469
1466560 1469
1466570 1469
1466580 1467
1466590 1467
1466600 1463
1466610 1460
1466620 1460
1466630 1457
1466640 1455
1466650 1451
1466660 1451
1466670 1447
1466680 1442
1466690 1442
1466700 1437
1466710 1423
1466720 1423
1466730 1409
1466740 1399
1466750 1399
1466760 1392
1466770 1388
1466780 1388
1466790 1385
1466800 1378
1466810 1378
1466820 1368
1466830 1365
1466840 1365
1466850 1362
1466860 1357
1466870 1357
1466880 1354
1466890 1351
1466900 1348
1466910 1348
1466920 1346
1466930 1344
1466940 1344
1466950 1342
1466960 1340
1466970 1340
1466980 1337
1466990 1333
1467000 1333
1467010 1331
1467020 1329
1467030 1329
1467040 1329
1467050 1329
1467060 1329
1467070 1327
1467080 1326
1467090 1326
1467100 1327
1467110 1327
1467120 1327
1467130 1328
1467140 1327
1467150 1324
1467160 1324
1467170 1322
1467180 1320
1467190 1320
1467200 1319
1467210 1320
1467220 1320
1467230 1320
1467240 1320
1467250 1320
1467260 1319
1467270 1318
1467280 1318
1467290 1318
1467300 1318
1467310 1318
1467320 1318
1467330 1314
1467340 1314
1467350 1309
1467360 1304
1467370 1304
1467380 1302
1467390 1300
1467400 1298
1467410 1298
1467420 1295
1467430 1293
1467440 1293
1467450 1290
1467460 1287
1467470 1287
1467480 1285
1467490 1282
1467500 1282
1467510 1279
1467520 1277
1467530 1277
1467540 1275
1467550 1273
1467560 1273
1467570 1271
1467580 1269
1467590 1269
1467600 1266
1467610 1263
1467620 1263
1467630 1259
1467640 1256
1467650 1254
1467660 1254
1467670 1252
1467680 1250
1467690 1250
1467700 1247
1467710 1245
1467720 1245
1467730 1243
1467740 1240
1467750 1240
1467760 1238
1467770 1233
1467780 1233
1467790 1230
1467800 1228
1467810 1228
1467820 1225
1467830 1221
1467840 1221
1467850 1217
1467860 1215
1467870 1215
1467880 1213
1467890 1209
1467900 1204
1467910 1204
1467920 1200
1467930 1195
1467940 1195
1467950 1191
1467960 1187
1467970 1187
1467980 1185
1467990 1180
1468000 1180
1468010 1175
1468020 1170
1468030 1170
1468040 1166
1468050 1162
1468060 1162
1468070 1158
1468080 1150
1468090 1150
1468100 1144
1468110 1138
1468120 1138
1468130 1131
1468140 1125
1468150 1121
1468160 1121
1468170 1117
1468180 1113
1468190 1113
1468200 1108
1468210 1101
1468220 1101
1468230 1095
1468240 1089
1468250 1089
1468260 1084
1468270 1076
1468280 1076
1468290 1070
1468300 1063
1468310 1063
1468320 1056
1468330 1050
1468340 1050
1468350 1044
1468360 1040
1468370 1040
1468380 1036
1468390 1033
1468400 1030
1468410 1030
1468420 1026
1468430 1021
1468440 1021
1468450 1016
1468460 1009
1468470 1009
1468480 1002
1468490 995
1468500 995
1468510 988
1468520 981
1468530 981
1468540 976
1468550 971
1468560 971
1468570 967
1468580 963
1468590 963
1468600 957
1468610 952
1468620 952
1468630 949
1468640 944
1468650 939
1468660 939
1468670 934
1468680 930
1468690 930
1468700 926
1468710 922
1468720 922
1468730 914
1468740 908
1468750 908
1468760 904
1468770 899
1468780 899
1468790 894
1468800 889
1468810 889
1468820 885
1468830 881
1468840 881
1468850 880
1468860 879
1468870 879
1468880 878
1468890 877
1468900 877
1468910 877
1468920 877
1468930 876
1468940 876
1468950 876
1468960 876
1468970 876
1468980 876
1468990 875
1469000 875
1469010 875
1469020 876
1469030 876
1469040 876
1469050 876
1469060 876
1469070 876
1469080 876
1469090 876
1469100 877
1469110 877
1469120 877
1469130 876
1469140 876
1469150 876
1469160 876
1469170 876
1469180 876
1469190 876
1469200 876
1469210 876
1469220 876
1469230 876
1469240 876
1469250 876
1469260 876
1469270 876
1469280 876
1469290 876
1469300 876
1469310 876
1469320 876
1469330 876
1469340 876
1469350 876
1469360 876
1469370 876
1469380 876
1469390 877
1469400 877
1469410 877
1469420 878
1469430 880
1469440 880
1469450 882
1469460 886
1469470 886
1469480 890
1469490 894
1469500 894
1469510 899
1469520 903
1469530 903
1469540 908
1469550 912
1469560 912
1469570 917
1469580 921
1469590 921
1469600 925
1469610 930
1469620 930
1469630 936
1469640 941
1469650 941
1469660 946
1469670 953
1469680 959
1469690 959
1469700 964
1469710 968
1469720 968
1469730 973
1469740 977
1469750 977
1469760 982
1469770 988
1469780 988
1469790 993
1469800 999
1469810 999
1469820 1006
1469830 1013
1469840 1013
1469850 1020
1469860 1026
1469870 1026
1469880 1032
1469890 1039
1469900 1039
1469910 1048
1469920 1056
1469930 1065
1469940 1065
1469950 1074
1469960 1081
1469970 1081
1469980 1088
1469990 1096
1470000 1096
1470010 1106
1470020 1123
1470030 1123
1470040 1153
1470050 1161
1470060 1161
1470070 1168
1470080 1174
1470090 1174
1470100 1181
1470110 1185
1470120 1185
1470130 1189
1470140 1194
1470150 1194
1470160 1198
1470170 1203
1470180 1206
1470190 1206
1470200 1210
1470210 1214
1470220 1214
1470230 1219
1470240 1224
1470250 1224
1470260 1228
1470270 1232
1470280 1232
1470290 1233
1470300 1235
1470310 1235
1470320 1238
1470330 1240
1470340 1240
1470350 1241
1470360 1242
1470370 1242
1470380 1244
1470390 1246
1470400 1246
1470410 1246
1470420 1245
1470430 1244
1470440 1244
1470450 1242
1470460 1241
1470470 1241
1470480 1241
1470490 1242
1470500 1242
1470510 1242
1470520 1241
1470530 1241
1470540 1239
1470550 1236
1470560 1236
1470570 1232
1470580 1229
1470590 1229
1470600 1225
1470610 1222
1470620 1222
1470630 1221
1470640 1221
1470650 1221
1470660 1223
1470670 1224
1470680 1227
1470690 1227
1470700 1230
1470710 1232
1470720 1232
1470730 1233
1470740 1232
1470750 1232
1470760 1227
1470770 1223
1470780 1223
1470790 1218
1470800 1214
1470810 1214
1470820 1210
1470830 1204
1470840 1204
1470850 1199
1470860 1196
1470870 1196
1470880 1194
1470890 1191
1470900 1191
1470910 1187
1470920 1188
1470930 1192
1470940 1192
1470950 1192
1470960 1192
1470970 1192
1470980 1192
1470990 1190
1471000 1190
1471010 1187
1471020 1185
1471030 1185
1471040 1179
1471050 1174
1471060 1174
1471070 1169
1471080 1166
1471090 1166
1471100 1161
1471110 1158
1471120 1158
1471130 1157
1471140 1156
1471150 1156
1471160 1155
1471170 1154
1471180 1153
1471190 1153
1471200 1152
1471210 1152
1471220 1152
1471230 1151
1471240 1152
1471250 1152
1471260 1153
1471270 1154
1471280 1154
1471290 1158
1471300 1164
1471310 1164
1471320 1170
1471330 1175
1471340 1175
1471350 1179
1471360 1183
1471370 1183
1471380 1188
1471390 1194
1471400 1194
1471410 1199
1471420 1206
1471430 1216
1471440 1216
1471450 1221
1471460 1223
1471470 1223
1471480 1223
1471490 1221
1471500 1221
1471510 1220
1471520 1217
1471530 1217
1471540 1215
1471550 1217
1471560 1217
1471570 1223
1471580 1229
1471590 1229
1471600 1230
1471610 1228
1471620 1228
1471630 1225
1471640 1221
1471650 1221
1471660 1216
1471670 1210
1471680 1205
1471690 1205
1471700 1199
1471710 1193
1471720 1193
1471730 1187
1471740 1182
1471750 1182
1471760 1176
1471770 1171
1471780 1171
1471790 1166
1471800 1162
1471810 1162
1471820 1156
1471830 1146
1471840 1146
1471850 1143
1471860 1152
1471870 1152
1471880 1164
1471890 1173
1471900 1173
1471910 1183
1471920 1196
1471930 1209
1471940 1209
1471950 1216
1471960 1224
1471970 1224
1471980 1232
1471990 1239
1472000 1239
1472010 1247
1472020 1255
1472030 1255
1472040 1263
1472050 1272
1472060 1272
1472070 1275
1472080 1274
1472090 1274
1472100 1272
1472110 1271
1472120 1271
1472130 1273
1472140 1278
1472150 1278
1472160 1282
1472170 1282
1472180 1279
1472190 1279
1472200 1274
1472210 1269
1472220 1269
1472230 1264
1472240 1260
1472250 1260
1472260 1257
1472270 1255
1472280 1255
1472290 1248
1472300 1242
1472310 1242
1472320 1246
1472330 1251
1472340 1251
1472350 1258
1472360 1265
1472370 1265
1472380 1273
1472390 1279
1472400 1279
1472410 1280
1472420 1279
1472430 1278
1472440 1278
1472450 1280
1472460 1287
1472470 1287
1472480 1295
1472490 1303
1472500 1303
1472510 1309
1472520 1314
1472530 1314
1472540 1317
1472550 1316
1472560 1316
1472570 1314
1472580 1311
1472590 1311
1472600 1308
1472610 1305
1472620 1305
1472630 1301
1472640 1295
1472650 1295
1472660 1289
1472670 1284
1472680 1277
1472690 1277
1472700 1272
1472710 1265
1472720 1265
1472730 1259
1472740 1252
1472750 1252
1472760 1245
1472770 1233
1472780 1233
1472790 1226
1472800 1236
1472810 1236
1472820 1246
1472830 1253
1472840 1253
1472850 1259
1472860 1265
1472870 1265
1472880 1270
1472890 1276
1472900 1276
1472910 1282
1472920 1287
1472930 1294
1472940 1294
1472950 1301
1472960 1307
1472970 1307
1472980 1313
1472990 1323
1473000 1323
1473010 1339
1473020 1350
1473030 1350
1473040 1354
1473050 1355
1473060 1355
1473070 1360
1473080 1366
1473090 1366
1473100 1370
1473110 1373
1473120 1373
1473130 1377
1473140 1381
1473150 1381
1473160 1382
1473170 1381
1473180 1379
1473190 1379
1473200 1376
1473210 1373
1473220 1373
1473230 1367
1473240 1361
1473250 1361
1473260 1355
1473270 1349
1473280 1349
1473290 1341
1473300 1332
1473310 1332
1473320 1321
1473330 1308
1473340 1308
1473350 1299
1473360 1293
1473370 1293
1473380 1296
1473390 1306
1473400 1306
1473410 1317
1473420 1319
1473430 1322
1473440 1322
1473450 1323
1473460 1325
1473470 1325
1473480 1328
1473490 1330
1473500 1330
1473510 1332
1473520 1335
1473530 1335
1473540 1338
1473550 1340
1473560 1340
1473570 1341
1473580 1342
1473590 1342
1473600 1342
1473610 1341
1473620 1341
1473630 1344
1473640 1348
1473650 1348
1473660 1351
1473670 1356
1473680 1361
1473690 1361
1473700 1367
1473710 1373
1473720 1373
1473730 1377
1473740 1383
1473750 1383
1473760 1389
1473770 1395
1473780 1395
1473790 1401
1473800 1407
1473810 1407
1473820 1413
1473830 1419
1473840 1419
1473850 1424
1473860 1430
1473870 1430
1473880 1434
1473890 1439
1473900 1439
1473910 1445
1473920 1450
1473930 1455
1473940 1455
1473950 1458
1473960 1461
1473970 1461
1473980 1463
1473990 1464
1474000 1464
1474010 1465
1474020 1467
1474030 1467
1474040 1468
1474050 1469
1474060 1469
1474070 1470
1474080 1470
1474090 1470
1474100 1470
1474110 1470
1474120 1470
1474130 1471
1474140 1471
1474150 1471
1474160 1472
1474170 1472
1474180 1472
1474190 1471
1474200 1468
1474210 1464
1474220 1464
1474230 1462
1474240 1461
1474250 1461
1474260 1462
1474270 1463
1474280 1463
1474290 1463
1474300 1465
1474310 1465
1474320 1468
1474330 1471
1474340 1471
1474350 1475
1474360 1477
1474370 1477
1474380 1479
1474390 1478
1474400 1478
1474410 1476
1474420 1474
1474430 1474
1474440 1470
1474450 1465
1474460 1458
1474470 1458
1474480 1452
1474490 1447
1474500 1447
1474510 1442
1474520 1436
1474530 1436
1474540 1431
1474550 1426
1474560 1426
1474570 1419
1474580 1419
1474590 1419
1474600 1418
1474610 1417
1474620 1417
1474630 1418
1474640 1421
1474650 1421
1474660 1422
1474670 1418
1474680 1418
1474690 1414
1474700 1411
1474710 1413
1474720 1413
1474730 1419
1474740 1424
1474750 1424
1474760 1427
1474770 1431
1474780 1431
1474790 1432
1474800 1434
1474810 1434
1474820 1436
1474830 1439
1474840 1439
1474850 1446
1474860 1452
1474870 1452
1474880 1458
1474890 1463
1474900 1463
1474910 1467
1474920 1472
1474930 1472
1474940 1476
1474950 1479
1474960 1481
1474970 1481
1474980 1481
1474990 1479
1475000 1479
1475010 1479
1475020 1478
1475030 1478
1475040 1480
1475050 1482
1475060 1482
1475070 1485
1475080 1488
1475090 1488
1475100 1492
1475110 1494
1475120 1494
1475130 1496
1475140 1500
1475150 1500
1475160 1503
1475170 1506
1475180 1506
1475190 1509
1475200 1515
1475210 1522
1475220 1522
1475230 1529
1475240 1537
1475250 1537
1475260 1544
1475270 1550
1475280 1550
1475290 1556
1475300 1562
1475310 1562
1475320 1568
1475330 1574
1475340 1574
1475350 1581
1475360 1586
1475370 1586
1475380 1592
1475390 1598
1475400 1598
1475410 1605
1475420 1611
1475430 1611
1475440 1625
1475450 1629
1475460 1630
1475470 1630
1475480 1629
1475490 1627
1475500 1627
1475510 1628
1475520 1629
1475530 1629
1475540 1630
1475550 1632
1475560 1632
1475570 1633
1475580 1633
1475590 1633
1475600 1634
1475610 1635
1475620 1635
1475630 1637
1475640 1639
1475650 1639
1475660 1641
1475670 1641
1475680 1641
1475690 1637
1475700 1638
1475710 1639
1475720 1639
1475730 1641
1475740 1641
1475750 1641
1475760 1637
1475770 1635
1475780 1635
1475790 1635
1475800 1634
1475810 1634
1475820 1634
1475830 1634
1475840 1634
1475850 1632
1475860 1630
1475870 1630
1475880 1628
1475890 1626
1475900 1626
1475910 1623
1475920 1622
1475930 1622
1475940 1620
1475950 1619
1475960 1618
1475970 1618
1475980 1617
1475990 1615
1476000 1615
1476010 1613
1476020 1610
1476030 1610
1476040 1615
1476050 1618
1476060 1618
1476070 1622
1476080 1627
1476090 1627
1476100 1633
1476110 1638
1476120 1638
1476130 1644
1476140 1649
1476150 1649
1476160 1651
1476170 1653
1476180 1653
1476190 1654
1476200 1656
1476210 1658
1476220 1658
1476230 1659
1476240 1659
1476250 1659
1476260 1657
1476270 1654
1476280 1654
1476290 1651
1476300 1647
1476310 1647
1476320 1643
1476330 1641
1476340 1641
1476350 1638
1476360 1635
1476370 1635
1476380 1636
1476390 1635
1476400 1635
1476410 1633
1476420 1630
1476430 1630
1476440 1626
1476450 1623
1476460 1619
1476470 1619
1476480 1615
1476490 1611
1476500 1611
1476510 1607
1476520 1602
1476530 1602
1476540 1596
1476550 1594
1476560 1594
1476570 1592
1476580 1591
1476590 1591
1476600 1590
1476610 1588
1476620 1588
1476630 1586
1476640 1582
1476650 1582
1476660 1577
1476670 1572
1476680 1572
1476690 1566
1476700 1559
1476710 1555
1476720 1555
1476730 1558
1476740 1563
1476750 1563
1476760 1565
1476770 1569
1476780 1569
1476790 1575
1476800 1582
1476810 1582
1476820 1587
1476830 1591
1476840 1591
1476850 1597
1476860 1604
1476870 1604
1476880 1608
1476890 1613
1476900 1613
1476910 1620
1476920 1627
1476930 1627
1476940 1630
1476950 1638
1476960 1645
1476970 1645
1476980 1651
1476990 1656
1477000 1656
1477010 1660
1477020 1665
1477030 1665
1477040 1669
1477050 1673
1477060 1673
1477070 1676
1477080 1679
1477090 1679
1477100 1681
1477110 1684
1477120 1684
1477130 1688
1477140 1691
1477150 1691
1477160 1693
1477170 1695
1477180 1695
1477190 1698
1477200 1699
1477210 1701
1477220 1701
1477230 1701
1477240 1702
1477250 1702
1477260 1700
1477270 1697
1477280 1697
1477290 1693
1477300 1689
1477310 1689
1477320 1685
1477330 1680
1477340 1680
1477350 1676
1477360 1676
1477370 1676
1477380 1675
1477390 1673
1477400 1673
1477410 1669
1477420 1664
1477430 1664
1477440 1665
1477450 1667
1477460 1667
1477470 1667
1477480 1667
1477490 1667
1477500 1667
1477510 1668
1477520 1667
1477530 1667
1477540 1667
1477550 1665
1477560 1665
1477570 1665
1477580 1666
1477590 1666
1477600 1670
1477610 1672
1477620 1672
1477630 1671
1477640 1670
1477650 1670
1477660 1672
1477670 1676
1477680 1676
1477690 1679
1477700 1681
1477710 1683
1477720 1683
1477730 1685
1477740 1685
1477750 1685
1477760 1681
1477770 1684
1477780 1684
1477790 1691
1477800 1698
1477810 1698
1477820 1704
1477830 1709
1477840 1709
1477850 1714
1477860 1720
1477870 1720
1477880 1726
1477890 1730
1477900 1730
1477910 1737
1477920 1742
1477930 1742
1477940 1745
1477950 1748
1477960 1751
1477970 1751
1477980 1754
1477990 1756
1478000 1756
1478010 1760
1478020 1762
1478030 1762
1478040 1764
1478050 1764
1478060 1764
1478070 1761
1478080 1760
1478090 1760
1478100 1760
1478110 1757
1478120 1757
1478130 1754
1478140 1750
1478150 1750
1478160 1750
1478170 1753
1478180 1753
1478190 1759
1478200 1766
1478210 1773
1478220 1773
1478230 1779
1478240 1784
1478250 1784
1478260 1789
1478270 1794
1478280 1794
1478290 1800
1478300 1806
1478310 1806
1478320 1811
1478330 1814
1478340 1814
1478350 1819
1478360 1826
1478370 1826
1478380 1836
1478390 1843
1478400 1843
1478410 1846
1478420 1850
1478430 1850
1478440 1855
1478450 1858
1478460 1860
1478470 1860
1478480 1865
1478490 1870
1478500 1870
1478510 1873
1478520 1872
1478530 1872
1478540 1875
1478550 1879
1478560 1879
1478570 1885
1478580 1892
1478590 1892
1478600 1897
1478610 1901
1478620 1901
1478630 1906
1478640 1911
1478650 1911
1478660 1915
1478670 1920
1478680 1920
1478690 1924
1478700 1929
1478710 1929
1478720 1932
1478730 1935
1478740 1940
1478750 1940
1478760 1945
1478770 1948
1478780 1948
1478790 1951
1478800 1952
1478810 1952
1478820 1952
1478830 1955
1478840 1955
1478850 1958
1478860 1963
1478870 1963
1478880 1968
1478890 1974
1478900 1974
1478910 1980
1478920 1986
1478930 1986
1478940 1994
1478950 2001
1478960 2001
1478970 2008
1478980 2016
1478990 2017
1479000 2017
1479010 2015
1479020 2013
1479030 2013
1479040 2010
1479050 2005
1479060 2005
1479070 2000
1479080 1994
1479090 1994
1479100 1989
1479110 1984
1479120 1984
1479130 1980
1479140 1975
1479150 1975
1479160 1971
1479170 1967
1479180 1967
1479190 1963
1479200 1960
1479210 1960
1479220 1958
1479230 1955
1479240 1952
1479250 1952
1479260 1949
1479270 1946
1479280 1946
1479290 1944
1479300 1941
1479310 1941
1479320 1939
1479330 1937
1479340 1937
1479350 1935
1479360 1934
1479370 1934
1479380 1933
1479390 1930
1479400 1930
1479410 1928
1479420 1925
1479430 1925
1479440 1921
1479450 1919
1479460 1919
1479470 1917
1479480 1916
1479490 1914
1479500 1914
1479510 1912
1479520 1909
1479530 1909
1479540 1907
1479550 1904
1479560 1904
1479570 1902
1479580 1900
1479590 1900
1479600 1897
1479610 1894
1479620 1894
1479630 1892
1479640 1887
1479650 1887
1479660 1883
1479670 1882
1479680 1882
1479690 1878
1479700 1874
1479710 1874
1479720 1871
1479730 1869
1479740 1865
1479750 1865
1479760 1860
1479770 1857
1479780 1857
1479790 1854
1479800 1851
1479810 1851
1479820 1848
1479830 1845
1479840 1845
1479850 1842
1479860 1839
1479870 1839
1479880 1835
1479890 1835
1479900 1835
1479910 1833
1479920 1830
1479930 1830
1479940 1829
1479950 1825
1479960 1825
1479970 1822
1479980 1822
1479990 1819
