1460000 1099
1460010 1103
1460020 1108
1460030 1108
1460040 1114
1460050 1120
1460060 1126
1460070 1126
1460080 1132
1460090 1138
1460100 1138
1460110 1144
1460120 1149
1460130 1149
1460140 1155
1460150 1161
1460160 1161
1460170 1166
1460180 1171
1460190 1171
1460200 1174
1460210 1179
1460220 1179
1460230 1184
1460240 1191
1460250 1191
1460260 1199
1460270 1206
1460280 1206
1460290 1212
1460300 1218
1460310 1223
1460320 1223
1460330 1230
1460340 1238
1460350 1238
1460360 1243
1460370 1247
1460380 1247
1460390 1252
1460400 1258
1460410 1258
1460420 1264
1460430 1268
1460440 1268
1460450 1271
1460460 1274
1460470 1274
1460480 1278
1460490 1282
1460500 1282
1460510 1284
1460520 1287
1460530 1287
1460540 1290
1460550 1293
1460560 1297
1460570 1297
1460580 1301
1460590 1306
1460600 1306
1460610 1312
1460620 1318
1460630 1318
1460640 1324
1460650 1328
1460660 1328
1460670 1333
1460680 1338
1460690 1338
1460700 1343
1460710 1346
1460720 1346
1460730 1348
1460740 1351
1460750 1351
1460760 1355
1460770 1359
1460780 1359
1460790 1361
1460800 1363
1460810 1365
1460820 1365
1460830 1367
1460840 1369
1460850 1369
1460860 1371
1460870 1373
1460880 1373
1460890 1373
1460900 1372
1460910 1372
1460920 1371
1460930 1370
1460940 1370
1460950 1369
1460960 1370
1460970 1370
1460980 1370
1460990 1372
1461000 1372
1461010 1374
1461020 1375
1461030 1375
1461040 1376
1461050 1378
1461060 1381
1461070 1381
1461080 1382
1461090 1381
1461100 1381
1461110 1384
1461120 1385
1461130 1385
1461140 1384
1461150 1386
1461160 1386
1461170 1388
1461180 1390
1461190 1390
1461200 1392
1461210 1394
1461220 1394
1461230 1396
1461240 1398
1461250 1398
1461260 1400
1461270 1400
1461280 1400
1461290 1402
1461300 1404
1461310 1404
1461320 1405
1461330 1406
1461340 1407
1461350 1407
1461360 1408
1461370 1408
1461380 1408
1461390 1408
1461400 1408
1461410 1408
1461420 1407
1461430 1408
1461440 1408
1461450 1408
1461460 1407
1461470 1407
1461480 1407
1461490 1410
1461500 1410
1461510 1412
1461520 1413
1461530 1413
1461540 1413
1461550 1416
1461560 1416
1461570 1417
1461580 1419
1461590 1420
1461600 1420
1461610 1422
1461620 1424
1461630 1424
1461640 1425
1461650 1426
1461660 1426
1461670 1428
1461680 1428
1461690 1428
1461700 1428
1461710 1426
1461720 1426
1461730 1426
1461740 1427
1461750 1427
1461760 1427
1461770 1428
1461780 1428
1461790 1429
1461800 1429
1461810 1429
1461820 1430
1461830 1430
1461840 1429
1461850 1429
1461860 1429
1461870 1428
1461880 1428
1461890 1428
1461900 1430
1461910 1430
1461920 1430
1461930 1434
1461940 1434
1461950 1435
1461960 1436
1461970 1436
1461980 1435
1461990 1436
1462000 1436
1462010 1437
1462020 1435
1462030 1435
1462040 1432
1462050 1433
1462060 1433
1462070 1435
1462080 1437
1462090 1437
1462100 1437
1462110 1438
1462120 1439
1462130 1439
1462140 1443
1462150 1446
1462160 1446
1462170 1448
1462180 1450
1462190 1450
1462200 1452
1462210 1454
1462220 1454
1462230 1457
1462240 1460
1462250 1460
1462260 1462
1462270 1468
1462280 1468
1462290 1475
1462300 1482
1462310 1482
1462320 1488
1462330 1495
1462340 1503
1462350 1503
1462360 1511
1462370 1520
1462380 1520
1462390 1530
1462400 1535
1462410 1535
1462420 1538
1462430 1540
1462440 1540
1462450 1544
1462460 1548
1462470 1548
1462480 1553
1462490 1558
1462500 1558
1462510 1563
1462520 1568
1462530 1568
1462540 1574
1462550 1579
1462560 1579
1462570 1584
1462580 1587
1462590 1590
1462600 1590
1462610 1592
1462620 1593
1462630 1593
1462640 1595
1462650 1598
1462660 1598
1462670 1601
1462680 1603
1462690 1603
1462700 1607
1462710 1610
1462720 1610
1462730 1613
1462740 1614
1462750 1614
1462760 1616
1462770 1619
1462780 1619
1462790 1625
1462800 1630
1462810 1630
1462820 1632
1462830 1632
1462840 1630
1462850 1630
1462860 1628
1462870 1626
1462880 1626
1462890 1625
1462900 1625
1462910 1625
1462920 1625
1462930 1627
1462940 1627
1462950 1629
1462960 1631
1462970 1631
1462980 1632
1462990 1633
1463000 1633
1463010 1634
1463020 1633
1463030 1633
1463040 1635
1463050 1639
1463060 1639
1463070 1641
1463080 1644
1463090 1647
1463100 1647
1463110 1650
1463120 1653
1463130 1653
1463140 1656
1463150 1658
1463160 1658
1463170 1660
1463180 1663
1463190 1663
1463200 1667
1463210 1670
1463220 1670
1463230 1674
1463240 1677
1463250 1677
1463260 1679
1463270 1683
1463280 1683
1463290 1687
1463300 1691
1463310 1691
1463320 1695
1463330 1701
1463340 1707
1463350 1707
1463360 1713
1463370 1720
1463380 1720
1463390 1726
1463400 1731
1463410 1731
1463420 1736
1463430 1741
1463440 1741
1463450 1746
1463460 1751
1463470 1751
1463480 1756
1463490 1761
1463500 1761
1463510 1766
1463520 1771
1463530 1771
1463540 1776
1463550 1780
1463560 1780
1463570 1784
1463580 1787
1463590 1791
1463600 1791
1463610 1794
1463620 1797
1463630 1797
1463640 1800
1463650 1802
1463660 1802
1463670 1804
1463680 1805
1463690 1805
1463700 1808
1463710 1810
1463720 1810
1463730 1813
1463740 1815
1463750 1815
1463760 1818
1463770 1821
1463780 1821
1463790 1823
1463800 1827
1463810 1827
1463820 1829
1463830 1832
1463840 1837
1463850 1837
1463860 1839
1463870 1840
1463880 1840
1463890 1841
1463900 1843
1463910 1843
1463920 1848
1463930 1853
1463940 1853
1463950 1859
1463960 1866
1463970 1866
1463980 1873
1463990 1879
1464000 1879
1464010 1884
1464020 1888
1464030 1888
1464040 1893
1464050 1897
1464060 1897
1464070 1903
1464080 1907
1464090 1912
1464100 1912
1464110 1917
1464120 1922
1464130 1922
1464140 1927
1464150 1932
1464160 1932
1464170 1936
1464180 1940
1464190 1940
1464200 1943
1464210 1946
1464220 1946
1464230 1948
1464240 1950
1464250 1950
1464260 1949
1464270 1950
1464280 1950
1464290 1948
1464300 1946
1464310 1946
1464320 1944
1464330 1941
1464340 1939
1464350 1939
1464360 1937
1464370 1936
1464380 1936
1464390 1935
1464400 1933
1464410 1933
1464420 1930
1464430 1928
1464440 1928
1464450 1925
1464460 1923
1464470 1923
1464480 1920
1464490 1918
1464500 1918
1464510 1915
1464520 1911
1464530 1911
1464540 1907
1464550 1903
1464560 1903
1464570 1898
1464580 1894
1464590 1890
1464600 1890
1464610 1886
1464620 1883
1464630 1883
1464640 1879
1464650 1874
1464660 1874
1464670 1869
1464680 1864
1464690 1864
1464700 1858
1464710 1852
1464720 1852
1464730 1845
1464740 1840
1464750 1840
1464760 1835
1464770 1830
1464780 1830
1464790 1825
1464800 1820
1464810 1820
1464820 1814
1464830 1809
1464840 1809
1464850 1805
1464860 1800
1464870 1796
1464880 1796
1464890 1792
1464900 1788
1464910 1788
1464920 1784
1464930 1780
1464940 1780
1464950 1777
1464960 1774
1464970 1774
1464980 1771
1464990 1766
1465000 1766
1465010 1762
1465020 1758
1465030 1758
1465040 1754
1465050 1749
1465060 1749
1465070 1745
1465080 1740
1465090 1740
1465100 1736
1465110 1732
1465120 1730
1465130 1730
1465140 1726
1465150 1721
1465160 1721
1465170 1717
1465180 1712
1465190 1712
1465200 1707
1465210 1702
1465220 1702
1465230 1696
1465240 1691
1465250 1691
1465260 1686
1465270 1682
1465280 1682
1465290 1678
1465300 1674
1465310 1674
1465320 1669
1465330 1664
1465340 1664
1465350 1659
1465360 1655
1465370 1650
1465380 1650
1465390 1644
1465400 1637
1465410 1637
1465420 1632
1465430 1627
1465440 1627
1465450 1622
1465460 1617
1465470 1617
1465480 1612
1465490 1607
1465500 1607
1465510 1601
1465520 1595
1465530 1595
1465540 1590
1465550 1585
1465560 1585
1465570 1579
1465580 1572
1465590 1572
1465600 1565
1465610 1559
1465620 1554
1465630 1554
1465640 1547
1465650 1541
1465660 1541
1465670 1536
1465680 1531
1465690 1531
1465700 1525
1465710 1518
1465720 1518
1465730 1513
1465740 1507
1465750 1507
1465760 1501
1465770 1494
1465780 1494
1465790 1488
1465800 1482
1465810 1482
1465820 1475
1465830 1468
1465840 1468
1465850 1459
1465860 1455
1465870 1452
1465880 1452
1465890 1449
1465900 1445
1465910 1445
1465920 1441
1465930 1434
1465940 1434
1465950 1428
1465960 1422
1465970 1422
1465980 1414
1465990 1407
1466000 1407
1466010 1400
1466020 1394
1466030 1394
1466040 1389
1466050 1382
1466060 1382
1466070 1373
1466080 1369
1466090 1369
1466100 1360
1466110 1352
1466120 1344
1466130 1344
1466140 1334
1466150 1328
1466160 1328
1466170 1328
1466180 1331
1466190 1331
1466200 1335
1466210 1338
1466220 1338
1466230 1341
1466240 1343
1466250 1343
1466260 1345
1466270 1345
1466280 1345
1466290 1346
1466300 1346
1466310 1346
1466320 1345
1466330 1345
1466340 1345
1466350 1346
1466360 1347
1466370 1349
1466380 1349
1466390 1350
1466400 1350
1466410 1350
1466420 1350
1466430 1352
1466440 1352
1466450 1353
1466460 1356
1466470 1356
1466480 1358
1466490 1359
1466500 1359
1466510 1360
1466520 1362
1466530 1362
1466540 1367
1466550 1372
1466560 1372
1466570 1375
1466580 1377
1466590 1377
1466600 1378
1466610 1380
1466620 1384
1466630 1384
1466640 1387
1466650 1390
1466660 1390
1466670 1391
1466680 1391
1466690 1391
1466700 1390
1466710 1384
1466720 1384
1466730 1381
1466740 1376
1466750 1376
1466760 1369
1466770 1363
1466780 1363
1466790 1356
1466800 1348
1466810 1348
1466820 1341
1466830 1333
1466840 1333
1466850 1327
1466860 1320
1466870 1314
1466880 1314
1466890 1311
1466900 1308
1466910 1308
1466920 1304
1466930 1301
1466940 1301
1466950 1297
1466960 1294
1466970 1294
1466980 1290
1466990 1287
1467000 1287
1467010 1286
1467020 1284
1467030 1284
1467040 1282
1467050 1280
1467060 1280
1467070 1278
1467080 1276
1467090 1276
1467100 1275
1467110 1274
1467120 1273
1467130 1273
1467140 1271
1467150 1269
1467160 1269
1467170 1267
1467180 1266
1467190 1266
1467200 1266
1467210 1265
1467220 1265
1467230 1264
1467240 1261
1467250 1261
1467260 1258
1467270 1255
1467280 1255
1467290 1253
1467300 1251
1467310 1251
1467320 1250
1467330 1249
1467340 1249
1467350 1247
1467360 1247
1467370 1247
1467380 1247
1467390 1247
1467400 1246
1467410 1246
1467420 1245
1467430 1245
1467440 1245
1467450 1244
1467460 1243
1467470 1243
1467480 1243
1467490 1242
1467500 1242
1467510 1240
1467520 1239
1467530 1239
1467540 1237
1467550 1236
1467560 1236
1467570 1234
1467580 1232
1467590 1232
1467600 1230
1467610 1227
1467620 1224
1467630 1224
1467640 1221
1467650 1218
1467660 1218
1467670 1215
1467680 1212
1467690 1212
1467700 1211
1467710 1209
1467720 1209
1467730 1207
1467740 1206
1467750 1206
1467760 1204
1467770 1202
1467780 1202
1467790 1201
1467800 1199
1467810 1199
1467820 1197
1467830 1195
1467840 1195
1467850 1191
1467860 1186
1467870 1182
1467880 1182
1467890 1177
1467900 1173
1467910 1173
1467920 1169
1467930 1166
1467940 1166
1467950 1164
1467960 1162
1467970 1162
1467980 1158
1467990 1154
1468000 1154
1468010 1147
1468020 1140
1468030 1140
1468040 1132
1468050 1124
1468060 1124
1468070 1118
1468080 1113
1468090 1113
1468100 1109
1468110 1103
1468120 1097
1468130 1097
1468140 1093
1468150 1089
1468160 1089
1468170 1085
1468180 1081
1468190 1081
1468200 1077
1468210 1073
1468220 1073
1468230 1068
1468240 1063
1468250 1063
1468260 1058
1468270 1054
1468280 1054
1468290 1050
1468300 1047
1468310 1047
1468320 1044
1468330 1039
1468340 1039
1468350 1035
1468360 1030
1468370 1025
1468380 1025
1468390 1021
1468400 1017
1468410 1017
1468420 1013
1468430 1008
1468440 1008
1468450 1003
1468460 998
1468470 998
1468480 992
1468490 987
1468500 987
1468510 983
1468520 979
1468530 979
1468540 975
1468550 972
1468560 972
1468570 968
1468580 965
1468590 965
1468600 961
1468610 958
1468620 955
1468630 955
1468640 951
1468650 947
1468660 947
1468670 944
1468680 941
1468690 941
1468700 938
1468710 935
1468720 935
1468730 933
1468740 930
1468750 930
1468760 927
1468770 923
1468780 923
1468790 918
1468800 914
1468810 914
1468820 909
1468830 906
1468840 906
1468850 900
1468860 895
1468870 895
1468880 890
1468890 884
1468900 880
1468910 880
1468920 876
1468930 875
1468940 875
1468950 875
1468960 875
1468970 875
1468980 875
1468990 875
1469000 875
1469010 875
1469020 875
1469030 875
1469040 875
1469050 875
1469060 875
1469070 875
1469080 874
1469090 874
1469100 875
1469110 875
1469120 875
1469130 874
1469140 875
1469150 875
1469160 875
1469170 874
1469180 874
1469190 874
1469200 875
1469210 875
1469220 875
1469230 874
1469240 874
1469250 874
1469260 874
1469270 874
1469280 874
1469290 874
1469300 874
1469310 874
1469320 874
1469330 875
1469340 875
1469350 875
1469360 875
1469370 875
1469380 875
1469390 874
1469400 874
1469410 874
1469420 874
1469430 874
1469440 874
1469450 874
1469460 875
1469470 875
1469480 876
1469490 879
1469500 879
1469510 884
1469520 891
1469530 891
1469540 898
1469550 902
1469560 902
1469570 905
1469580 909
1469590 909
1469600 915
1469610 921
1469620 921
1469630 927
1469640 936
1469650 941
1469660 941
1469670 946
1469680 953
1469690 953
1469700 958
1469710 964
1469720 964
1469730 970
1469740 975
1469750 975
1469760 980
1469770 986
1469780 986
1469790 992
1469800 1001
1469810 1001
1469820 1013
1469830 1023
1469840 1023
1469850 1032
1469860 1040
1469870 1040
1469880 1049
1469890 1072
1469900 1091
1469910 1091
1469920 1101
1469930 1105
1469940 1105
1469950 1108
1469960 1112
1469970 1112
1469980 1115
1469990 1119
1470000 1119
1470010 1124
1470020 1130
1470030 1130
1470040 1135
1470050 1140
1470060 1140
1470070 1145
1470080 1151
1470090 1151
1470100 1157
1470110 1162
1470120 1162
1470130 1167
1470140 1172
1470150 1177
1470160 1177
1470170 1183
1470180 1187
1470190 1187
1470200 1193
1470210 1197
1470220 1197
1470230 1201
1470240 1205
1470250 1205
1470260 1210
1470270 1215
1470280 1215
1470290 1220
1470300 1224
1470310 1224
1470320 1229
1470330 1235
1470340 1235
1470350 1241
1470360 1245
1470370 1245
1470380 1248
1470390 1253
1470400 1258
1470410 1258
1470420 1262
1470430 1266
1470440 1266
1470450 1271
1470460 1276
1470470 1276
1470480 1282
1470490 1288
1470500 1288
1470510 1294
1470520 1299
1470530 1299
1470540 1306
1470550 1313
1470560 1313
1470570 1318
1470580 1320
1470590 1320
1470600 1319
1470610 1317
1470620 1317
1470630 1316
1470640 1315
1470650 1316
1470660 1316
1470670 1316
1470680 1315
1470690 1315
1470700 1313
1470710 1311
1470720 1311
1470730 1308
1470740 1304
1470750 1304
1470760 1300
1470770 1297
1470780 1297
1470790 1294
1470800 1291
1470810 1291
1470820 1288
1470830 1286
1470840 1286
1470850 1282
1470860 1281
1470870 1281
1470880 1279
1470890 1276
1470900 1274
1470910 1274
1470920 1270
1470930 1266
1470940 1266
1470950 1262
1470960 1259
1470970 1259
1470980 1256
1470990 1254
1471000 1254
1471010 1253
1471020 1253
1471030 1253
1471040 1252
1471050 1252
1471060 1252
1471070 1253
1471080 1254
1471090 1254
1471100 1254
1471110 1251
1471120 1251
1471130 1250
1471140 1251
1471150 1252
1471160 1252
1471170 1251
1471180 1249
1471190 1249
1471200 1246
1471210 1243
1471220 1243
1471230 1240
1471240 1240
1471250 1240
1471260 1241
1471270 1241
1471280 1241
1471290 1242
1471300 1243
1471310 1243
1471320 1248
1471330 1254
1471340 1254
1471350 1259
1471360 1263
1471370 1263
1471380 1267
1471390 1272
1471400 1276
1471410 1276
1471420 1282
1471430 1287
1471440 1287
1471450 1291
1471460 1296
1471470 1296
1471480 1301
1471490 1308
1471500 1308
1471510 1315
1471520 1321
1471530 1321
1471540 1325
1471550 1329
1471560 1329
1471570 1331
1471580 1333
1471590 1333
1471600 1332
1471610 1331
1471620 1331
1471630 1329
1471640 1326
1471650 1319
1471660 1319
1471670 1312
1471680 1305
1471690 1305
1471700 1298
1471710 1296
1471720 1296
1471730 1298
1471740 1295
1471750 1295
1471760 1289
1471770 1285
1471780 1285
1471790 1289
1471800 1292
1471810 1292
1471820 1289
1471830 1285
1471840 1285
1471850 1282
1471860 1275
1471870 1275
1471880 1269
1471890 1263
1471900 1257
1471910 1257
1471920 1248
1471930 1244
1471940 1244
1471950 1253
1471960 1261
1471970 1261
1471980 1265
1471990 1268
1472000 1268
1472010 1274
1472020 1281
1472030 1281
1472040 1288
1472050 1295
1472060 1295
1472070 1302
1472080 1309
1472090 1309
1472100 1316
1472110 1322
1472120 1322
1472130 1328
1472140 1334
1472150 1341
1472160 1341
1472170 1347
1472180 1355
1472190 1355
1472200 1364
1472210 1383
1472220 1383
1472230 1399
1472240 1400
1472250 1400
1472260 1399
1472270 1399
1472280 1399
1472290 1397
1472300 1395
1472310 1395
1472320 1392
1472330 1390
1472340 1390
1472350 1389
1472360 1387
1472370 1387
1472380 1389
1472390 1398
1472400 1407
1472410 1407
1472420 1415
1472430 1421
1472440 1421
1472450 1423
1472460 1424
1472470 1424
1472480 1424
1472490 1422
1472500 1422
1472510 1419
1472520 1413
1472530 1413
1472540 1407
1472550 1401
1472560 1401
1472570 1394
1472580 1387
1472590 1387
1472600 1381
1472610 1376
1472620 1376
1472630 1371
1472640 1366
1472650 1366
1472660 1361
1472670 1355
1472680 1351
1472690 1351
1472700 1347
1472710 1341
1472720 1341
1472730 1333
1472740 1326
1472750 1326
1472760 1319
1472770 1319
1472780 1319
1472790 1326
1472800 1329
1472810 1329
1472820 1331
1472830 1336
1472840 1336
1472850 1341
1472860 1345
1472870 1345
1472880 1350
1472890 1355
1472900 1355
1472910 1360
1472920 1363
1472930 1365
1472940 1365
1472950 1368
1472960 1373
1472970 1373
1472980 1380
1472990 1385
1473000 1385
1473010 1391
1473020 1398
1473030 1398
1473040 1405
1473050 1412
1473060 1412
1473070 1420
1473080 1423
1473090 1423
1473100 1424
1473110 1423
1473120 1423
1473130 1422
1473140 1421
1473150 1421
1473160 1420
1473170 1419
1473180 1417
1473190 1417
1473200 1413
1473210 1407
1473220 1407
1473230 1401
1473240 1394
1473250 1394
1473260 1389
1473270 1383
1473280 1383
1473290 1378
1473300 1380
1473310 1380
1473320 1384
1473330 1389
1473340 1389
1473350 1393
1473360 1396
1473370 1396
1473380 1397
1473390 1398
1473400 1398
1473410 1399
1473420 1403
1473430 1404
1473440 1404
1473450 1403
1473460 1404
1473470 1404
1473480 1405
1473490 1409
1473500 1409
1473510 1411
1473520 1414
1473530 1414
1473540 1417
1473550 1421
1473560 1421
1473570 1426
1473580 1430
1473590 1430
1473600 1434
1473610 1435
1473620 1435
1473630 1435
1473640 1435
1473650 1435
1473660 1435
1473670 1435
1473680 1435
1473690 1435
1473700 1435
1473710 1435
1473720 1435
1473730 1435
1473740 1434
1473750 1434
1473760 1435
1473770 1438
1473780 1438
1473790 1442
1473800 1445
1473810 1445
1473820 1446
1473830 1449
1473840 1449
1473850 1452
1473860 1454
1473870 1454
1473880 1460
1473890 1466
1473900 1466
1473910 1472
1473920 1477
1473930 1482
1473940 1482
1473950 1489
1473960 1496
1473970 1496
1473980 1501
1473990 1508
1474000 1508
1474010 1514
1474020 1521
1474030 1521
1474040 1527
1474050 1532
1474060 1532
1474070 1536
1474080 1539
1474090 1539
1474100 1542
1474110 1544
1474120 1544
1474130 1546
1474140 1548
1474150 1548
1474160 1550
1474170 1552
1474180 1553
1474190 1553
1474200 1555
1474210 1556
1474220 1556
1474230 1558
1474240 1559
1474250 1559
1474260 1560
1474270 1562
1474280 1562
1474290 1565
1474300 1569
1474310 1569
1474320 1571
1474330 1573
1474340 1573
1474350 1574
1474360 1575
1474370 1575
1474380 1576
1474390 1577
1474400 1577
1474410 1575
1474420 1567
1474430 1559
1474440 1559
1474450 1551
1474460 1546
1474470 1546
1474480 1542
1474490 1541
1474500 1541
1474510 1538
1474520 1535
1474530 1535
1474540 1537
1474550 1538
1474560 1538
1474570 1536
1474580 1535
1474590 1535
1474600 1531
1474610 1527
1474620 1527
1474630 1521
1474640 1518
1474650 1518
1474660 1516
1474670 1515
1474680 1515
1474690 1515
1474700 1513
1474710 1515
1474720 1515
1474730 1515
1474740 1515
1474750 1515
1474760 1514
1474770 1512
1474780 1512
1474790 1511
1474800 1510
1474810 1510
1474820 1512
1474830 1515
1474840 1515
1474850 1519
1474860 1524
1474870 1524
1474880 1528
1474890 1533
1474900 1533
1474910 1539
1474920 1546
1474930 1550
1474940 1550
1474950 1551
1474960 1554
1474970 1554
1474980 1555
1474990 1557
1475000 1557
1475010 1559
1475020 1561
1475030 1561
1475040 1563
1475050 1562
1475060 1562
1475070 1562
1475080 1562
1475090 1562
1475100 1561
1475110 1561
1475120 1561
1475130 1562
1475140 1564
1475150 1564
1475160 1568
1475170 1572
1475180 1575
1475190 1575
1475200 1575
1475210 1576
1475220 1576
1475230 1581
1475240 1584
1475250 1584
1475260 1588
1475270 1592
1475280 1592
1475290 1599
1475300 1604
1475310 1604
1475320 1608
1475330 1614
1475340 1614
1475350 1621
1475360 1627
1475370 1627
1475380 1633
1475390 1638
1475400 1638
1475410 1642
1475420 1648
1475430 1653
1475440 1653
1475450 1654
1475460 1659
1475470 1659
1475480 1664
1475490 1670
1475500 1670
1475510 1673
1475520 1676
1475530 1676
1475540 1682
1475550 1685
1475560 1685
1475570 1689
1475580 1691
1475590 1691
1475600 1694
1475610 1697
1475620 1697
1475630 1700
1475640 1701
1475650 1701
1475660 1704
1475670 1707
1475680 1709
1475690 1709
1475700 1712
1475710 1713
1475720 1713
1475730 1715
1475740 1717
1475750 1717
1475760 1718
1475770 1719
1475780 1719
1475790 1721
1475800 1722
1475810 1722
1475820 1722
1475830 1721
1475840 1721
1475850 1720
1475860 1717
1475870 1717
1475880 1715
1475890 1711
1475900 1711
1475910 1708
1475920 1706
1475930 1703
1475940 1703
1475950 1700
1475960 1698
1475970 1698
1475980 1695
1475990 1694
1476000 1694
1476010 1693
1476020 1693
1476030 1693
1476040 1695
1476050 1695
1476060 1695
1476070 1695
1476080 1696
1476090 1696
1476100 1696
1476110 1695
1476120 1695
1476130 1696
1476140 1698
1476150 1698
1476160 1699
1476170 1701
1476180 1701
1476190 1701
1476200 1702
1476210 1704
1476220 1704
1476230 1704
1476240 1704
1476250 1704
1476260 1704
1476270 1704
1476280 1704
1476290 1703
1476300 1703
1476310 1703
1476320 1702
1476330 1701
1476340 1701
1476350 1700
1476360 1697
1476370 1697
1476380 1694
1476390 1691
1476400 1691
1476410 1685
1476420 1680
1476430 1680
1476440 1677
1476450 1676
1476460 1675
1476470 1675
1476480 1673
1476490 1670
1476500 1670
1476510 1665
1476520 1662
1476530 1662
1476540 1658
1476550 1654
1476560 1654
1476570 1651
1476580 1647
1476590 1647
1476600 1644
1476610 1642
1476620 1642
1476630 1639
1476640 1638
1476650 1638
1476660 1634
1476670 1629
1476680 1629
1476690 1629
1476700 1634
1476710 1633
1476720 1633
1476730 1634
1476740 1634
1476750 1634
1476760 1632
1476770 1636
1476780 1636
1476790 1637
1476800 1636
1476810 1636
1476820 1638
1476830 1643
1476840 1643
1476850 1649
1476860 1657
1476870 1657
1476880 1664
1476890 1671
1476900 1671
1476910 1675
1476920 1679
1476930 1679
1476940 1684
1476950 1690
1476960 1696
1476970 1696
1476980 1701
1476990 1705
1477000 1705
1477010 1709
1477020 1713
1477030 1713
1477040 1717
1477050 1722
1477060 1722
1477070 1727
1477080 1730
1477090 1730
1477100 1734
1477110 1738
1477120 1738
1477130 1742
1477140 1746
1477150 1746
1477160 1750
1477170 1753
1477180 1753
1477190 1755
1477200 1758
1477210 1761
1477220 1761
1477230 1763
1477240 1763
1477250 1763
1477260 1763
1477270 1764
1477280 1764
1477290 1764
1477300 1763
1477310 1763
1477320 1761
1477330 1758
1477340 1758
1477350 1752
1477360 1748
1477370 1748
1477380 1747
1477390 1748
1477400 1748
1477410 1747
1477420 1746
1477430 1746
1477440 1746
1477450 1746
1477460 1747
1477470 1747
1477480 1746
1477490 1746
1477500 1746
1477510 1746
1477520 1746
1477530 1746
1477540 1744
1477550 1742
1477560 1742
1477570 1741
1477580 1739
1477590 1739
1477600 1737
1477610 1737
1477620 1737
1477630 1738
1477640 1738
1477650 1738
1477660 1736
1477670 1737
1477680 1737
1477690 1738
1477700 1739
1477710 1739
1477720 1739
1477730 1739
1477740 1739
1477750 1739
1477760 1743
1477770 1748
1477780 1748
1477790 1752
1477800 1754
1477810 1754
1477820 1758
1477830 1760
1477840 1760
1477850 1764
1477860 1764
1477870 1764
1477880 1769
1477890 1776
1477900 1776
1477910 1783
1477920 1788
1477930 1788
1477940 1794
1477950 1800
1477960 1806
1477970 1806
1477980 1810
1477990 1814
1478000 1814
1478010 1819
1478020 1823
1478030 1823
1478040 1827
1478050 1831
1478060 1831
1478070 1834
1478080 1838
1478090 1838
1478100 1841
1478110 1843
1478120 1843
1478130 1847
1478140 1850
1478150 1850
1478160 1853
1478170 1856
1478180 1856
1478190 1859
1478200 1861
1478210 1861
1478220 1861
1478230 1863
1478240 1864
1478250 1864
1478260 1867
1478270 1870
1478280 1870
1478290 1874
1478300 1880
1478310 1880
1478320 1887
1478330 1892
1478340 1892
1478350 1896
1478360 1901
1478370 1901
1478380 1905
1478390 1911
1478400 1911
1478410 1915
1478420 1920
1478430 1920
1478440 1925
1478450 1929
1478460 1934
1478470 1934
1478480 1939
1478490 1945
1478500 1945
1478510 1950
1478520 1955
1478530 1955
1478540 1958
1478550 1964
1478560 1964
1478570 1969
1478580 1973
1478590 1973
1478600 1979
1478610 1984
1478620 1984
1478630 1989
1478640 1994
1478650 1994
1478660 1999
1478670 2005
1478680 2005
1478690 2011
1478700 2016
1478710 2020
1478720 2020
1478730 2024
1478740 2028
1478750 2028
1478760 2031
1478770 2034
1478780 2034
1478790 2037
1478800 2040
1478810 2040
1478820 2042
1478830 2044
1478840 2044
1478850 2045
1478860 2045
1478870 2045
1478880 2045
1478890 2045
1478900 2045
1478910 2044
1478920 2043
1478930 2043
1478940 2041
1478950 2037
1478960 2031
1478970 2031
1478980 2025
1478990 2022
1479000 2022
1479010 2019
1479020 2016
1479030 2016
1479040 2013
1479050 2011
1479060 2011
1479070 2007
1479080 2005
1479090 2005
1479100 2004
1479110 2003
1479120 2003
1479130 2002
1479140 2002
1479150 2002
1479160 2002
1479170 2001
1479180 2001
1479190 2000
1479200 1998
1479210 1996
1479220 1996
1479230 1993
1479240 1988
1479250 1988
1479260 1986
1479270 1984
1479280 1984
1479290 1981
1479300 1980
1479310 1980
1479320 1979
1479330 1977
1479340 1977
1479350 1975
1479360 1972
1479370 1972
1479380 1971
1479390 1969
1479400 1969
1479410 1967
1479420 1963
1479430 1963
1479440 1959
1479450 1951
1479460 1946
1479470 1946
1479480 1942
1479490 1941
1479500 1941
1479510 1944
1479520 1946
1479530 1946
1479540 1946
1479550 1944
1479560 1944
1479570 1943
1479580 1941
1479590 1941
1479600 1940
1479610 1939
1479620 1939
1479630 1937
1479640 1936
1479650 1936
1479660 1935
1479670 1936
1479680 1936
1479690 1933
1479700 1932
1479710 1932
1479720 1932
1479730 1932
1479740 1931
1479750 1931
1479760 1930
1479770 1928
1479780 1928
1479790 1924
1479800 1921
1479810 1921
1479820 1917
1479830 1916
1479840 1916
1479850 1914
1479860 1911
1479870 1911
1479880 1909
1479890 1909
1479900 1909
1479910 1908
1479920 1908
1479930 1908
1479940 1908
1479950 1907
1479960 1907
1479970 1906
1479980 1905
1479990 1904
