1460000 1198
1460010 1198
1460020 1200
1460030 1202
1460040 1202
1460050 1203
1460060 1205
1460070 1206
1460080 1206
1460090 1207
1460100 1206
1460110 1206
1460120 1206
1460130 1206
1460140 1206
1460150 1206
1460160 1207
1460170 1207
1460180 1207
1460190 1207
1460200 1207
1460210 1207
1460220 1206
1460230 1206
1460240 1207
1460250 1208
1460260 1208
1460270 1209
1460280 1209
1460290 1209
1460300 1211
1460310 1215
1460320 1217
1460330 1217
1460340 1218
1460350 1216
1460360 1216
1460370 1214
1460380 1211
1460390 1211
1460400 1210
1460410 1209
1460420 1209
1460430 1209
1460440 1207
1460450 1207
1460460 1203
1460470 1197
1460480 1197
1460490 1192
1460500 1191
1460510 1191
1460520 1192
1460530 1195
1460540 1195
1460550 1199
1460560 1202
1460570 1202
1460580 1202
1460590 1202
1460600 1202
1460610 1202
1460620 1204
1460630 1205
1460640 1205
1460650 1207
1460660 1208
1460670 1208
1460680 1208
1460690 1208
1460700 1208
1460710 1208
1460720 1207
1460730 1207
1460740 1206
1460750 1205
1460760 1205
1460770 1205
1460780 1205
1460790 1205
1460800 1205
1460810 1208
1460820 1210
1460830 1210
1460840 1213
1460850 1218
1460860 1218
1460870 1223
1460880 1227
1460890 1227
1460900 1229
1460910 1231
1460920 1231
1460930 1232
1460940 1233
1460950 1233
1460960 1234
1460970 1234
1460980 1234
1460990 1233
1461000 1232
1461010 1232
1461020 1231
1461030 1230
1461040 1230
1461050 1229
1461060 1228
1461070 1228
1461080 1227
1461090 1226
1461100 1224
1461110 1224
1461120 1220
1461130 1214
1461140 1214
1461150 1207
1461160 1201
1461170 1201
1461180 1193
1461190 1188
1461200 1188
1461210 1183
1461220 1183
1461230 1183
1461240 1183
1461250 1179
1461260 1179
1461270 1178
1461280 1181
1461290 1181
1461300 1186
1461310 1194
1461320 1194
1461330 1201
1461340 1206
1461350 1209
1461360 1209
1461370 1211
1461380 1214
1461390 1214
1461400 1217
1461410 1220
1461420 1220
1461430 1223
1461440 1227
1461450 1227
1461460 1231
1461470 1236
1461480 1236
1461490 1240
1461500 1245
1461510 1245
1461520 1248
1461530 1252
1461540 1252
1461550 1257
1461560 1264
1461570 1264
1461580 1269
1461590 1272
1461600 1277
1461610 1277
1461620 1282
1461630 1285
1461640 1285
1461650 1290
1461660 1295
1461670 1295
1461680 1299
1461690 1303
1461700 1303
1461710 1309
1461720 1315
1461730 1315
1461740 1320
1461750 1324
1461760 1324
1461770 1326
1461780 1330
1461790 1330
1461800 1335
1461810 1342
1461820 1342
1461830 1349
1461840 1353
1461850 1357
1461860 1357
1461870 1360
1461880 1363
1461890 1363
1461900 1365
1461910 1368
1461920 1368
1461930 1372
1461940 1376
1461950 1376
1461960 1381
1461970 1388
1461980 1388
1461990 1393
1462000 1399
1462010 1399
1462020 1405
1462030 1410
1462040 1410
1462050 1414
1462060 1418
1462070 1418
1462080 1420
1462090 1422
1462100 1424
1462110 1424
1462120 1425
1462130 1426
1462140 1426
1462150 1426
1462160 1426
1462170 1426
1462180 1425
1462190 1424
1462200 1424
1462210 1422
1462220 1421
1462230 1421
1462240 1419
1462250 1418
1462260 1418
1462270 1418
1462280 1418
1462290 1418
1462300 1417
1462310 1416
1462320 1416
1462330 1415
1462340 1412
1462350 1408
1462360 1408
1462370 1402
1462380 1395
1462390 1395
1462400 1391
1462410 1392
1462420 1392
1462430 1395
1462440 1400
1462450 1400
1462460 1405
1462470 1408
1462480 1408
1462490 1409
1462500 1413
1462510 1413
1462520 1415
1462530 1417
1462540 1417
1462550 1419
1462560 1420
1462570 1420
1462580 1421
1462590 1421
1462600 1417
1462610 1417
1462620 1413
1462630 1412
1462640 1412
1462650 1416
1462660 1420
1462670 1420
1462680 1423
1462690 1424
1462700 1424
1462710 1426
1462720 1428
1462730 1428
1462740 1428
1462750 1429
1462760 1429
1462770 1430
1462780 1432
1462790 1432
1462800 1433
1462810 1431
1462820 1431
1462830 1433
1462840 1438
1462850 1438
1462860 1443
1462870 1448
1462880 1449
1462890 1449
1462900 1448
1462910 1448
1462920 1448
1462930 1446
1462940 1447
1462950 1447
1462960 1446
1462970 1445
1462980 1445
1462990 1447
1463000 1446
1463010 1446
1463020 1444
1463030 1446
1463040 1446
1463050 1448
1463060 1451
1463070 1451
1463080 1458
1463090 1462
1463100 1462
1463110 1465
1463120 1469
1463130 1473
1463140 1473
1463150 1477
1463160 1481
1463170 1481
1463180 1486
1463190 1492
1463200 1492
1463210 1497
1463220 1502
1463230 1502
1463240 1505
1463250 1510
1463260 1510
1463270 1515
1463280 1520
1463290 1520
1463300 1524
1463310 1527
1463320 1527
1463330 1532
1463340 1536
1463350 1536
1463360 1540
1463370 1544
1463380 1551
1463390 1551
1463400 1555
1463410 1560
1463420 1560
1463430 1564
1463440 1570
1463450 1570
1463460 1576
1463470 1582
1463480 1582
1463490 1586
1463500 1591
1463510 1591
1463520 1596
1463530 1603
1463540 1603
1463550 1608
1463560 1613
1463570 1613
1463580 1618
1463590 1624
1463600 1624
1463610 1629
1463620 1635
1463630 1642
1463640 1642
1463650 1647
1463660 1653
1463670 1653
1463680 1659
1463690 1664
1463700 1664
1463710 1669
1463720 1674
1463730 1674
1463740 1679
1463750 1683
1463760 1683
1463770 1686
1463780 1689
1463790 1689
1463800 1695
1463810 1702
1463820 1702
1463830 1706
1463840 1710
1463850 1710
1463860 1713
1463870 1716
1463880 1725
1463890 1725
1463900 1734
1463910 1742
1463920 1742
1463930 1748
1463940 1754
1463950 1754
1463960 1755
1463970 1763
1463980 1763
1463990 1773
1464000 1776
1464010 1776
1464020 1781
1464030 1788
1464040 1788
1464050 1796
1464060 1806
1464070 1806
1464080 1816
1464090 1824
1464100 1824
1464110 1832
1464120 1839
1464130 1846
1464140 1846
1464150 1853
1464160 1860
1464170 1860
1464180 1866
1464190 1871
1464200 1871
1464210 1878
1464220 1885
1464230 1885
1464240 1892
1464250 1898
1464260 1898
1464270 1904
1464280 1911
1464290 1911
1464300 1920
1464310 1928
1464320 1928
1464330 1935
1464340 1939
1464350 1939
1464360 1942
1464370 1942
1464380 1942
1464390 1943
1464400 1942
1464410 1939
1464420 1939
1464430 1934
1464440 1930
1464450 1930
1464460 1927
1464470 1926
1464480 1926
1464490 1923
1464500 1918
1464510 1918
1464520 1913
1464530 1908
1464540 1908
1464550 1902
1464560 1899
1464570 1899
1464580 1897
1464590 1894
1464600 1894
1464610 1887
1464620 1881
1464630 1881
1464640 1877
1464650 1873
1464660 1870
1464670 1870
1464680 1867
1464690 1862
1464700 1862
1464710 1857
1464720 1851
1464730 1851
1464740 1847
1464750 1841
1464760 1841
1464770 1834
1464780 1827
1464790 1827
1464800 1820
1464810 1813
1464820 1813
1464830 1807
1464840 1800
1464850 1800
1464860 1794
1464870 1787
1464880 1787
1464890 1781
1464900 1774
1464910 1768
1464920 1768
1464930 1762
1464940 1756
1464950 1756
1464960 1749
1464970 1743
1464980 1743
1464990 1738
1465000 1733
1465010 1733
1465020 1727
1465030 1721
1465040 1721
1465050 1714
1465060 1707
1465070 1707
1465080 1700
1465090 1693
1465100 1693
1465110 1687
1465120 1680
1465130 1680
1465140 1674
1465150 1667
1465160 1660
1465170 1660
1465180 1654
1465190 1647
1465200 1647
1465210 1640
1465220 1634
1465230 1634
1465240 1628
1465250 1630
1465260 1630
1465270 1632
1465280 1633
1465290 1633
1465300 1632
1465310 1633
1465320 1633
1465330 1633
1465340 1634
1465350 1634
1465360 1635
1465370 1635
1465380 1635
1465390 1637
1465400 1639
1465410 1641
1465420 1641
1465430 1643
1465440 1646
1465450 1646
1465460 1648
1465470 1647
1465480 1647
1465490 1644
1465500 1642
1465510 1642
1465520 1641
1465530 1640
1465540 1640
1465550 1637
1465560 1634
1465570 1634
1465580 1635
1465590 1638
1465600 1638
1465610 1641
1465620 1645
1465630 1645
1465640 1649
1465650 1651
1465660 1654
1465670 1654
1465680 1656
1465690 1657
1465700 1657
1465710 1658
1465720 1659
1465730 1659
1465740 1658
1465750 1657
1465760 1657
1465770 1655
1465780 1653
1465790 1653
1465800 1652
1465810 1651
1465820 1651
1465830 1648
1465840 1645
1465850 1645
1465860 1642
1465870 1642
1465880 1642
1465890 1643
1465900 1644
1465910 1644
1465920 1644
1465930 1641
1465940 1636
1465950 1636
1465960 1629
1465970 1622
1465980 1622
1465990 1615
1466000 1608
1466010 1608
1466020 1602
1466030 1596
1466040 1596
1466050 1590
1466060 1585
1466070 1585
1466080 1579
1466090 1574
1466100 1574
1466110 1569
1466120 1564
1466130 1564
1466140 1562
1466150 1564
1466160 1564
1466170 1568
1466180 1571
1466190 1574
1466200 1574
1466210 1578
1466220 1582
1466230 1582
1466240 1586
1466250 1591
1466260 1591
1466270 1595
1466280 1599
1466290 1599
1466300 1604
1466310 1608
1466320 1608
1466330 1612
1466340 1616
1466350 1616
1466360 1618
1466370 1618
1466380 1618
1466390 1616
1466400 1614
1466410 1614
1466420 1612
1466430 1610
1466440 1608
1466450 1608
1466460 1606
1466470 1605
1466480 1605
1466490 1603
1466500 1602
1466510 1602
1466520 1600
1466530 1597
1466540 1597
1466550 1593
1466560 1587
1466570 1587
1466580 1582
1466590 1579
1466600 1579
1466610 1575
1466620 1570
1466630 1570
1466640 1564
1466650 1559
1466660 1559
1466670 1556
1466680 1552
1466690 1549
1466700 1549
1466710 1546
1466720 1544
1466730 1544
1466740 1543
1466750 1543
1466760 1543
1466770 1540
1466780 1535
1466790 1535
1466800 1532
1466810 1530
1466820 1530
1466830 1528
1466840 1525
1466850 1525
1466860 1522
1466870 1519
1466880 1519
1466890 1517
1466900 1515
1466910 1515
1466920 1513
1466930 1509
1466940 1506
1466950 1506
1466960 1502
1466970 1499
1466980 1499
1466990 1496
1467000 1494
1467010 1494
1467020 1492
1467030 1490
1467040 1490
1467050 1488
1467060 1486
1467070 1486
1467080 1483
1467090 1480
1467100 1480
1467110 1475
1467120 1471
1467130 1471
1467140 1467
1467150 1465
1467160 1465
1467170 1466
1467180 1467
1467190 1468
1467200 1468
1467210 1468
1467220 1468
1467230 1468
1467240 1467
1467250 1465
1467260 1465
1467270 1463
1467280 1461
1467290 1461
1467300 1461
1467310 1461
1467320 1461
1467330 1461
1467340 1461
1467350 1461
1467360 1461
1467370 1461
1467380 1461
1467390 1460
1467400 1459
1467410 1459
1467420 1459
1467430 1458
1467440 1458
1467450 1458
1467460 1456
1467470 1453
1467480 1453
1467490 1449
1467500 1442
1467510 1442
1467520 1436
1467530 1431
1467540 1431
1467550 1426
1467560 1420
1467570 1420
1467580 1414
1467590 1410
1467600 1410
1467610 1406
1467620 1402
1467630 1402
1467640 1398
1467650 1392
1467660 1392
1467670 1386
1467680 1380
1467690 1380
1467700 1374
1467710 1369
1467720 1364
1467730 1364
1467740 1358
1467750 1352
1467760 1352
1467770 1346
1467780 1339
1467790 1339
1467800 1335
1467810 1330
1467820 1330
1467830 1322
1467840 1313
1467850 1313
1467860 1304
1467870 1293
1467880 1293
1467890 1283
1467900 1273
1467910 1273
1467920 1263
1467930 1253
1467940 1253
1467950 1246
1467960 1240
1467970 1234
1467980 1234
1467990 1228
1468000 1224
1468010 1224
1468020 1220
1468030 1215
1468040 1215
1468050 1210
1468060 1206
1468070 1206
1468080 1202
1468090 1196
1468100 1196
1468110 1189
1468120 1184
1468130 1184
1468140 1179
1468150 1175
1468160 1175
1468170 1171
1468180 1167
1468190 1167
1468200 1162
1468210 1156
1468220 1151
1468230 1151
1468240 1146
1468250 1143
1468260 1143
1468270 1138
1468280 1134
1468290 1134
1468300 1132
1468310 1130
1468320 1130
1468330 1125
1468340 1122
1468350 1122
1468360 1120
1468370 1120
1468380 1120
1468390 1115
1468400 1108
1468410 1108
1468420 1104
1468430 1097
1468440 1097
1468450 1091
1468460 1085
1468470 1080
1468480 1080
1468490 1076
1468500 1072
1468510 1072
1468520 1069
1468530 1066
1468540 1066
1468550 1064
1468560 1062
1468570 1062
1468580 1058
1468590 1050
1468600 1050
1468610 1041
1468620 1035
1468630 1035
1468640 1027
1468650 1018
1468660 1018
1468670 1011
1468680 1002
1468690 1002
1468700 992
1468710 983
1468720 976
1468730 976
1468740 970
1468750 965
1468760 965
1468770 961
1468780 957
1468790 957
1468800 952
1468810 949
1468820 949
1468830 945
1468840 941
1468850 941
1468860 937
1468870 933
1468880 933
1468890 930
1468900 926
1468910 926
1468920 922
1468930 918
1468940 918
1468950 913
1468960 910
1468970 908
1468980 908
1468990 906
1469000 903
1469010 903
1469020 899
1469030 895
1469040 895
1469050 891
1469060 887
1469070 887
1469080 883
1469090 878
1469100 878
1469110 872
1469120 871
1469130 871
1469140 868
1469150 862
1469160 862
1469170 861
1469180 862
1469190 862
1469200 862
1469210 863
1469220 864
1469230 864
1469240 867
1469250 872
1469260 872
1469270 878
1469280 885
1469290 885
1469300 888
1469310 891
1469320 891
1469330 897
1469340 904
1469350 904
1469360 910
1469370 917
1469380 917
1469390 924
1469400 930
1469410 930
1469420 936
1469430 943
1469440 943
1469450 949
1469460 955
1469470 955
1469480 958
1469490 965
1469500 971
1469510 971
1469520 977
1469530 981
1469540 981
1469550 985
1469560 990
1469570 990
1469580 996
1469590 1001
1469600 1001
1469610 1008
1469620 1015
1469630 1015
1469640 1017
1469650 1023
1469660 1023
1469670 1029
1469680 1034
1469690 1034
1469700 1037
1469710 1041
1469720 1041
1469730 1044
1469740 1049
1469750 1055
1469760 1055
1469770 1061
1469780 1067
1469790 1067
1469800 1071
1469810 1076
1469820 1076
1469830 1079
1469840 1085
1469850 1085
1469860 1089
1469870 1092
1469880 1092
1469890 1096
1469900 1101
1469910 1101
1469920 1106
1469930 1111
1469940 1111
1469950 1115
1469960 1120
1469970 1120
1469980 1125
1469990 1130
1470000 1136
1470010 1136
1470020 1141
1470030 1148
1470040 1148
1470050 1154
1470060 1161
1470070 1161
1470080 1168
1470090 1177
1470100 1177
1470110 1185
1470120 1193
1470130 1193
1470140 1202
1470150 1210
1470160 1210
1470170 1218
1470180 1227
1470190 1227
1470200 1232
1470210 1240
1470220 1240
1470230 1245
1470240 1249
1470250 1253
1470260 1253
1470270 1256
1470280 1263
1470290 1263
1470300 1277
1470310 1283
1470320 1283
1470330 1289
1470340 1290
1470350 1290
1470360 1292
1470370 1298
1470380 1298
1470390 1303
1470400 1305
1470410 1305
1470420 1307
1470430 1310
1470440 1310
1470450 1311
1470460 1312
1470470 1312
1470480 1313
1470490 1317
1470500 1320
1470510 1320
1470520 1322
1470530 1323
1470540 1323
1470550 1326
1470560 1331
1470570 1331
1470580 1334
1470590 1338
1470600 1338
1470610 1342
1470620 1345
1470630 1345
1470640 1352
1470650 1358
1470660 1358
1470670 1363
1470680 1369
1470690 1369
1470700 1374
1470710 1379
1470720 1379
1470730 1384
1470740 1389
1470750 1395
1470760 1395
1470770 1398
1470780 1401
1470790 1401
1470800 1407
1470810 1413
1470820 1413
1470830 1417
1470840 1423
1470850 1423
1470860 1433
1470870 1438
1470880 1438
1470890 1445
1470900 1454
1470910 1454
1470920 1462
1470930 1469
1470940 1469
1470950 1478
1470960 1486
1470970 1486
1470980 1493
1470990 1497
1471000 1497
1471010 1503
1471020 1514
1471030 1524
1471040 1524
1471050 1532
1471060 1541
1471070 1541
1471080 1549
1471090 1555
1471100 1555
1471110 1562
1471120 1570
1471130 1570
1471140 1575
1471150 1579
1471160 1579
1471170 1582
1471180 1583
1471190 1583
1471200 1586
1471210 1591
1471220 1591
1471230 1594
1471240 1598
1471250 1598
1471260 1603
1471270 1607
1471280 1609
1471290 1609
1471300 1609
1471310 1610
1471320 1610
1471330 1609
1471340 1609
1471350 1609
1471360 1606
1471370 1603
1471380 1603
1471390 1600
1471400 1599
1471410 1599
1471420 1600
1471430 1601
1471440 1601
1471450 1602
1471460 1603
1471470 1603
1471480 1603
1471490 1605
1471500 1605
1471510 1607
1471520 1609
1471530 1611
1471540 1611
1471550 1611
1471560 1615
1471570 1615
1471580 1621
1471590 1627
1471600 1627
1471610 1632
1471620 1637
1471630 1637
1471640 1644
1471650 1653
1471660 1653
1471670 1660
1471680 1661
1471690 1661
1471700 1663
1471710 1665
1471720 1665
1471730 1667
1471740 1672
1471750 1672
1471760 1677
1471770 1682
1471780 1687
1471790 1687
1471800 1691
1471810 1697
1471820 1697
1471830 1699
1471840 1702
1471850 1702
1471860 1705
1471870 1707
1471880 1707
1471890 1708
1471900 1709
1471910 1709
1471920 1709
1471930 1710
1471940 1710
1471950 1712
1471960 1716
1471970 1716
1471980 1720
1471990 1724
1472000 1724
1472010 1728
1472020 1733
1472030 1738
1472040 1738
1472050 1743
1472060 1749
1472070 1749
1472080 1755
1472090 1760
1472100 1760
1472110 1767
1472120 1775
1472130 1775
1472140 1783
1472150 1796
1472160 1796
1472170 1802
1472180 1804
1472190 1804
1472200 1804
1472210 1805
1472220 1805
1472230 1808
1472240 1811
1472250 1811
1472260 1815
1472270 1819
1472280 1821
1472290 1821
1472300 1822
1472310 1824
1472320 1824
1472330 1827
1472340 1831
1472350 1831
1472360 1836
1472370 1840
1472380 1840
1472390 1843
1472400 1845
1472410 1845
1472420 1846
1472430 1845
1472440 1845
1472450 1846
1472460 1846
1472470 1846
1472480 1847
1472490 1848
1472500 1848
1472510 1851
1472520 1855
1472530 1859
1472540 1859
1472550 1863
1472560 1869
1472570 1869
1472580 1881
1472590 1889
1472600 1889
1472610 1892
1472620 1896
1472630 1896
1472640 1900
1472650 1904
1472660 1904
1472670 1909
1472680 1915
1472690 1915
1472700 1922
1472710 1930
1472720 1930
1472730 1937
1472740 1946
1472750 1946
1472760 1954
1472770 1961
1472780 1961
1472790 1967
1472800 1975
1472810 1981
1472820 1981
1472830 1985
1472840 1988
1472850 1988
1472860 1991
1472870 1994
1472880 1994
1472890 1996
1472900 1998
1472910 1998
1472920 1999
1472930 2001
1472940 2001
1472950 2003
1472960 2005
1472970 2005
1472980 2006
1472990 2008
1473000 2008
1473010 2009
1473020 2010
1473030 2010
1473040 2011
1473050 2011
1473060 2011
1473070 2011
1473080 2013
1473090 2013
1473100 2013
1473110 2013
1473120 2012
1473130 2012
1473140 2011
1473150 2012
1473160 2012
1473170 2012
1473180 2011
1473190 2011
1473200 2008
1473210 2008
1473220 2008
1473230 2004
1473240 1999
1473250 1999
1473260 1993
1473270 1989
1473280 1989
1473290 1984
1473300 1980
1473310 1981
1473320 1981
1473330 1980
1473340 1977
1473350 1977
1473360 1976
1473370 1977
1473380 1977
1473390 1978
1473400 1974
1473410 1974
1473420 1970
1473430 1967
1473440 1967
1473450 1970
1473460 1966
1473470 1966
1473480 1960
1473490 1954
1473500 1954
1473510 1953
1473520 1956
1473530 1956
1473540 1959
1473550 1964
1473560 1970
1473570 1970
1473580 1975
1473590 1981
1473600 1981
1473610 1981
1473620 1978
1473630 1978
1473640 1976
1473650 1973
1473660 1973
1473670 1972
1473680 1973
1473690 1973
1473700 1974
1473710 1968
1473720 1968
1473730 1962
1473740 1958
1473750 1958
1473760 1955
1473770 1954
1473780 1954
1473790 1955
1473800 1957
1473810 1959
1473820 1959
1473830 1963
1473840 1969
1473850 1969
1473860 1975
1473870 1982
1473880 1982
1473890 1988
1473900 1995
1473910 1995
1473920 2000
1473930 2003
1473940 2003
1473950 2005
1473960 2007
1473970 2007
1473980 2012
1473990 2014
1474000 2014
1474010 2016
1474020 2018
1474030 2018
1474040 2018
1474050 2018
1474060 2018
1474070 2018
1474080 2017
1474090 2015
1474100 2015
1474110 2014
1474120 2013
1474130 2013
1474140 2011
1474150 2009
1474160 2009
1474170 2007
1474180 2006
1474190 2006
1474200 2006
1474210 2006
1474220 2006
1474230 2003
1474240 2004
1474250 2004
1474260 2004
1474270 2002
1474280 2002
1474290 2001
1474300 1999
1474310 1992
1474320 1992
1474330 1985
1474340 1977
1474350 1977
1474360 1971
1474370 1965
1474380 1965
1474390 1960
1474400 1955
1474410 1955
1474420 1950
1474430 1945
1474440 1945
1474450 1941
1474460 1937
1474470 1937
1474480 1933
1474490 1930
1474500 1930
1474510 1926
1474520 1922
1474530 1922
1474540 1918
1474550 1915
1474560 1915
1474570 1912
1474580 1910
1474590 1907
1474600 1907
1474610 1905
1474620 1905
1474630 1905
1474640 1904
1474650 1903
1474660 1903
1474670 1904
1474680 1903
1474690 1903
1474700 1903
1474710 1903
1474720 1903
1474730 1903
1474740 1903
1474750 1903
1474760 1901
1474770 1900
1474780 1900
1474790 1898
1474800 1894
1474810 1894
1474820 1888
1474830 1883
1474840 1878
1474850 1878
1474860 1873
1474870 1869
1474880 1869
1474890 1865
1474900 1863
1474910 1863
1474920 1861
1474930 1860
1474940 1860
1474950 1859
1474960 1858
1474970 1858
1474980 1856
1474990 1854
1475000 1854
1475010 1853
1475020 1851
1475030 1851
1475040 1849
1475050 1847
1475060 1847
1475070 1845
1475080 1843
1475090 1842
1475100 1842
1475110 1841
1475120 1839
1475130 1839
1475140 1839
1475150 1837
1475160 1837
1475170 1835
1475180 1834
1475190 1834
1475200 1833
1475210 1833
1475220 1833
1475230 1833
1475240 1832
1475250 1832
1475260 1829
1475270 1826
1475280 1826
1475290 1827
1475300 1827
1475310 1827
1475320 1826
1475330 1823
1475340 1824
1475350 1824
1475360 1823
1475370 1822
1475380 1822
1475390 1823
1475400 1822
1475410 1822
1475420 1821
1475430 1821
1475440 1821
1475450 1821
1475460 1820
1475470 1820
1475480 1820
1475490 1820
1475500 1820
1475510 1820
1475520 1819
1475530 1819
1475540 1819
1475550 1817
1475560 1817
1475570 1814
1475580 1810
1475590 1808
1475600 1808
1475610 1806
1475620 1803
1475630 1803
1475640 1797
1475650 1793
1475660 1793
1475670 1792
1475680 1791
1475690 1791
1475700 1789
1475710 1788
1475720 1788
1475730 1788
1475740 1787
1475750 1787
1475760 1786
1475770 1784
1475780 1784
1475790 1786
1475800 1786
1475810 1786
1475820 1785
1475830 1786
1475840 1786
1475850 1786
1475860 1787
1475870 1787
1475880 1787
1475890 1787
1475900 1787
1475910 1787
1475920 1787
1475930 1787
1475940 1787
1475950 1787
1475960 1785
1475970 1785
1475980 1784
1475990 1786
1476000 1786
1476010 1786
1476020 1785
1476030 1785
1476040 1785
1476050 1785
1476060 1785
1476070 1786
1476080 1786
1476090 1786
1476100 1788
1476110 1791
1476120 1794
1476130 1794
1476140 1797
1476150 1801
1476160 1801
1476170 1805
1476180 1809
1476190 1809
1476200 1814
1476210 1819
1476220 1819
1476230 1825
1476240 1829
1476250 1829
1476260 1831
1476270 1833
1476280 1833
1476290 1835
1476300 1831
1476310 1831
1476320 1828
1476330 1828
1476340 1828
1476350 1829
1476360 1830
1476370 1830
1476380 1830
1476390 1831
1476400 1830
1476410 1830
1476420 1830
1476430 1830
1476440 1830
1476450 1830
1476460 1829
1476470 1829
1476480 1827
1476490 1826
1476500 1826
1476510 1822
1476520 1817
1476530 1817
1476540 1814
1476550 1812
1476560 1812
1476570 1811
1476580 1811
1476590 1811
1476600 1810
1476610 1808
1476620 1806
1476630 1806
1476640 1803
1476650 1801
1476660 1801
1476670 1800
1476680 1800
1476690 1800
1476700 1802
1476710 1802
1476720 1802
1476730 1801
1476740 1800
1476750 1800
1476760 1799
1476770 1799
1476780 1799
1476790 1799
1476800 1797
1476810 1797
1476820 1797
1476830 1798
1476840 1798
1476850 1800
1476860 1798
1476870 1796
1476880 1796
1476890 1797
1476900 1797
1476910 1797
1476920 1796
1476930 1796
1476940 1796
1476950 1796
1476960 1795
1476970 1795
1476980 1794
1476990 1793
1477000 1793
1477010 1793
1477020 1793
1477030 1793
1477040 1793
1477050 1793
1477060 1793
1477070 1794
1477080 1795
1477090 1795
1477100 1795
1477110 1794
1477120 1795
1477130 1795
1477140 1797
1477150 1800
1477160 1800
1477170 1805
1477180 1808
1477190 1808
1477200 1813
1477210 1817
1477220 1817
1477230 1819
1477240 1821
1477250 1821
1477260 1822
1477270 1824
1477280 1824
1477290 1825
1477300 1826
1477310 1826
1477320 1827
1477330 1827
1477340 1827
1477350 1827
1477360 1827
1477370 1827
1477380 1827
1477390 1828
1477400 1828
1477410 1828
1477420 1827
1477430 1827
1477440 1827
1477450 1827
1477460 1827
1477470 1827
1477480 1826
1477490 1825
1477500 1825
1477510 1822
1477520 1823
1477530 1823
1477540 1823
1477550 1822
1477560 1822
1477570 1820
1477580 1819
1477590 1819
1477600 1819
1477610 1820
1477620 1820
1477630 1822
1477640 1824
1477650 1826
1477660 1826
1477670 1828
1477680 1831
1477690 1831
1477700 1833
1477710 1836
1477720 1836
1477730 1839
1477740 1843
1477750 1843
1477760 1847
1477770 1850
1477780 1850
1477790 1852
1477800 1855
1477810 1855
1477820 1858
1477830 1860
1477840 1860
1477850 1862
1477860 1863
1477870 1863
1477880 1864
1477890 1865
1477900 1862
1477910 1862
1477920 1860
1477930 1857
1477940 1857
1477950 1854
1477960 1858
1477970 1858
1477980 1859
1477990 1861
1478000 1861
1478010 1863
1478020 1865
1478030 1865
1478040 1869
1478050 1873
1478060 1873
1478070 1877
1478080 1880
1478090 1880
1478100 1883
1478110 1890
1478120 1890
1478130 1897
1478140 1901
1478150 1901
1478160 1901
1478170 1900
1478180 1906
1478190 1906
1478200 1913
1478210 1917
1478220 1917
1478230 1920
1478240 1922
1478250 1922
1478260 1925
1478270 1931
1478280 1931
1478290 1935
1478300 1936
1478310 1936
1478320 1941
1478330 1947
1478340 1947
1478350 1951
1478360 1955
1478370 1955
1478380 1959
1478390 1964
1478400 1969
1478410 1969
1478420 1975
1478430 1982
1478440 1982
1478450 1988
1478460 1994
1478470 1994
1478480 2001
1478490 2008
1478500 2008
1478510 2016
1478520 2024
1478530 2024
1478540 2032
1478550 2040
1478560 2040
1478570 2047
1478580 2053
1478590 2053
1478600 2059
1478610 2064
1478620 2064
1478630 2070
1478640 2078
1478650 2085
1478660 2085
1478670 2076
1478680 2066
1478690 2066
1478700 2057
1478710 2046
1478720 2046
1478730 2037
1478740 2025
1478750 2025
1478760 2016
1478770 2008
1478780 2008
1478790 2000
1478800 1994
1478810 1994
1478820 1988
1478830 1983
1478840 1983
1478850 1980
1478860 1978
1478870 1978
1478880 1978
1478890 1980
1478900 1981
1478910 1981
1478920 1982
1478930 1981
1478940 1981
1478950 1979
1478960 1978
1478970 1978
1478980 1978
1478990 1976
1479000 1976
1479010 1972
1479020 1963
1479030 1963
1479040 1953
1479050 1946
1479060 1946
1479070 1940
1479080 1935
1479090 1935
1479100 1932
1479110 1930
1479120 1930
1479130 1928
1479140 1926
1479150 1925
1479160 1925
1479170 1924
1479180 1924
1479190 1924
1479200 1924
1479210 1923
1479220 1923
1479230 1921
1479240 1917
1479250 1917
1479260 1912
1479270 1906
1479280 1906
1479290 1900
1479300 1895
1479310 1895
1479320 1891
1479330 1888
1479340 1888
1479350 1886
1479360 1883
1479370 1883
1479380 1880
1479390 1877
1479400 1877
1479410 1874
1479420 1872
1479430 1870
1479440 1870
1479450 1867
1479460 1863
1479470 1863
1479480 1862
1479490 1861
1479500 1861
1479510 1860
1479520 1859
1479530 1859
1479540 1859
1479550 1859
1479560 1859
1479570 1858
1479580 1858
1479590 1858
1479600 1858
1479610 1858
1479620 1858
1479630 1858
1479640 1859
1479650 1859
1479660 1859
1479670 1859
1479680 1858
1479690 1858
1479700 1857
1479710 1857
1479720 1857
1479730 1859
1479740 1859
1479750 1859
1479760 1859
1479770 1859
1479780 1859
1479790 1859
1479800 1858
1479810 1858
1479820 1856
1479830 1854
1479840 1854
1479850 1851
1479860 1849
1479870 1849
1479880 1849
1479890 1846
1479900 1846
1479910 1845
1479920 1844
1479930 1844
1479940 1844
1479950 1844
1479960 1845
1479970 1845
1479980 1846
1479990 1846
