1460000 1421
1460010 1422
1460020 1422
1460030 1424
1460040 1424
1460050 1424
1460060 1421
1460070 1418
1460080 1418
1460090 1416
1460100 1416
1460110 1416
1460120 1414
1460130 1412
1460140 1412
1460150 1413
1460160 1415
1460170 1416
1460180 1416
1460190 1418
1460200 1422
1460210 1422
1460220 1426
1460230 1429
1460240 1429
1460250 1435
1460260 1440
1460270 1440
1460280 1444
1460290 1448
1460300 1448
1460310 1452
1460320 1455
1460330 1455
1460340 1460
1460350 1464
1460360 1464
1460370 1466
1460380 1469
1460390 1469
1460400 1470
1460410 1471
1460420 1473
1460430 1473
1460440 1478
1460450 1483
1460460 1483
1460470 1486
1460480 1488
1460490 1488
1460500 1492
1460510 1495
1460520 1495
1460530 1498
1460540 1500
1460550 1500
1460560 1502
1460570 1503
1460580 1503
1460590 1506
1460600 1507
1460610 1507
1460620 1508
1460630 1511
1460640 1511
1460650 1514
1460660 1517
1460670 1521
1460680 1521
1460690 1525
1460700 1528
1460710 1528
1460720 1531
1460730 1535
1460740 1535
1460750 1534
1460760 1537
1460770 1537
1460780 1539
1460790 1541
1460800 1541
1460810 1542
1460820 1543
1460830 1543
1460840 1544
1460850 1544
1460860 1544
1460870 1544
1460880 1543
1460890 1543
1460900 1542
1460910 1541
1460920 1539
1460930 1539
1460940 1538
1460950 1537
1460960 1537
1460970 1536
1460980 1534
1460990 1534
1461000 1530
1461010 1525
1461020 1525
1461030 1522
1461040 1517
1461050 1517
1461060 1512
1461070 1512
1461080 1512
1461090 1512
1461100 1513
1461110 1513
1461120 1515
1461130 1517
1461140 1517
1461150 1520
1461160 1519
1461170 1519
1461180 1517
1461190 1515
1461200 1513
1461210 1513
1461220 1509
1461230 1504
1461240 1504
1461250 1499
1461260 1498
1461270 1498
1461280 1500
1461290 1501
1461300 1501
1461310 1502
1461320 1502
1461330 1502
1461340 1501
1461350 1500
1461360 1500
1461370 1500
1461380 1500
1461390 1500
1461400 1500
1461410 1501
1461420 1501
1461430 1502
1461440 1499
1461450 1494
1461460 1494
1461470 1490
1461480 1490
1461490 1490
1461500 1489
1461510 1487
1461520 1487
1461530 1488
1461540 1492
1461550 1492
1461560 1495
1461570 1497
1461580 1497
1461590 1499
1461600 1498
1461610 1498
1461620 1493
1461630 1492
1461640 1492
1461650 1495
1461660 1500
1461670 1500
1461680 1504
1461690 1510
1461700 1515
1461710 1515
1461720 1522
1461730 1528
1461740 1528
1461750 1535
1461760 1542
1461770 1542
1461780 1546
1461790 1548
1461800 1548
1461810 1551
1461820 1553
1461830 1553
1461840 1555
1461850 1558
1461860 1558
1461870 1561
1461880 1562
1461890 1562
1461900 1565
1461910 1567
1461920 1567
1461930 1566
1461940 1566
1461950 1566
1461960 1566
1461970 1566
1461980 1569
1461990 1569
1462000 1571
1462010 1573
1462020 1573
1462030 1576
1462040 1579
1462050 1579
1462060 1582
1462070 1585
1462080 1585
1462090 1587
1462100 1590
1462110 1590
1462120 1593
1462130 1596
1462140 1596
1462150 1598
1462160 1599
1462170 1599
1462180 1601
1462190 1604
1462200 1606
1462210 1606
1462220 1609
1462230 1612
1462240 1612
1462250 1615
1462260 1619
1462270 1619
1462280 1626
1462290 1632
1462300 1632
1462310 1638
1462320 1644
1462330 1644
1462340 1650
1462350 1656
1462360 1656
1462370 1662
1462380 1670
1462390 1670
1462400 1676
1462410 1681
1462420 1681
1462430 1687
1462440 1694
1462450 1694
1462460 1702
1462470 1711
1462480 1719
1462490 1719
1462500 1726
1462510 1732
1462520 1732
1462530 1738
1462540 1744
1462550 1744
1462560 1752
1462570 1758
1462580 1758
1462590 1765
1462600 1772
1462610 1772
1462620 1778
1462630 1785
1462640 1785
1462650 1792
1462660 1799
1462670 1799
1462680 1805
1462690 1812
1462700 1812
1462710 1819
1462720 1826
1462730 1834
1462740 1834
1462750 1841
1462760 1849
1462770 1849
1462780 1856
1462790 1862
1462800 1862
1462810 1869
1462820 1875
1462830 1875
1462840 1882
1462850 1889
1462860 1889
1462870 1895
1462880 1902
1462890 1902
1462900 1908
1462910 1914
1462920 1914
1462930 1919
1462940 1925
1462950 1925
1462960 1930
1462970 1935
1462980 1940
1462990 1940
1463000 1944
1463010 1946
1463020 1946
1463030 1943
1463040 1938
1463050 1938
1463060 1933
1463070 1931
1463080 1931
1463090 1931
1463100 1932
1463110 1932
1463120 1934
1463130 1936
1463140 1936
1463150 1936
1463160 1929
1463170 1929
1463180 1922
1463190 1914
1463200 1914
1463210 1910
1463220 1906
1463230 1899
1463240 1899
1463250 1897
1463260 1899
1463270 1899
1463280 1901
1463290 1902
1463300 1902
1463310 1901
1463320 1901
1463330 1901
1463340 1902
1463350 1904
1463360 1904
1463370 1907
1463380 1911
1463390 1911
1463400 1918
1463410 1925
1463420 1925
1463430 1931
1463440 1930
1463450 1930
1463460 1927
1463470 1925
1463480 1925
1463490 1921
1463500 1919
1463510 1918
1463520 1918
1463530 1917
1463540 1918
1463550 1918
1463560 1920
1463570 1921
1463580 1921
1463590 1921
1463600 1923
1463610 1923
1463620 1927
1463630 1932
1463640 1932
1463650 1937
1463660 1940
1463670 1940
1463680 1943
1463690 1945
1463700 1945
1463710 1950
1463720 1956
1463730 1956
1463740 1960
1463750 1965
1463760 1966
1463770 1966
1463780 1964
1463790 1963
1463800 1963
1463810 1963
1463820 1962
1463830 1962
1463840 1964
1463850 1965
1463860 1965
1463870 1967
1463880 1973
1463890 1973
1463900 1975
1463910 1977
1463920 1977
1463930 1981
1463940 1984
1463950 1984
1463960 1987
1463970 1990
1463980 1990
1463990 1996
1464000 1999
1464010 2003
1464020 2003
1464030 2004
1464040 2010
1464050 2010
1464060 2017
1464070 2023
1464080 2023
1464090 2026
1464100 2031
1464110 2031
1464120 2037
1464130 2044
1464140 2044
1464150 2051
1464160 2057
1464170 2057
1464180 2062
1464190 2068
1464200 2068
1464210 2075
1464220 2081
1464230 2081
1464240 2086
1464250 2089
1464260 2092
1464270 2092
1464280 2090
1464290 2089
1464300 2089
1464310 2085
1464320 2081
1464330 2081
1464340 2078
1464350 2076
1464360 2076
1464370 2073
1464380 2067
1464390 2067
1464400 2060
1464410 2055
1464420 2055
1464430 2050
1464440 2046
1464450 2046
1464460 2042
1464470 2039
1464480 2039
1464490 2036
1464500 2033
1464510 2029
1464520 2029
1464530 2025
1464540 2022
1464550 2022
1464560 2021
1464570 2020
1464580 2020
1464590 2020
1464600 2020
1464610 2020
1464620 2020
1464630 2020
1464640 2020
1464650 2018
1464660 2016
1464670 2016
1464680 2016
1464690 2015
1464700 2015
1464710 2012
1464720 2012
1464730 2012
1464740 2013
1464750 2010
1464760 2010
1464770 2010
1464780 2011
1464790 2013
1464800 2013
1464810 2014
1464820 2015
1464830 2015
1464840 2015
1464850 2016
1464860 2016
1464870 2016
1464880 2013
1464890 2013
1464900 2012
1464910 2009
1464920 2009
1464930 2006
1464940 2005
1464950 2005
1464960 2004
1464970 2005
1464980 2005
1464990 2006
1465000 2006
1465010 2006
1465020 2006
1465030 2006
1465040 2004
1465050 2004
1465060 2002
1465070 2000
1465080 2000
1465090 1998
1465100 1997
1465110 1997
1465120 1995
1465130 1992
1465140 1992
1465150 1990
1465160 1986
1465170 1986
1465180 1982
1465190 1979
1465200 1979
1465210 1975
1465220 1970
1465230 1970
1465240 1965
1465250 1959
1465260 1959
1465270 1955
1465280 1949
1465290 1945
1465300 1945
1465310 1939
1465320 1932
1465330 1932
1465340 1924
1465350 1915
1465360 1915
1465370 1909
1465380 1903
1465390 1903
1465400 1898
1465410 1890
1465420 1890
1465430 1882
1465440 1875
1465450 1875
1465460 1867
1465470 1860
1465480 1860
1465490 1853
1465500 1847
1465510 1847
1465520 1842
1465530 1837
1465540 1831
1465550 1831
1465560 1828
1465570 1823
1465580 1823
1465590 1818
1465600 1812
1465610 1812
1465620 1807
1465630 1803
1465640 1803
1465650 1798
1465660 1794
1465670 1794
1465680 1790
1465690 1786
1465700 1786
1465710 1781
1465720 1775
1465730 1775
1465740 1770
1465750 1765
1465760 1765
1465770 1760
1465780 1754
1465790 1748
1465800 1748
1465810 1742
1465820 1736
1465830 1736
1465840 1732
1465850 1727
1465860 1727
1465870 1723
1465880 1721
1465890 1721
1465900 1718
1465910 1716
1465920 1716
1465930 1714
1465940 1710
1465950 1710
1465960 1705
1465970 1702
1465980 1702
1465990 1699
1466000 1697
1466010 1697
1466020 1694
1466030 1691
1466040 1691
1466050 1686
1466060 1680
1466070 1672
1466080 1672
1466090 1668
1466100 1663
1466110 1663
1466120 1657
1466130 1652
1466140 1652
1466150 1646
1466160 1639
1466170 1639
1466180 1631
1466190 1626
1466200 1626
1466210 1622
1466220 1618
1466230 1618
1466240 1615
1466250 1612
1466260 1612
1466270 1607
1466280 1602
1466290 1602
1466300 1596
1466310 1591
1466320 1587
1466330 1587
1466340 1584
1466350 1579
1466360 1579
1466370 1573
1466380 1565
1466390 1565
1466400 1560
1466410 1556
1466420 1556
1466430 1552
1466440 1548
1466450 1548
1466460 1544
1466470 1540
1466480 1540
1466490 1537
1466500 1534
1466510 1534
1466520 1531
1466530 1529
1466540 1529
1466550 1529
1466560 1529
1466570 1527
1466580 1527
1466590 1522
1466600 1515
1466610 1515
1466620 1511
1466630 1509
1466640 1509
1466650 1503
1466660 1499
1466670 1499
1466680 1495
1466690 1492
1466700 1492
1466710 1488
1466720 1483
1466730 1483
1466740 1479
1466750 1476
1466760 1476
1466770 1473
1466780 1472
1466790 1472
1466800 1473
1466810 1472
1466820 1471
1466830 1471
1466840 1468
1466850 1464
1466860 1464
1466870 1459
1466880 1455
1466890 1455
1466900 1451
1466910 1443
1466920 1443
1466930 1441
1466940 1442
1466950 1442
1466960 1440
1466970 1437
1466980 1437
1466990 1434
1467000 1431
1467010 1431
1467020 1428
1467030 1425
1467040 1425
1467050 1421
1467060 1415
1467070 1412
1467080 1412
1467090 1409
1467100 1406
1467110 1406
1467120 1403
1467130 1398
1467140 1398
1467150 1393
1467160 1388
1467170 1388
1467180 1382
1467190 1377
1467200 1377
1467210 1373
1467220 1369
1467230 1369
1467240 1368
1467250 1367
1467260 1367
1467270 1366
1467280 1366
1467290 1366
1467300 1362
1467310 1359
1467320 1359
1467330 1356
1467340 1353
1467350 1346
1467360 1346
1467370 1340
1467380 1335
1467390 1335
1467400 1328
1467410 1321
1467420 1321
1467430 1317
1467440 1312
1467450 1312
1467460 1307
1467470 1302
1467480 1302
1467490 1298
1467500 1296
1467510 1296
1467520 1291
1467530 1284
1467540 1284
1467550 1280
1467560 1274
1467570 1274
1467580 1268
1467590 1265
1467600 1263
1467610 1263
1467620 1262
1467630 1261
1467640 1261
1467650 1260
1467660 1256
1467670 1256
1467680 1250
1467690 1243
1467700 1243
1467710 1236
1467720 1231
1467730 1231
1467740 1226
1467750 1222
1467760 1222
1467770 1219
1467780 1215
1467790 1215
1467800 1212
1467810 1207
1467820 1207
1467830 1203
1467840 1198
1467850 1194
1467860 1194
1467870 1191
1467880 1189
1467890 1189
1467900 1186
1467910 1183
1467920 1183
1467930 1179
1467940 1174
1467950 1174
1467960 1170
1467970 1166
1467980 1166
1467990 1161
1468000 1156
1468010 1156
1468020 1151
1468030 1145
1468040 1145
1468050 1140
1468060 1136
1468070 1136
1468080 1132
1468090 1128
1468100 1124
1468110 1124
1468120 1116
1468130 1109
1468140 1109
1468150 1107
1468160 1100
1468170 1100
1468180 1089
1468190 1083
1468200 1083
1468210 1080
1468220 1075
1468230 1075
1468240 1071
1468250 1071
1468260 1071
1468270 1066
1468280 1059
1468290 1059
1468300 1056
1468310 1052
1468320 1052
1468330 1047
1468340 1042
1468350 1042
1468360 1038
1468370 1037
1468380 1039
1468390 1039
1468400 1040
1468410 1036
1468420 1036
1468430 1033
1468440 1030
1468450 1030
1468460 1026
1468470 1021
1468480 1021
1468490 1019
1468500 1015
1468510 1015
1468520 1014
1468530 1012
1468540 1012
1468550 1010
1468560 1005
1468570 1005
1468580 1002
1468590 1001
1468600 1001
1468610 999
1468620 996
1468630 994
1468640 994
1468650 993
1468660 989
1468670 989
1468680 984
1468690 980
1468700 980
1468710 976
1468720 973
1468730 973
1468740 968
1468750 963
1468760 963
1468770 960
1468780 956
1468790 956
1468800 952
1468810 949
1468820 949
1468830 946
1468840 941
1468850 941
1468860 937
1468870 934
1468880 930
1468890 930
1468900 928
1468910 924
1468920 924
1468930 919
1468940 915
1468950 915
1468960 910
1468970 905
1468980 905
1468990 899
1469000 894
1469010 894
1469020 890
1469030 885
1469040 885
1469050 883
1469060 880
1469070 880
1469080 877
1469090 875
1469100 875
1469110 874
1469120 873
1469130 873
1469140 873
1469150 872
1469160 870
1469170 870
1469180 868
1469190 866
1469200 866
1469210 865
1469220 864
1469230 864
1469240 862
1469250 860
1469260 860
1469270 860
1469280 858
1469290 858
1469300 858
1469310 853
1469320 853
1469330 855
1469340 860
1469350 860
1469360 865
1469370 871
1469380 875
1469390 875
1469400 880
1469410 883
1469420 883
1469430 887
1469440 892
1469450 892
1469460 896
1469470 899
1469480 899
1469490 904
1469500 908
1469510 908
1469520 911
1469530 913
1469540 913
1469550 916
1469560 921
1469570 921
1469580 927
1469590 933
1469600 933
1469610 939
1469620 944
1469630 944
1469640 951
1469650 956
1469660 961
1469670 961
1469680 967
1469690 971
1469700 971
1469710 976
1469720 980
1469730 980
1469740 986
1469750 993
1469760 993
1469770 999
1469780 1006
1469790 1006
1469800 1012
1469810 1019
1469820 1019
1469830 1025
1469840 1033
1469850 1033
1469860 1041
1469870 1046
1469880 1046
1469890 1050
1469900 1053
1469910 1055
1469920 1055
1469930 1057
1469940 1058
1469950 1058
1469960 1061
1469970 1064
1469980 1064
1469990 1068
1470000 1072
1470010 1072
1470020 1077
1470030 1081
1470040 1081
1470050 1085
1470060 1089
1470070 1089
1470080 1094
1470090 1098
1470100 1098
1470110 1102
1470120 1106
1470130 1106
1470140 1110
1470150 1114
1470160 1117
1470170 1117
1470180 1122
1470190 1127
1470200 1127
1470210 1130
1470220 1133
1470230 1133
1470240 1135
1470250 1138
1470260 1138
1470270 1144
1470280 1149
1470290 1149
1470300 1154
1470310 1161
1470320 1161
1470330 1166
1470340 1171
1470350 1171
1470360 1175
1470370 1178
1470380 1178
1470390 1180
1470400 1181
1470410 1181
1470420 1181
1470430 1182
1470440 1183
1470450 1183
1470460 1185
1470470 1186
1470480 1186
1470490 1188
1470500 1190
1470510 1190
1470520 1192
1470530 1195
1470540 1195
1470550 1197
1470560 1199
1470570 1199
1470580 1204
1470590 1210
1470600 1210
1470610 1216
1470620 1222
1470630 1222
1470640 1227
1470650 1230
1470660 1233
1470670 1233
1470680 1235
1470690 1238
1470700 1238
1470710 1241
1470720 1244
1470730 1244
1470740 1247
1470750 1250
1470760 1250
1470770 1252
1470780 1254
1470790 1254
1470800 1257
1470810 1260
1470820 1260
1470830 1262
1470840 1264
1470850 1264
1470860 1267
1470870 1269
1470880 1269
1470890 1273
1470900 1276
1470910 1276
1470920 1279
1470930 1281
1470940 1283
1470950 1283
1470960 1285
1470970 1288
1470980 1288
1470990 1291
1471000 1294
1471010 1294
1471020 1295
1471030 1291
1471040 1291
1471050 1288
1471060 1292
1471070 1292
1471080 1297
1471090 1299
1471100 1299
1471110 1301
1471120 1304
1471130 1304
1471140 1308
1471150 1312
1471160 1312
1471170 1315
1471180 1320
1471190 1323
1471200 1323
1471210 1329
1471220 1333
1471230 1333
1471240 1336
1471250 1339
1471260 1339
1471270 1342
1471280 1346
1471290 1346
1471300 1348
1471310 1348
1471320 1348
1471330 1347
1471340 1347
1471350 1347
1471360 1345
1471370 1343
1471380 1343
1471390 1346
1471400 1354
1471410 1354
1471420 1360
1471430 1365
1471440 1373
1471450 1373
1471460 1378
1471470 1383
1471480 1383
1471490 1388
1471500 1389
1471510 1389
1471520 1390
1471530 1393
1471540 1393
1471550 1393
1471560 1394
1471570 1394
1471580 1397
1471590 1400
1471600 1400
1471610 1405
1471620 1411
1471630 1411
1471640 1418
1471650 1428
1471660 1428
1471670 1439
1471680 1449
1471690 1457
1471700 1457
1471710 1466
1471720 1475
1471730 1475
1471740 1483
1471750 1491
1471760 1491
1471770 1498
1471780 1505
1471790 1505
1471800 1512
1471810 1518
1471820 1518
1471830 1522
1471840 1527
1471850 1527
1471860 1531
1471870 1537
1471880 1537
1471890 1543
1471900 1549
1471910 1549
1471920 1555
1471930 1562
1471940 1570
1471950 1570
1471960 1578
1471970 1583
1471980 1583
1471990 1587
1472000 1595
1472010 1595
1472020 1602
1472030 1607
1472040 1607
1472050 1612
1472060 1616
1472070 1616
1472080 1617
1472090 1620
1472100 1620
1472110 1624
1472120 1628
1472130 1628
1472140 1631
1472150 1633
1472160 1633
1472170 1637
1472180 1644
1472190 1644
1472200 1651
1472210 1651
1472220 1651
1472230 1651
1472240 1653
1472250 1654
1472260 1654
1472270 1656
1472280 1658
1472290 1658
1472300 1659
1472310 1660
1472320 1660
1472330 1660
1472340 1660
1472350 1660
1472360 1660
1472370 1659
1472380 1659
1472390 1662
1472400 1664
1472410 1664
1472420 1665
1472430 1664
1472440 1664
1472450 1664
1472460 1665
1472470 1667
1472480 1667
1472490 1669
1472500 1672
1472510 1672
1472520 1675
1472530 1679
1472540 1679
1472550 1684
1472560 1688
1472570 1688
1472580 1693
1472590 1699
1472600 1699
1472610 1704
1472620 1708
1472630 1708
1472640 1714
1472650 1721
1472660 1721
1472670 1729
1472680 1735
1472690 1735
1472700 1739
1472710 1742
1472720 1745
1472730 1745
1472740 1748
1472750 1752
1472760 1752
1472770 1756
1472780 1759
1472790 1759
1472800 1762
1472810 1765
1472820 1765
1472830 1770
1472840 1774
1472850 1774
1472860 1779
1472870 1784
1472880 1784
1472890 1790
1472900 1796
1472910 1796
1472920 1800
1472930 1803
1472940 1803
1472950 1806
1472960 1808
1472970 1810
1472980 1810
1472990 1812
1473000 1814
1473010 1814
1473020 1817
1473030 1819
1473040 1819
1473050 1820
1473060 1822
1473070 1822
1473080 1825
1473090 1828
1473100 1828
1473110 1832
1473120 1835
1473130 1835
1473140 1839
1473150 1843
1473160 1843
1473170 1848
1473180 1853
1473190 1853
1473200 1857
1473210 1862
1473220 1867
1473230 1867
1473240 1872
1473250 1877
1473260 1877
1473270 1881
1473280 1883
1473290 1883
1473300 1884
1473310 1884
1473320 1884
1473330 1882
1473340 1880
1473350 1880
1473360 1878
1473370 1876
1473380 1876
1473390 1873
1473400 1869
1473410 1869
1473420 1865
1473430 1861
1473440 1861
1473450 1856
1473460 1851
1473470 1851
1473480 1848
1473490 1846
1473500 1844
1473510 1844
1473520 1842
1473530 1838
1473540 1838
1473550 1832
1473560 1826
1473570 1826
1473580 1824
1473590 1824
1473600 1824
1473610 1821
1473620 1808
1473630 1808
1473640 1798
1473650 1791
1473660 1791
1473670 1779
1473680 1768
1473690 1768
1473700 1762
1473710 1756
1473720 1756
1473730 1749
1473740 1744
1473750 1738
1473760 1738
1473770 1733
1473780 1729
1473790 1729
1473800 1727
1473810 1724
1473820 1724
1473830 1725
1473840 1725
1473850 1725
1473860 1722
1473870 1722
1473880 1722
1473890 1723
1473900 1724
1473910 1724
1473920 1725
1473930 1727
1473940 1727
1473950 1728
1473960 1730
1473970 1730
1473980 1731
1473990 1732
1474000 1734
1474010 1734
1474020 1736
1474030 1737
1474040 1737
1474050 1738
1474060 1740
1474070 1740
1474080 1741
1474090 1742
1474100 1742
1474110 1743
1474120 1744
1474130 1744
1474140 1745
1474150 1747
1474160 1747
1474170 1749
1474180 1752
1474190 1752
1474200 1755
1474210 1758
1474220 1758
1474230 1760
1474240 1761
1474250 1763
1474260 1763
1474270 1766
1474280 1769
1474290 1769
1474300 1772
1474310 1775
1474320 1775
1474330 1778
1474340 1782
1474350 1782
1474360 1785
1474370 1787
1474380 1787
1474390 1787
1474400 1788
1474410 1788
1474420 1789
1474430 1789
1474440 1789
1474450 1792
1474460 1797
1474470 1797
1474480 1801
1474490 1803
1474500 1805
1474510 1805
1474520 1808
1474530 1810
1474540 1810
1474550 1812
1474560 1812
1474570 1812
1474580 1812
1474590 1812
1474600 1812
1474610 1810
1474620 1808
1474630 1808
1474640 1806
1474650 1806
1474660 1806
1474670 1805
1474680 1804
1474690 1804
1474700 1804
1474710 1803
1474720 1803
1474730 1803
1474740 1802
1474750 1802
1474760 1802
1474770 1802
1474780 1801
1474790 1801
1474800 1800
1474810 1798
1474820 1798
1474830 1797
1474840 1794
1474850 1794
1474860 1791
1474870 1787
1474880 1787
1474890 1784
1474900 1779
1474910 1779
1474920 1774
1474930 1771
1474940 1771
1474950 1768
1474960 1762
1474970 1762
1474980 1753
1474990 1743
1475000 1743
1475010 1737
1475020 1732
1475030 1729
1475040 1729
1475050 1728
1475060 1728
1475070 1728
1475080 1728
1475090 1728
1475100 1728
1475110 1729
1475120 1730
1475130 1730
1475140 1730
1475150 1730
1475160 1730
1475170 1730
1475180 1729
1475190 1729
1475200 1728
1475210 1726
1475220 1726
1475230 1724
1475240 1722
1475250 1722
1475260 1720
1475270 1721
1475280 1722
1475290 1722
1475300 1721
1475310 1718
1475320 1718
1475330 1716
1475340 1712
1475350 1712
1475360 1707
1475370 1702
1475380 1702
1475390 1697
1475400 1696
1475410 1696
1475420 1692
1475430 1685
1475440 1685
1475450 1672
1475460 1664
1475470 1664
1475480 1661
1475490 1654
1475500 1654
1475510 1648
1475520 1642
1475530 1635
1475540 1635
1475550 1626
1475560 1615
1475570 1615
1475580 1610
1475590 1609
1475600 1609
1475610 1607
1475620 1604
1475630 1604
1475640 1599
1475650 1597
1475660 1597
1475670 1593
1475680 1589
1475690 1589
1475700 1583
1475710 1579
1475720 1579
1475730 1572
1475740 1564
1475750 1564
1475760 1558
1475770 1552
1475780 1547
1475790 1547
1475800 1547
1475810 1549
1475820 1549
1475830 1552
1475840 1554
1475850 1554
1475860 1554
1475870 1553
1475880 1553
1475890 1552
1475900 1549
1475910 1549
1475920 1547
1475930 1545
1475940 1545
1475950 1544
1475960 1543
1475970 1543
1475980 1541
1475990 1539
1476000 1539
1476010 1538
1476020 1536
1476030 1536
1476040 1535
1476050 1536
1476060 1536
1476070 1536
1476080 1534
1476090 1533
1476100 1533
1476110 1532
1476120 1529
1476130 1529
1476140 1520
1476150 1518
1476160 1518
1476170 1521
1476180 1526
1476190 1526
1476200 1529
1476210 1533
1476220 1533
1476230 1533
1476240 1533
1476250 1533
1476260 1532
1476270 1533
1476280 1533
1476290 1533
1476300 1533
1476310 1532
1476320 1532
1476330 1531
1476340 1529
1476350 1529
1476360 1527
1476370 1526
1476380 1526
1476390 1525
1476400 1525
1476410 1525
1476420 1525
1476430 1526
1476440 1526
1476450 1528
1476460 1529
1476470 1529
1476480 1530
1476490 1527
1476500 1527
1476510 1524
1476520 1523
1476530 1523
1476540 1524
1476550 1527
1476560 1531
1476570 1531
1476580 1536
1476590 1544
1476600 1544
1476610 1549
1476620 1553
1476630 1553
1476640 1557
1476650 1560
1476660 1560
1476670 1566
1476680 1571
1476690 1571
1476700 1575
1476710 1579
1476720 1579
1476730 1583
1476740 1588
1476750 1588
1476760 1592
1476770 1595
1476780 1595
1476790 1598
1476800 1601
1476810 1604
1476820 1604
1476830 1607
1476840 1611
1476850 1611
1476860 1614
1476870 1616
1476880 1616
1476890 1619
1476900 1625
1476910 1625
1476920 1631
1476930 1638
1476940 1638
1476950 1645
1476960 1655
1476970 1655
1476980 1665
1476990 1671
1477000 1698
1477010 1698
1477020 1702
1477030 1702
1477040 1708
1477050 1710
1477060 1710
1477070 1710
1477080 1712
1477090 1715
1477100 1715
1477110 1719
1477120 1722
1477130 1722
1477140 1725
1477150 1727
1477160 1727
1477170 1728
1477180 1728
1477190 1728
1477200 1729
1477210 1730
1477220 1730
1477230 1732
1477240 1732
1477250 1732
1477260 1733
1477270 1735
1477280 1735
1477290 1737
1477300 1739
1477310 1739
1477320 1740
1477330 1742
1477340 1745
1477350 1745
1477360 1747
1477370 1749
1477380 1749
1477390 1751
1477400 1752
1477410 1752
1477420 1755
1477430 1759
1477440 1759
1477450 1763
1477460 1766
1477470 1766
1477480 1770
1477490 1774
1477500 1774
1477510 1778
1477520 1782
1477530 1782
1477540 1786
1477550 1790
1477560 1790
1477570 1794
1477580 1799
1477590 1803
1477600 1803
1477610 1808
1477620 1813
1477630 1813
1477640 1817
1477650 1821
1477660 1821
1477670 1826
1477680 1830
1477690 1830
1477700 1834
1477710 1838
1477720 1838
1477730 1841
1477740 1845
1477750 1845
1477760 1848
1477770 1852
1477780 1852
1477790 1858
1477800 1863
1477810 1863
1477820 1867
1477830 1872
1477840 1876
1477850 1876
1477860 1879
1477870 1883
1477880 1883
1477890 1886
1477900 1888
1477910 1888
1477920 1890
1477930 1894
1477940 1894
1477950 1899
1477960 1904
1477970 1904
1477980 1908
1477990 1912
1478000 1912
1478010 1915
1478020 1919
1478030 1919
1478040 1922
1478050 1924
1478060 1924
1478070 1927
1478080 1930
1478090 1934
1478100 1934
1478110 1937
1478120 1941
1478130 1941
1478140 1943
1478150 1947
1478160 1947
1478170 1951
1478180 1954
1478190 1954
1478200 1959
1478210 1966
1478220 1966
1478230 1972
1478240 1976
1478250 1976
1478260 1981
1478270 1985
1478280 1985
1478290 1988
1478300 1990
1478310 1990
1478320 1991
1478330 1988
1478340 1988
1478350 1984
1478360 1978
1478370 1973
1478380 1973
1478390 1968
1478400 1962
1478410 1962
1478420 1958
1478430 1955
1478440 1955
1478450 1951
1478460 1947
1478470 1947
1478480 1943
1478490 1938
1478500 1938
1478510 1934
1478520 1931
1478530 1931
1478540 1930
1478550 1927
1478560 1927
1478570 1923
1478580 1921
1478590 1921
1478600 1921
1478610 1919
1478620 1916
1478630 1916
1478640 1912
1478650 1909
1478660 1909
1478670 1905
1478680 1898
1478690 1898
1478700 1891
1478710 1886
1478720 1886
1478730 1880
1478740 1874
1478750 1874
1478760 1870
1478770 1868
1478780 1868
1478790 1867
1478800 1865
1478810 1865
1478820 1865
1478830 1864
1478840 1864
1478850 1863
1478860 1862
1478870 1864
1478880 1864
1478890 1865
1478900 1866
1478910 1866
1478920 1867
1478930 1868
1478940 1868
1478950 1869
1478960 1870
1478970 1870
1478980 1870
1478990 1869
1479000 1869
1479010 1868
1479020 1867
1479030 1867
1479040 1866
1479050 1866
1479060 1866
1479070 1865
1479080 1862
1479090 1862
1479100 1857
1479110 1853
1479120 1850
1479130 1850
1479140 1846
1479150 1840
1479160 1840
1479170 1833
1479180 1831
1479190 1831
1479200 1830
1479210 1828
1479220 1828
1479230 1826
1479240 1824
1479250 1824
1479260 1821
1479270 1816
1479280 1816
1479290 1809
1479300 1800
1479310 1800
1479320 1790
1479330 1782
1479340 1782
1479350 1774
1479360 1767
1479370 1768
1479380 1768
1479390 1774
1479400 1779
1479410 1779
1479420 1784
1479430 1786
1479440 1786
1479450 1788
1479460 1790
1479470 1790
1479480 1792
1479490 1793
1479500 1793
1479510 1794
1479520 1794
1479530 1794
1479540 1794
1479550 1793
1479560 1793
1479570 1791
1479580 1791
1479590 1791
1479600 1795
1479610 1798
1479620 1798
1479630 1801
1479640 1802
1479650 1802
1479660 1802
1479670 1804
1479680 1806
1479690 1806
1479700 1807
1479710 1808
1479720 1808
1479730 1807
1479740 1807
1479750 1807
1479760 1807
1479770 1806
1479780 1806
1479790 1806
1479800 1807
1479810 1807
1479820 1807
1479830 1806
1479840 1806
1479850 1806
1479860 1805
1479870 1805
1479880 1805
1479890 1808
1479900 1813
1479910 1813
1479920 1819
1479930 1825
1479940 1825
1479950 1827
1479960 1828
1479970 1828
1479980 1832
1479990 1837
