1460000 1628
1460010 1630
1460020 1630
1460030 1633
1460040 1635
1460050 1637
1460060 1637
1460070 1639
1460080 1641
1460090 1641
1460100 1643
1460110 1641
1460120 1641
1460130 1643
1460140 1645
1460150 1645
1460160 1646
1460170 1649
1460180 1649
1460190 1651
1460200 1654
1460210 1654
1460220 1657
1460230 1661
1460240 1661
1460250 1663
1460260 1667
1460270 1667
1460280 1669
1460290 1672
1460300 1674
1460310 1674
1460320 1676
1460330 1679
1460340 1679
1460350 1682
1460360 1684
1460370 1684
1460380 1687
1460390 1689
1460400 1689
1460410 1691
1460420 1694
1460430 1694
1460440 1698
1460450 1701
1460460 1701
1460470 1704
1460480 1707
1460490 1707
1460500 1710
1460510 1713
1460520 1713
1460530 1716
1460540 1718
1460550 1721
1460560 1721
1460570 1723
1460580 1726
1460590 1726
1460600 1729
1460610 1731
1460620 1731
1460630 1733
1460640 1736
1460650 1736
1460660 1740
1460670 1743
1460680 1743
1460690 1744
1460700 1745
1460710 1745
1460720 1747
1460730 1750
1460740 1750
1460750 1753
1460760 1756
1460770 1756
1460780 1759
1460790 1761
1460800 1764
1460810 1764
1460820 1767
1460830 1769
1460840 1769
1460850 1771
1460860 1771
1460870 1771
1460880 1772
1460890 1773
1460900 1773
1460910 1774
1460920 1774
1460930 1774
1460940 1773
1460950 1772
1460960 1772
1460970 1769
1460980 1767
1460990 1767
1461000 1764
1461010 1763
1461020 1763
1461030 1762
1461040 1762
1461050 1762
1461060 1760
1461070 1757
1461080 1754
1461090 1754
1461100 1755
1461110 1754
1461120 1754
1461130 1754
1461140 1755
1461150 1755
1461160 1756
1461170 1753
1461180 1753
1461190 1749
1461200 1749
1461210 1749
1461220 1752
1461230 1754
1461240 1754
1461250 1753
1461260 1749
1461270 1749
1461280 1746
1461290 1746
1461300 1746
1461310 1746
1461320 1747
1461330 1749
1461340 1749
1461350 1751
1461360 1751
1461370 1751
1461380 1751
1461390 1754
1461400 1754
1461410 1756
1461420 1757
1461430 1757
1461440 1757
1461450 1758
1461460 1758
1461470 1759
1461480 1759
1461490 1759
1461500 1760
1461510 1761
1461520 1761
1461530 1762
1461540 1764
1461550 1764
1461560 1765
1461570 1766
1461580 1767
1461590 1767
1461600 1769
1461610 1770
1461620 1770
1461630 1772
1461640 1775
1461650 1775
1461660 1776
1461670 1777
1461680 1777
1461690 1777
1461700 1778
1461710 1778
1461720 1778
1461730 1778
1461740 1778
1461750 1781
1461760 1784
1461770 1784
1461780 1787
1461790 1790
1461800 1790
1461810 1793
1461820 1795
1461830 1797
1461840 1797
1461850 1800
1461860 1802
1461870 1802
1461880 1804
1461890 1804
1461900 1804
1461910 1807
1461920 1807
1461930 1807
1461940 1808
1461950 1810
1461960 1810
1461970 1812
1461980 1815
1461990 1815
1462000 1819
1462010 1822
1462020 1822
1462030 1824
1462040 1826
1462050 1826
1462060 1828
1462070 1830
1462080 1830
1462090 1831
1462100 1832
1462110 1834
1462120 1834
1462130 1835
1462140 1837
1462150 1837
1462160 1839
1462170 1841
1462180 1841
1462190 1843
1462200 1844
1462210 1844
1462220 1847
1462230 1852
1462240 1852
1462250 1855
1462260 1857
1462270 1857
1462280 1859
1462290 1862
1462300 1862
1462310 1865
1462320 1868
1462330 1868
1462340 1869
1462350 1870
1462360 1872
1462370 1872
1462380 1872
1462390 1873
1462400 1873
1462410 1875
1462420 1877
1462430 1877
1462440 1882
1462450 1885
1462460 1885
1462470 1887
1462480 1890
1462490 1890
1462500 1892
1462510 1894
1462520 1894
1462530 1895
1462540 1897
1462550 1897
1462560 1898
1462570 1900
1462580 1900
1462590 1900
1462600 1902
1462610 1905
1462620 1905
1462630 1906
1462640 1907
1462650 1907
1462660 1910
1462670 1913
1462680 1913
1462690 1917
1462700 1920
1462710 1920
1462720 1924
1462730 1929
1462740 1929
1462750 1936
1462760 1941
1462770 1941
1462780 1946
1462790 1950
1462800 1950
1462810 1954
1462820 1958
1462830 1958
1462840 1963
1462850 1969
1462860 1969
1462870 1974
1462880 1979
1462890 1986
1462900 1986
1462910 1996
1462920 2001
1462930 2001
1462940 2006
1462950 2014
1462960 2014
1462970 2022
1462980 2030
1462990 2030
1463000 2038
1463010 2046
1463020 2046
1463030 2054
1463040 2061
1463050 2061
1463060 2068
1463070 2074
1463080 2074
1463090 2077
1463100 2079
1463110 2079
1463120 2083
1463130 2087
1463140 2090
1463150 2090
1463160 2092
1463170 2096
1463180 2096
1463190 2102
1463200 2110
1463210 2110
1463220 2116
1463230 2118
1463240 2118
1463250 2119
1463260 2124
1463270 2124
1463280 2127
1463290 2130
1463300 2130
1463310 2128
1463320 2120
1463330 2120
1463340 2112
1463350 2104
1463360 2104
1463370 2094
1463380 2087
1463390 2080
1463400 2080
1463410 2074
1463420 2071
1463430 2071
1463440 2073
1463450 2067
1463460 2067
1463470 2069
1463480 2074
1463490 2074
1463500 2076
1463510 2073
1463520 2073
1463530 2069
1463540 2065
1463550 2065
1463560 2061
1463570 2055
1463580 2055
1463590 2046
1463600 2039
1463610 2039
1463620 2031
1463630 2025
1463640 2018
1463650 2018
1463660 2011
1463670 2004
1463680 2004
1463690 1998
1463700 1996
1463710 1996
1463720 1998
1463730 2000
1463740 2000
1463750 2005
1463760 2010
1463770 2010
1463780 2019
1463790 2020
1463800 2020
1463810 2013
1463820 2009
1463830 2009
1463840 2009
1463850 2009
1463860 2009
1463870 2001
1463880 1995
1463890 1995
1463900 1997
1463910 1999
1463920 2005
1463930 2005
1463940 2014
1463950 2024
1463960 2024
1463970 2025
1463980 2026
1463990 2026
1464000 2031
1464010 2035
1464020 2035
1464030 2043
1464040 2053
1464050 2053
1464060 2066
1464070 2078
1464080 2078
1464090 2084
1464100 2086
1464110 2086
1464120 2090
1464130 2092
1464140 2092
1464150 2095
1464160 2101
1464170 2108
1464180 2108
1464190 2116
1464200 2122
1464210 2122
1464220 2125
1464230 2126
1464240 2126
1464250 2126
1464260 2124
1464270 2124
1464280 2124
1464290 2127
1464300 2127
1464310 2126
1464320 2125
1464330 2125
1464340 2123
1464350 2122
1464360 2122
1464370 2120
1464380 2117
1464390 2117
1464400 2115
1464410 2114
1464420 2115
1464430 2115
1464440 2114
1464450 2114
1464460 2114
1464470 2113
1464480 2112
1464490 2112
1464500 2111
1464510 2111
1464520 2111
1464530 2112
1464540 2112
1464550 2112
1464560 2113
1464570 2113
1464580 2113
1464590 2113
1464600 2109
1464610 2109
1464620 2101
1464630 2095
1464640 2095
1464650 2091
1464660 2090
1464670 2088
1464680 2088
1464690 2079
1464700 2073
1464710 2073
1464720 2067
1464730 2064
1464740 2064
1464750 2065
1464760 2065
1464770 2065
1464780 2061
1464790 2056
1464800 2056
1464810 2053
1464820 2051
1464830 2051
1464840 2049
1464850 2048
1464860 2048
1464870 2048
1464880 2047
1464890 2047
1464900 2045
1464910 2041
1464920 2041
1464930 2035
1464940 2029
1464950 2022
1464960 2022
1464970 2015
1464980 2012
1464990 2012
1465000 2010
1465010 2008
1465020 2008
1465030 2006
1465040 2002
1465050 2002
1465060 1997
1465070 1989
1465080 1989
1465090 1983
1465100 1977
1465110 1977
1465120 1972
1465130 1967
1465140 1967
1465150 1963
1465160 1959
1465170 1959
1465180 1956
1465190 1955
1465200 1953
1465210 1953
1465220 1950
1465230 1949
1465240 1949
1465250 1949
1465260 1947
1465270 1947
1465280 1945
1465290 1944
1465300 1944
1465310 1941
1465320 1939
1465330 1939
1465340 1937
1465350 1936
1465360 1936
1465370 1935
1465380 1936
1465390 1936
1465400 1936
1465410 1937
1465420 1937
1465430 1937
1465440 1929
1465450 1924
1465460 1924
1465470 1921
1465480 1922
1465490 1922
1465500 1924
1465510 1926
1465520 1926
1465530 1926
1465540 1921
1465550 1921
1465560 1915
1465570 1912
1465580 1912
1465590 1915
1465600 1921
1465610 1921
1465620 1924
1465630 1926
1465640 1926
1465650 1927
1465660 1927
1465670 1927
1465680 1924
1465690 1920
1465700 1920
1465710 1920
1465720 1919
1465730 1915
1465740 1915
1465750 1905
1465760 1900
1465770 1900
1465780 1897
1465790 1903
1465800 1903
1465810 1911
1465820 1915
1465830 1915
1465840 1914
1465850 1901
1465860 1901
1465870 1898
1465880 1898
1465890 1898
1465900 1890
1465910 1892
1465920 1892
1465930 1888
1465940 1878
1465950 1878
1465960 1878
1465970 1880
1465980 1875
1465990 1875
1466000 1872
1466010 1870
1466020 1870
1466030 1870
1466040 1867
1466050 1867
1466060 1871
1466070 1871
1466080 1871
1466090 1870
1466100 1867
1466110 1867
1466120 1860
1466130 1851
1466140 1851
1466150 1845
1466160 1837
1466170 1837
1466180 1830
1466190 1825
1466200 1825
1466210 1821
1466220 1818
1466230 1816
1466240 1816
1466250 1812
1466260 1807
1466270 1807
1466280 1804
1466290 1800
1466300 1800
1466310 1794
1466320 1789
1466330 1789
1466340 1785
1466350 1780
1466360 1780
1466370 1776
1466380 1771
1466390 1771
1466400 1767
1466410 1764
1466420 1764
1466430 1760
1466440 1754
1466450 1754
1466460 1747
1466470 1742
1466480 1737
1466490 1737
1466500 1733
1466510 1729
1466520 1729
1466530 1726
1466540 1723
1466550 1723
1466560 1719
1466570 1714
1466580 1714
1466590 1709
1466600 1704
1466610 1704
1466620 1700
1466630 1694
1466640 1694
1466650 1688
1466660 1682
1466670 1682
1466680 1676
1466690 1671
1466700 1671
1466710 1665
1466720 1660
1466730 1654
1466740 1654
1466750 1650
1466760 1646
1466770 1646
1466780 1644
1466790 1643
1466800 1643
1466810 1641
1466820 1640
1466830 1640
1466840 1638
1466850 1638
1466860 1638
1466870 1636
1466880 1633
1466890 1633
1466900 1630
1466910 1623
1466920 1623
1466930 1617
1466940 1612
1466950 1612
1466960 1607
1466970 1603
1466980 1603
1466990 1599
1467000 1594
1467010 1591
1467020 1591
1467030 1585
1467040 1580
1467050 1580
1467060 1576
1467070 1572
1467080 1572
1467090 1569
1467100 1566
1467110 1566
1467120 1562
1467130 1558
1467140 1558
1467150 1554
1467160 1550
1467170 1550
1467180 1546
1467190 1542
1467200 1542
1467210 1539
1467220 1537
1467230 1537
1467240 1534
1467250 1533
1467260 1532
1467270 1532
1467280 1531
1467290 1530
1467300 1530
1467310 1529
1467320 1527
1467330 1527
1467340 1525
1467350 1524
1467360 1524
1467370 1521
1467380 1519
1467390 1519
1467400 1517
1467410 1514
1467420 1514
1467430 1511
1467440 1507
1467450 1507
1467460 1504
1467470 1500
1467480 1500
1467490 1497
1467500 1494
1467510 1489
1467520 1489
1467530 1485
1467540 1480
1467550 1480
1467560 1477
1467570 1475
1467580 1475
1467590 1472
1467600 1468
1467610 1468
1467620 1463
1467630 1461
1467640 1461
1467650 1455
1467660 1450
1467670 1450
1467680 1447
1467690 1443
1467700 1443
1467710 1439
1467720 1436
1467730 1436
1467740 1434
1467750 1431
1467760 1429
1467770 1429
1467780 1426
1467790 1424
1467800 1424
1467810 1422
1467820 1419
1467830 1419
1467840 1415
1467850 1409
1467860 1409
1467870 1402
1467880 1396
1467890 1396
1467900 1391
1467910 1388
1467920 1388
1467930 1383
1467940 1378
1467950 1378
1467960 1374
1467970 1370
1467980 1370
1467990 1365
1468000 1360
1468010 1360
1468020 1355
1468030 1351
1468040 1346
1468050 1346
1468060 1342
1468070 1337
1468080 1337
1468090 1333
1468100 1328
1468110 1328
1468120 1324
1468130 1319
1468140 1319
1468150 1313
1468160 1306
1468170 1306
1468180 1298
1468190 1291
1468200 1291
1468210 1283
1468220 1276
1468230 1276
1468240 1269
1468250 1264
1468260 1264
1468270 1259
1468280 1254
1468290 1248
1468300 1248
1468310 1242
1468320 1237
1468330 1237
1468340 1233
1468350 1229
1468360 1229
1468370 1225
1468380 1220
1468390 1220
1468400 1214
1468410 1208
1468420 1208
1468430 1202
1468440 1196
1468450 1196
1468460 1189
1468470 1182
1468480 1182
1468490 1176
1468500 1171
1468510 1171
1468520 1165
1468530 1159
1468540 1154
1468550 1154
1468560 1148
1468570 1143
1468580 1143
1468590 1138
1468600 1133
1468610 1133
1468620 1127
1468630 1121
1468640 1121
1468650 1114
1468660 1109
1468670 1109
1468680 1103
1468690 1099
1468700 1099
1468710 1094
1468720 1088
1468730 1088
1468740 1083
1468750 1078
1468760 1078
1468770 1072
1468780 1067
1468790 1061
1468800 1061
1468810 1056
1468820 1052
1468830 1052
1468840 1046
1468850 1039
1468860 1039
1468870 1032
1468880 1025
1468890 1025
1468900 1019
1468910 1013
1468920 1013
1468930 1006
1468940 1000
1468950 1000
1468960 993
1468970 988
1468980 988
1468990 981
1469000 974
1469010 974
1469020 970
1469030 965
1469040 965
1469050 959
1469060 954
1469070 949
1469080 949
1469090 943
1469100 938
1469110 938
1469120 933
1469130 924
1469140 924
1469150 916
1469160 907
1469170 907
1469180 899
1469190 892
1469200 892
1469210 889
1469220 887
1469230 887
1469240 886
1469250 885
1469260 885
1469270 882
1469280 880
1469290 880
1469300 877
1469310 873
1469320 870
1469330 870
1469340 867
1469350 864
1469360 864
1469370 861
1469380 858
1469390 858
1469400 856
1469410 854
1469420 854
1469430 853
1469440 852
1469450 852
1469460 851
1469470 851
1469480 851
1469490 850
1469500 849
1469510 849
1469520 849
1469530 849
1469540 849
1469550 848
1469560 847
1469570 848
1469580 848
1469590 848
1469600 847
1469610 847
1469620 847
1469630 847
1469640 847
1469650 846
1469660 846
1469670 846
1469680 845
1469690 845
1469700 845
1469710 845
1469720 845
1469730 845
1469740 846
1469750 845
1469760 845
1469770 843
1469780 843
1469790 843
1469800 844
1469810 845
1469820 847
1469830 847
1469840 850
1469850 855
1469860 855
1469870 860
1469880 866
1469890 866
1469900 873
1469910 882
1469920 882
1469930 889
1469940 895
1469950 895
1469960 899
1469970 901
1469980 901
1469990 904
1470000 906
1470010 906
1470020 906
1470030 910
1470040 910
1470050 916
1470060 923
1470070 923
1470080 929
1470090 934
1470100 938
1470110 938
1470120 942
1470130 945
1470140 945
1470150 948
1470160 950
1470170 950
1470180 952
1470190 955
1470200 955
1470210 958
1470220 961
1470230 961
1470240 963
1470250 963
1470260 963
1470270 959
1470280 956
1470290 956
1470300 955
1470310 954
1470320 954
1470330 950
1470340 942
1470350 939
1470360 939
1470370 941
1470380 943
1470390 943
1470400 948
1470410 955
1470420 955
1470430 964
1470440 973
1470450 973
1470460 986
1470470 995
1470480 995
1470490 1004
1470500 1013
1470510 1013
1470520 1016
1470530 1019
1470540 1019
1470550 1022
1470560 1025
1470570 1025
1470580 1029
1470590 1032
1470600 1035
1470610 1035
1470620 1038
1470630 1040
1470640 1040
1470650 1041
1470660 1041
1470670 1041
1470680 1042
1470690 1046
1470700 1046
1470710 1050
1470720 1056
1470730 1056
1470740 1060
1470750 1065
1470760 1065
1470770 1069
1470780 1073
1470790 1073
1470800 1076
1470810 1079
1470820 1079
1470830 1081
1470840 1083
1470850 1086
1470860 1086
1470870 1088
1470880 1091
1470890 1091
1470900 1094
1470910 1098
1470920 1098
1470930 1105
1470940 1113
1470950 1113
1470960 1121
1470970 1128
1470980 1128
1470990 1135
1471000 1141
1471010 1141
1471020 1146
1471030 1154
1471040 1154
1471050 1160
1471060 1166
1471070 1166
1471080 1171
1471090 1175
1471100 1175
1471110 1180
1471120 1185
1471130 1189
1471140 1189
1471150 1194
1471160 1198
1471170 1198
1471180 1200
1471190 1199
1471200 1199
1471210 1201
1471220 1203
1471230 1203
1471240 1203
1471250 1204
1471260 1204
1471270 1205
1471280 1203
1471290 1203
1471300 1201
1471310 1201
1471320 1201
1471330 1202
1471340 1201
1471350 1201
1471360 1201
1471370 1203
1471380 1202
1471390 1202
1471400 1201
1471410 1200
1471420 1200
1471430 1199
1471440 1200
1471450 1200
1471460 1202
1471470 1204
1471480 1204
1471490 1205
1471500 1206
1471510 1206
1471520 1208
1471530 1208
1471540 1208
1471550 1208
1471560 1208
1471570 1208
1471580 1209
1471590 1210
1471600 1210
1471610 1211
1471620 1212
1471630 1212
1471640 1212
1471650 1212
1471660 1211
1471670 1211
1471680 1206
1471690 1199
1471700 1199
1471710 1198
1471720 1208
1471730 1208
1471740 1215
1471750 1223
1471760 1223
1471770 1230
1471780 1236
1471790 1236
1471800 1242
1471810 1254
1471820 1254
1471830 1258
1471840 1263
1471850 1263
1471860 1271
1471870 1279
1471880 1285
1471890 1285
1471900 1291
1471910 1296
1471920 1296
1471930 1305
1471940 1317
1471950 1317
1471960 1323
1471970 1332
1471980 1332
1471990 1339
1472000 1345
1472010 1345
1472020 1352
1472030 1373
1472040 1373
1472050 1390
1472060 1392
1472070 1392
1472080 1395
1472090 1397
1472100 1397
1472110 1399
1472120 1401
1472130 1401
1472140 1402
1472150 1402
1472160 1402
1472170 1402
1472180 1406
1472190 1413
1472200 1413
1472210 1418
1472220 1426
1472230 1426
1472240 1433
1472250 1440
1472260 1440
1472270 1444
1472280 1450
1472290 1450
1472300 1456
1472310 1462
1472320 1462
1472330 1467
1472340 1472
1472350 1472
1472360 1476
1472370 1479
1472380 1479
1472390 1483
1472400 1487
1472410 1491
1472420 1491
1472430 1495
1472440 1501
1472450 1501
1472460 1506
1472470 1511
1472480 1511
1472490 1516
1472500 1521
1472510 1521
1472520 1524
1472530 1526
1472540 1526
1472550 1529
1472560 1532
1472570 1532
1472580 1535
1472590 1538
1472600 1538
1472610 1540
1472620 1543
1472630 1543
1472640 1546
1472650 1548
1472660 1550
1472670 1550
1472680 1553
1472690 1554
1472700 1554
1472710 1554
1472720 1552
1472730 1552
1472740 1553
1472750 1554
1472760 1554
1472770 1554
1472780 1556
1472790 1556
1472800 1559
1472810 1562
1472820 1562
1472830 1564
1472840 1566
1472850 1566
1472860 1566
1472870 1565
1472880 1565
1472890 1565
1472900 1566
1472910 1567
1472920 1567
1472930 1568
1472940 1569
1472950 1569
1472960 1575
1472970 1581
1472980 1581
1472990 1586
1473000 1593
1473010 1593
1473020 1595
1473030 1598
1473040 1598
1473050 1600
1473060 1603
1473070 1603
1473080 1605
1473090 1608
1473100 1608
1473110 1611
1473120 1613
1473130 1613
1473140 1615
1473150 1616
1473160 1616
1473170 1617
1473180 1618
1473190 1620
1473200 1620
1473210 1621
1473220 1622
1473230 1622
1473240 1623
1473250 1624
1473260 1624
1473270 1625
1473280 1626
1473290 1626
1473300 1628
1473310 1629
1473320 1629
1473330 1628
1473340 1628
1473350 1628
1473360 1629
1473370 1630
1473380 1630
1473390 1631
1473400 1631
1473410 1631
1473420 1633
1473430 1634
1473440 1633
1473450 1633
1473460 1633
1473470 1632
1473480 1632
1473490 1631
1473500 1631
1473510 1631
1473520 1631
1473530 1631
1473540 1631
1473550 1629
1473560 1628
1473570 1628
1473580 1628
1473590 1628
1473600 1628
1473610 1628
1473620 1628
1473630 1628
1473640 1627
1473650 1628
1473660 1628
1473670 1629
1473680 1629
1473690 1629
1473700 1629
1473710 1628
1473720 1627
1473730 1627
1473740 1627
1473750 1627
1473760 1627
1473770 1627
1473780 1629
1473790 1629
1473800 1630
1473810 1629
1473820 1629
1473830 1627
1473840 1625
1473850 1625
1473860 1623
1473870 1620
1473880 1620
1473890 1617
1473900 1615
1473910 1615
1473920 1609
1473930 1601
1473940 1591
1473950 1591
1473960 1583
1473970 1574
1473980 1574
1473990 1565
1474000 1564
1474010 1564
1474020 1564
1474030 1567
1474040 1567
1474050 1566
1474060 1562
1474070 1562
1474080 1560
1474090 1559
1474100 1559
1474110 1558
1474120 1559
1474130 1559
1474140 1563
1474150 1567
1474160 1567
1474170 1571
1474180 1573
1474190 1573
1474200 1574
1474210 1575
1474220 1577
1474230 1577
1474240 1579
1474250 1584
1474260 1584
1474270 1589
1474280 1594
1474290 1594
1474300 1597
1474310 1603
1474320 1603
1474330 1607
1474340 1609
1474350 1609
1474360 1610
1474370 1611
1474380 1611
1474390 1613
1474400 1615
1474410 1615
1474420 1616
1474430 1615
1474440 1615
1474450 1615
1474460 1619
1474470 1621
1474480 1621
1474490 1623
1474500 1624
1474510 1624
1474520 1627
1474530 1629
1474540 1629
1474550 1630
1474560 1630
1474570 1630
1474580 1630
1474590 1630
1474600 1630
1474610 1630
1474620 1630
1474630 1630
1474640 1630
1474650 1628
1474660 1628
1474670 1627
1474680 1625
1474690 1625
1474700 1621
1474710 1618
1474720 1613
1474730 1613
1474740 1607
1474750 1601
1474760 1601
1474770 1595
1474780 1590
1474790 1590
1474800 1584
1474810 1579
1474820 1579
1474830 1574
1474840 1568
1474850 1568
1474860 1563
1474870 1558
1474880 1558
1474890 1552
1474900 1550
1474910 1550
1474920 1547
1474930 1545
1474940 1545
1474950 1547
1474960 1549
1474970 1553
1474980 1553
1474990 1558
1475000 1562
1475010 1562
1475020 1565
1475030 1567
1475040 1567
1475050 1568
1475060 1570
1475070 1570
1475080 1572
1475090 1574
1475100 1574
1475110 1574
1475120 1578
1475130 1578
1475140 1581
1475150 1584
1475160 1584
1475170 1587
1475180 1593
1475190 1593
1475200 1599
1475210 1607
1475220 1607
1475230 1616
1475240 1617
1475250 1617
1475260 1617
1475270 1617
1475280 1617
1475290 1617
1475300 1614
1475310 1610
1475320 1610
1475330 1605
1475340 1596
1475350 1596
1475360 1589
1475370 1583
1475380 1583
1475390 1578
1475400 1570
1475410 1570
1475420 1561
1475430 1550
1475440 1550
1475450 1540
1475460 1532
1475470 1532
1475480 1524
1475490 1516
1475500 1512
1475510 1512
1475520 1510
1475530 1510
1475540 1510
1475550 1512
1475560 1509
1475570 1509
1475580 1506
1475590 1501
1475600 1501
1475610 1493
1475620 1482
1475630 1482
1475640 1475
1475650 1468
1475660 1468
1475670 1462
1475680 1457
1475690 1457
1475700 1451
1475710 1447
1475720 1447
1475730 1443
1475740 1439
1475750 1433
1475760 1433
1475770 1429
1475780 1424
1475790 1424
1475800 1419
1475810 1414
1475820 1414
1475830 1409
1475840 1403
1475850 1403
1475860 1399
1475870 1396
1475880 1396
1475890 1393
1475900 1391
1475910 1391
1475920 1391
1475930 1392
1475940 1392
1475950 1392
1475960 1389
1475970 1389
1475980 1390
1475990 1394
1476000 1396
1476010 1396
1476020 1399
1476030 1403
1476040 1403
1476050 1406
1476060 1409
1476070 1409
1476080 1412
1476090 1416
1476100 1416
1476110 1420
1476120 1425
1476130 1425
1476140 1429
1476150 1434
1476160 1434
1476170 1437
1476180 1441
1476190 1441
1476200 1445
1476210 1448
1476220 1448
1476230 1452
1476240 1457
1476250 1457
1476260 1463
1476270 1468
1476280 1471
1476290 1471
1476300 1477
1476310 1481
1476320 1481
1476330 1487
1476340 1492
1476350 1492
1476360 1498
1476370 1503
1476380 1503
1476390 1509
1476400 1514
1476410 1514
1476420 1518
1476430 1523
1476440 1523
1476450 1529
1476460 1533
1476470 1533
1476480 1538
1476490 1543
1476500 1543
1476510 1547
1476520 1551
1476530 1557
1476540 1557
1476550 1562
1476560 1568
1476570 1568
1476580 1573
1476590 1577
1476600 1577
1476610 1582
1476620 1588
1476630 1588
1476640 1594
1476650 1600
1476660 1600
1476670 1606
1476680 1615
1476690 1615
1476700 1624
1476710 1632
1476720 1632
1476730 1641
1476740 1644
1476750 1644
1476760 1644
1476770 1643
1476780 1640
1476790 1640
1476800 1640
1476810 1642
1476820 1642
1476830 1648
1476840 1654
1476850 1654
1476860 1663
1476870 1682
1476880 1682
1476890 1692
1476900 1697
1476910 1697
1476920 1701
1476930 1704
1476940 1704
1476950 1706
1476960 1708
1476970 1708
1476980 1711
1476990 1712
1477000 1712
1477010 1713
1477020 1714
1477030 1715
1477040 1715
1477050 1716
1477060 1718
1477070 1718
1477080 1719
1477090 1720
1477100 1720
1477110 1721
1477120 1723
1477130 1723
1477140 1725
1477150 1726
1477160 1726
1477170 1728
1477180 1730
1477190 1730
1477200 1732
1477210 1734
1477220 1734
1477230 1737
1477240 1742
1477250 1742
1477260 1746
1477270 1750
1477280 1750
1477290 1754
1477300 1759
1477310 1763
1477320 1763
1477330 1764
1477340 1768
1477350 1768
1477360 1771
1477370 1775
1477380 1775
1477390 1780
1477400 1785
1477410 1785
1477420 1790
1477430 1794
1477440 1794
1477450 1800
1477460 1806
1477470 1806
1477480 1810
1477490 1815
1477500 1815
1477510 1819
1477520 1822
1477530 1822
1477540 1827
1477550 1831
1477560 1835
1477570 1835
1477580 1839
1477590 1844
1477600 1844
1477610 1847
1477620 1851
1477630 1851
1477640 1854
1477650 1858
1477660 1858
1477670 1862
1477680 1867
1477690 1867
1477700 1873
1477710 1880
1477720 1880
1477730 1884
1477740 1889
1477750 1889
1477760 1894
1477770 1899
1477780 1899
1477790 1904
1477800 1908
1477810 1913
1477820 1913
1477830 1916
1477840 1920
1477850 1920
1477860 1924
1477870 1928
1477880 1928
1477890 1933
1477900 1936
1477910 1936
1477920 1940
1477930 1943
1477940 1943
1477950 1948
1477960 1952
1477970 1952
1477980 1956
1477990 1960
1478000 1960
1478010 1963
1478020 1967
1478030 1967
1478040 1970
1478050 1973
1478060 1975
1478070 1975
1478080 1978
1478090 1980
1478100 1980
1478110 1983
1478120 1985
1478130 1985
1478140 1988
1478150 1991
1478160 1991
1478170 1992
1478180 1993
1478190 1993
1478200 1989
1478210 1985
1478220 1985
1478230 1981
1478240 1977
1478250 1977
1478260 1973
1478270 1970
1478280 1970
1478290 1966
1478300 1962
1478310 1962
1478320 1959
1478330 1955
1478340 1951
1478350 1951
1478360 1947
1478370 1944
1478380 1944
1478390 1940
1478400 1935
1478410 1935
1478420 1929
1478430 1922
1478440 1922
1478450 1915
1478460 1908
1478470 1908
1478480 1900
1478490 1894
1478500 1894
1478510 1890
1478520 1886
1478530 1886
1478540 1879
1478550 1872
1478560 1872
1478570 1865
1478580 1860
1478590 1855
1478600 1855
1478610 1849
1478620 1843
1478630 1843
1478640 1836
1478650 1829
1478660 1829
1478670 1823
1478680 1818
1478690 1818
1478700 1814
1478710 1811
1478720 1811
1478730 1807
1478740 1804
1478750 1804
1478760 1800
1478770 1796
1478780 1796
1478790 1791
1478800 1787
1478810 1787
1478820 1784
1478830 1781
1478840 1779
1478850 1779
1478860 1778
1478870 1776
1478880 1776
1478890 1773
1478900 1769
1478910 1769
1478920 1766
1478930 1765
1478940 1765
1478950 1763
1478960 1761
1478970 1761
1478980 1761
1478990 1761
1479000 1761
1479010 1762
1479020 1765
1479030 1765
1479040 1768
1479050 1771
1479060 1771
1479070 1774
1479080 1777
1479090 1780
1479100 1780
1479110 1780
1479120 1777
1479130 1777
1479140 1771
1479150 1766
1479160 1766
1479170 1761
1479180 1757
1479190 1757
1479200 1753
1479210 1750
1479220 1750
1479230 1746
1479240 1743
1479250 1743
1479260 1739
1479270 1736
1479280 1736
1479290 1732
1479300 1729
1479310 1729
1479320 1726
1479330 1723
1479340 1723
1479350 1720
1479360 1716
1479370 1713
1479380 1713
1479390 1710
1479400 1706
1479410 1706
1479420 1703
1479430 1700
1479440 1700
1479450 1697
1479460 1692
1479470 1692
1479480 1686
1479490 1681
1479500 1681
1479510 1676
1479520 1671
1479530 1671
1479540 1667
1479550 1663
1479560 1663
1479570 1659
1479580 1655
1479590 1655
1479600 1652
1479610 1650
1479620 1648
1479630 1648
1479640 1646
1479650 1643
1479660 1643
1479670 1641
1479680 1637
1479690 1637
1479700 1634
1479710 1631
1479720 1631
1479730 1627
1479740 1624
1479750 1624
1479760 1621
1479770 1618
1479780 1618
1479790 1616
1479800 1613
1479810 1613
1479820 1610
1479830 1608
1479840 1608
1479850 1605
1479860 1602
1479870 1598
1479880 1598
1479890 1596
1479900 1593
1479910 1593
1479920 1591
1479930 1588
1479940 1588
1479950 1588
1479960 1587
1479970 1587
1479980 1588
1479990 1591
