1460000 1849
1460010 1851
1460020 1853
1460030 1853
1460040 1856
1460050 1861
1460060 1861
1460070 1865
1460080 1869
1460090 1869
1460100 1871
1460110 1873
1460120 1873
1460130 1875
1460140 1878
1460150 1878
1460160 1882
1460170 1886
1460180 1890
1460190 1890
1460200 1895
1460210 1899
1460220 1899
1460230 1903
1460240 1908
1460250 1908
1460260 1913
1460270 1917
1460280 1917
1460290 1921
1460300 1924
1460310 1924
1460320 1928
1460330 1931
1460340 1931
1460350 1933
1460360 1936
1460370 1936
1460380 1940
1460390 1944
1460400 1944
1460410 1948
1460420 1951
1460430 1955
1460440 1955
1460450 1958
1460460 1961
1460470 1961
1460480 1965
1460490 1969
1460500 1969
1460510 1973
1460520 1977
1460530 1977
1460540 1981
1460550 1986
1460560 1986
1460570 1991
1460580 1996
1460590 1996
1460600 2001
1460610 2006
1460620 2006
1460630 2010
1460640 2013
1460650 2013
1460660 2016
1460670 2017
1460680 2012
1460690 2012
1460700 2005
1460710 1997
1460720 1997
1460730 1991
1460740 1986
1460750 1986
1460760 1980
1460770 1974
1460780 1974
1460790 1968
1460800 1963
1460810 1963
1460820 1958
1460830 1953
1460840 1953
1460850 1949
1460860 1945
1460870 1945
1460880 1942
1460890 1941
1460900 1941
1460910 1940
1460920 1939
1460930 1939
1460940 1937
1460950 1937
1460960 1938
1460970 1938
1460980 1936
1460990 1933
1461000 1933
1461010 1935
1461020 1937
1461030 1937
1461040 1942
1461050 1947
1461060 1947
1461070 1950
1461080 1952
1461090 1952
1461100 1953
1461110 1953
1461120 1953
1461130 1952
1461140 1950
1461150 1950
1461160 1947
1461170 1944
1461180 1944
1461190 1942
1461200 1939
1461210 1936
1461220 1936
1461230 1933
1461240 1931
1461250 1931
1461260 1927
1461270 1924
1461280 1924
1461290 1920
1461300 1917
1461310 1917
1461320 1913
1461330 1910
1461340 1910
1461350 1910
1461360 1909
1461370 1909
1461380 1904
1461390 1896
1461400 1896
1461410 1886
1461420 1877
1461430 1877
1461440 1872
1461450 1868
1461460 1864
1461470 1864
1461480 1859
1461490 1858
1461500 1858
1461510 1861
1461520 1864
1461530 1864
1461540 1857
1461550 1849
1461560 1849
1461570 1844
1461580 1839
1461590 1839
1461600 1833
1461610 1828
1461620 1828
1461630 1824
1461640 1823
1461650 1823
1461660 1822
1461670 1818
1461680 1818
1461690 1810
1461700 1802
1461710 1799
1461720 1799
1461730 1797
1461740 1795
1461750 1795
1461760 1793
1461770 1790
1461780 1790
1461790 1787
1461800 1784
1461810 1784
1461820 1785
1461830 1784
1461840 1784
1461850 1784
1461860 1783
1461870 1783
1461880 1782
1461890 1784
1461900 1784
1461910 1788
1461920 1791
1461930 1791
1461940 1793
1461950 1792
1461960 1792
1461970 1793
1461980 1797
1461990 1800
1462000 1800
1462010 1799
1462020 1794
1462030 1794
1462040 1792
1462050 1789
1462060 1789
1462070 1782
1462080 1777
1462090 1777
1462100 1773
1462110 1770
1462120 1770
1462130 1768
1462140 1766
1462150 1766
1462160 1764
1462170 1764
1462180 1764
1462190 1765
1462200 1767
1462210 1767
1462220 1768
1462230 1770
1462240 1773
1462250 1773
1462260 1776
1462270 1779
1462280 1779
1462290 1782
1462300 1788
1462310 1788
1462320 1795
1462330 1802
1462340 1802
1462350 1804
1462360 1804
1462370 1804
1462380 1805
1462390 1806
1462400 1806
1462410 1807
1462420 1807
1462430 1807
1462440 1808
1462450 1808
1462460 1808
1462470 1806
1462480 1801
1462490 1793
1462500 1793
1462510 1786
1462520 1780
1462530 1780
1462540 1774
1462550 1770
1462560 1770
1462570 1766
1462580 1763
1462590 1763
1462600 1760
1462610 1757
1462620 1757
1462630 1754
1462640 1751
1462650 1751
1462660 1749
1462670 1747
1462680 1747
1462690 1743
1462700 1740
1462710 1740
1462720 1738
1462730 1737
1462740 1737
1462750 1737
1462760 1737
1462770 1738
1462780 1738
1462790 1738
1462800 1738
1462810 1738
1462820 1738
1462830 1739
1462840 1739
1462850 1739
1462860 1739
1462870 1739
1462880 1739
1462890 1738
1462900 1738
1462910 1738
1462920 1739
1462930 1739
1462940 1739
1462950 1740
1462960 1740
1462970 1742
1462980 1744
1462990 1744
1463000 1747
1463010 1749
1463020 1752
1463030 1752
1463040 1753
1463050 1754
1463060 1754
1463070 1756
1463080 1759
1463090 1759
1463100 1762
1463110 1766
1463120 1766
1463130 1768
1463140 1771
1463150 1771
1463160 1775
1463170 1781
1463180 1781
1463190 1786
1463200 1791
1463210 1791
1463220 1795
1463230 1799
1463240 1799
1463250 1802
1463260 1805
1463270 1807
1463280 1807
1463290 1808
1463300 1807
1463310 1807
1463320 1805
1463330 1803
1463340 1803
1463350 1800
1463360 1797
1463370 1797
1463380 1794
1463390 1790
1463400 1790
1463410 1787
1463420 1784
1463430 1784
1463440 1780
1463450 1780
1463460 1780
1463470 1780
1463480 1781
1463490 1781
1463500 1782
1463510 1783
1463520 1783
1463530 1785
1463540 1786
1463550 1787
1463560 1787
1463570 1788
1463580 1789
1463590 1789
1463600 1789
1463610 1790
1463620 1790
1463630 1791
1463640 1791
1463650 1791
1463660 1792
1463670 1792
1463680 1792
1463690 1792
1463700 1793
1463710 1793
1463720 1793
1463730 1794
1463740 1794
1463750 1795
1463760 1795
1463770 1795
1463780 1797
1463790 1799
1463800 1801
1463810 1801
1463820 1802
1463830 1804
1463840 1804
1463850 1807
1463860 1809
1463870 1809
1463880 1811
1463890 1815
1463900 1815
1463910 1818
1463920 1822
1463930 1822
1463940 1826
1463950 1829
1463960 1829
1463970 1833
1463980 1837
1463990 1837
1464000 1841
1464010 1846
1464020 1846
1464030 1852
1464040 1859
1464050 1864
1464060 1864
1464070 1870
1464080 1875
1464090 1875
1464100 1881
1464110 1886
1464120 1886
1464130 1892
1464140 1899
1464150 1899
1464160 1904
1464170 1910
1464180 1910
1464190 1914
1464200 1919
1464210 1919
1464220 1923
1464230 1928
1464240 1928
1464250 1934
1464260 1939
1464270 1939
1464280 1944
1464290 1951
1464300 1951
1464310 1959
1464320 1966
1464330 1973
1464340 1973
1464350 1979
1464360 1985
1464370 1985
1464380 1990
1464390 1996
1464400 1996
1464410 2001
1464420 2006
1464430 2006
1464440 2012
1464450 2017
1464460 2017
1464470 2019
1464480 2015
1464490 2015
1464500 2012
1464510 2007
1464520 2007
1464530 2000
1464540 1993
1464550 1993
1464560 1989
1464570 1986
1464580 1977
1464590 1977
1464600 1970
1464610 1965
1464620 1965
1464630 1960
1464640 1955
1464650 1955
1464660 1951
1464670 1948
1464680 1948
1464690 1945
1464700 1943
1464710 1943
1464720 1940
1464730 1937
1464740 1937
1464750 1934
1464760 1932
1464770 1932
1464780 1929
1464790 1927
1464800 1927
1464810 1924
1464820 1920
1464830 1917
1464840 1917
1464850 1915
1464860 1914
1464870 1914
1464880 1912
1464890 1911
1464900 1911
1464910 1909
1464920 1906
1464930 1906
1464940 1904
1464950 1901
1464960 1901
1464970 1896
1464980 1892
1464990 1892
1465000 1889
1465010 1885
1465020 1885
1465030 1882
1465040 1879
1465050 1879
1465060 1876
1465070 1875
1465080 1871
1465090 1871
1465100 1866
1465110 1861
1465120 1861
1465130 1855
1465140 1850
1465150 1850
1465160 1847
1465170 1846
1465180 1846
1465190 1845
1465200 1844
1465210 1844
1465220 1844
1465230 1844
1465240 1844
1465250 1842
1465260 1839
1465270 1839
1465280 1836
1465290 1834
1465300 1834
1465310 1831
1465320 1822
1465330 1822
1465340 1815
1465350 1810
1465360 1803
1465370 1803
1465380 1798
1465390 1796
1465400 1796
1465410 1794
1465420 1791
1465430 1791
1465440 1788
1465450 1785
1465460 1785
1465470 1782
1465480 1778
1465490 1778
1465500 1775
1465510 1771
1465520 1771
1465530 1768
1465540 1766
1465550 1766
1465560 1765
1465570 1763
1465580 1763
1465590 1760
1465600 1758
1465610 1756
1465620 1756
1465630 1754
1465640 1752
1465650 1752
1465660 1750
1465670 1747
1465680 1747
1465690 1743
1465700 1739
1465710 1739
1465720 1736
1465730 1734
1465740 1734
1465750 1730
1465760 1726
1465770 1726
1465780 1722
1465790 1718
1465800 1718
1465810 1714
1465820 1710
1465830 1710
1465840 1707
1465850 1703
1465860 1698
1465870 1698
1465880 1693
1465890 1688
1465900 1688
1465910 1684
1465920 1680
1465930 1680
1465940 1678
1465950 1675
1465960 1675
1465970 1670
1465980 1665
1465990 1665
1466000 1660
1466010 1654
1466020 1654
1466030 1649
1466040 1644
1466050 1644
1466060 1640
1466070 1636
1466080 1636
1466090 1632
1466100 1627
1466110 1627
1466120 1622
1466130 1617
1466140 1613
1466150 1613
1466160 1609
1466170 1606
1466180 1606
1466190 1602
1466200 1600
1466210 1600
1466220 1597
1466230 1594
1466240 1594
1466250 1592
1466260 1589
1466270 1589
1466280 1587
1466290 1584
1466300 1584
1466310 1581
1466320 1577
1466330 1577
1466340 1575
1466350 1572
1466360 1572
1466370 1569
1466380 1566
1466390 1562
1466400 1562
1466410 1558
1466420 1554
1466430 1554
1466440 1549
1466450 1544
1466460 1544
1466470 1540
1466480 1536
1466490 1536
1466500 1535
1466510 1533
1466520 1533
1466530 1534
1466540 1536
1466550 1536
1466560 1537
1466570 1536
1466580 1536
1466590 1536
1466600 1535
1466610 1535
1466620 1534
1466630 1532
1466640 1530
1466650 1530
1466660 1529
1466670 1527
1466680 1527
1466690 1527
1466700 1528
1466710 1528
1466720 1527
1466730 1525
1466740 1525
1466750 1523
1466760 1521
1466770 1521
1466780 1520
1466790 1518
1466800 1518
1466810 1515
1466820 1512
1466830 1512
1466840 1508
1466850 1505
1466860 1505
1466870 1504
1466880 1502
1466890 1502
1466900 1500
1466910 1499
1466920 1496
1466930 1496
1466940 1496
1466950 1497
1466960 1497
1466970 1496
1466980 1493
1466990 1493
1467000 1492
1467010 1489
1467020 1489
1467030 1488
1467040 1484
1467050 1484
1467060 1480
1467070 1476
1467080 1476
1467090 1472
1467100 1468
1467110 1468
1467120 1467
1467130 1463
1467140 1463
1467150 1459
1467160 1455
1467170 1450
1467180 1450
1467190 1443
1467200 1438
1467210 1438
1467220 1437
1467230 1433
1467240 1433
1467250 1432
1467260 1431
1467270 1431
1467280 1429
1467290 1426
1467300 1426
1467310 1423
1467320 1421
1467330 1421
1467340 1418
1467350 1414
1467360 1414
1467370 1412
1467380 1408
1467390 1408
1467400 1404
1467410 1400
1467420 1396
1467430 1396
1467440 1391
1467450 1388
1467460 1388
1467470 1383
1467480 1378
1467490 1378
1467500 1373
1467510 1370
1467520 1370
1467530 1367
1467540 1364
1467550 1364
1467560 1361
1467570 1356
1467580 1356
1467590 1350
1467600 1347
1467610 1347
1467620 1344
1467630 1340
1467640 1340
1467650 1335
1467660 1330
1467670 1327
1467680 1327
1467690 1325
1467700 1321
1467710 1321
1467720 1316
1467730 1311
1467740 1311
1467750 1308
1467760 1302
1467770 1302
1467780 1297
1467790 1292
1467800 1292
1467810 1286
1467820 1281
1467830 1281
1467840 1275
1467850 1271
1467860 1271
1467870 1266
1467880 1263
1467890 1263
1467900 1260
1467910 1255
1467920 1255
1467930 1251
1467940 1245
1467950 1240
1467960 1240
1467970 1234
1467980 1233
1467990 1233
1468000 1230
1468010 1228
1468020 1228
1468030 1224
1468040 1220
1468050 1220
1468060 1218
1468070 1216
1468080 1216
1468090 1215
1468100 1214
1468110 1214
1468120 1212
1468130 1208
1468140 1208
1468150 1203
1468160 1197
1468170 1197
1468180 1191
1468190 1185
1468200 1179
1468210 1179
1468220 1172
1468230 1165
1468240 1165
1468250 1157
1468260 1152
1468270 1152
1468280 1145
1468290 1136
1468300 1136
1468310 1126
1468320 1120
1468330 1120
1468340 1118
1468350 1115
1468360 1115
1468370 1111
1468380 1108
1468390 1108
1468400 1106
1468410 1103
1468420 1103
1468430 1099
1468440 1096
1468450 1093
1468460 1093
1468470 1090
1468480 1087
1468490 1087
1468500 1084
1468510 1079
1468520 1079
1468530 1076
1468540 1073
1468550 1073
1468560 1069
1468570 1064
1468580 1064
1468590 1058
1468600 1053
1468610 1053
1468620 1048
1468630 1042
1468640 1042
1468650 1035
1468660 1029
1468670 1029
1468680 1025
1468690 1022
1468700 1022
1468710 1017
1468720 1011
1468730 1006
1468740 1006
1468750 999
1468760 994
1468770 994
1468780 997
1468790 1006
1468800 1006
1468810 1018
1468820 1031
1468830 1031
1468840 1037
1468850 1042
1468860 1042
1468870 1047
1468880 1051
1468890 1051
1468900 1055
1468910 1055
1468920 1055
1468930 1056
1468940 1056
1468950 1056
1468960 1057
1468970 1057
1468980 1057
1468990 1057
1469000 1058
1469010 1059
1469020 1059
1469030 1061
1469040 1064
1469050 1064
1469060 1066
1469070 1069
1469080 1069
1469090 1070
1469100 1071
1469110 1071
1469120 1070
1469130 1068
1469140 1068
1469150 1066
1469160 1063
1469170 1063
1469180 1059
1469190 1061
1469200 1061
1469210 1062
1469220 1062
1469230 1061
1469240 1061
1469250 1060
1469260 1059
1469270 1059
1469280 1057
1469290 1055
1469300 1055
1469310 1054
1469320 1052
1469330 1052
1469340 1048
1469350 1044
1469360 1044
1469370 1041
1469380 1036
1469390 1036
1469400 1030
1469410 1024
1469420 1024
1469430 1018
1469440 1012
1469450 1012
1469460 1006
1469470 1000
1469480 1000
1469490 994
1469500 990
1469510 988
1469520 988
1469530 986
1469540 985
1469550 985
1469560 982
1469570 979
1469580 979
1469590 977
1469600 973
1469610 973
1469620 971
1469630 969
1469640 969
1469650 966
1469660 965
1469670 965
1469680 966
1469690 965
1469700 965
1469710 965
1469720 964
1469730 964
1469740 963
1469750 963
1469760 962
1469770 962
1469780 961
1469790 959
1469800 959
1469810 956
1469820 952
1469830 952
1469840 949
1469850 947
1469860 947
1469870 944
1469880 941
1469890 941
1469900 939
1469910 937
1469920 937
1469930 936
1469940 936
1469950 936
1469960 935
1469970 935
1469980 935
1469990 933
1470000 930
1470010 929
1470020 929
1470030 926
1470040 923
1470050 923
1470060 921
1470070 918
1470080 918
1470090 917
1470100 915
1470110 915
1470120 913
1470130 912
1470140 912
1470150 911
1470160 910
1470170 910
1470180 909
1470190 907
1470200 907
1470210 902
1470220 898
1470230 898
1470240 894
1470250 890
1470260 887
1470270 887
1470280 885
1470290 884
1470300 884
1470310 883
1470320 881
1470330 881
1470340 880
1470350 878
1470360 878
1470370 877
1470380 875
1470390 875
1470400 874
1470410 872
1470420 872
1470430 868
1470440 863
1470450 863
1470460 858
1470470 852
1470480 852
1470490 846
1470500 840
1470510 840
1470520 836
1470530 833
1470540 833
1470550 833
1470560 835
1470570 835
1470580 835
1470590 836
1470600 838
1470610 838
1470620 840
1470630 842
1470640 842
1470650 845
1470660 847
1470670 847
1470680 849
1470690 851
1470700 851
1470710 853
1470720 855
1470730 855
1470740 857
1470750 859
1470760 859
1470770 861
1470780 862
1470790 864
1470800 864
1470810 866
1470820 869
1470830 869
1470840 870
1470850 871
1470860 871
1470870 873
1470880 876
1470890 876
1470900 878
1470910 880
1470920 880
1470930 883
1470940 887
1470950 887
1470960 892
1470970 898
1470980 898
1470990 904
1471000 911
1471010 911
1471020 917
1471030 921
1471040 926
1471050 926
1471060 931
1471070 936
1471080 936
1471090 941
1471100 944
1471110 944
1471120 947
1471130 953
1471140 953
1471150 958
1471160 963
1471170 963
1471180 968
1471190 974
1471200 974
1471210 980
1471220 985
1471230 985
1471240 990
1471250 995
1471260 995
1471270 999
1471280 1004
1471290 1004
1471300 1010
1471310 1016
1471320 1022
1471330 1022
1471340 1028
1471350 1034
1471360 1034
1471370 1039
1471380 1044
1471390 1044
1471400 1049
1471410 1054
1471420 1054
1471430 1057
1471440 1059
1471450 1059
1471460 1059
1471470 1061
1471480 1061
1471490 1063
1471500 1067
1471510 1067
1471520 1072
1471530 1078
1471540 1078
1471550 1086
1471560 1093
1471570 1100
1471580 1100
1471590 1108
1471600 1116
1471610 1116
1471620 1125
1471630 1130
1471640 1130
1471650 1132
1471660 1136
1471670 1136
1471680 1141
1471690 1145
1471700 1145
1471710 1147
1471720 1152
1471730 1152
1471740 1159
1471750 1167
1471760 1167
1471770 1174
1471780 1180
1471790 1180
1471800 1186
1471810 1194
1471820 1199
1471830 1199
1471840 1202
1471850 1204
1471860 1204
1471870 1206
1471880 1210
1471890 1210
1471900 1216
1471910 1218
1471920 1218
1471930 1220
1471940 1223
1471950 1223
1471960 1226
1471970 1229
1471980 1229
1471990 1232
1472000 1234
1472010 1234
1472020 1236
1472030 1239
1472040 1239
1472050 1241
1472060 1243
1472070 1246
1472080 1246
1472090 1248
1472100 1251
1472110 1251
1472120 1253
1472130 1255
1472140 1255
1472150 1258
1472160 1261
1472170 1261
1472180 1263
1472190 1266
1472200 1266
1472210 1269
1472220 1272
1472230 1272
1472240 1274
1472250 1276
1472260 1276
1472270 1277
1472280 1278
1472290 1278
1472300 1280
1472310 1282
1472320 1282
1472330 1284
1472340 1286
1472350 1288
1472360 1288
1472370 1291
1472380 1295
1472390 1295
1472400 1300
1472410 1304
1472420 1304
1472430 1307
1472440 1309
1472450 1309
1472460 1311
1472470 1312
1472480 1312
1472490 1314
1472500 1315
1472510 1315
1472520 1317
1472530 1319
1472540 1319
1472550 1321
1472560 1322
1472570 1322
1472580 1322
1472590 1323
1472600 1324
1472610 1324
1472620 1328
1472630 1331
1472640 1331
1472650 1332
1472660 1333
1472670 1333
1472680 1334
1472690 1335
1472700 1335
1472710 1335
1472720 1336
1472730 1336
1472740 1336
1472750 1335
1472760 1335
1472770 1334
1472780 1334
1472790 1334
1472800 1333
1472810 1332
1472820 1332
1472830 1332
1472840 1333
1472850 1334
1472860 1334
1472870 1334
1472880 1335
1472890 1335
1472900 1336
1472910 1336
1472920 1336
1472930 1335
1472940 1334
1472950 1334
1472960 1336
1472970 1338
1472980 1338
1472990 1339
1473000 1341
1473010 1341
1473020 1344
1473030 1347
1473040 1347
1473050 1349
1473060 1351
1473070 1351
1473080 1353
1473090 1356
1473100 1356
1473110 1357
1473120 1356
1473130 1355
1473140 1355
1473150 1355
1473160 1355
1473170 1355
1473180 1354
1473190 1355
1473200 1355
1473210 1354
1473220 1354
1473230 1354
1473240 1356
1473250 1357
1473260 1357
1473270 1358
1473280 1360
1473290 1360
1473300 1361
1473310 1361
1473320 1361
1473330 1362
1473340 1361
1473350 1361
1473360 1362
1473370 1363
1473380 1364
1473390 1364
1473400 1365
1473410 1366
1473420 1366
1473430 1367
1473440 1369
1473450 1369
1473460 1373
1473470 1376
1473480 1376
1473490 1378
1473500 1380
1473510 1380
1473520 1382
1473530 1384
1473540 1384
1473550 1385
1473560 1386
1473570 1386
1473580 1387
1473590 1387
1473600 1387
1473610 1389
1473620 1391
1473630 1390
1473640 1390
1473650 1391
1473660 1391
1473670 1391
1473680 1391
1473690 1391
1473700 1391
1473710 1391
1473720 1390
1473730 1390
1473740 1388
1473750 1387
1473760 1387
1473770 1387
1473780 1385
1473790 1385
1473800 1384
1473810 1383
1473820 1383
1473830 1381
1473840 1380
1473850 1380
1473860 1379
1473870 1377
1473880 1375
1473890 1375
1473900 1374
1473910 1373
1473920 1373
1473930 1372
1473940 1371
1473950 1371
1473960 1369
1473970 1369
1473980 1369
1473990 1368
1474000 1367
1474010 1367
1474020 1365
1474030 1362
1474040 1362
1474050 1357
1474060 1351
1474070 1351
1474080 1346
1474090 1342
1474100 1342
1474110 1338
1474120 1342
1474130 1342
1474140 1350
1474150 1357
1474160 1362
1474170 1362
1474180 1367
1474190 1371
1474200 1371
1474210 1374
1474220 1377
1474230 1377
1474240 1379
1474250 1380
1474260 1380
1474270 1380
1474280 1380
1474290 1380
1474300 1380
1474310 1380
1474320 1380
1474330 1378
1474340 1375
1474350 1375
1474360 1374
1474370 1372
1474380 1372
1474390 1368
1474400 1364
1474410 1361
1474420 1361
1474430 1358
1474440 1354
1474450 1354
1474460 1351
1474470 1350
1474480 1350
1474490 1348
1474500 1347
1474510 1347
1474520 1345
1474530 1343
1474540 1343
1474550 1340
1474560 1338
1474570 1338
1474580 1336
1474590 1334
1474600 1334
1474610 1331
1474620 1329
1474630 1329
1474640 1327
1474650 1325
1474660 1324
1474670 1324
1474680 1323
1474690 1323
1474700 1323
1474710 1322
1474720 1321
1474730 1321
1474740 1318
1474750 1317
1474760 1317
1474770 1314
1474780 1312
1474790 1312
1474800 1310
1474810 1308
1474820 1308
1474830 1305
1474840 1303
1474850 1303
1474860 1302
1474870 1302
1474880 1302
1474890 1298
1474900 1295
1474910 1295
1474920 1293
1474930 1290
1474940 1288
1474950 1288
1474960 1286
1474970 1283
1474980 1283
1474990 1280
1475000 1277
1475010 1277
1475020 1275
1475030 1275
1475040 1275
1475050 1276
1475060 1277
1475070 1277
1475080 1279
1475090 1280
1475100 1280
1475110 1281
1475120 1281
1475130 1281
1475140 1282
1475150 1285
1475160 1285
1475170 1291
1475180 1297
1475190 1301
1475200 1301
1475210 1304
1475220 1306
1475230 1306
1475240 1308
1475250 1309
1475260 1309
1475270 1312
1475280 1315
1475290 1315
1475300 1317
1475310 1319
1475320 1319
1475330 1324
1475340 1332
1475350 1332
1475360 1333
1475370 1334
1475380 1334
1475390 1337
1475400 1340
1475410 1340
1475420 1342
1475430 1343
1475440 1346
1475450 1346
1475460 1349
1475470 1353
1475480 1353
1475490 1358
1475500 1364
1475510 1364
1475520 1368
1475530 1372
1475540 1372
1475550 1377
1475560 1380
1475570 1380
1475580 1383
1475590 1387
1475600 1387
1475610 1390
1475620 1391
1475630 1391
1475640 1393
1475650 1396
1475660 1396
1475670 1399
1475680 1401
1475690 1404
1475700 1404
1475710 1408
1475720 1412
1475730 1412
1475740 1416
1475750 1420
1475760 1420
1475770 1422
1475780 1425
1475790 1425
1475800 1428
1475810 1432
1475820 1432
1475830 1437
1475840 1440
1475850 1440
1475860 1444
1475870 1448
1475880 1448
1475890 1452
1475900 1456
1475910 1456
1475920 1460
1475930 1463
1475940 1463
1475950 1466
1475960 1469
1475970 1470
1475980 1470
1475990 1465
1476000 1457
1476010 1457
1476020 1456
1476030 1463
1476040 1463
1476050 1469
1476060 1472
1476070 1472
1476080 1473
1476090 1474
1476100 1474
1476110 1476
1476120 1477
1476130 1477
1476140 1481
1476150 1484
1476160 1484
1476170 1487
1476180 1489
1476190 1489
1476200 1490
1476210 1492
1476220 1493
1476230 1493
1476240 1496
1476250 1499
1476260 1499
1476270 1501
1476280 1504
1476290 1504
1476300 1507
1476310 1510
1476320 1510
1476330 1512
1476340 1515
1476350 1515
1476360 1517
1476370 1519
1476380 1519
1476390 1522
1476400 1524
1476410 1524
1476420 1528
1476430 1533
1476440 1533
1476450 1537
1476460 1540
1476470 1544
1476480 1544
1476490 1550
1476500 1554
1476510 1554
1476520 1559
1476530 1563
1476540 1563
1476550 1567
1476560 1570
1476570 1570
1476580 1573
1476590 1576
1476600 1576
1476610 1580
1476620 1586
1476630 1586
1476640 1590
1476650 1595
1476660 1595
1476670 1599
1476680 1604
1476690 1604
1476700 1610
1476710 1613
1476720 1613
1476730 1619
1476740 1625
1476750 1631
1476760 1631
1476770 1637
1476780 1642
1476790 1642
1476800 1647
1476810 1653
1476820 1653
1476830 1659
1476840 1665
1476850 1665
1476860 1671
1476870 1676
1476880 1676
1476890 1680
1476900 1685
1476910 1685
1476920 1689
1476930 1693
1476940 1693
1476950 1699
1476960 1703
1476970 1703
1476980 1707
1476990 1711
1477000 1715
1477010 1715
1477020 1719
1477030 1723
1477040 1723
1477050 1727
1477060 1731
1477070 1731
1477080 1735
1477090 1740
1477100 1740
1477110 1744
1477120 1749
1477130 1749
1477140 1754
1477150 1758
1477160 1758
1477170 1763
1477180 1768
1477190 1768
1477200 1772
1477210 1776
1477220 1776
1477230 1781
1477240 1785
1477250 1789
1477260 1789
1477270 1793
1477280 1796
1477290 1796
1477300 1800
1477310 1804
1477320 1804
1477330 1809
1477340 1813
1477350 1813
1477360 1818
1477370 1822
1477380 1822
1477390 1826
1477400 1830
1477410 1830
1477420 1834
1477430 1838
1477440 1838
1477450 1842
1477460 1845
1477470 1845
1477480 1848
1477490 1851
1477500 1851
1477510 1854
1477520 1857
1477530 1861
1477540 1861
1477550 1864
1477560 1867
1477570 1867
1477580 1870
1477590 1874
1477600 1874
1477610 1877
1477620 1880
1477630 1880
1477640 1883
1477650 1885
1477660 1885
1477670 1888
1477680 1891
1477690 1891
1477700 1893
1477710 1896
1477720 1896
1477730 1899
1477740 1900
1477750 1900
1477760 1900
1477770 1899
1477780 1897
1477790 1897
1477800 1894
1477810 1889
1477820 1889
1477830 1883
1477840 1877
1477850 1877
1477860 1871
1477870 1865
1477880 1865
1477890 1859
1477900 1853
1477910 1853
1477920 1848
1477930 1845
1477940 1845
1477950 1842
1477960 1839
1477970 1839
1477980 1837
1477990 1834
1478000 1834
1478010 1830
1478020 1826
1478030 1824
1478040 1824
1478050 1822
1478060 1820
1478070 1820
1478080 1818
1478090 1815
1478100 1815
1478110 1813
1478120 1812
1478130 1812
1478140 1810
1478150 1807
1478160 1807
1478170 1804
1478180 1802
1478190 1802
1478200 1798
1478210 1795
1478220 1795
1478230 1793
1478240 1791
1478250 1791
1478260 1788
1478270 1786
1478280 1785
1478290 1785
1478300 1783
1478310 1782
1478320 1782
1478330 1780
1478340 1778
1478350 1778
1478360 1778
1478370 1776
1478380 1776
1478390 1775
1478400 1773
1478410 1773
1478420 1770
1478430 1767
1478440 1767
1478450 1763
1478460 1759
1478470 1759
1478480 1758
1478490 1755
1478500 1755
1478510 1754
1478520 1753
1478530 1753
1478540 1751
1478550 1750
1478560 1749
1478570 1749
1478580 1749
1478590 1746
1478600 1746
1478610 1744
1478620 1743
1478630 1743
1478640 1741
1478650 1739
1478660 1739
1478670 1738
1478680 1737
1478690 1737
1478700 1736
1478710 1735
1478720 1735
1478730 1734
1478740 1734
1478750 1734
1478760 1733
1478770 1734
1478780 1734
1478790 1733
1478800 1733
1478810 1732
1478820 1732
1478830 1732
1478840 1732
1478850 1732
1478860 1729
1478870 1727
1478880 1727
1478890 1725
1478900 1723
1478910 1723
1478920 1720
1478930 1717
1478940 1717
1478950 1714
1478960 1710
1478970 1710
1478980 1705
1478990 1700
1479000 1700
1479010 1695
1479020 1689
1479030 1689
1479040 1684
1479050 1677
1479060 1670
1479070 1670
1479080 1663
1479090 1657
1479100 1657
1479110 1651
1479120 1645
1479130 1645
1479140 1640
1479150 1635
1479160 1635
1479170 1632
1479180 1628
1479190 1628
1479200 1624
1479210 1621
1479220 1621
1479230 1616
1479240 1612
1479250 1612
1479260 1607
1479270 1603
1479280 1603
1479290 1599
1479300 1595
1479310 1595
1479320 1592
1479330 1589
1479340 1585
1479350 1585
1479360 1579
1479370 1581
1479380 1581
1479390 1585
1479400 1589
1479410 1589
1479420 1589
1479430 1589
1479440 1589
1479450 1588
1479460 1587
1479470 1587
1479480 1587
1479490 1587
1479500 1587
1479510 1589
1479520 1590
1479530 1590
1479540 1590
1479550 1590
1479560 1590
1479570 1592
1479580 1594
1479590 1594
1479600 1594
1479610 1596
1479620 1598
1479630 1598
1479640 1600
1479650 1602
1479660 1602
1479670 1605
1479680 1607
1479690 1607
1479700 1608
1479710 1608
1479720 1608
1479730 1609
1479740 1609
1479750 1609
1479760 1610
1479770 1611
1479780 1611
1479790 1612
1479800 1611
1479810 1611
1479820 1611
1479830 1612
1479840 1613
1479850 1613
1479860 1615
1479870 1616
1479880 1616
1479890 1615
1479900 1615
1479910 1615
1479920 1618
1479930 1623
1479940 1623
1479950 1623
1479960 1620
1479970 1620
1479980 1617
1479990 1614
