1460000 1965
1460010 1968
1460020 1973
1460030 1973
1460040 1977
1460050 1982
1460060 1986
1460070 1986
1460080 1992
1460090 1997
1460100 1997
1460110 2001
1460120 2004
1460130 2004
1460140 2007
1460150 2008
1460160 2008
1460170 2011
1460180 2014
1460190 2014
1460200 2016
1460210 2017
1460220 2017
1460230 2018
1460240 2019
1460250 2019
1460260 2020
1460270 2021
1460280 2021
1460290 2022
1460300 2023
1460310 2023
1460320 2023
1460330 2024
1460340 2024
1460350 2024
1460360 2021
1460370 2014
1460380 2014
1460390 2008
1460400 2001
1460410 2001
1460420 1995
1460430 1988
1460440 1988
1460450 1981
1460460 1975
1460470 1975
1460480 1970
1460490 1965
1460500 1965
1460510 1961
1460520 1956
1460530 1956
1460540 1952
1460550 1950
1460560 1950
1460570 1948
1460580 1947
1460590 1946
1460600 1946
1460610 1946
1460620 1943
1460630 1943
1460640 1943
1460650 1943
1460660 1943
1460670 1944
1460680 1945
1460690 1945
1460700 1945
1460710 1944
1460720 1944
1460730 1945
1460740 1944
1460750 1944
1460760 1944
1460770 1940
1460780 1940
1460790 1938
1460800 1935
1460810 1935
1460820 1932
1460830 1928
1460840 1924
1460850 1924
1460860 1921
1460870 1919
1460880 1919
1460890 1917
1460900 1917
1460910 1917
1460920 1917
1460930 1918
1460940 1918
1460950 1918
1460960 1918
1460970 1918
1460980 1918
1460990 1918
1461000 1918
1461010 1917
1461020 1917
1461030 1917
1461040 1915
1461050 1913
1461060 1913
1461070 1911
1461080 1907
1461090 1903
1461100 1903
1461110 1897
1461120 1890
1461130 1890
1461140 1884
1461150 1877
1461160 1877
1461170 1871
1461180 1866
1461190 1866
1461200 1861
1461210 1857
1461220 1857
1461230 1853
1461240 1848
1461250 1848
1461260 1843
1461270 1838
1461280 1838
1461290 1833
1461300 1827
1461310 1827
1461320 1822
1461330 1817
1461340 1817
1461350 1811
1461360 1806
1461370 1802
1461380 1802
1461390 1797
1461400 1791
1461410 1791
1461420 1786
1461430 1782
1461440 1782
1461450 1777
1461460 1772
1461470 1772
1461480 1768
1461490 1764
1461500 1764
1461510 1761
1461520 1758
1461530 1758
1461540 1754
1461550 1751
1461560 1751
1461570 1749
1461580 1746
1461590 1746
1461600 1745
1461610 1743
1461620 1741
1461630 1741
1461640 1738
1461650 1734
1461660 1734
1461670 1732
1461680 1730
1461690 1730
1461700 1728
1461710 1725
1461720 1725
1461730 1722
1461740 1720
1461750 1720
1461760 1717
1461770 1714
1461780 1714
1461790 1713
1461800 1711
1461810 1711
1461820 1708
1461830 1704
1461840 1704
1461850 1701
1461860 1700
1461870 1699
1461880 1699
1461890 1698
1461900 1697
1461910 1697
1461920 1695
1461930 1693
1461940 1693
1461950 1692
1461960 1691
1461970 1691
1461980 1690
1461990 1690
1462000 1690
1462010 1689
1462020 1687
1462030 1687
1462040 1686
1462050 1684
1462060 1684
1462070 1681
1462080 1675
1462090 1675
1462100 1667
1462110 1659
1462120 1659
1462130 1649
1462140 1638
1462150 1642
1462160 1642
1462170 1647
1462180 1652
1462190 1652
1462200 1654
1462210 1655
1462220 1655
1462230 1655
1462240 1656
1462250 1656
1462260 1657
1462270 1656
1462280 1656
1462290 1656
1462300 1657
1462310 1657
1462320 1657
1462330 1656
1462340 1656
1462350 1655
1462360 1656
1462370 1656
1462380 1655
1462390 1655
1462400 1655
1462410 1655
1462420 1655
1462430 1655
1462440 1655
1462450 1653
1462460 1651
1462470 1651
1462480 1649
1462490 1646
1462500 1646
1462510 1644
1462520 1641
1462530 1641
1462540 1639
1462550 1637
1462560 1637
1462570 1636
1462580 1635
1462590 1635
1462600 1634
1462610 1633
1462620 1633
1462630 1631
1462640 1631
1462650 1630
1462660 1630
1462670 1631
1462680 1631
1462690 1631
1462700 1632
1462710 1633
1462720 1633
1462730 1633
1462740 1633
1462750 1633
1462760 1634
1462770 1635
1462780 1635
1462790 1636
1462800 1636
1462810 1636
1462820 1636
1462830 1637
1462840 1637
1462850 1636
1462860 1635
1462870 1635
1462880 1634
1462890 1633
1462900 1633
1462910 1633
1462920 1632
1462930 1631
1462940 1631
1462950 1628
1462960 1627
1462970 1627
1462980 1628
1462990 1630
1463000 1630
1463010 1633
1463020 1634
1463030 1634
1463040 1633
1463050 1633
1463060 1633
1463070 1636
1463080 1641
1463090 1641
1463100 1644
1463110 1646
1463120 1646
1463130 1648
1463140 1650
1463150 1650
1463160 1651
1463170 1652
1463180 1651
1463190 1651
1463200 1647
1463210 1645
1463220 1645
1463230 1643
1463240 1643
1463250 1643
1463260 1647
1463270 1655
1463280 1655
1463290 1663
1463300 1669
1463310 1669
1463320 1672
1463330 1674
1463340 1674
1463350 1676
1463360 1678
1463370 1678
1463380 1679
1463390 1676
1463400 1676
1463410 1676
1463420 1681
1463430 1686
1463440 1686
1463450 1693
1463460 1699
1463470 1699
1463480 1705
1463490 1710
1463500 1710
1463510 1716
1463520 1722
1463530 1722
1463540 1728
1463550 1734
1463560 1734
1463570 1741
1463580 1749
1463590 1749
1463600 1758
1463610 1767
1463620 1767
1463630 1773
1463640 1778
1463650 1778
1463660 1783
1463670 1788
1463680 1788
1463690 1793
1463700 1798
1463710 1804
1463720 1804
1463730 1808
1463740 1813
1463750 1813
1463760 1817
1463770 1822
1463780 1822
1463790 1826
1463800 1831
1463810 1831
1463820 1838
1463830 1844
1463840 1844
1463850 1850
1463860 1856
1463870 1856
1463880 1861
1463890 1867
1463900 1867
1463910 1872
1463920 1877
1463930 1877
1463940 1881
1463950 1886
1463960 1890
1463970 1890
1463980 1894
1463990 1899
1464000 1899
1464010 1904
1464020 1909
1464030 1909
1464040 1914
1464050 1919
1464060 1919
1464070 1923
1464080 1928
1464090 1928
1464100 1934
1464110 1939
1464120 1939
1464130 1944
1464140 1949
1464150 1949
1464160 1953
1464170 1958
1464180 1956
1464190 1962
1464200 1968
1464210 1974
1464220 1974
1464230 1979
1464240 1984
1464250 1984
1464260 1989
1464270 1994
1464280 1994
1464290 1999
1464300 2004
1464310 2004
1464320 2009
1464330 2013
1464340 2013
1464350 2017
1464360 2021
1464370 2021
1464380 2025
1464390 2029
1464400 2029
1464410 2033
1464420 2036
1464430 2036
1464440 2039
1464450 2041
1464460 2041
1464470 2044
1464480 2046
1464490 2048
1464500 2048
1464510 2050
1464520 2052
1464530 2052
1464540 2053
1464550 2054
1464560 2054
1464570 2055
1464580 2056
1464590 2056
1464600 2057
1464610 2057
1464620 2057
1464630 2058
1464640 2058
1464650 2058
1464660 2059
1464670 2059
1464680 2059
1464690 2059
1464700 2060
1464710 2060
1464720 2060
1464730 2061
1464740 2061
1464750 2061
1464760 2060
1464770 2059
1464780 2059
1464790 2059
1464800 2059
1464810 2059
1464820 2060
1464830 2061
1464840 2061
1464850 2060
1464860 2052
1464870 2052
1464880 2043
1464890 2035
1464900 2035
1464910 2025
1464920 2017
1464930 2017
1464940 2011
1464950 2006
1464960 2006
1464970 2000
1464980 1996
1464990 1996
1465000 1991
1465010 1986
1465020 1981
1465030 1981
1465040 1975
1465050 1972
1465060 1972
1465070 1968
1465080 1964
1465090 1964
1465100 1960
1465110 1955
1465120 1955
1465130 1948
1465140 1942
1465150 1942
1465160 1936
1465170 1932
1465180 1932
1465190 1926
1465200 1921
1465210 1921
1465220 1916
1465230 1910
1465240 1910
1465250 1904
1465260 1897
1465270 1893
1465280 1893
1465290 1887
1465300 1881
1465310 1881
1465320 1877
1465330 1872
1465340 1872
1465350 1870
1465360 1867
1465370 1867
1465380 1864
1465390 1861
1465400 1861
1465410 1860
1465420 1857
1465430 1857
1465440 1854
1465450 1851
1465460 1851
1465470 1848
1465480 1846
1465490 1846
1465500 1844
1465510 1842
1465520 1838
1465530 1838
1465540 1835
1465550 1830
1465560 1830
1465570 1827
1465580 1823
1465590 1823
1465600 1817
1465610 1812
1465620 1812
1465630 1807
1465640 1803
1465650 1803
1465660 1799
1465670 1796
1465680 1796
1465690 1793
1465700 1789
1465710 1789
1465720 1787
1465730 1784
1465740 1784
1465750 1780
1465760 1776
1465770 1776
1465780 1773
1465790 1770
1465800 1767
1465810 1767
1465820 1765
1465830 1763
1465840 1763
1465850 1761
1465860 1759
1465870 1759
1465880 1755
1465890 1752
1465900 1752
1465910 1748
1465920 1743
1465930 1743
1465940 1738
1465950 1733
1465960 1733
1465970 1729
1465980 1725
1465990 1725
1466000 1720
1466010 1715
1466020 1715
1466030 1710
1466040 1706
1466050 1703
1466060 1703
1466070 1699
1466080 1693
1466090 1693
1466100 1686
1466110 1678
1466120 1678
1466130 1672
1466140 1668
1466150 1668
1466160 1664
1466170 1660
1466180 1660
1466190 1657
1466200 1654
1466210 1654
1466220 1652
1466230 1649
1466240 1649
1466250 1645
1466260 1640
1466270 1640
1466280 1634
1466290 1630
1466300 1624
1466310 1624
1466320 1619
1466330 1613
1466340 1613
1466350 1605
1466360 1599
1466370 1599
1466380 1591
1466390 1584
1466400 1584
1466410 1577
1466420 1571
1466430 1571
1466440 1567
1466450 1562
1466460 1562
1466470 1556
1466480 1549
1466490 1549
1466500 1544
1466510 1541
1466520 1541
1466530 1538
1466540 1534
1466550 1534
1466560 1531
1466570 1528
1466580 1524
1466590 1524
1466600 1517
1466610 1509
1466620 1509
1466630 1502
1466640 1499
1466650 1499
1466660 1496
1466670 1492
1466680 1492
1466690 1489
1466700 1489
1466710 1489
1466720 1492
1466730 1496
1466740 1496
1466750 1497
1466760 1498
1466770 1498
1466780 1499
1466790 1498
1466800 1498
1466810 1497
1466820 1497
1466830 1499
1466840 1499
1466850 1499
1466860 1498
1466870 1498
1466880 1496
1466890 1496
1466900 1496
1466910 1497
1466920 1496
1466930 1496
1466940 1494
1466950 1495
1466960 1495
1466970 1495
1466980 1492
1466990 1492
1467000 1490
1467010 1488
1467020 1488
1467030 1487
1467040 1485
1467050 1485
1467060 1484
1467070 1482
1467080 1480
1467090 1480
1467100 1477
1467110 1474
1467120 1474
1467130 1471
1467140 1467
1467150 1467
1467160 1464
1467170 1460
1467180 1460
1467190 1456
1467200 1454
1467210 1454
1467220 1453
1467230 1452
1467240 1452
1467250 1451
1467260 1448
1467270 1448
1467280 1446
1467290 1443
1467300 1443
1467310 1440
1467320 1436
1467330 1436
1467340 1430
1467350 1424
1467360 1417
1467370 1417
1467380 1411
1467390 1406
1467400 1406
1467410 1401
1467420 1400
1467430 1400
1467440 1399
1467450 1396
1467460 1396
1467470 1392
1467480 1388
1467490 1388
1467500 1382
1467510 1376
1467520 1376
1467530 1371
1467540 1366
1467550 1366
1467560 1362
1467570 1357
1467580 1357
1467590 1352
1467600 1346
1467610 1338
1467620 1338
1467630 1335
1467640 1335
1467650 1335
1467660 1336
1467670 1335
1467680 1335
1467690 1339
1467700 1344
1467710 1344
1467720 1346
1467730 1348
1467740 1348
1467750 1351
1467760 1355
1467770 1355
1467780 1357
1467790 1358
1467800 1358
1467810 1358
1467820 1359
1467830 1359
1467840 1361
1467850 1363
1467860 1365
1467870 1365
1467880 1367
1467890 1370
1467900 1370
1467910 1371
1467920 1368
1467930 1368
1467940 1367
1467950 1366
1467960 1366
1467970 1366
1467980 1366
1467990 1366
1468000 1367
1468010 1368
1468020 1368
1468030 1369
1468040 1369
1468050 1369
1468060 1370
1468070 1371
1468080 1371
1468090 1372
1468100 1373
1468110 1373
1468120 1374
1468130 1375
1468140 1376
1468150 1376
1468160 1376
1468170 1376
1468180 1376
1468190 1376
1468200 1376
1468210 1376
1468220 1374
1468230 1372
1468240 1372
1468250 1367
1468260 1361
1468270 1361
1468280 1358
1468290 1357
1468300 1357
1468310 1356
1468320 1354
1468330 1354
1468340 1353
1468350 1350
1468360 1350
1468370 1348
1468380 1346
1468390 1343
1468400 1343
1468410 1341
1468420 1339
1468430 1339
1468440 1337
1468450 1337
1468460 1337
1468470 1336
1468480 1336
1468490 1336
1468500 1336
1468510 1333
1468520 1333
1468530 1329
1468540 1327
1468550 1327
1468560 1325
1468570 1323
1468580 1323
1468590 1321
1468600 1318
1468610 1318
1468620 1314
1468630 1312
1468640 1310
1468650 1310
1468660 1308
1468670 1305
1468680 1305
1468690 1302
1468700 1300
1468710 1300
1468720 1298
1468730 1296
1468740 1296
1468750 1295
1468760 1294
1468770 1294
1468780 1294
1468790 1294
1468800 1294
1468810 1293
1468820 1291
1468830 1291
1468840 1289
1468850 1287
1468860 1287
1468870 1284
1468880 1281
1468890 1281
1468900 1277
1468910 1274
1468920 1272
1468930 1272
1468940 1269
1468950 1268
1468960 1268
1468970 1267
1468980 1264
1468990 1264
1469000 1260
1469010 1258
1469020 1258
1469030 1255
1469040 1251
1469050 1251
1469060 1248
1469070 1246
1469080 1246
1469090 1244
1469100 1243
1469110 1243
1469120 1242
1469130 1241
1469140 1241
1469150 1242
1469160 1243
1469170 1244
1469180 1244
1469190 1244
1469200 1244
1469210 1244
1469220 1243
1469230 1242
1469240 1242
1469250 1240
1469260 1238
1469270 1238
1469280 1235
1469290 1232
1469300 1232
1469310 1228
1469320 1225
1469330 1225
1469340 1223
1469350 1222
1469360 1222
1469370 1220
1469380 1218
1469390 1218
1469400 1215
1469410 1213
1469420 1211
1469430 1211
1469440 1209
1469450 1207
1469460 1207
1469470 1205
1469480 1202
1469490 1202
1469500 1200
1469510 1197
1469520 1197
1469530 1195
1469540 1192
1469550 1192
1469560 1188
1469570 1185
1469580 1185
1469590 1181
1469600 1178
1469610 1178
1469620 1175
1469630 1173
1469640 1173
1469650 1170
1469660 1167
1469670 1167
1469680 1162
1469690 1154
1469700 1147
1469710 1147
1469720 1142
1469730 1139
1469740 1139
1469750 1136
1469760 1132
1469770 1132
1469780 1128
1469790 1123
1469800 1123
1469810 1118
1469820 1114
1469830 1114
1469840 1111
1469850 1108
1469860 1108
1469870 1104
1469880 1101
1469890 1101
1469900 1098
1469910 1095
1469920 1095
1469930 1093
1469940 1092
1469950 1091
1469960 1091
1469970 1089
1469980 1087
1469990 1087
1470000 1083
1470010 1077
1470020 1077
1470030 1072
1470040 1067
1470050 1067
1470060 1063
1470070 1058
1470080 1058
1470090 1055
1470100 1052
1470110 1052
1470120 1049
1470130 1048
1470140 1048
1470150 1045
1470160 1042
1470170 1042
1470180 1040
1470190 1037
1470200 1034
1470210 1034
1470220 1031
1470230 1029
1470240 1029
1470250 1028
1470260 1026
1470270 1026
1470280 1023
1470290 1021
1470300 1021
1470310 1018
1470320 1015
1470330 1015
1470340 1014
1470350 1010
1470360 1010
1470370 1002
1470380 994
1470390 994
1470400 987
1470410 981
1470420 981
1470430 976
1470440 970
1470450 970
1470460 965
1470470 960
1470480 955
1470490 955
1470500 951
1470510 947
1470520 947
1470530 943
1470540 939
1470550 939
1470560 935
1470570 930
1470580 930
1470590 926
1470600 921
1470610 921
1470620 917
1470630 913
1470640 913
1470650 909
1470660 904
1470670 904
1470680 900
1470690 895
1470700 895
1470710 889
1470720 883
1470730 876
1470740 876
1470750 871
1470760 867
1470770 867
1470780 863
1470790 858
1470800 858
1470810 853
1470820 848
1470830 848
1470840 842
1470850 836
1470860 836
1470870 830
1470880 827
1470890 827
1470900 825
1470910 827
1470920 827
1470930 833
1470940 840
1470950 840
1470960 842
1470970 844
1470980 848
1470990 848
1471000 852
1471010 856
1471020 856
1471030 860
1471040 864
1471050 864
1471060 868
1471070 871
1471080 871
1471090 874
1471100 876
1471110 876
1471120 880
1471130 882
1471140 882
1471150 885
1471160 890
1471170 890
1471180 896
1471190 902
1471200 902
1471210 908
1471220 914
1471230 914
1471240 918
1471250 921
1471260 923
1471270 923
1471280 927
1471290 934
1471300 934
1471310 940
1471320 943
1471330 943
1471340 950
1471350 957
1471360 957
1471370 961
1471380 965
1471390 965
1471400 968
1471410 971
1471420 971
1471430 973
1471440 975
1471450 975
1471460 976
1471470 976
1471480 976
1471490 975
1471500 974
1471510 974
1471520 974
1471530 975
1471540 977
1471550 977
1471560 979
1471570 982
1471580 982
1471590 984
1471600 987
1471610 987
1471620 989
1471630 991
1471640 991
1471650 994
1471660 997
1471670 997
1471680 999
1471690 1001
1471700 1001
1471710 1003
1471720 1005
1471730 1005
1471740 1006
1471750 1007
1471760 1009
1471770 1009
1471780 1011
1471790 1014
1471800 1014
1471810 1021
1471820 1028
1471830 1028
1471840 1034
1471850 1041
1471860 1041
1471870 1050
1471880 1061
1471890 1061
1471900 1068
1471910 1068
1471920 1068
1471930 1067
1471940 1072
1471950 1072
1471960 1072
1471970 1072
1471980 1072
1471990 1072
1472000 1075
1472010 1075
1472020 1076
1472030 1077
1472040 1078
1472050 1078
1472060 1079
1472070 1080
1472080 1080
1472090 1082
1472100 1084
1472110 1084
1472120 1086
1472130 1087
1472140 1087
1472150 1087
1472160 1088
1472170 1088
1472180 1089
1472190 1089
1472200 1089
1472210 1089
1472220 1088
1472230 1088
1472240 1087
1472250 1084
1472260 1084
1472270 1083
1472280 1084
1472290 1087
1472300 1087
1472310 1089
1472320 1091
1472330 1091
1472340 1093
1472350 1095
1472360 1095
1472370 1095
1472380 1093
1472390 1093
1472400 1094
1472410 1099
1472420 1099
1472430 1102
1472440 1104
1472450 1104
1472460 1104
1472470 1104
1472480 1104
1472490 1106
1472500 1109
1472510 1109
1472520 1110
1472530 1111
1472540 1111
1472550 1111
1472560 1112
1472570 1114
1472580 1114
1472590 1117
1472600 1119
1472610 1119
1472620 1120
1472630 1121
1472640 1121
1472650 1123
1472660 1125
1472670 1125
1472680 1127
1472690 1128
1472700 1128
1472710 1127
1472720 1126
1472730 1126
1472740 1126
1472750 1126
1472760 1126
1472770 1125
1472780 1124
1472790 1124
1472800 1124
1472810 1126
1472820 1127
1472830 1127
1472840 1129
1472850 1131
1472860 1131
1472870 1132
1472880 1133
1472890 1133
1472900 1134
1472910 1136
1472920 1136
1472930 1137
1472940 1137
1472950 1137
1472960 1138
1472970 1138
1472980 1138
1472990 1139
1473000 1139
1473010 1139
1473020 1139
1473030 1140
1473040 1140
1473050 1141
1473060 1142
1473070 1143
1473080 1143
1473090 1145
1473100 1146
1473110 1146
1473120 1146
1473130 1147
1473140 1147
1473150 1149
1473160 1152
1473170 1152
1473180 1155
1473190 1157
1473200 1157
1473210 1160
1473220 1162
1473230 1162
1473240 1165
1473250 1168
1473260 1168
1473270 1168
1473280 1169
1473290 1169
1473300 1170
1473310 1171
1473320 1171
1473330 1171
1473340 1172
1473350 1173
1473360 1173
1473370 1175
1473380 1178
1473390 1178
1473400 1180
1473410 1184
1473420 1184
1473430 1189
1473440 1195
1473450 1195
1473460 1200
1473470 1206
1473480 1206
1473490 1213
1473500 1218
1473510 1218
1473520 1224
1473530 1226
1473540 1226
1473550 1226
1473560 1224
1473570 1224
1473580 1221
1473590 1222
1473600 1219
1473610 1219
1473620 1216
1473630 1215
1473640 1215
1473650 1212
1473660 1212
1473670 1212
1473680 1211
1473690 1210
1473700 1210
1473710 1209
1473720 1206
1473730 1206
1473740 1204
1473750 1202
1473760 1202
1473770 1201
1473780 1202
1473790 1202
1473800 1203
1473810 1205
1473820 1205
1473830 1207
1473840 1209
1473850 1212
1473860 1212
1473870 1209
1473880 1208
1473890 1208
1473900 1208
1473910 1206
1473920 1206
1473930 1205
1473940 1205
1473950 1205
1473960 1200
1473970 1195
1473980 1195
1473990 1192
1474000 1190
1474010 1190
1474020 1188
1474030 1187
1474040 1187
1474050 1188
1474060 1189
1474070 1189
1474080 1188
1474090 1190
1474100 1192
1474110 1192
1474120 1192
1474130 1193
1474140 1193
1474150 1194
1474160 1194
1474170 1194
1474180 1195
1474190 1194
1474200 1194
1474210 1195
1474220 1195
1474230 1195
1474240 1198
1474250 1202
1474260 1202
1474270 1206
1474280 1209
1474290 1209
1474300 1210
1474310 1209
1474320 1209
1474330 1208
1474340 1209
1474350 1209
1474360 1211
1474370 1212
1474380 1214
1474390 1214
1474400 1217
1474410 1220
1474420 1220
1474430 1223
1474440 1226
1474450 1226
1474460 1230
1474470 1235
1474480 1235
1474490 1239
1474500 1243
1474510 1243
1474520 1249
1474530 1252
1474540 1252
1474550 1257
1474560 1261
1474570 1261
1474580 1266
1474590 1270
1474600 1270
1474610 1272
1474620 1277
1474630 1281
1474640 1281
1474650 1285
1474660 1291
1474670 1291
1474680 1296
1474690 1301
1474700 1301
1474710 1307
1474720 1314
1474730 1314
1474740 1320
1474750 1325
1474760 1325
1474770 1331
1474780 1337
1474790 1337
1474800 1344
1474810 1352
1474820 1352
1474830 1360
1474840 1366
1474850 1366
1474860 1369
1474870 1372
1474880 1376
1474890 1376
1474900 1379
1474910 1383
1474920 1383
1474930 1386
1474940 1390
1474950 1390
1474960 1393
1474970 1397
1474980 1397
1474990 1401
1475000 1405
1475010 1405
1475020 1409
1475030 1412
1475040 1412
1475050 1415
1475060 1418
1475070 1418
1475080 1422
1475090 1424
1475100 1424
1475110 1427
1475120 1429
1475130 1429
1475140 1432
1475150 1434
1475160 1437
1475170 1437
1475180 1440
1475190 1442
1475200 1442
1475210 1445
1475220 1446
1475230 1446
1475240 1446
1475250 1447
1475260 1447
1475270 1447
1475280 1450
1475290 1450
1475300 1454
1475310 1459
1475320 1459
1475330 1463
1475340 1466
1475350 1466
1475360 1471
1475370 1475
1475380 1475
1475390 1477
1475400 1481
1475410 1485
1475420 1485
1475430 1489
1475440 1493
1475450 1493
1475460 1497
1475470 1499
1475480 1499
1475490 1501
1475500 1503
1475510 1503
1475520 1507
1475530 1513
1475540 1513
1475550 1519
1475560 1524
1475570 1524
1475580 1529
1475590 1534
1475600 1534
1475610 1538
1475620 1544
1475630 1544
1475640 1549
1475650 1553
1475660 1556
1475670 1556
1475680 1559
1475690 1563
1475700 1563
1475710 1567
1475720 1571
1475730 1571
1475740 1575
1475750 1580
1475760 1580
1475770 1585
1475780 1590
1475790 1590
1475800 1594
1475810 1599
1475820 1599
1475830 1603
1475840 1608
1475850 1608
1475860 1613
1475870 1618
1475880 1618
1475890 1623
1475900 1628
1475910 1628
1475920 1632
1475930 1636
1475940 1641
1475950 1641
1475960 1646
1475970 1651
1475980 1651
1475990 1656
1476000 1660
1476010 1660
1476020 1664
1476030 1667
1476040 1667
1476050 1670
1476060 1673
1476070 1673
1476080 1677
1476090 1679
1476100 1679
1476110 1680
1476120 1680
1476130 1680
1476140 1678
1476150 1674
1476160 1674
1476170 1669
1476180 1665
1476190 1660
1476200 1660
1476210 1655
1476220 1650
1476230 1650
1476240 1647
1476250 1646
1476260 1646
1476270 1646
1476280 1645
1476290 1645
1476300 1644
1476310 1645
1476320 1645
1476330 1647
1476340 1649
1476350 1649
1476360 1650
1476370 1653
1476380 1653
1476390 1658
1476400 1661
1476410 1661
1476420 1664
1476430 1666
1476440 1668
1476450 1668
1476460 1669
1476470 1671
1476480 1671
1476490 1672
1476500 1673
1476510 1673
1476520 1674
1476530 1675
1476540 1675
1476550 1676
1476560 1677
1476570 1677
1476580 1678
1476590 1678
1476600 1678
1476610 1678
1476620 1675
1476630 1675
1476640 1670
1476650 1665
1476660 1665
1476670 1662
1476680 1659
1476690 1659
1476700 1658
1476710 1657
1476720 1660
1476730 1660
1476740 1663
1476750 1665
1476760 1665
1476770 1672
1476780 1679
1476790 1679
1476800 1683
1476810 1687
1476820 1687
1476830 1691
1476840 1695
1476850 1695
1476860 1700
1476870 1704
1476880 1704
1476890 1709
1476900 1712
1476910 1712
1476920 1716
1476930 1719
1476940 1719
1476950 1723
1476960 1725
1476970 1730
1476980 1730
1476990 1734
1477000 1737
1477010 1737
1477020 1739
1477030 1743
1477040 1743
1477050 1746
1477060 1750
1477070 1750
1477080 1754
1477090 1757
1477100 1757
1477110 1759
1477120 1762
1477130 1762
1477140 1764
1477150 1766
1477160 1766
1477170 1769
1477180 1771
1477190 1771
1477200 1772
1477210 1774
1477220 1776
1477230 1776
1477240 1777
1477250 1777
1477260 1777
1477270 1776
1477280 1775
1477290 1775
1477300 1774
1477310 1774
1477320 1774
1477330 1772
1477340 1771
1477350 1771
1477360 1770
1477370 1772
1477380 1772
1477390 1776
1477400 1781
1477410 1781
1477420 1784
1477430 1788
1477440 1788
1477450 1791
1477460 1795
1477470 1795
1477480 1799
1477490 1804
1477500 1807
1477510 1807
1477520 1811
1477530 1814
1477540 1814
1477550 1817
1477560 1821
1477570 1821
1477580 1824
1477590 1828
1477600 1828
1477610 1832
1477620 1835
1477630 1835
1477640 1839
1477650 1843
1477660 1843
1477670 1846
1477680 1850
1477690 1850
1477700 1854
1477710 1857
1477720 1857
1477730 1861
1477740 1865
1477750 1869
1477760 1869
1477770 1873
1477780 1877
1477790 1877
1477800 1880
1477810 1884
1477820 1884
1477830 1888
1477840 1892
1477850 1892
1477860 1896
1477870 1899
1477880 1899
1477890 1902
1477900 1905
1477910 1905
1477920 1907
1477930 1908
1477940 1908
1477950 1908
1477960 1908
1477970 1908
1477980 1907
1477990 1905
1478000 1903
1478010 1903
1478020 1900
1478030 1897
1478040 1897
1478050 1893
1478060 1888
1478070 1888
1478080 1882
1478090 1876
1478100 1876
1478110 1870
1478120 1864
1478130 1864
1478140 1857
1478150 1851
1478160 1851
1478170 1846
1478180 1841
1478190 1841
1478200 1836
1478210 1831
1478220 1831
1478230 1827
1478240 1822
1478250 1822
1478260 1817
1478270 1813
1478280 1809
1478290 1809
1478300 1805
1478310 1801
1478320 1801
1478330 1797
1478340 1792
1478350 1792
1478360 1786
1478370 1779
1478380 1779
1478390 1772
1478400 1769
1478410 1769
1478420 1766
1478430 1761
1478440 1761
1478450 1756
1478460 1752
1478470 1752
1478480 1750
1478490 1747
1478500 1747
1478510 1743
1478520 1741
1478530 1743
1478540 1743
1478550 1742
1478560 1741
1478570 1741
1478580 1739
1478590 1735
1478600 1735
1478610 1734
1478620 1734
1478630 1734
1478640 1733
1478650 1732
1478660 1732
1478670 1731
1478680 1730
1478690 1730
1478700 1728
1478710 1726
1478720 1726
1478730 1724
1478740 1722
1478750 1722
1478760 1720
1478770 1717
1478780 1713
1478790 1713
1478800 1709
1478810 1706
1478820 1706
1478830 1703
1478840 1700
1478850 1700
1478860 1697
1478870 1694
1478880 1694
1478890 1691
1478900 1690
1478910 1690
1478920 1687
1478930 1683
1478940 1683
1478950 1679
1478960 1676
1478970 1676
1478980 1674
1478990 1673
1479000 1673
1479010 1672
1479020 1670
1479030 1670
1479040 1667
1479050 1665
1479060 1665
1479070 1665
1479080 1664
1479090 1662
1479100 1662
1479110 1661
1479120 1658
1479130 1658
1479140 1656
1479150 1654
1479160 1654
1479170 1652
1479180 1648
1479190 1648
1479200 1643
1479210 1639
1479220 1639
1479230 1634
1479240 1628
1479250 1628
1479260 1622
1479270 1615
1479280 1615
1479290 1608
1479300 1600
1479310 1593
1479320 1593
1479330 1586
1479340 1580
1479350 1580
1479360 1573
1479370 1565
1479380 1565
1479390 1559
1479400 1552
1479410 1552
1479420 1544
1479430 1537
1479440 1537
1479450 1530
1479460 1522
1479470 1522
1479480 1515
1479490 1511
1479500 1511
1479510 1507
1479520 1501
1479530 1501
1479540 1496
1479550 1491
1479560 1486
1479570 1486
1479580 1480
1479590 1475
1479600 1475
1479610 1470
1479620 1465
1479630 1465
1479640 1461
1479650 1455
1479660 1455
1479670 1449
1479680 1444
1479690 1444
1479700 1438
1479710 1431
1479720 1431
1479730 1427
1479740 1426
1479750 1426
1479760 1426
1479770 1427
1479780 1427
1479790 1429
1479800 1433
1479810 1433
1479820 1434
1479830 1434
1479840 1434
1479850 1434
1479860 1434
1479870 1436
1479880 1436
1479890 1439
1479900 1439
1479910 1439
1479920 1440
1479930 1441
1479940 1441
1479950 1442
1479960 1446
1479970 1446
1479980 1447
1479990 1447
