1460000 687
1460010 690
1460020 694
1460030 694
1460040 696
1460050 697
1460060 697
1460070 698
1460080 700
1460090 700
1460100 702
1460110 704
1460120 704
1460130 706
1460140 708
1460150 710
1460160 710
1460170 711
1460180 713
1460190 713
1460200 715
1460210 716
1460220 716
1460230 718
1460240 719
1460250 719
1460260 720
1460270 723
1460280 723
1460290 726
1460300 729
1460310 729
1460320 730
1460330 731
1460340 731
1460350 732
1460360 732
1460370 732
1460380 733
1460390 735
1460400 735
1460410 739
1460420 742
1460430 745
1460440 745
1460450 747
1460460 749
1460470 749
1460480 751
1460490 754
1460500 754
1460510 755
1460520 756
1460530 756
1460540 757
1460550 757
1460560 757
1460570 758
1460580 759
1460590 759
1460600 760
1460610 761
1460620 761
1460630 763
1460640 764
1460650 764
1460660 765
1460670 766
1460680 767
1460690 767
1460700 768
1460710 769
1460720 769
1460730 769
1460740 772
1460750 772
1460760 774
1460770 778
1460780 778
1460790 780
1460800 782
1460810 782
1460820 784
1460830 785
1460840 785
1460850 787
1460860 788
1460870 788
1460880 788
1460890 789
1460900 789
1460910 790
1460920 792
1460930 792
1460940 795
1460950 797
1460960 799
1460970 799
1460980 800
1460990 801
1461000 801
1461010 801
1461020 801
1461030 801
1461040 803
1461050 804
1461060 804
1461070 806
1461080 806
1461090 806
1461100 807
1461110 807
1461120 807
1461130 807
1461140 809
1461150 809
1461160 811
1461170 812
1461180 812
1461190 812
1461200 811
1461210 811
1461220 810
1461230 810
1461240 810
1461250 810
1461260 811
1461270 811
1461280 811
1461290 811
1461300 808
1461310 808
1461320 803
1461330 790
1461340 790
1461350 777
1461360 767
1461370 767
1461380 768
1461390 781
1461400 781
1461410 793
1461420 800
1461430 800
1461440 808
1461450 815
1461460 815
1461470 823
1461480 830
1461490 836
1461500 836
1461510 841
1461520 846
1461530 846
1461540 849
1461550 851
1461560 851
1461570 851
1461580 851
1461590 851
1461600 852
1461610 852
1461620 852
1461630 852
1461640 853
1461650 853
1461660 854
1461670 854
1461680 854
1461690 854
1461700 853
1461710 853
1461720 853
1461730 855
1461740 855
1461750 857
1461760 859
1461770 860
1461780 860
1461790 861
1461800 864
1461810 864
1461820 868
1461830 872
1461840 872
1461850 875
1461860 877
1461870 877
1461880 879
1461890 880
1461900 880
1461910 881
1461920 882
1461930 882
1461940 884
1461950 885
1461960 885
1461970 886
1461980 886
1461990 886
1462000 887
1462010 890
1462020 892
1462030 892
1462040 894
1462050 896
1462060 896
1462070 899
1462080 902
1462090 902
1462100 903
1462110 904
1462120 904
1462130 902
1462140 900
1462150 900
1462160 904
1462170 914
1462180 914
1462190 921
1462200 926
1462210 926
1462220 929
1462230 932
1462240 932
1462250 935
1462260 937
1462270 937
1462280 940
1462290 943
1462300 947
1462310 947
1462320 950
1462330 951
1462340 951
1462350 954
1462360 957
1462370 957
1462380 960
1462390 963
1462400 963
1462410 966
1462420 968
1462430 968
1462440 971
1462450 974
1462460 974
1462470 976
1462480 979
1462490 979
1462500 981
1462510 985
1462520 985
1462530 988
1462540 992
1462550 996
1462560 996
1462570 998
1462580 999
1462590 999
1462600 1000
1462610 1002
1462620 1002
1462630 1005
1462640 1007
1462650 1007
1462660 1008
1462670 1005
1462680 1005
1462690 1000
1462700 994
1462710 994
1462720 989
1462730 985
1462740 985
1462750 983
1462760 981
1462770 981
1462780 978
1462790 973
1462800 973
1462810 972
1462820 977
1462830 985
1462840 985
1462850 994
1462860 1002
1462870 1002
1462880 1010
1462890 1017
1462900 1017
1462910 1024
1462920 1030
1462930 1030
1462940 1037
1462950 1043
1462960 1043
1462970 1050
1462980 1056
1462990 1056
1463000 1064
1463010 1073
1463020 1073
1463030 1080
1463040 1086
1463050 1086
1463060 1091
1463070 1096
1463080 1096
1463090 1100
1463100 1102
1463110 1104
1463120 1104
1463130 1105
1463140 1107
1463150 1107
1463160 1109
1463170 1109
1463180 1109
1463190 1111
1463200 1114
1463210 1114
1463220 1115
1463230 1117
1463240 1117
1463250 1120
1463260 1124
1463270 1124
1463280 1127
1463290 1132
1463300 1132
1463310 1138
1463320 1142
1463330 1142
1463340 1145
1463350 1147
1463360 1149
1463370 1149
1463380 1151
1463390 1153
1463400 1153
1463410 1154
1463420 1155
1463430 1155
1463440 1157
1463450 1159
1463460 1159
1463470 1161
1463480 1163
1463490 1163
1463500 1165
1463510 1167
1463520 1167
1463530 1168
1463540 1170
1463550 1170
1463560 1171
1463570 1173
1463580 1173
1463590 1174
1463600 1176
1463610 1176
1463620 1177
1463630 1178
1463640 1179
1463650 1179
1463660 1180
1463670 1180
1463680 1180
1463690 1181
1463700 1181
1463710 1181
1463720 1181
1463730 1181
1463740 1181
1463750 1181
1463760 1180
1463770 1180
1463780 1179
1463790 1179
1463800 1179
1463810 1178
1463820 1178
1463830 1178
1463840 1179
1463850 1179
1463860 1179
1463870 1178
1463880 1179
1463890 1183
1463900 1183
1463910 1186
1463920 1187
1463930 1187
1463940 1188
1463950 1189
1463960 1189
1463970 1189
1463980 1190
1463990 1190
1464000 1189
1464010 1188
1464020 1188
1464030 1186
1464040 1182
1464050 1182
1464060 1175
1464070 1170
1464080 1170
1464090 1173
1464100 1182
1464110 1182
1464120 1193
1464130 1202
1464140 1202
1464150 1210
1464160 1216
1464170 1220
1464180 1220
1464190 1224
1464200 1227
1464210 1227
1464220 1230
1464230 1233
1464240 1233
1464250 1237
1464260 1241
1464270 1241
1464280 1245
1464290 1248
1464300 1248
1464310 1251
1464320 1254
1464330 1254
1464340 1256
1464350 1259
1464360 1259
1464370 1261
1464380 1263
1464390 1263
1464400 1264
1464410 1266
1464420 1266
1464430 1269
1464440 1271
1464450 1273
1464460 1273
1464470 1274
1464480 1274
1464490 1274
1464500 1274
1464510 1275
1464520 1275
1464530 1275
1464540 1275
1464550 1275
1464560 1275
1464570 1275
1464580 1275
1464590 1274
1464600 1275
1464610 1275
1464620 1275
1464630 1275
1464640 1275
1464650 1275
1464660 1275
1464670 1275
1464680 1276
1464690 1277
1464700 1279
1464710 1279
1464720 1280
1464730 1281
1464740 1281
1464750 1284
1464760 1287
1464770 1287
1464780 1290
1464790 1293
1464800 1293
1464810 1297
1464820 1300
1464830 1300
1464840 1302
1464850 1304
1464860 1304
1464870 1307
1464880 1308
1464890 1308
1464900 1310
1464910 1312
1464920 1312
1464930 1313
1464940 1314
1464950 1314
1464960 1315
1464970 1315
1464980 1314
1464990 1314
1465000 1313
1465010 1312
1465020 1312
1465030 1311
1465040 1311
1465050 1311
1465060 1311
1465070 1311
1465080 1311
1465090 1313
1465100 1314
1465110 1314
1465120 1316
1465130 1317
1465140 1317
1465150 1317
1465160 1317
1465170 1317
1465180 1317
1465190 1316
1465200 1316
1465210 1316
1465220 1315
1465230 1318
1465240 1318
1465250 1318
1465260 1318
1465270 1318
1465280 1317
1465290 1315
1465300 1315
1465310 1314
1465320 1312
1465330 1312
1465340 1309
1465350 1306
1465360 1306
1465370 1302
1465380 1299
1465390 1299
1465400 1296
1465410 1293
1465420 1293
1465430 1289
1465440 1284
1465450 1284
1465460 1277
1465470 1270
1465480 1270
1465490 1261
1465500 1252
1465510 1244
1465520 1244
1465530 1234
1465540 1223
1465550 1223
1465560 1214
1465570 1207
1465580 1207
1465590 1196
1465600 1180
1465610 1180
1465620 1175
1465630 1184
1465640 1184
1465650 1193
1465660 1200
1465670 1200
1465680 1206
1465690 1212
1465700 1212
1465710 1218
1465720 1225
1465730 1225
1465740 1229
1465750 1230
1465760 1230
1465770 1230
1465780 1229
1465790 1221
1465800 1221
1465810 1212
1465820 1203
1465830 1203
1465840 1194
1465850 1194
1465860 1194
1465870 1199
1465880 1202
1465890 1202
1465900 1207
1465910 1204
1465920 1204
1465930 1198
1465940 1204
1465950 1204
1465960 1211
1465970 1217
1465980 1217
1465990 1218
1466000 1213
1466010 1213
1466020 1208
1466030 1205
1466040 1202
1466050 1202
1466060 1199
1466070 1195
1466080 1195
1466090 1194
1466100 1197
1466110 1197
1466120 1202
1466130 1206
1466140 1206
1466150 1211
1466160 1216
1466170 1216
1466180 1224
1466190 1232
1466200 1232
1466210 1240
1466220 1247
1466230 1247
1466240 1253
1466250 1258
1466260 1258
1466270 1263
1466280 1266
1466290 1266
1466300 1268
1466310 1270
1466320 1272
1466330 1272
1466340 1274
1466350 1275
1466360 1275
1466370 1277
1466380 1278
1466390 1278
1466400 1281
1466410 1283
1466420 1283
1466430 1284
1466440 1286
1466450 1286
1466460 1289
1466470 1292
1466480 1292
1466490 1295
1466500 1298
1466510 1298
1466520 1300
1466530 1302
1466540 1302
1466550 1305
1466560 1308
1466570 1311
1466580 1311
1466590 1314
1466600 1316
1466610 1316
1466620 1319
1466630 1321
1466640 1321
1466650 1322
1466660 1324
1466670 1324
1466680 1327
1466690 1330
1466700 1330
1466710 1333
1466720 1336
1466730 1336
1466740 1338
1466750 1339
1466760 1339
1466770 1341
1466780 1344
1466790 1344
1466800 1346
1466810 1350
1466820 1350
1466830 1354
1466840 1357
1466850 1360
1466860 1360
1466870 1362
1466880 1361
1466890 1361
1466900 1356
1466910 1351
1466920 1351
1466930 1345
1466940 1336
1466950 1336
1466960 1327
1466970 1318
1466980 1318
1466990 1309
1467000 1300
1467010 1300
1467020 1289
1467030 1277
1467040 1277
1467050 1268
1467060 1258
1467070 1258
1467080 1249
1467090 1239
1467100 1239
1467110 1231
1467120 1223
1467130 1215
1467140 1215
1467150 1208
1467160 1201
1467170 1201
1467180 1194
1467190 1187
1467200 1187
1467210 1180
1467220 1173
1467230 1173
1467240 1167
1467250 1160
1467260 1160
1467270 1154
1467280 1147
1467290 1147
1467300 1141
1467310 1136
1467320 1136
1467330 1130
1467340 1123
1467350 1123
1467360 1115
1467370 1107
1467380 1100
1467390 1100
1467400 1103
1467410 1107
1467420 1107
1467430 1110
1467440 1113
1467450 1113
1467460 1114
1467470 1116
1467480 1116
1467490 1120
1467500 1124
1467510 1124
1467520 1129
1467530 1133
1467540 1133
1467550 1137
1467560 1140
1467570 1140
1467580 1143
1467590 1147
1467600 1147
1467610 1152
1467620 1157
1467630 1157
1467640 1163
1467650 1170
1467660 1177
1467670 1177
1467680 1184
1467690 1190
1467700 1190
1467710 1195
1467720 1201
1467730 1201
1467740 1207
1467750 1214
1467760 1214
1467770 1221
1467780 1229
1467790 1229
1467800 1237
1467810 1243
1467820 1243
1467830 1249
1467840 1256
1467850 1256
1467860 1267
1467870 1289
1467880 1289
1467890 1307
1467900 1314
1467910 1318
1467920 1318
1467930 1319
1467940 1320
1467950 1320
1467960 1320
1467970 1313
1467980 1313
1467990 1306
1468000 1295
1468010 1295
1468020 1280
1468030 1268
1468040 1268
1468050 1258
1468060 1245
1468070 1245
1468080 1236
1468090 1229
1468100 1229
1468110 1222
1468120 1216
1468130 1216
1468140 1211
1468150 1205
1468160 1205
1468170 1204
1468180 1202
1468190 1201
1468200 1201
1468210 1200
1468220 1197
1468230 1197
1468240 1193
1468250 1187
1468260 1187
1468270 1183
1468280 1179
1468290 1179
1468300 1175
1468310 1171
1468320 1171
1468330 1167
1468340 1163
1468350 1163
1468360 1159
1468370 1155
1468380 1155
1468390 1151
1468400 1148
1468410 1148
1468420 1147
1468430 1145
1468440 1145
1468450 1143
1468460 1142
1468470 1140
1468480 1140
1468490 1139
1468500 1136
1468510 1136
1468520 1132
1468530 1129
1468540 1129
1468550 1124
1468560 1119
1468570 1119
1468580 1114
1468590 1109
1468600 1109
1468610 1104
1468620 1098
1468630 1098
1468640 1093
1468650 1088
1468660 1088
1468670 1082
1468680 1076
1468690 1076
1468700 1070
1468710 1064
1468720 1057
1468730 1057
1468740 1050
1468750 1044
1468760 1044
1468770 1038
1468780 1032
1468790 1032
1468800 1024
1468810 1016
1468820 1016
1468830 1008
1468840 997
1468850 997
1468860 991
1468870 986
1468880 986
1468890 981
1468900 975
1468910 975
1468920 970
1468930 965
1468940 965
1468950 959
1468960 954
1468970 954
1468980 949
1468990 942
1469000 940
1469010 940
1469020 939
1469030 935
1469040 935
1469050 930
1469060 924
1469070 924
1469080 918
1469090 912
1469100 912
1469110 907
1469120 901
1469130 901
1469140 896
1469150 888
1469160 888
1469170 879
1469180 870
1469190 870
1469200 861
1469210 853
1469220 853
1469230 845
1469240 837
1469250 828
1469260 828
1469270 817
1469280 806
1469290 806
1469300 798
1469310 787
1469320 787
1469330 780
1469340 777
1469350 777
1469360 773
1469370 763
1469380 763
1469390 753
1469400 743
1469410 743
1469420 735
1469430 723
1469440 723
1469450 701
1469460 687
1469470 687
1469480 687
1469490 700
1469500 700
1469510 729
1469520 747
1469530 760
1469540 760
1469550 783
1469560 795
1469570 795
1469580 804
1469590 811
1469600 811
1469610 818
1469620 826
1469630 826
1469640 833
1469650 840
1469660 840
1469670 847
1469680 853
1469690 853
1469700 860
1469710 867
1469720 867
1469730 875
1469740 883
1469750 883
1469760 890
1469770 897
1469780 904
1469790 904
1469800 912
1469810 921
1469820 921
1469830 931
1469840 945
1469850 945
1469860 956
1469870 966
1469880 966
1469890 975
1469900 984
1469910 984
1469920 991
1469930 1000
1469940 1000
1469950 1008
1469960 1012
1469970 1012
1469980 1016
1469990 1020
1470000 1020
1470010 1026
1470020 1033
1470030 1033
1470040 1041
1470050 1049
1470060 1067
1470070 1067
1470080 1080
1470090 1088
1470100 1088
1470110 1094
1470120 1103
1470130 1103
1470140 1114
1470150 1123
1470160 1123
1470170 1128
1470180 1130
1470190 1130
1470200 1137
1470210 1144
1470220 1144
1470230 1150
1470240 1155
1470250 1155
1470260 1160
1470270 1165
1470280 1165
1470290 1172
1470300 1178
1470310 1178
1470320 1186
1470330 1193
1470340 1201
1470350 1201
1470360 1210
1470370 1218
1470380 1218
1470390 1224
1470400 1232
1470410 1232
1470420 1239
1470430 1247
1470440 1247
1470450 1256
1470460 1269
1470470 1269
1470480 1281
1470490 1290
1470500 1290
1470510 1296
1470520 1297
1470530 1297
1470540 1298
1470550 1300
1470560 1300
1470570 1300
1470580 1302
1470590 1304
1470600 1304
1470610 1306
1470620 1308
1470630 1308
1470640 1312
1470650 1316
1470660 1316
1470670 1320
1470680 1322
1470690 1322
1470700 1326
1470710 1331
1470720 1331
1470730 1338
1470740 1344
1470750 1344
1470760 1351
1470770 1355
1470780 1355
1470790 1356
1470800 1358
1470810 1358
1470820 1359
1470830 1361
1470840 1361
1470850 1362
1470860 1363
1470870 1364
1470880 1364
1470890 1364
1470900 1363
1470910 1363
1470920 1360
1470930 1355
1470940 1355
1470950 1350
1470960 1346
1470970 1346
1470980 1340
1470990 1334
1471000 1334
1471010 1329
1471020 1324
1471030 1324
1471040 1320
1471050 1318
1471060 1318
1471070 1317
1471080 1316
1471090 1316
1471100 1314
1471110 1312
1471120 1310
1471130 1310
1471140 1306
1471150 1301
1471160 1301
1471170 1296
1471180 1291
1471190 1291
1471200 1287
1471210 1283
1471220 1283
1471230 1279
1471240 1274
1471250 1274
1471260 1271
1471270 1267
1471280 1267
1471290 1262
1471300 1260
1471310 1260
1471320 1258
1471330 1255
1471340 1255
1471350 1254
1471360 1253
1471370 1253
1471380 1254
1471390 1255
1471400 1257
1471410 1257
1471420 1261
1471430 1265
1471440 1265
1471450 1269
1471460 1270
1471470 1270
1471480 1271
1471490 1270
1471500 1270
1471510 1269
1471520 1267
1471530 1267
1471540 1265
1471550 1261
1471560 1261
1471570 1260
1471580 1262
1471590 1262
1471600 1262
1471610 1256
1471620 1256
1471630 1251
1471640 1246
1471650 1246
1471660 1245
1471670 1251
1471680 1258
1471690 1258
1471700 1265
1471710 1271
1471720 1271
1471730 1277
1471740 1283
1471750 1283
1471760 1289
1471770 1291
1471780 1291
1471790 1292
1471800 1294
1471810 1294
1471820 1296
1471830 1297
1471840 1297
1471850 1298
1471860 1300
1471870 1300
1471880 1302
1471890 1303
1471900 1303
1471910 1304
1471920 1306
1471930 1308
1471940 1308
1471950 1310
1471960 1313
1471970 1313
1471980 1316
1471990 1317
1472000 1317
1472010 1320
1472020 1323
1472030 1323
1472040 1326
1472050 1330
1472060 1330
1472070 1335
1472080 1339
1472090 1339
1472100 1343
1472110 1346
1472120 1346
1472130 1349
1472140 1351
1472150 1351
1472160 1355
1472170 1360
1472180 1360
1472190 1366
1472200 1371
1472210 1377
1472220 1377
1472230 1383
1472240 1388
1472250 1388
1472260 1391
1472270 1395
1472280 1395
1472290 1399
1472300 1404
1472310 1404
1472320 1407
1472330 1411
1472340 1411
1472350 1416
1472360 1420
1472370 1420
1472380 1423
1472390 1427
1472400 1427
1472410 1431
1472420 1435
1472430 1435
1472440 1438
1472450 1442
1472460 1445
1472470 1445
1472480 1447
1472490 1450
1472500 1450
1472510 1454
1472520 1458
1472530 1458
1472540 1462
1472550 1465
1472560 1465
1472570 1469
1472580 1473
1472590 1473
1472600 1476
1472610 1479
1472620 1479
1472630 1483
1472640 1486
1472650 1486
1472660 1489
1472670 1491
1472680 1491
1472690 1495
1472700 1498
1472710 1498
1472720 1501
1472730 1504
1472740 1506
1472750 1506
1472760 1509
1472770 1511
1472780 1511
1472790 1514
1472800 1517
1472810 1517
1472820 1521
1472830 1524
1472840 1524
1472850 1527
1472860 1530
1472870 1530
1472880 1532
1472890 1535
1472900 1535
1472910 1538
1472920 1542
1472930 1542
1472940 1545
1472950 1549
1472960 1549
1472970 1552
1472980 1556
1472990 1559
1473000 1559
1473010 1561
1473020 1564
1473030 1564
1473040 1567
1473050 1569
1473060 1569
1473070 1572
1473080 1575
1473090 1575
1473100 1579
1473110 1581
1473120 1581
1473130 1584
1473140 1589
1473150 1589
1473160 1593
1473170 1598
1473180 1598
1473190 1604
1473200 1609
1473210 1609
1473220 1614
1473230 1618
1473240 1618
1473250 1623
1473260 1629
1473270 1634
1473280 1634
1473290 1639
1473300 1644
1473310 1644
1473320 1649
1473330 1654
1473340 1654
1473350 1659
1473360 1664
1473370 1664
1473380 1669
1473390 1674
1473400 1674
1473410 1678
1473420 1681
1473430 1681
1473440 1686
1473450 1691
1473460 1691
1473470 1695
1473480 1700
1473490 1700
1473500 1705
1473510 1709
1473520 1709
1473530 1714
1473540 1719
1473550 1724
1473560 1724
1473570 1730
1473580 1735
1473590 1735
1473600 1739
1473610 1744
1473620 1744
1473630 1748
1473640 1750
1473650 1750
1473660 1750
1473670 1750
1473680 1750
1473690 1750
1473700 1749
1473710 1749
1473720 1747
1473730 1742
1473740 1742
1473750 1737
1473760 1731
1473770 1731
1473780 1726
1473790 1721
1473800 1717
1473810 1717
1473820 1713
1473830 1710
1473840 1710
1473850 1706
1473860 1703
1473870 1703
1473880 1699
1473890 1695
1473900 1695
1473910 1691
1473920 1688
1473930 1688
1473940 1684
1473950 1681
1473960 1681
1473970 1677
1473980 1675
1473990 1675
1474000 1673
1474010 1671
1474020 1671
1474030 1670
1474040 1669
1474050 1669
1474060 1667
1474070 1666
1474080 1665
1474090 1665
1474100 1664
1474110 1663
1474120 1663
1474130 1661
1474140 1659
1474150 1659
1474160 1656
1474170 1654
1474180 1654
1474190 1654
1474200 1654
1474210 1654
1474220 1650
1474230 1646
1474240 1646
1474250 1641
1474260 1639
1474270 1639
1474280 1638
1474290 1636
1474300 1636
1474310 1635
1474320 1633
1474330 1630
1474340 1630
1474350 1629
1474360 1627
1474370 1627
1474380 1626
1474390 1625
1474400 1625
1474410 1624
1474420 1622
1474430 1622
1474440 1621
1474450 1620
1474460 1620
1474470 1620
1474480 1621
1474490 1621
1474500 1621
1474510 1622
1474520 1622
1474530 1625
1474540 1627
1474550 1627
1474560 1629
1474570 1630
1474580 1630
1474590 1631
1474600 1631
1474610 1632
1474620 1632
1474630 1632
1474640 1632
1474650 1632
1474660 1632
1474670 1632
1474680 1632
1474690 1632
1474700 1631
1474710 1631
1474720 1630
1474730 1629
1474740 1629
1474750 1628
1474760 1627
1474770 1627
1474780 1627
1474790 1626
1474800 1626
1474810 1624
1474820 1622
1474830 1622
1474840 1619
1474850 1617
1474860 1614
1474870 1614
1474880 1612
1474890 1611
1474900 1611
1474910 1611
1474920 1610
1474930 1610
1474940 1610
1474950 1611
1474960 1611
1474970 1611
1474980 1610
1474990 1610
1475000 1610
1475010 1610
1475020 1610
1475030 1610
1475040 1610
1475050 1610
1475060 1611
1475070 1612
1475080 1612
1475090 1613
1475100 1614
1475110 1614
1475120 1615
1475130 1616
1475140 1617
1475150 1617
1475160 1619
1475170 1624
1475180 1624
1475190 1630
1475200 1637
1475210 1637
1475220 1643
1475230 1649
1475240 1649
1475250 1655
1475260 1660
1475270 1660
1475280 1665
1475290 1669
1475300 1669
1475310 1673
1475320 1678
1475330 1678
1475340 1682
1475350 1687
1475360 1687
1475370 1691
1475380 1695
1475390 1695
1475400 1699
1475410 1702
1475420 1704
1475430 1704
1475440 1706
1475450 1708
1475460 1708
1475470 1711
1475480 1713
1475490 1713
1475500 1715
1475510 1716
1475520 1716
1475530 1719
1475540 1722
1475550 1722
1475560 1725
1475570 1726
1475580 1726
1475590 1729
1475600 1732
1475610 1732
1475620 1735
1475630 1740
1475640 1740
1475650 1744
1475660 1748
1475670 1751
1475680 1751
1475690 1754
1475700 1757
1475710 1757
1475720 1761
1475730 1764
1475740 1764
1475750 1767
1475760 1770
1475770 1770
1475780 1773
1475790 1776
1475800 1776
1475810 1780
1475820 1783
1475830 1783
1475840 1785
1475850 1786
1475860 1786
1475870 1789
1475880 1791
1475890 1791
1475900 1791
1475910 1792
1475920 1792
1475930 1792
1475940 1790
1475950 1785
1475960 1785
1475970 1779
1475980 1774
1475990 1774
1476000 1767
1476010 1761
1476020 1761
1476030 1755
1476040 1750
1476050 1750
1476060 1746
1476070 1741
1476080 1741
1476090 1737
1476100 1732
1476110 1732
1476120 1726
1476130 1720
1476140 1720
1476150 1715
1476160 1710
1476170 1710
1476180 1705
1476190 1699
1476200 1695
1476210 1695
1476220 1691
1476230 1688
1476240 1688
1476250 1686
1476260 1684
1476270 1684
1476280 1684
1476290 1684
1476300 1684
1476310 1684
1476320 1683
1476330 1683
1476340 1684
1476350 1684
1476360 1684
1476370 1683
1476380 1683
1476390 1683
1476400 1684
1476410 1684
1476420 1684
1476430 1683
1476440 1682
1476450 1682
1476460 1683
1476470 1683
1476480 1685
1476490 1685
1476500 1686
1476510 1687
1476520 1687
1476530 1688
1476540 1689
1476550 1689
1476560 1693
1476570 1696
1476580 1696
1476590 1700
1476600 1704
1476610 1704
1476620 1709
1476630 1714
1476640 1714
1476650 1719
1476660 1724
1476670 1724
1476680 1730
1476690 1735
1476700 1735
1476710 1741
1476720 1746
1476730 1746
1476740 1749
1476750 1752
1476760 1754
1476770 1754
1476780 1754
1476790 1754
1476800 1754
1476810 1755
1476820 1756
1476830 1756
1476840 1758
1476850 1760
1476860 1760
1476870 1763
1476880 1764
1476890 1764
1476900 1765
1476910 1765
1476920 1765
1476930 1766
1476940 1767
1476950 1767
1476960 1767
1476970 1767
1476980 1767
1476990 1767
1477000 1767
1477010 1767
1477020 1767
1477030 1766
1477040 1765
1477050 1765
1477060 1765
1477070 1765
1477080 1765
1477090 1765
1477100 1764
1477110 1764
1477120 1763
1477130 1761
1477140 1761
1477150 1758
1477160 1755
1477170 1755
1477180 1752
1477190 1749
1477200 1749
1477210 1746
1477220 1740
1477230 1740
1477240 1731
1477250 1720
1477260 1720
1477270 1711
1477280 1703
1477290 1696
1477300 1696
1477310 1688
1477320 1682
1477330 1682
1477340 1675
1477350 1669
1477360 1669
1477370 1663
1477380 1658
1477390 1658
1477400 1653
1477410 1649
1477420 1649
1477430 1648
1477440 1647
1477450 1647
1477460 1646
1477470 1644
1477480 1644
1477490 1643
1477500 1641
1477510 1641
1477520 1640
1477530 1639
1477540 1638
1477550 1638
1477560 1637
1477570 1635
1477580 1635
1477590 1634
1477600 1632
1477610 1632
1477620 1630
1477630 1629
1477640 1629
1477650 1627
1477660 1624
1477670 1624
1477680 1623
1477690 1622
1477700 1622
1477710 1619
1477720 1616
1477730 1616
1477740 1613
1477750 1612
1477760 1612
1477770 1610
1477780 1609
1477790 1609
1477800 1607
1477810 1604
1477820 1603
1477830 1603
1477840 1601
1477850 1599
1477860 1599
1477870 1597
1477880 1594
1477890 1594
1477900 1592
1477910 1590
1477920 1590
1477930 1587
1477940 1584
1477950 1584
1477960 1581
1477970 1579
1477980 1579
1477990 1577
1478000 1576
1478010 1576
1478020 1574
1478030 1571
1478040 1571
1478050 1568
1478060 1565
1478070 1565
1478080 1562
1478090 1559
1478100 1557
1478110 1557
1478120 1553
1478130 1549
1478140 1549
1478150 1545
1478160 1543
1478170 1543
1478180 1539
1478190 1536
1478200 1536
1478210 1533
1478220 1530
1478230 1530
1478240 1527
1478250 1523
1478260 1523
1478270 1520
1478280 1517
1478290 1517
1478300 1515
1478310 1513
1478320 1513
1478330 1509
1478340 1504
1478350 1500
1478360 1500
1478370 1496
1478380 1493
1478390 1493
1478400 1490
1478410 1487
1478420 1487
1478430 1483
1478440 1480
1478450 1480
1478460 1478
1478470 1475
1478480 1475
1478490 1473
1478500 1470
1478510 1470
1478520 1466
1478530 1463
1478540 1463
1478550 1460
1478560 1456
1478570 1456
1478580 1452
1478590 1448
1478600 1448
1478610 1445
1478620 1442
1478630 1440
1478640 1440
1478650 1437
1478660 1434
1478670 1434
1478680 1432
1478690 1429
1478700 1429
1478710 1426
1478720 1422
1478730 1422
1478740 1417
1478750 1413
1478760 1413
1478770 1410
1478780 1406
1478790 1406
1478800 1402
1478810 1399
1478820 1399
1478830 1396
1478840 1393
1478850 1393
1478860 1390
1478870 1388
1478880 1386
1478890 1386
1478900 1382
1478910 1379
1478920 1379
1478930 1376
1478940 1371
1478950 1371
1478960 1366
1478970 1362
1478980 1362
1478990 1358
1479000 1355
1479010 1355
1479020 1353
1479030 1352
1479040 1352
1479050 1351
1479060 1349
1479070 1349
1479080 1346
1479090 1342
1479100 1342
1479110 1338
1479120 1334
1479130 1334
1479140 1330
1479150 1325
1479160 1321
1479170 1321
1479180 1318
1479190 1315
1479200 1315
1479210 1311
1479220 1307
1479230 1307
1479240 1303
1479250 1299
1479260 1299
1479270 1296
1479280 1294
1479290 1294
1479300 1293
1479310 1289
1479320 1289
1479330 1285
1479340 1282
1479350 1282
1479360 1279
1479370 1277
1479380 1277
1479390 1275
1479400 1271
1479410 1267
1479420 1267
1479430 1266
1479440 1264
1479450 1264
1479460 1262
1479470 1260
1479480 1260
1479490 1257
1479500 1254
1479510 1254
1479520 1250
1479530 1246
1479540 1246
1479550 1243
1479560 1240
1479570 1240
1479580 1235
1479590 1229
1479600 1229
1479610 1224
1479620 1220
1479630 1220
1479640 1216
1479650 1213
1479660 1213
1479670 1208
1479680 1201
1479690 1195
1479700 1195
1479710 1191
1479720 1189
1479730 1189
1479740 1186
1479750 1182
1479760 1182
1479770 1176
1479780 1171
1479790 1171
1479800 1166
1479810 1159
1479820 1159
1479830 1154
1479840 1151
1479850 1151
1479860 1150
1479870 1153
1479880 1153
1479890 1152
1479900 1151
1479910 1151
1479920 1149
1479930 1144
1479940 1144
1479950 1138
1479960 1132
1479970 1125
1479980 1125
1479990 1118
