1460000 617
1460010 623
1460020 626
1460030 629
1460040 629
1460050 635
1460060 640
1460070 640
1460080 642
1460090 643
1460100 643
1460110 644
1460120 645
1460130 645
1460140 646
1460150 647
1460160 647
1460170 649
1460180 650
1460190 650
1460200 653
1460210 656
1460220 656
1460230 659
1460240 662
1460250 662
1460260 664
1460270 666
1460280 666
1460290 666
1460300 667
1460310 667
1460320 667
1460330 668
1460340 669
1460350 669
1460360 669
1460370 669
1460380 669
1460390 669
1460400 669
1460410 669
1460420 669
1460430 668
1460440 668
1460450 667
1460460 666
1460470 666
1460480 666
1460490 665
1460500 665
1460510 664
1460520 664
1460530 664
1460540 663
1460550 663
1460560 662
1460570 662
1460580 662
1460590 662
1460600 662
1460610 661
1460620 661
1460630 661
1460640 660
1460650 660
1460660 660
1460670 660
1460680 659
1460690 659
1460700 659
1460710 659
1460720 659
1460730 659
1460740 658
1460750 658
1460760 658
1460770 658
1460780 658
1460790 657
1460800 656
1460810 656
1460820 656
1460830 656
1460840 656
1460850 656
1460860 656
1460870 656
1460880 656
1460890 657
1460900 657
1460910 657
1460920 658
1460930 658
1460940 658
1460950 658
1460960 659
1460970 659
1460980 661
1460990 663
1461000 663
1461010 666
1461020 669
1461030 669
1461040 673
1461050 676
1461060 676
1461070 677
1461080 679
1461090 679
1461100 678
1461110 675
1461120 674
1461130 674
1461140 673
1461150 673
1461160 673
1461170 674
1461180 677
1461190 677
1461200 679
1461210 681
1461220 681
1461230 681
1461240 679
1461250 679
1461260 672
1461270 664
1461280 664
1461290 657
1461300 649
1461310 649
1461320 640
1461330 643
1461340 643
1461350 654
1461360 666
1461370 678
1461380 678
1461390 680
1461400 680
1461410 680
1461420 676
1461430 679
1461440 679
1461450 683
1461460 685
1461470 685
1461480 685
1461490 687
1461500 687
1461510 688
1461520 689
1461530 689
1461540 690
1461550 692
1461560 692
1461570 693
1461580 695
1461590 695
1461600 698
1461610 700
1461620 700
1461630 702
1461640 704
1461650 707
1461660 707
1461670 709
1461680 711
1461690 711
1461700 714
1461710 717
1461720 717
1461730 720
1461740 724
1461750 724
1461760 727
1461770 729
1461780 729
1461790 731
1461800 733
1461810 733
1461820 737
1461830 738
1461840 738
1461850 738
1461860 737
1461870 737
1461880 736
1461890 737
1461900 736
1461910 736
1461920 736
1461930 736
1461940 736
1461950 737
1461960 738
1461970 738
1461980 738
1461990 736
1462000 736
1462010 733
1462020 729
1462030 729
1462040 727
1462050 724
1462060 724
1462070 721
1462080 719
1462090 719
1462100 718
1462110 717
1462120 717
1462130 716
1462140 716
1462150 716
1462160 716
1462170 718
1462180 719
1462190 719
1462200 720
1462210 721
1462220 721
1462230 723
1462240 725
1462250 725
1462260 727
1462270 729
1462280 729
1462290 730
1462300 731
1462310 731
1462320 732
1462330 734
1462340 734
1462350 735
1462360 738
1462370 738
1462380 739
1462390 741
1462400 741
1462410 742
1462420 744
1462430 744
1462440 746
1462450 747
1462460 749
1462470 749
1462480 750
1462490 751
1462500 751
1462510 752
1462520 753
1462530 753
1462540 754
1462550 755
1462560 755
1462570 756
1462580 757
1462590 757
1462600 759
1462610 760
1462620 760
1462630 760
1462640 761
1462650 761
1462660 762
1462670 763
1462680 763
1462690 765
1462700 767
1462710 770
1462720 770
1462730 773
1462740 775
1462750 775
1462760 776
1462770 778
1462780 778
1462790 780
1462800 781
1462810 781
1462820 782
1462830 783
1462840 783
1462850 783
1462860 785
1462870 785
1462880 787
1462890 789
1462900 789
1462910 791
1462920 794
1462930 794
1462940 797
1462950 802
1462960 802
1462970 809
1462980 815
1462990 820
1463000 820
1463010 823
1463020 826
1463030 826
1463040 828
1463050 830
1463060 830
1463070 832
1463080 835
1463090 835
1463100 838
1463110 838
1463120 838
1463130 837
1463140 837
1463150 837
1463160 838
1463170 840
1463180 840
1463190 842
1463200 844
1463210 844
1463220 846
1463230 848
1463240 848
1463250 851
1463260 854
1463270 857
1463280 857
1463290 859
1463300 862
1463310 862
1463320 867
1463330 872
1463340 872
1463350 873
1463360 874
1463370 874
1463380 877
1463390 880
1463400 880
1463410 881
1463420 880
1463430 880
1463440 877
1463450 874
1463460 874
1463470 874
1463480 875
1463490 875
1463500 877
1463510 877
1463520 876
1463530 876
1463540 874
1463550 873
1463560 873
1463570 871
1463580 869
1463590 869
1463600 869
1463610 872
1463620 872
1463630 879
1463640 885
1463650 885
1463660 896
1463670 905
1463680 905
1463690 914
1463700 922
1463710 922
1463720 929
1463730 936
1463740 936
1463750 943
1463760 949
1463770 949
1463780 954
1463790 958
1463800 960
1463810 960
1463820 962
1463830 963
1463840 963
1463850 966
1463860 969
1463870 969
1463880 971
1463890 972
1463900 972
1463910 973
1463920 975
1463930 975
1463940 979
1463950 982
1463960 982
1463970 986
1463980 990
1463990 990
1464000 994
1464010 997
1464020 997
1464030 999
1464040 1000
1464050 1000
1464060 1002
1464070 1004
1464080 1006
1464090 1006
1464100 1007
1464110 1008
1464120 1008
1464130 1010
1464140 1012
1464150 1012
1464160 1014
1464170 1016
1464180 1016
1464190 1025
1464200 1027
1464210 1027
1464220 1030
1464230 1031
1464240 1031
1464250 1031
1464260 1031
1464270 1031
1464280 1032
1464290 1033
1464300 1033
1464310 1035
1464320 1037
1464330 1039
1464340 1039
1464350 1041
1464360 1042
1464370 1042
1464380 1044
1464390 1045
1464400 1045
1464410 1047
1464420 1048
1464430 1048
1464440 1049
1464450 1050
1464460 1050
1464470 1051
1464480 1051
1464490 1051
1464500 1051
1464510 1051
1464520 1051
1464530 1050
1464540 1048
1464550 1048
1464560 1046
1464570 1045
1464580 1045
1464590 1044
1464600 1044
1464610 1043
1464620 1043
1464630 1042
1464640 1041
1464650 1041
1464660 1040
1464670 1038
1464680 1038
1464690 1034
1464700 1028
1464710 1028
1464720 1023
1464730 1027
1464740 1027
1464750 1033
1464760 1038
1464770 1038
1464780 1039
1464790 1039
1464800 1039
1464810 1038
1464820 1037
1464830 1037
1464840 1036
1464850 1036
1464860 1042
1464870 1042
1464880 1047
1464890 1053
1464900 1053
1464910 1059
1464920 1064
1464930 1064
1464940 1067
1464950 1073
1464960 1073
1464970 1078
1464980 1082
1464990 1082
1465000 1086
1465010 1090
1465020 1090
1465030 1093
1465040 1095
1465050 1095
1465060 1097
1465070 1098
1465080 1098
1465090 1099
1465100 1100
1465110 1100
1465120 1101
1465130 1102
1465140 1103
1465150 1103
1465160 1104
1465170 1104
1465180 1104
1465190 1104
1465200 1105
1465210 1105
1465220 1106
1465230 1107
1465240 1107
1465250 1108
1465260 1109
1465270 1109
1465280 1110
1465290 1111
1465300 1111
1465310 1113
1465320 1114
1465330 1114
1465340 1115
1465350 1116
1465360 1116
1465370 1117
1465380 1119
1465390 1119
1465400 1120
1465410 1121
1465420 1122
1465430 1122
1465440 1123
1465450 1123
1465460 1123
1465470 1123
1465480 1122
1465490 1122
1465500 1122
1465510 1121
1465520 1121
1465530 1120
1465540 1118
1465550 1118
1465560 1117
1465570 1115
1465580 1115
1465590 1110
1465600 1106
1465610 1106
1465620 1100
1465630 1091
1465640 1091
1465650 1080
1465660 1073
1465670 1064
1465680 1064
1465690 1056
1465700 1048
1465710 1048
1465720 1041
1465730 1034
1465740 1034
1465750 1028
1465760 1022
1465770 1022
1465780 1018
1465790 1016
1465800 1016
1465810 1018
1465820 1017
1465830 1017
1465840 1012
1465850 1001
1465860 1001
1465870 988
1465880 977
1465890 977
1465900 965
1465910 954
1465920 954
1465930 944
1465940 933
1465950 923
1465960 923
1465970 916
1465980 912
1465990 912
1466000 906
1466010 905
1466020 905
1466030 913
1466040 924
1466050 924
1466060 932
1466070 941
1466080 941
1466090 949
1466100 956
1466110 956
1466120 964
1466130 972
1466140 972
1466150 981
1466160 990
1466170 990
1466180 1000
1466190 1009
1466200 1009
1466210 1017
1466220 1027
1466230 1034
1466240 1034
1466250 1037
1466260 1037
1466270 1037
1466280 1037
1466290 1034
1466300 1034
1466310 1031
1466320 1026
1466330 1026
1466340 1021
1466350 1017
1466360 1017
1466370 1012
1466380 1007
1466390 1007
1466400 1001
1466410 1000
1466420 1000
1466430 1004
1466440 1009
1466450 1009
1466460 1014
1466470 1017
1466480 1021
1466490 1021
1466500 1022
1466510 1021
1466520 1021
1466530 1020
1466540 1017
1466550 1017
1466560 1021
1466570 1026
1466580 1026
1466590 1030
1466600 1032
1466610 1032
1466620 1033
1466630 1034
1466640 1034
1466650 1035
1466660 1036
1466670 1036
1466680 1035
1466690 1037
1466700 1037
1466710 1038
1466720 1039
1466730 1039
1466740 1039
1466750 1038
1466760 1039
1466770 1039
1466780 1040
1466790 1040
1466800 1040
1466810 1039
1466820 1038
1466830 1038
1466840 1036
1466850 1034
1466860 1034
1466870 1031
1466880 1031
1466890 1031
1466900 1032
1466910 1034
1466920 1034
1466930 1035
1466940 1034
1466950 1034
1466960 1033
1466970 1033
1466980 1033
1466990 1032
1467000 1031
1467010 1031
1467020 1030
1467030 1028
1467040 1026
1467050 1026
1467060 1025
1467070 1024
1467080 1024
1467090 1022
1467100 1020
1467110 1020
1467120 1018
1467130 1015
1467140 1015
1467150 1015
1467160 1014
1467170 1014
1467180 1014
1467190 1011
1467200 1011
1467210 1009
1467220 1010
1467230 1010
1467240 1009
1467250 1007
1467260 1007
1467270 1003
1467280 1000
1467290 996
1467300 996
1467310 991
1467320 988
1467330 988
1467340 986
1467350 981
1467360 981
1467370 977
1467380 971
1467390 971
1467400 964
1467410 958
1467420 958
1467430 952
1467440 946
1467450 946
1467460 942
1467470 938
1467480 938
1467490 939
1467500 939
1467510 939
1467520 935
1467530 929
1467540 929
1467550 922
1467560 915
1467570 915
1467580 915
1467590 919
1467600 925
1467610 925
1467620 932
1467630 940
1467640 940
1467650 948
1467660 958
1467670 958
1467680 968
1467690 977
1467700 977
1467710 982
1467720 986
1467730 986
1467740 988
1467750 989
1467760 989
1467770 989
1467780 987
1467790 987
1467800 984
1467810 981
1467820 980
1467830 980
1467840 979
1467850 976
1467860 976
1467870 973
1467880 971
1467890 971
1467900 970
1467910 970
1467920 970
1467930 965
1467940 961
1467950 961
1467960 958
1467970 958
1467980 958
1467990 959
1468000 960
1468010 960
1468020 958
1468030 957
1468040 957
1468050 955
1468060 954
1468070 954
1468080 953
1468090 953
1468100 951
1468110 951
1468120 946
1468130 939
1468140 939
1468150 929
1468160 919
1468170 919
1468180 913
1468190 909
1468200 909
1468210 904
1468220 901
1468230 901
1468240 900
1468250 893
1468260 893
1468270 881
1468280 870
1468290 870
1468300 861
1468310 854
1468320 854
1468330 847
1468340 840
1468350 840
1468360 832
1468370 825
1468380 817
1468390 817
1468400 810
1468410 800
1468420 800
1468430 778
1468440 758
1468450 758
1468460 755
1468470 753
1468480 753
1468490 749
1468500 752
1468510 752
1468520 757
1468530 761
1468540 761
1468550 764
1468560 762
1468570 762
1468580 758
1468590 747
1468600 747
1468610 735
1468620 713
1468630 697
1468640 697
1468650 693
1468660 681
1468670 681
1468680 669
1468690 666
1468700 666
1468710 665
1468720 666
1468730 666
1468740 668
1468750 677
1468760 677
1468770 698
1468780 738
1468790 738
1468800 760
1468810 761
1468820 761
1468830 759
1468840 758
1468850 758
1468860 756
1468870 751
1468880 751
1468890 752
1468900 761
1468910 767
1468920 767
1468930 766
1468940 767
1468950 767
1468960 770
1468970 772
1468980 772
1468990 774
1469000 775
1469010 775
1469020 774
1469030 772
1469040 772
1469050 776
1469060 779
1469070 779
1469080 779
1469090 781
1469100 781
1469110 786
1469120 793
1469130 793
1469140 801
1469150 810
1469160 810
1469170 819
1469180 826
1469190 831
1469200 831
1469210 836
1469220 841
1469230 841
1469240 845
1469250 850
1469260 850
1469270 855
1469280 860
1469290 860
1469300 864
1469310 869
1469320 869
1469330 874
1469340 879
1469350 879
1469360 880
1469370 884
1469380 884
1469390 889
1469400 893
1469410 893
1469420 898
1469430 901
1469440 905
1469450 905
1469460 910
1469470 913
1469480 913
1469490 918
1469500 923
1469510 923
1469520 926
1469530 931
1469540 931
1469550 936
1469560 942
1469570 942
1469580 947
1469590 951
1469600 951
1469610 956
1469620 960
1469630 960
1469640 964
1469650 968
1469660 968
1469670 973
1469680 976
1469690 976
1469700 980
1469710 984
1469720 988
1469730 988
1469740 991
1469750 994
1469760 994
1469770 997
1469780 1000
1469790 1000
1469800 1003
1469810 1006
1469820 1006
1469830 1010
1469840 1013
1469850 1013
1469860 1017
1469870 1021
1469880 1021
1469890 1024
1469900 1027
1469910 1027
1469920 1031
1469930 1034
1469940 1034
1469950 1038
1469960 1041
1469970 1041
1469980 1044
1469990 1047
1470000 1050
1470010 1050
1470020 1053
1470030 1056
1470040 1056
1470050 1059
1470060 1059
1470070 1059
1470080 1058
1470090 1056
1470100 1056
1470110 1056
1470120 1064
1470130 1064
1470140 1074
1470150 1084
1470160 1084
1470170 1095
1470180 1103
1470190 1103
1470200 1111
1470210 1117
1470220 1117
1470230 1121
1470240 1126
1470250 1131
1470260 1131
1470270 1137
1470280 1141
1470290 1141
1470300 1146
1470310 1150
1470320 1150
1470330 1156
1470340 1161
1470350 1161
1470360 1166
1470370 1171
1470380 1171
1470390 1177
1470400 1183
1470410 1183
1470420 1190
1470430 1197
1470440 1197
1470450 1204
1470460 1211
1470470 1211
1470480 1219
1470490 1226
1470500 1226
1470510 1234
1470520 1261
1470530 1285
1470540 1285
1470550 1296
1470560 1303
1470570 1303
1470580 1307
1470590 1312
1470600 1312
1470610 1317
1470620 1319
1470630 1319
1470640 1319
1470650 1320
1470660 1320
1470670 1321
1470680 1324
1470690 1324
1470700 1327
1470710 1330
1470720 1330
1470730 1334
1470740 1338
1470750 1338
1470760 1344
1470770 1348
1470780 1354
1470790 1354
1470800 1359
1470810 1365
1470820 1365
1470830 1370
1470840 1376
1470850 1376
1470860 1381
1470870 1386
1470880 1386
1470890 1391
1470900 1396
1470910 1396
1470920 1401
1470930 1406
1470940 1406
1470950 1412
1470960 1417
1470970 1417
1470980 1423
1470990 1429
1471000 1429
1471010 1435
1471020 1441
1471030 1441
1471040 1449
1471050 1456
1471060 1463
1471070 1463
1471080 1472
1471090 1481
1471100 1481
1471110 1488
1471120 1494
1471130 1494
1471140 1499
1471150 1504
1471160 1504
1471170 1511
1471180 1515
1471190 1515
1471200 1519
1471210 1520
1471220 1520
1471230 1523
1471240 1528
1471250 1528
1471260 1534
1471270 1539
1471280 1539
1471290 1543
1471300 1545
1471310 1545
1471320 1548
1471330 1551
1471340 1554
1471350 1554
1471360 1558
1471370 1560
1471380 1560
1471390 1561
1471400 1562
1471410 1562
1471420 1563
1471430 1563
1471440 1563
1471450 1561
1471460 1558
1471470 1558
1471480 1556
1471490 1555
1471500 1555
1471510 1554
1471520 1554
1471530 1554
1471540 1557
1471550 1560
1471560 1560
1471570 1562
1471580 1564
1471590 1565
1471600 1565
1471610 1567
1471620 1569
1471630 1569
1471640 1571
1471650 1572
1471660 1572
1471670 1574
1471680 1576
1471690 1576
1471700 1578
1471710 1578
1471720 1578
1471730 1579
1471740 1580
1471750 1580
1471760 1580
1471770 1579
1471780 1579
1471790 1578
1471800 1576
1471810 1576
1471820 1573
1471830 1570
1471840 1570
1471850 1569
1471860 1568
1471870 1567
1471880 1567
1471890 1565
1471900 1562
1471910 1562
1471920 1559
1471930 1557
1471940 1557
1471950 1554
1471960 1555
1471970 1555
1471980 1557
1471990 1559
1472000 1559
1472010 1561
1472020 1562
1472030 1562
1472040 1564
1472050 1566
1472060 1566
1472070 1568
1472080 1570
1472090 1570
1472100 1572
1472110 1573
1472120 1573
1472130 1573
1472140 1572
1472150 1572
1472160 1572
1472170 1572
1472180 1571
1472190 1571
1472200 1570
1472210 1568
1472220 1568
1472230 1567
1472240 1567
1472250 1567
1472260 1569
1472270 1571
1472280 1571
1472290 1573
1472300 1575
1472310 1575
1472320 1576
1472330 1577
1472340 1577
1472350 1577
1472360 1578
1472370 1578
1472380 1578
1472390 1578
1472400 1579
1472410 1579
1472420 1580
1472430 1582
1472440 1582
1472450 1583
1472460 1584
1472470 1584
1472480 1585
1472490 1587
1472500 1587
1472510 1589
1472520 1591
1472530 1591
1472540 1591
1472550 1592
1472560 1592
1472570 1594
1472580 1597
1472590 1597
1472600 1601
1472610 1605
1472620 1605
1472630 1605
1472640 1603
1472650 1603
1472660 1604
1472670 1608
1472680 1613
1472690 1613
1472700 1618
1472710 1622
1472720 1622
1472730 1624
1472740 1627
1472750 1627
1472760 1632
1472770 1636
1472780 1636
1472790 1641
1472800 1645
1472810 1645
1472820 1649
1472830 1653
1472840 1653
1472850 1656
1472860 1659
1472870 1659
1472880 1661
1472890 1663
1472900 1663
1472910 1665
1472920 1667
1472930 1668
1472940 1668
1472950 1670
1472960 1671
1472970 1671
1472980 1676
1472990 1677
1473000 1677
1473010 1680
1473020 1684
1473030 1684
1473040 1687
1473050 1690
1473060 1690
1473070 1693
1473080 1696
1473090 1696
1473100 1697
1473110 1697
1473120 1697
1473130 1699
1473140 1701
1473150 1701
1473160 1706
1473170 1711
1473180 1711
1473190 1716
1473200 1718
1473210 1720
1473220 1720
1473230 1723
1473240 1725
1473250 1725
1473260 1727
1473270 1728
1473280 1728
1473290 1730
1473300 1733
1473310 1733
1473320 1735
1473330 1737
1473340 1737
1473350 1739
1473360 1742
1473370 1742
1473380 1745
1473390 1749
1473400 1749
1473410 1754
1473420 1754
1473430 1754
1473440 1752
1473450 1753
1473460 1753
1473470 1754
1473480 1756
1473490 1758
1473500 1758
1473510 1760
1473520 1760
1473530 1760
1473540 1761
1473550 1762
1473560 1762
1473570 1763
1473580 1762
1473590 1762
1473600 1762
1473610 1763
1473620 1763
1473630 1763
1473640 1763
1473650 1763
1473660 1762
1473670 1761
1473680 1761
1473690 1760
1473700 1758
1473710 1758
1473720 1756
1473730 1753
1473740 1752
1473750 1752
1473760 1749
1473770 1747
1473780 1747
1473790 1745
1473800 1743
1473810 1743
1473820 1742
1473830 1739
1473840 1739
1473850 1737
1473860 1734
1473870 1734
1473880 1732
1473890 1731
1473900 1731
1473910 1729
1473920 1728
1473930 1728
1473940 1726
1473950 1724
1473960 1724
1473970 1721
1473980 1718
1473990 1718
1474000 1715
1474010 1712
1474020 1707
1474030 1707
1474040 1701
1474050 1695
1474060 1695
1474070 1690
1474080 1683
1474090 1683
1474100 1675
1474110 1669
1474120 1669
1474130 1665
1474140 1663
1474150 1663
1474160 1663
1474170 1662
1474180 1662
1474190 1657
1474200 1652
1474210 1652
1474220 1646
1474230 1640
1474240 1640
1474250 1634
1474260 1630
1474270 1630
1474280 1627
1474290 1625
1474300 1619
1474310 1619
1474320 1611
1474330 1605
1474340 1605
1474350 1601
1474360 1598
1474370 1598
1474380 1595
1474390 1591
1474400 1591
1474410 1586
1474420 1581
1474430 1581
1474440 1576
1474450 1570
1474460 1570
1474470 1565
1474480 1561
1474490 1561
1474500 1557
1474510 1553
1474520 1553
1474530 1549
1474540 1543
1474550 1537
1474560 1537
1474570 1531
1474580 1526
1474590 1526
1474600 1522
1474610 1516
1474620 1516
1474630 1510
1474640 1503
1474650 1503
1474660 1498
1474670 1491
1474680 1491
1474690 1487
1474700 1483
1474710 1483
1474720 1477
1474730 1471
1474740 1471
1474750 1462
1474760 1456
1474770 1456
1474780 1453
1474790 1446
1474800 1446
1474810 1438
1474820 1427
1474830 1422
1474840 1422
1474850 1419
1474860 1416
1474870 1416
1474880 1413
1474890 1419
1474900 1419
1474910 1421
1474920 1425
1474930 1425
1474940 1430
1474950 1434
1474960 1434
1474970 1436
1474980 1441
1474990 1441
1475000 1447
1475010 1456
1475020 1456
1475030 1463
1475040 1466
1475050 1466
1475060 1469
1475070 1473
1475080 1478
1475090 1478
1475100 1483
1475110 1490
1475120 1490
1475130 1496
1475140 1502
1475150 1502
1475160 1509
1475170 1516
1475180 1516
1475190 1522
1475200 1529
1475210 1529
1475220 1536
1475230 1542
1475240 1542
1475250 1549
1475260 1557
1475270 1557
1475280 1564
1475290 1570
1475300 1570
1475310 1577
1475320 1584
1475330 1584
1475340 1590
1475350 1596
1475360 1602
1475370 1602
1475380 1608
1475390 1613
1475400 1613
1475410 1617
1475420 1621
1475430 1621
1475440 1625
1475450 1630
1475460 1630
1475470 1635
1475480 1640
1475490 1640
1475500 1645
1475510 1650
1475520 1650
1475530 1654
1475540 1658
1475550 1658
1475560 1662
1475570 1666
1475580 1666
1475590 1669
1475600 1672
1475610 1672
1475620 1674
1475630 1675
1475640 1676
1475650 1676
1475660 1677
1475670 1677
1475680 1677
1475690 1677
1475700 1676
1475710 1676
1475720 1674
1475730 1674
1475740 1674
1475750 1672
1475760 1671
1475770 1671
1475780 1670
1475790 1668
1475800 1668
1475810 1666
1475820 1665
1475830 1665
1475840 1666
1475850 1666
1475860 1666
1475870 1665
1475880 1663
1475890 1661
1475900 1661
1475910 1658
1475920 1656
1475930 1656
1475940 1654
1475950 1653
1475960 1653
1475970 1653
1475980 1651
1475990 1651
1476000 1644
1476010 1638
1476020 1638
1476030 1635
1476040 1631
1476050 1631
1476060 1626
1476070 1621
1476080 1621
1476090 1615
1476100 1608
1476110 1608
1476120 1603
1476130 1601
1476140 1601
1476150 1598
1476160 1595
1476170 1593
1476180 1593
1476190 1591
1476200 1589
1476210 1589
1476220 1587
1476230 1585
1476240 1585
1476250 1583
1476260 1579
1476270 1579
1476280 1575
1476290 1572
1476300 1572
1476310 1569
1476320 1566
1476330 1566
1476340 1563
1476350 1559
1476360 1559
1476370 1556
1476380 1553
1476390 1553
1476400 1549
1476410 1544
1476420 1544
1476430 1534
1476440 1523
1476450 1517
1476460 1517
1476470 1519
1476480 1525
1476490 1525
1476500 1528
1476510 1532
1476520 1532
1476530 1538
1476540 1544
1476550 1544
1476560 1548
1476570 1549
1476580 1549
1476590 1550
1476600 1550
1476610 1550
1476620 1547
1476630 1542
1476640 1542
1476650 1537
1476660 1535
1476670 1535
1476680 1536
1476690 1539
1476700 1540
1476710 1540
1476720 1541
1476730 1542
1476740 1542
1476750 1543
1476760 1546
1476770 1546
1476780 1551
1476790 1554
1476800 1554
1476810 1557
1476820 1564
1476830 1564
1476840 1572
1476850 1579
1476860 1579
1476870 1584
1476880 1589
1476890 1589
1476900 1594
1476910 1600
1476920 1600
1476930 1606
1476940 1611
1476950 1611
1476960 1615
1476970 1620
1476980 1624
1476990 1624
1477000 1629
1477010 1632
1477020 1632
1477030 1635
1477040 1638
1477050 1638
1477060 1642
1477070 1647
1477080 1647
1477090 1651
1477100 1654
1477110 1654
1477120 1658
1477130 1661
1477140 1661
1477150 1663
1477160 1665
1477170 1665
1477180 1666
1477190 1669
1477200 1669
1477210 1672
1477220 1675
1477230 1675
1477240 1677
1477250 1678
1477260 1680
1477270 1680
1477280 1683
1477290 1685
1477300 1685
1477310 1686
1477320 1687
1477330 1687
1477340 1689
1477350 1691
1477360 1691
1477370 1692
1477380 1693
1477390 1693
1477400 1695
1477410 1696
1477420 1696
1477430 1698
1477440 1699
1477450 1699
1477460 1701
1477470 1703
1477480 1703
1477490 1705
1477500 1707
1477510 1707
1477520 1707
1477530 1706
1477540 1705
1477550 1705
1477560 1705
1477570 1705
1477580 1705
1477590 1705
1477600 1705
1477610 1705
1477620 1707
1477630 1704
1477640 1704
1477650 1701
1477660 1698
1477670 1698
1477680 1695
1477690 1692
1477700 1692
1477710 1687
1477720 1680
1477730 1680
1477740 1674
1477750 1669
1477760 1669
1477770 1664
1477780 1660
1477790 1656
1477800 1656
1477810 1652
1477820 1647
1477830 1647
1477840 1642
1477850 1636
1477860 1636
1477870 1629
1477880 1622
1477890 1622
1477900 1617
1477910 1613
1477920 1613
1477930 1607
1477940 1602
1477950 1602
1477960 1597
1477970 1591
1477980 1591
1477990 1586
1478000 1580
1478010 1580
1478020 1574
1478030 1569
1478040 1564
1478050 1564
1478060 1561
1478070 1556
1478080 1556
1478090 1552
1478100 1547
1478110 1547
1478120 1542
1478130 1538
1478140 1538
1478150 1534
1478160 1529
1478170 1529
1478180 1524
1478190 1519
1478200 1519
1478210 1514
1478220 1508
1478230 1508
1478240 1501
1478250 1492
1478260 1492
1478270 1485
1478280 1478
1478290 1478
1478300 1472
1478310 1467
1478320 1462
1478330 1462
1478340 1455
1478350 1448
1478360 1448
1478370 1443
1478380 1437
1478390 1437
1478400 1430
1478410 1425
1478420 1425
1478430 1422
1478440 1419
1478450 1419
1478460 1416
1478470 1412
1478480 1412
1478490 1408
1478500 1406
1478510 1406
1478520 1402
1478530 1399
1478540 1399
1478550 1396
1478560 1393
1478570 1393
1478580 1390
1478590 1387
1478600 1384
1478610 1384
1478620 1382
1478630 1377
1478640 1377
1478650 1374
1478660 1372
1478670 1372
1478680 1367
1478690 1366
1478700 1366
1478710 1364
1478720 1364
1478730 1364
1478740 1360
1478750 1358
1478760 1358
1478770 1356
1478780 1354
1478790 1354
1478800 1351
1478810 1349
1478820 1349
1478830 1347
1478840 1345
1478850 1342
1478860 1342
1478870 1339
1478880 1337
1478890 1337
1478900 1336
1478910 1335
1478920 1335
1478930 1333
1478940 1332
1478950 1332
1478960 1331
1478970 1330
1478980 1330
1478990 1330
1479000 1330
1479010 1330
1479020 1329
1479030 1326
1479040 1326
1479050 1324
1479060 1322
1479070 1322
1479080 1320
1479090 1317
1479100 1317
1479110 1313
1479120 1310
1479130 1307
1479140 1307
1479150 1304
1479160 1304
1479170 1304
1479180 1304
1479190 1303
1479200 1303
1479210 1301
1479220 1299
1479230 1299
1479240 1295
1479250 1291
1479260 1291
1479270 1288
1479280 1290
1479290 1290
1479300 1290
1479310 1287
1479320 1287
1479330 1286
1479340 1285
1479350 1285
1479360 1285
1479370 1283
1479380 1283
1479390 1282
1479400 1281
1479410 1281
1479420 1281
1479430 1280
1479440 1277
1479450 1277
1479460 1275
1479470 1274
1479480 1274
1479490 1273
1479500 1271
1479510 1271
1479520 1270
1479530 1267
1479540 1267
1479550 1265
1479560 1262
1479570 1262
1479580 1258
1479590 1255
1479600 1255
1479610 1251
1479620 1246
1479630 1246
1479640 1243
1479650 1239
1479660 1235
1479670 1235
1479680 1231
1479690 1227
1479700 1227
1479710 1224
1479720 1220
1479730 1220
1479740 1217
1479750 1214
1479760 1214
1479770 1211
1479780 1208
1479790 1208
1479800 1203
1479810 1198
1479820 1198
1479830 1193
1479840 1187
1479850 1187
1479860 1181
1479870 1175
1479880 1175
1479890 1169
1479900 1162
1479910 1162
1479920 1155
1479930 1148
1479940 1142
1479950 1142
1479960 1138
1479970 1135
1479980 1135
1479990 1135
