1460000 894
1460010 894
1460020 894
1460030 894
1460040 893
1460050 893
1460060 892
1460070 892
1460080 892
1460090 891
1460100 889
1460110 889
1460120 888
1460130 889
1460140 889
1460150 889
1460160 889
1460170 889
1460180 889
1460190 889
1460200 889
1460210 889
1460220 888
1460230 888
1460240 888
1460250 888
1460260 889
1460270 889
1460280 889
1460290 889
1460300 889
1460310 890
1460320 890
1460330 890
1460340 891
1460350 893
1460360 893
1460370 895
1460380 897
1460390 897
1460400 898
1460410 897
1460420 897
1460430 897
1460440 896
1460450 896
1460460 895
1460470 894
1460480 894
1460490 892
1460500 890
1460510 890
1460520 889
1460530 887
1460540 885
1460550 885
1460560 883
1460570 882
1460580 882
1460590 882
1460600 881
1460610 877
1460620 876
1460630 874
1460640 874
1460650 873
1460660 873
1460670 873
1460680 874
1460690 877
1460700 877
1460710 877
1460720 876
1460730 876
1460740 875
1460750 872
1460760 872
1460770 869
1460780 866
1460790 866
1460800 863
1460810 860
1460820 858
1460830 858
1460840 856
1460850 854
1460860 854
1460870 852
1460880 849
1460890 849
1460900 846
1460910 843
1460920 843
1460930 841
1460940 839
1460950 839
1460960 837
1460970 836
1460980 836
1460990 834
1461000 833
1461010 833
1461020 831
1461030 829
1461040 829
1461050 827
1461060 826
1461070 826
1461080 826
1461090 826
1461100 825
1461110 825
1461120 825
1461130 825
1461140 825
1461150 824
1461160 824
1461170 824
1461180 824
1461190 824
1461200 824
1461210 822
1461220 821
1461230 821
1461240 819
1461250 817
1461260 817
1461270 816
1461280 815
1461290 815
1461300 814
1461310 813
1461320 813
1461330 812
1461340 812
1461350 812
1461360 812
1461370 812
1461380 812
1461390 812
1461400 811
1461410 809
1461420 809
1461430 808
1461440 807
1461450 807
1461460 805
1461470 803
1461480 803
1461490 801
1461500 798
1461510 798
1461520 796
1461530 794
1461540 794
1461550 792
1461560 790
1461570 790
1461580 788
1461590 786
1461600 786
1461610 784
1461620 782
1461630 780
1461640 780
1461650 777
1461660 775
1461670 775
1461680 772
1461690 770
1461700 770
1461710 767
1461720 765
1461730 765
1461740 762
1461750 759
1461760 759
1461770 756
1461780 753
1461790 753
1461800 750
1461810 747
1461820 747
1461830 744
1461840 741
1461850 741
1461860 739
1461870 736
1461880 736
1461890 733
1461900 730
1461910 726
1461920 726
1461930 722
1461940 718
1461950 718
1461960 715
1461970 711
1461980 711
1461990 709
1462000 707
1462010 707
1462020 705
1462030 704
1462040 704
1462050 703
1462060 701
1462070 701
1462080 700
1462090 699
1462100 699
1462110 699
1462120 698
1462130 698
1462140 697
1462150 696
1462160 693
1462170 693
1462180 691
1462190 690
1462200 690
1462210 688
1462220 687
1462230 687
1462240 687
1462250 689
1462260 689
1462270 691
1462280 692
1462290 692
1462300 691
1462310 691
1462320 691
1462330 690
1462340 690
1462350 690
1462360 689
1462370 689
1462380 689
1462390 688
1462400 687
1462410 687
1462420 684
1462430 681
1462440 678
1462450 678
1462460 676
1462470 673
1462480 673
1462490 670
1462500 667
1462510 667
1462520 665
1462530 664
1462540 664
1462550 664
1462560 662
1462570 662
1462580 658
1462590 656
1462600 656
1462610 654
1462620 653
1462630 653
1462640 651
1462650 650
1462660 650
1462670 649
1462680 648
1462690 648
1462700 648
1462710 647
1462720 646
1462730 646
1462740 645
1462750 644
1462760 644
1462770 643
1462780 643
1462790 643
1462800 643
1462810 643
1462820 643
1462830 641
1462840 638
1462850 638
1462860 635
1462870 632
1462880 632
1462890 630
1462900 626
1462910 626
1462920 623
1462930 621
1462940 621
1462950 620
1462960 619
1462970 619
1462980 618
1462990 615
1463000 613
1463010 613
1463020 612
1463030 611
1463040 611
1463050 609
1463060 609
1463070 609
1463080 609
1463090 608
1463100 608
1463110 607
1463120 606
1463130 606
1463140 605
1463150 604
1463160 604
1463170 605
1463180 604
1463190 604
1463200 603
1463210 603
1463220 603
1463230 603
1463240 603
1463250 603
1463260 603
1463270 603
1463280 602
1463290 602
1463300 602
1463310 602
1463320 602
1463330 602
1463340 601
1463350 601
1463360 601
1463370 601
1463380 601
1463390 601
1463400 601
1463410 601
1463420 600
1463430 600
1463440 600
1463450 600
1463460 600
1463470 600
1463480 600
1463490 600
1463500 600
1463510 599
1463520 599
1463530 599
1463540 599
1463550 599
1463560 599
1463570 599
1463580 598
1463590 598
1463600 598
1463610 597
1463620 596
1463630 596
1463640 595
1463650 595
1463660 595
1463670 594
1463680 594
1463690 594
1463700 593
1463710 593
1463720 593
1463730 593
1463740 593
1463750 593
1463760 592
1463770 592
1463780 592
1463790 592
1463800 592
1463810 593
1463820 593
1463830 593
1463840 593
1463850 593
1463860 592
1463870 592
1463880 592
1463890 592
1463900 592
1463910 592
1463920 592
1463930 592
1463940 592
1463950 592
1463960 592
1463970 592
1463980 592
1463990 592
1464000 592
1464010 592
1464020 592
1464030 592
1464040 591
1464050 591
1464060 591
1464070 591
1464080 591
1464090 591
1464100 591
1464110 591
1464120 591
1464130 591
1464140 591
1464150 591
1464160 591
1464170 591
1464180 590
1464190 590
1464200 588
1464210 590
1464220 590
1464230 591
1464240 591
1464250 591
1464260 591
1464270 591
1464280 591
1464290 591
1464300 591
1464310 591
1464320 590
1464330 590
1464340 590
1464350 590
1464360 589
1464370 589
1464380 589
1464390 589
1464400 589
1464410 589
1464420 589
1464430 588
1464440 588
1464450 589
1464460 588
1464470 588
1464480 588
1464490 588
1464500 588
1464510 590
1464520 591
1464530 591
1464540 591
1464550 592
1464560 592
1464570 593
1464580 594
1464590 594
1464600 594
1464610 595
1464620 595
1464630 595
1464640 595
1464650 595
1464660 595
1464670 595
1464680 596
1464690 596
1464700 596
1464710 596
1464720 596
1464730 596
1464740 597
1464750 597
1464760 596
1464770 596
1464780 596
1464790 597
1464800 597
1464810 597
1464820 596
1464830 596
1464840 596
1464850 595
1464860 595
1464870 595
1464880 591
1464890 587
1464900 585
1464910 585
1464920 585
1464930 584
1464940 584
1464950 584
1464960 584
1464970 584
1464980 584
1464990 584
1465000 584
1465010 584
1465020 584
1465030 584
1465040 584
1465050 585
1465060 585
1465070 585
1465080 585
1465090 585
1465100 584
1465110 583
1465120 583
1465130 581
1465140 581
1465150 581
1465160 581
1465170 581
1465180 582
1465190 582
1465200 585
1465210 589
1465220 589
1465230 589
1465240 589
1465250 589
1465260 589
1465270 594
1465280 594
1465290 602
1465300 611
1465310 611
1465320 620
1465330 624
1465340 624
1465350 624
1465360 625
1465370 625
1465380 625
1465390 626
1465400 626
1465410 627
1465420 628
1465430 627
1465440 627
1465450 628
1465460 628
1465470 628
1465480 629
1465490 629
1465500 629
1465510 630
1465520 630
1465530 630
1465540 630
1465550 631
1465560 631
1465570 631
1465580 632
1465590 632
1465600 632
1465610 632
1465620 632
1465630 633
1465640 632
1465650 632
1465660 632
1465670 632
1465680 632
1465690 633
1465700 633
1465710 633
1465720 633
1465730 634
1465740 634
1465750 634
1465760 634
1465770 633
1465780 633
1465790 633
1465800 633
1465810 633
1465820 633
1465830 634
1465840 634
1465850 635
1465860 635
1465870 635
1465880 635
1465890 635
1465900 635
1465910 635
1465920 635
1465930 635
1465940 635
1465950 635
1465960 635
1465970 635
1465980 635
1465990 635
1466000 635
1466010 634
1466020 634
1466030 634
1466040 634
1466050 633
1466060 633
1466070 633
1466080 632
1466090 632
1466100 632
1466110 632
1466120 632
1466130 632
1466140 631
1466150 631
1466160 631
1466170 631
1466180 631
1466190 630
1466200 630
1466210 630
1466220 629
1466230 629
1466240 629
1466250 629
1466260 627
1466270 620
1466280 620
1466290 612
1466300 607
1466310 607
1466320 607
1466330 612
1466340 612
1466350 611
1466360 610
1466370 610
1466380 617
1466390 618
1466400 618
1466410 612
1466420 611
1466430 611
1466440 612
1466450 610
1466460 610
1466470 606
1466480 607
1466490 607
1466500 605
1466510 603
1466520 602
1466530 602
1466540 601
1466550 602
1466560 602
1466570 603
1466580 605
1466590 605
1466600 606
1466610 608
1466620 608
1466630 609
1466640 610
1466650 610
1466660 611
1466670 611
1466680 611
1466690 611
1466700 612
1466710 612
1466720 612
1466730 611
1466740 611
1466750 618
1466760 616
1466770 616
1466780 614
1466790 613
1466800 615
1466810 615
1466820 617
1466830 618
1466840 618
1466850 617
1466860 615
1466870 615
1466880 617
1466890 614
1466900 614
1466910 608
1466920 604
1466930 604
1466940 599
1466950 595
1466960 595
1466970 591
1466980 589
1466990 589
1467000 588
1467010 586
1467020 586
1467030 586
1467040 587
1467050 587
1467060 586
1467070 586
1467080 586
1467090 586
1467100 586
1467110 587
1467120 587
1467130 588
1467140 591
1467150 591
1467160 593
1467170 596
1467180 596
1467190 599
1467200 603
1467210 603
1467220 609
1467230 618
1467240 618
1467250 623
1467260 624
1467270 624
1467280 626
1467290 628
1467300 628
1467310 632
1467320 633
1467330 633
1467340 632
1467350 632
1467360 632
1467370 632
1467380 632
1467390 632
1467400 632
1467410 631
1467420 631
1467430 631
1467440 630
1467450 630
1467460 630
1467470 629
1467480 629
1467490 629
1467500 629
1467510 629
1467520 629
1467530 628
1467540 627
1467550 627
1467560 626
1467570 625
1467580 625
1467590 625
1467600 626
1467610 626
1467620 626
1467630 622
1467640 620
1467650 620
1467660 620
1467670 619
1467680 619
1467690 618
1467700 618
1467710 618
1467720 617
1467730 617
1467740 617
1467750 612
1467760 608
1467770 608
1467780 605
1467790 601
1467800 601
1467810 598
1467820 596
1467830 596
1467840 594
1467850 595
1467860 595
1467870 596
1467880 596
1467890 598
1467900 598
1467910 602
1467920 603
1467930 603
1467940 603
1467950 604
1467960 604
1467970 604
1467980 603
1467990 603
1468000 604
1468010 606
1468020 606
1468030 609
1468040 610
1468050 610
1468060 610
1468070 610
1468080 610
1468090 612
1468100 614
1468110 614
1468120 613
1468130 606
1468140 606
1468150 606
1468160 603
1468170 600
1468180 600
1468190 599
1468200 600
1468210 600
1468220 594
1468230 585
1468240 585
1468250 582
1468260 583
1468270 583
1468280 587
1468290 595
1468300 595
1468310 601
1468320 610
1468330 610
1468340 618
1468350 627
1468360 627
1468370 638
1468380 653
1468390 653
1468400 659
1468410 660
1468420 660
1468430 662
1468440 662
1468450 662
1468460 662
1468470 665
1468480 667
1468490 667
1468500 670
1468510 671
1468520 671
1468530 672
1468540 676
1468550 676
1468560 678
1468570 680
1468580 680
1468590 682
1468600 682
1468610 682
1468620 683
1468630 685
1468640 685
1468650 688
1468660 692
1468670 692
1468680 695
1468690 698
1468700 702
1468710 702
1468720 705
1468730 707
1468740 707
1468750 708
1468760 709
1468770 709
1468780 713
1468790 719
1468800 719
1468810 725
1468820 732
1468830 732
1468840 734
1468850 739
1468860 739
1468870 746
1468880 750
1468890 750
1468900 754
1468910 757
1468920 757
1468930 758
1468940 759
1468950 759
1468960 761
1468970 764
1468980 767
1468990 767
1469000 770
1469010 773
1469020 773
1469030 776
1469040 780
1469050 780
1469060 784
1469070 789
1469080 789
1469090 794
1469100 799
1469110 799
1469120 802
1469130 806
1469140 806
1469150 809
1469160 814
1469170 814
1469180 818
1469190 823
1469200 823
1469210 828
1469220 833
1469230 833
1469240 838
1469250 843
1469260 849
1469270 849
1469280 853
1469290 858
1469300 858
1469310 864
1469320 869
1469330 869
1469340 874
1469350 878
1469360 878
1469370 880
1469380 884
1469390 884
1469400 887
1469410 890
1469420 890
1469430 892
1469440 895
1469450 895
1469460 899
1469470 902
1469480 902
1469490 905
1469500 908
1469510 908
1469520 912
1469530 916
1469540 921
1469550 921
1469560 925
1469570 928
1469580 928
1469590 931
1469600 934
1469610 934
1469620 936
1469630 939
1469640 939
1469650 942
1469660 945
1469670 945
1469680 947
1469690 949
1469700 949
1469710 951
1469720 953
1469730 953
1469740 956
1469750 960
1469760 960
1469770 962
1469780 966
1469790 970
1469800 970
1469810 974
1469820 979
1469830 979
1469840 984
1469850 990
1469860 990
1469870 994
1469880 998
1469890 998
1469900 1003
1469910 1008
1469920 1008
1469930 1013
1469940 1016
1469950 1016
1469960 1019
1469970 1023
1469980 1023
1469990 1029
1470000 1032
1470010 1032
1470020 1033
1470030 1034
1470040 1034
1470050 1035
1470060 1038
1470070 1040
1470080 1040
1470090 1043
1470100 1048
1470110 1048
1470120 1052
1470130 1057
1470140 1057
1470150 1063
1470160 1068
1470170 1068
1470180 1074
1470190 1079
1470200 1079
1470210 1085
1470220 1090
1470230 1090
1470240 1095
1470250 1100
1470260 1100
1470270 1104
1470280 1108
1470290 1108
1470300 1112
1470310 1115
1470320 1115
1470330 1120
1470340 1126
1470350 1132
1470360 1132
1470370 1137
1470380 1143
1470390 1143
1470400 1147
1470410 1152
1470420 1152
1470430 1159
1470440 1165
1470450 1165
1470460 1172
1470470 1177
1470480 1177
1470490 1181
1470500 1184
1470510 1184
1470520 1187
1470530 1189
1470540 1189
1470550 1191
1470560 1195
1470570 1195
1470580 1200
1470590 1206
1470600 1206
1470610 1212
1470620 1220
1470630 1228
1470640 1228
1470650 1233
1470660 1235
1470670 1235
1470680 1237
1470690 1239
1470700 1239
1470710 1243
1470720 1246
1470730 1246
1470740 1248
1470750 1252
1470760 1252
1470770 1255
1470780 1258
1470790 1258
1470800 1261
1470810 1263
1470820 1263
1470830 1266
1470840 1268
1470850 1268
1470860 1270
1470870 1271
1470880 1272
1470890 1272
1470900 1273
1470910 1274
1470920 1274
1470930 1274
1470940 1274
1470950 1274
1470960 1275
1470970 1275
1470980 1275
1470990 1276
1471000 1277
1471010 1277
1471020 1278
1471030 1279
1471040 1279
1471050 1281
1471060 1282
1471070 1282
1471080 1284
1471090 1285
1471100 1285
1471110 1287
1471120 1289
1471130 1289
1471140 1291
1471150 1296
1471160 1298
1471170 1298
1471180 1299
1471190 1300
1471200 1300
1471210 1301
1471220 1302
1471230 1302
1471240 1302
1471250 1302
1471260 1302
1471270 1303
1471280 1303
1471290 1303
1471300 1303
1471310 1303
1471320 1303
1471330 1302
1471340 1301
1471350 1301
1471360 1300
1471370 1299
1471380 1299
1471390 1298
1471400 1299
1471410 1299
1471420 1299
1471430 1298
1471440 1298
1471450 1298
1471460 1296
1471470 1295
1471480 1295
1471490 1292
1471500 1291
1471510 1291
1471520 1290
1471530 1290
1471540 1290
1471550 1290
1471560 1290
1471570 1290
1471580 1290
1471590 1289
1471600 1289
1471610 1289
1471620 1287
1471630 1287
1471640 1285
1471650 1284
1471660 1284
1471670 1283
1471680 1282
1471690 1282
1471700 1280
1471710 1277
1471720 1273
1471730 1273
1471740 1270
1471750 1266
1471760 1266
1471770 1263
1471780 1261
1471790 1261
1471800 1260
1471810 1259
1471820 1259
1471830 1258
1471840 1257
1471850 1257
1471860 1255
1471870 1253
1471880 1253
1471890 1250
1471900 1247
1471910 1247
1471920 1244
1471930 1240
1471940 1240
1471950 1235
1471960 1230
1471970 1227
1471980 1227
1471990 1223
1472000 1221
1472010 1221
1472020 1218
1472030 1215
1472040 1215
1472050 1210
1472060 1203
1472070 1203
1472080 1196
1472090 1188
1472100 1188
1472110 1182
1472120 1177
1472130 1177
1472140 1172
1472150 1168
1472160 1168
1472170 1165
1472180 1161
1472190 1161
1472200 1158
1472210 1155
1472220 1155
1472230 1152
1472240 1150
1472250 1148
1472260 1148
1472270 1147
1472280 1144
1472290 1144
1472300 1142
1472310 1141
1472320 1141
1472330 1141
1472340 1139
1472350 1139
1472360 1138
1472370 1138
1472380 1138
1472390 1138
1472400 1138
1472410 1138
1472420 1139
1472430 1139
1472440 1139
1472450 1138
1472460 1137
1472470 1137
1472480 1137
1472490 1137
1472500 1137
1472510 1135
1472520 1132
1472530 1131
1472540 1131
1472550 1131
1472560 1129
1472570 1129
1472580 1127
1472590 1126
1472600 1126
1472610 1124
1472620 1121
1472630 1121
1472640 1121
1472650 1122
1472660 1122
1472670 1124
1472680 1126
1472690 1126
1472700 1129
1472710 1130
1472720 1130
1472730 1132
1472740 1133
1472750 1133
1472760 1134
1472770 1134
1472780 1134
1472790 1134
1472800 1133
1472810 1132
1472820 1132
1472830 1128
1472840 1124
1472850 1124
1472860 1120
1472870 1119
1472880 1119
1472890 1119
1472900 1120
1472910 1120
1472920 1123
1472930 1123
1472940 1123
1472950 1123
1472960 1124
1472970 1124
1472980 1126
1472990 1129
1473000 1129
1473010 1131
1473020 1133
1473030 1133
1473040 1135
1473050 1138
1473060 1141
1473070 1141
1473080 1144
1473090 1147
1473100 1147
1473110 1147
1473120 1144
1473130 1144
1473140 1141
1473150 1140
1473160 1140
1473170 1140
1473180 1139
1473190 1139
1473200 1139
1473210 1137
1473220 1137
1473230 1139
1473240 1137
1473250 1137
1473260 1132
1473270 1133
1473280 1133
1473290 1136
1473300 1137
1473310 1137
1473320 1137
1473330 1136
1473340 1135
1473350 1135
1473360 1136
1473370 1136
1473380 1136
1473390 1137
1473400 1138
1473410 1138
1473420 1139
1473430 1143
1473440 1143
1473450 1145
1473460 1148
1473470 1148
1473480 1148
1473490 1149
1473500 1149
1473510 1152
1473520 1156
1473530 1156
1473540 1162
1473550 1167
1473560 1167
1473570 1167
1473580 1165
1473590 1165
1473600 1164
1473610 1163
1473620 1161
1473630 1161
1473640 1159
1473650 1157
1473660 1157
1473670 1154
1473680 1152
1473690 1152
1473700 1149
1473710 1146
1473720 1146
1473730 1144
1473740 1144
1473750 1144
1473760 1144
1473770 1144
1473780 1144
1473790 1143
1473800 1141
1473810 1141
1473820 1139
1473830 1137
1473840 1137
1473850 1135
1473860 1132
1473870 1128
1473880 1128
1473890 1122
1473900 1118
1473910 1118
1473920 1112
1473930 1107
1473940 1107
1473950 1103
1473960 1098
1473970 1098
1473980 1093
1473990 1091
1474000 1091
1474010 1084
1474020 1077
1474030 1077
1474040 1068
1474050 1068
1474060 1068
1474070 1067
1474080 1068
1474090 1068
1474100 1069
1474110 1071
1474120 1071
1474130 1072
1474140 1073
1474150 1073
1474160 1073
1474170 1072
1474180 1074
1474190 1074
1474200 1074
1474210 1074
1474220 1074
1474230 1072
1474240 1072
1474250 1072
1474260 1073
1474270 1074
1474280 1074
1474290 1075
1474300 1074
1474310 1074
1474320 1072
1474330 1066
1474340 1066
1474350 1062
1474360 1061
1474370 1061
1474380 1059
1474390 1056
1474400 1056
1474410 1053
1474420 1050
1474430 1046
1474440 1046
1474450 1042
1474460 1038
1474470 1038
1474480 1035
1474490 1033
1474500 1033
1474510 1032
1474520 1030
1474530 1030
1474540 1029
1474550 1029
1474560 1029
1474570 1029
1474580 1028
1474590 1028
1474600 1023
1474610 1016
1474620 1016
1474630 1010
1474640 1006
1474650 1006
1474660 1002
1474670 995
1474680 995
1474690 987
1474700 983
1474710 980
1474720 980
1474730 978
1474740 976
1474750 976
1474760 973
1474770 969
1474780 969
1474790 968
1474800 971
1474810 971
1474820 978
1474830 981
1474840 981
1474850 989
1474860 995
1474870 995
1474880 996
1474890 997
1474900 997
1474910 997
1474920 997
1474930 997
1474940 999
1474950 1001
1474960 1003
1474970 1003
1474980 1006
1474990 1009
1475000 1009
1475010 1012
1475020 1013
1475030 1013
1475040 1012
1475050 1009
1475060 1009
1475070 1005
1475080 1005
1475090 1005
1475100 1005
1475110 1007
1475120 1007
1475130 1008
1475140 1010
1475150 1010
1475160 1012
1475170 1012
1475180 1012
1475190 1006
1475200 1003
1475210 1003
1475220 1005
1475230 1007
1475240 1010
1475250 1010
1475260 1014
1475270 1021
1475280 1021
1475290 1026
1475300 1029
1475310 1029
1475320 1033
1475330 1039
1475340 1039
1475350 1045
1475360 1051
1475370 1051
1475380 1057
1475390 1061
1475400 1061
1475410 1068
1475420 1075
1475430 1075
1475440 1080
1475450 1085
1475460 1085
1475470 1090
1475480 1094
1475490 1094
1475500 1098
1475510 1102
1475520 1106
1475530 1106
1475540 1111
1475550 1115
1475560 1115
1475570 1118
1475580 1121
1475590 1121
1475600 1126
1475610 1129
1475620 1129
1475630 1130
1475640 1132
1475650 1132
1475660 1136
1475670 1139
1475680 1139
1475690 1140
1475700 1139
1475710 1139
1475720 1140
1475730 1141
1475740 1141
1475750 1143
1475760 1146
1475770 1146
1475780 1149
1475790 1152
1475800 1155
1475810 1155
1475820 1159
1475830 1163
1475840 1163
1475850 1166
1475860 1171
1475870 1171
1475880 1175
1475890 1180
1475900 1180
1475910 1187
1475920 1193
1475930 1193
1475940 1198
1475950 1202
1475960 1202
1475970 1207
1475980 1213
1475990 1213
1476000 1216
1476010 1222
1476020 1222
1476030 1230
1476040 1239
1476050 1246
1476060 1246
1476070 1250
1476080 1254
1476090 1254
1476100 1258
1476110 1262
1476120 1262
1476130 1267
1476140 1272
1476150 1272
1476160 1277
1476170 1282
1476180 1282
1476190 1286
1476200 1291
1476210 1291
1476220 1295
1476230 1299
1476240 1299
1476250 1303
1476260 1307
1476270 1307
1476280 1310
1476290 1314
1476300 1314
1476310 1316
1476320 1318
1476330 1321
1476340 1321
1476350 1325
1476360 1328
1476370 1328
1476380 1332
1476390 1335
1476400 1335
1476410 1338
1476420 1342
1476430 1342
1476440 1345
1476450 1349
1476460 1349
1476470 1352
1476480 1355
1476490 1355
1476500 1358
1476510 1361
1476520 1361
1476530 1363
1476540 1365
1476550 1365
1476560 1368
1476570 1369
1476580 1369
1476590 1369
1476600 1371
1476610 1373
1476620 1376
1476630 1378
1476640 1378
1476650 1378
1476660 1377
1476670 1376
1476680 1376
1476690 1374
1476700 1373
1476710 1373
1476720 1373
1476730 1374
1476740 1374
1476750 1375
1476760 1376
1476770 1376
1476780 1376
1476790 1377
1476800 1377
1476810 1377
1476820 1379
1476830 1379
1476840 1379
1476850 1380
1476860 1380
1476870 1381
1476880 1382
1476890 1382
1476900 1382
1476910 1382
1476920 1383
1476930 1383
1476940 1383
1476950 1383
1476960 1383
1476970 1383
1476980 1383
1476990 1383
1477000 1382
1477010 1382
1477020 1382
1477030 1381
1477040 1380
1477050 1380
1477060 1379
1477070 1377
1477080 1377
1477090 1375
1477100 1372
1477110 1372
1477120 1373
1477130 1373
1477140 1374
1477150 1374
1477160 1374
1477170 1373
1477180 1373
1477190 1373
1477200 1372
1477210 1372
1477220 1372
1477230 1372
1477240 1372
1477250 1372
1477260 1371
1477270 1371
1477280 1369
1477290 1367
1477300 1367
1477310 1364
1477320 1362
1477330 1362
1477340 1362
1477350 1360
1477360 1360
1477370 1358
1477380 1355
1477390 1355
1477400 1356
1477410 1358
1477420 1358
1477430 1358
1477440 1357
1477450 1356
1477460 1356
1477470 1358
1477480 1360
1477490 1360
1477500 1362
1477510 1364
1477520 1364
1477530 1367
1477540 1370
1477550 1370
1477560 1371
1477570 1371
1477580 1371
1477590 1373
1477600 1373
1477610 1373
1477620 1374
1477630 1376
1477640 1376
1477650 1376
1477660 1376
1477670 1376
1477680 1376
1477690 1375
1477700 1373
1477710 1373
1477720 1370
1477730 1365
1477740 1365
1477750 1360
1477760 1356
1477770 1356
1477780 1354
1477790 1351
1477800 1351
1477810 1349
1477820 1349
1477830 1349
1477840 1349
1477850 1349
1477860 1349
1477870 1348
1477880 1349
1477890 1349
1477900 1349
1477910 1348
1477920 1348
1477930 1346
1477940 1345
1477950 1345
1477960 1345
1477970 1345
1477980 1345
1477990 1345
1478000 1343
1478010 1343
1478020 1343
1478030 1342
1478040 1344
1478050 1344
1478060 1347
1478070 1348
1478080 1348
1478090 1350
1478100 1352
1478110 1352
1478120 1352
1478130 1352
1478140 1352
1478150 1352
1478160 1352
1478170 1352
1478180 1352
1478190 1351
1478200 1351
1478210 1347
1478220 1348
1478230 1351
1478240 1351
1478250 1354
1478260 1355
1478270 1355
1478280 1356
1478290 1356
1478300 1356
1478310 1357
1478320 1356
1478330 1356
1478340 1355
1478350 1355
1478360 1355
1478370 1355
1478380 1356
1478390 1356
1478400 1356
1478410 1356
1478420 1356
1478430 1356
1478440 1356
1478450 1356
1478460 1356
1478470 1357
1478480 1357
1478490 1358
1478500 1359
1478510 1359
1478520 1359
1478530 1359
1478540 1359
1478550 1359
1478560 1360
1478570 1360
1478580 1360
1478590 1359
1478600 1358
1478610 1358
1478620 1359
1478630 1358
1478640 1358
1478650 1358
1478660 1359
1478670 1359
1478680 1359
1478690 1358
1478700 1358
1478710 1357
1478720 1355
1478730 1355
1478740 1354
1478750 1353
1478760 1353
1478770 1351
1478780 1349
1478790 1346
1478800 1346
1478810 1347
1478820 1346
1478830 1346
1478840 1345
1478850 1345
1478860 1345
1478870 1345
1478880 1345
1478890 1345
1478900 1345
1478910 1344
1478920 1344
1478930 1341
1478940 1342
1478950 1342
1478960 1342
1478970 1343
1478980 1343
1478990 1344
1479000 1345
1479010 1345
1479020 1344
1479030 1343
1479040 1343
1479050 1343
1479060 1343
1479070 1343
1479080 1343
1479090 1344
1479100 1343
1479110 1343
1479120 1344
1479130 1344
1479140 1344
1479150 1345
1479160 1345
1479170 1345
1479180 1346
1479190 1349
1479200 1349
1479210 1350
1479220 1349
1479230 1349
1479240 1347
1479250 1346
1479260 1346
1479270 1346
1479280 1346
1479290 1346
1479300 1347
1479310 1348
1479320 1350
1479330 1350
1479340 1350
1479350 1349
1479360 1349
1479370 1347
1479380 1346
1479390 1346
1479400 1344
1479410 1341
1479420 1341
1479430 1339
1479440 1336
1479450 1336
1479460 1334
1479470 1332
1479480 1332
1479490 1330
1479500 1328
1479510 1328
1479520 1325
1479530 1321
1479540 1321
1479550 1318
1479560 1315
1479570 1315
1479580 1313
1479590 1311
1479600 1309
1479610 1309
1479620 1306
1479630 1304
1479640 1304
1479650 1302
1479660 1299
1479670 1299
1479680 1296
1479690 1292
1479700 1292
1479710 1289
1479720 1286
1479730 1286
1479740 1284
1479750 1280
1479760 1280
1479770 1276
1479780 1274
1479790 1274
1479800 1273
1479810 1270
1479820 1270
1479830 1267
1479840 1263
1479850 1263
1479860 1260
1479870 1257
1479880 1253
1479890 1253
1479900 1249
1479910 1245
1479920 1245
1479930 1241
1479940 1237
1479950 1237
1479960 1234
1479970 1230
1479980 1230
1479990 1228
