1460000 903
1460010 904
1460020 904
1460030 905
1460040 905
1460050 905
1460060 907
1460070 908
1460080 910
1460090 910
1460100 910
1460110 911
1460120 911
1460130 912
1460140 912
1460150 912
1460160 913
1460170 913
1460180 913
1460190 913
1460200 913
1460210 913
1460220 913
1460230 913
1460240 913
1460250 913
1460260 912
1460270 912
1460280 912
1460290 912
1460300 912
1460310 912
1460320 912
1460330 912
1460340 913
1460350 913
1460360 914
1460370 914
1460380 914
1460390 915
1460400 915
1460410 915
1460420 915
1460430 915
1460440 915
1460450 915
1460460 915
1460470 916
1460480 916
1460490 916
1460500 916
1460510 916
1460520 916
1460530 916
1460540 916
1460550 916
1460560 915
1460570 914
1460580 914
1460590 914
1460600 913
1460610 913
1460620 912
1460630 911
1460640 909
1460650 909
1460660 907
1460670 905
1460680 905
1460690 903
1460700 900
1460710 900
1460720 894
1460730 891
1460740 891
1460750 889
1460760 888
1460770 888
1460780 886
1460790 883
1460800 883
1460810 878
1460820 874
1460830 874
1460840 871
1460850 868
1460860 868
1460870 864
1460880 861
1460890 857
1460900 857
1460910 853
1460920 849
1460930 849
1460940 845
1460950 842
1460960 842
1460970 840
1460980 834
1460990 834
1461000 825
1461010 819
1461020 819
1461030 814
1461040 809
1461050 809
1461060 805
1461070 801
1461080 801
1461090 796
1461100 791
1461110 791
1461120 786
1461130 781
1461140 781
1461150 777
1461160 773
1461170 770
1461180 770
1461190 767
1461200 763
1461210 763
1461220 759
1461230 757
1461240 757
1461250 754
1461260 754
1461270 754
1461280 752
1461290 749
1461300 749
1461310 746
1461320 744
1461330 744
1461340 741
1461350 740
1461360 740
1461370 739
1461380 738
1461390 738
1461400 740
1461410 743
1461420 743
1461430 746
1461440 749
1461450 750
1461460 750
1461470 750
1461480 753
1461490 753
1461500 755
1461510 757
1461520 757
1461530 752
1461540 747
1461550 747
1461560 742
1461570 734
1461580 734
1461590 732
1461600 742
1461610 742
1461620 749
1461630 753
1461640 753
1461650 757
1461660 759
1461670 759
1461680 761
1461690 761
1461700 761
1461710 761
1461720 761
1461730 762
1461740 762
1461750 763
1461760 763
1461770 763
1461780 763
1461790 763
1461800 763
1461810 763
1461820 762
1461830 762
1461840 762
1461850 762
1461860 762
1461870 762
1461880 762
1461890 762
1461900 762
1461910 763
1461920 763
1461930 763
1461940 763
1461950 763
1461960 763
1461970 762
1461980 762
1461990 762
1462000 761
1462010 760
1462020 760
1462030 759
1462040 757
1462050 757
1462060 756
1462070 754
1462080 754
1462090 751
1462100 749
1462110 749
1462120 746
1462130 743
1462140 743
1462150 741
1462160 738
1462170 738
1462180 734
1462190 732
1462200 732
1462210 726
1462220 722
1462230 722
1462240 719
1462250 715
1462260 715
1462270 712
1462280 709
1462290 705
1462300 705
1462310 702
1462320 697
1462330 697
1462340 687
1462350 676
1462360 676
1462370 668
1462380 663
1462390 663
1462400 661
1462410 667
1462420 667
1462430 680
1462440 693
1462450 693
1462460 697
1462470 690
1462480 690
1462490 678
1462500 668
1462510 668
1462520 660
1462530 656
1462540 658
1462550 658
1462560 664
1462570 665
1462580 665
1462590 663
1462600 660
1462610 660
1462620 658
1462630 656
1462640 656
1462650 654
1462660 653
1462670 653
1462680 653
1462690 652
1462700 652
1462710 651
1462720 651
1462730 651
1462740 652
1462750 651
1462760 651
1462770 650
1462780 649
1462790 649
1462800 649
1462810 651
1462820 653
1462830 653
1462840 653
1462850 652
1462860 652
1462870 650
1462880 652
1462890 652
1462900 654
1462910 655
1462920 655
1462930 655
1462940 654
1462950 654
1462960 653
1462970 651
1462980 651
1462990 651
1463000 652
1463010 652
1463020 650
1463030 646
1463040 646
1463050 644
1463060 643
1463070 643
1463080 642
1463090 642
1463100 642
1463110 642
1463120 640
1463130 642
1463140 642
1463150 653
1463160 661
1463170 661
1463180 667
1463190 671
1463200 671
1463210 676
1463220 681
1463230 681
1463240 684
1463250 686
1463260 686
1463270 687
1463280 688
1463290 688
1463300 689
1463310 694
1463320 694
1463330 704
1463340 711
1463350 711
1463360 713
1463370 714
1463380 716
1463390 716
1463400 717
1463410 719
1463420 719
1463430 720
1463440 721
1463450 721
1463460 721
1463470 722
1463480 722
1463490 722
1463500 723
1463510 723
1463520 723
1463530 723
1463540 723
1463550 724
1463560 724
1463570 724
1463580 724
1463590 725
1463600 725
1463610 725
1463620 725
1463630 725
1463640 726
1463650 727
1463660 728
1463670 728
1463680 729
1463690 730
1463700 730
1463710 731
1463720 731
1463730 731
1463740 732
1463750 733
1463760 733
1463770 734
1463780 734
1463790 734
1463800 734
1463810 734
1463820 734
1463830 735
1463840 735
1463850 735
1463860 735
1463870 735
1463880 735
1463890 736
1463900 736
1463910 737
1463920 737
1463930 737
1463940 738
1463950 738
1463960 738
1463970 738
1463980 738
1463990 738
1464000 738
1464010 738
1464020 738
1464030 738
1464040 738
1464050 737
1464060 737
1464070 737
1464080 737
1464090 737
1464100 737
1464110 736
1464120 736
1464130 736
1464140 735
1464150 735
1464160 735
1464170 735
1464180 735
1464190 734
1464200 734
1464210 733
1464220 734
1464230 734
1464240 734
1464250 734
1464260 734
1464270 734
1464280 735
1464290 735
1464300 735
1464310 735
1464320 735
1464330 735
1464340 735
1464350 735
1464360 734
1464370 734
1464380 734
1464390 734
1464400 734
1464410 734
1464420 733
1464430 735
1464440 735
1464450 737
1464460 737
1464470 736
1464480 736
1464490 734
1464500 732
1464510 732
1464520 730
1464530 728
1464540 728
1464550 727
1464560 726
1464570 726
1464580 725
1464590 724
1464600 724
1464610 724
1464620 724
1464630 724
1464640 724
1464650 724
1464660 724
1464670 724
1464680 724
1464690 724
1464700 723
1464710 723
1464720 723
1464730 723
1464740 723
1464750 723
1464760 723
1464770 723
1464780 723
1464790 723
1464800 723
1464810 723
1464820 723
1464830 723
1464840 722
1464850 722
1464860 722
1464870 722
1464880 722
1464890 722
1464900 723
1464910 723
1464920 723
1464930 723
1464940 723
1464950 724
1464960 723
1464970 723
1464980 723
1464990 722
1465000 722
1465010 722
1465020 720
1465030 719
1465040 719
1465050 718
1465060 715
1465070 715
1465080 714
1465090 712
1465100 712
1465110 711
1465120 710
1465130 710
1465140 709
1465150 709
1465160 709
1465170 709
1465180 708
1465190 708
1465200 708
1465210 709
1465220 709
1465230 709
1465240 708
1465250 708
1465260 708
1465270 708
1465280 708
1465290 709
1465300 709
1465310 709
1465320 709
1465330 709
1465340 709
1465350 709
1465360 709
1465370 709
1465380 709
1465390 709
1465400 709
1465410 709
1465420 709
1465430 709
1465440 709
1465450 709
1465460 709
1465470 709
1465480 709
1465490 709
1465500 709
1465510 710
1465520 710
1465530 710
1465540 710
1465550 710
1465560 708
1465570 708
1465580 708
1465590 708
1465600 708
1465610 708
1465620 707
1465630 707
1465640 707
1465650 707
1465660 707
1465670 706
1465680 706
1465690 706
1465700 706
1465710 705
1465720 705
1465730 705
1465740 705
1465750 705
1465760 706
1465770 706
1465780 706
1465790 707
1465800 707
1465810 707
1465820 707
1465830 706
1465840 705
1465850 705
1465860 704
1465870 702
1465880 702
1465890 701
1465900 700
1465910 700
1465920 698
1465930 698
1465940 698
1465950 696
1465960 693
1465970 693
1465980 694
1465990 693
1466000 693
1466010 692
1466020 691
1466030 691
1466040 690
1466050 688
1466060 688
1466070 686
1466080 683
1466090 683
1466100 681
1466110 680
1466120 680
1466130 680
1466140 681
1466150 681
1466160 681
1466170 682
1466180 683
1466190 683
1466200 683
1466210 683
1466220 683
1466230 682
1466240 681
1466250 681
1466260 680
1466270 679
1466280 679
1466290 678
1466300 677
1466310 677
1466320 675
1466330 673
1466340 673
1466350 671
1466360 670
1466370 670
1466380 669
1466390 667
1466400 666
1466410 666
1466420 664
1466430 663
1466440 663
1466450 661
1466460 659
1466470 659
1466480 658
1466490 657
1466500 657
1466510 656
1466520 655
1466530 655
1466540 653
1466550 652
1466560 652
1466570 651
1466580 649
1466590 649
1466600 648
1466610 646
1466620 646
1466630 644
1466640 641
1466650 641
1466660 637
1466670 634
1466680 632
1466690 632
1466700 629
1466710 628
1466720 628
1466730 627
1466740 625
1466750 625
1466760 624
1466770 623
1466780 623
1466790 622
1466800 619
1466810 619
1466820 614
1466830 608
1466840 608
1466850 603
1466860 598
1466870 598
1466880 592
1466890 586
1466900 586
1466910 583
1466920 581
1466930 581
1466940 580
1466950 579
1466960 580
1466970 580
1466980 580
1466990 580
1467000 580
1467010 580
1467020 580
1467030 580
1467040 581
1467050 583
1467060 583
1467070 582
1467080 581
1467090 581
1467100 580
1467110 580
1467120 580
1467130 580
1467140 578
1467150 578
1467160 577
1467170 577
1467180 577
1467190 577
1467200 577
1467210 577
1467220 577
1467230 577
1467240 577
1467250 577
1467260 577
1467270 577
1467280 577
1467290 577
1467300 577
1467310 577
1467320 577
1467330 577
1467340 577
1467350 576
1467360 576
1467370 576
1467380 575
1467390 571
1467400 571
1467410 570
1467420 570
1467430 570
1467440 570
1467450 570
1467460 570
1467470 571
1467480 572
1467490 575
1467500 575
1467510 582
1467520 585
1467530 585
1467540 583
1467550 581
1467560 581
1467570 580
1467580 579
1467590 579
1467600 579
1467610 579
1467620 579
1467630 579
1467640 579
1467650 579
1467660 579
1467670 579
1467680 579
1467690 578
1467700 578
1467710 578
1467720 578
1467730 579
1467740 579
1467750 579
1467760 580
1467770 580
1467780 580
1467790 580
1467800 581
1467810 581
1467820 581
1467830 582
1467840 582
1467850 582
1467860 582
1467870 582
1467880 583
1467890 583
1467900 583
1467910 583
1467920 583
1467930 583
1467940 583
1467950 583
1467960 583
1467970 583
1467980 584
1467990 584
1468000 584
1468010 585
1468020 585
1468030 586
1468040 586
1468050 587
1468060 587
1468070 588
1468080 589
1468090 589
1468100 589
1468110 590
1468120 590
1468130 590
1468140 591
1468150 591
1468160 595
1468170 600
1468180 600
1468190 602
1468200 603
1468210 603
1468220 603
1468230 603
1468240 603
1468250 603
1468260 603
1468270 603
1468280 602
1468290 602
1468300 602
1468310 602
1468320 602
1468330 602
1468340 602
1468350 602
1468360 602
1468370 602
1468380 602
1468390 602
1468400 602
1468410 603
1468420 603
1468430 603
1468440 603
1468450 603
1468460 603
1468470 602
1468480 602
1468490 602
1468500 601
1468510 601
1468520 601
1468530 601
1468540 600
1468550 600
1468560 600
1468570 600
1468580 600
1468590 600
1468600 599
1468610 599
1468620 599
1468630 599
1468640 599
1468650 599
1468660 599
1468670 602
1468680 602
1468690 603
1468700 605
1468710 605
1468720 605
1468730 606
1468740 606
1468750 607
1468760 608
1468770 608
1468780 609
1468790 610
1468800 610
1468810 611
1468820 613
1468830 613
1468840 615
1468850 617
1468860 620
1468870 620
1468880 622
1468890 624
1468900 624
1468910 626
1468920 629
1468930 629
1468940 632
1468950 637
1468960 637
1468970 642
1468980 647
1468990 647
1469000 650
1469010 654
1469020 654
1469030 657
1469040 661
1469050 661
1469060 664
1469070 670
1469080 670
1469090 674
1469100 677
1469110 677
1469120 685
1469130 693
1469140 700
1469150 700
1469160 705
1469170 711
1469180 711
1469190 718
1469200 725
1469210 725
1469220 732
1469230 737
1469240 737
1469250 741
1469260 748
1469270 748
1469280 753
1469290 759
1469300 759
1469310 761
1469320 762
1469330 762
1469340 764
1469350 768
1469360 768
1469370 771
1469380 773
1469390 773
1469400 777
1469410 780
1469420 784
1469430 784
1469440 788
1469450 790
1469460 790
1469470 793
1469480 796
1469490 796
1469500 801
1469510 805
1469520 805
1469530 809
1469540 811
1469550 811
1469560 812
1469570 812
1469580 812
1469590 812
1469600 816
1469610 816
1469620 819
1469630 819
1469640 819
1469650 819
1469660 819
1469670 819
1469680 820
1469690 823
1469700 825
1469710 825
1469720 827
1469730 833
1469740 833
1469750 836
1469760 834
1469770 834
1469780 834
1469790 834
1469800 834
1469810 836
1469820 837
1469830 837
1469840 838
1469850 839
1469860 839
1469870 840
1469880 841
1469890 841
1469900 843
1469910 845
1469920 845
1469930 847
1469940 849
1469950 849
1469960 851
1469970 853
1469980 854
1469990 854
1470000 856
1470010 857
1470020 857
1470030 859
1470040 861
1470050 861
1470060 864
1470070 866
1470080 866
1470090 869
1470100 871
1470110 871
1470120 875
1470130 877
1470140 877
1470150 881
1470160 884
1470170 884
1470180 888
1470190 892
1470200 892
1470210 896
1470220 901
1470230 905
1470240 905
1470250 910
1470260 915
1470270 915
1470280 921
1470290 929
1470300 929
1470310 940
1470320 946
1470330 946
1470340 951
1470350 959
1470360 959
1470370 966
1470380 970
1470390 970
1470400 976
1470410 982
1470420 982
1470430 988
1470440 993
1470450 993
1470460 996
1470470 999
1470480 999
1470490 1003
1470500 1007
1470510 1013
1470520 1013
1470530 1019
1470540 1027
1470550 1027
1470560 1033
1470570 1034
1470580 1034
1470590 1036
1470600 1038
1470610 1038
1470620 1039
1470630 1042
1470640 1042
1470650 1045
1470660 1046
1470670 1046
1470680 1046
1470690 1046
1470700 1046
1470710 1045
1470720 1045
1470730 1045
1470740 1045
1470750 1045
1470760 1045
1470770 1045
1470780 1046
1470790 1047
1470800 1047
1470810 1048
1470820 1049
1470830 1049
1470840 1050
1470850 1051
1470860 1051
1470870 1052
1470880 1052
1470890 1052
1470900 1052
1470910 1051
1470920 1051
1470930 1051
1470940 1051
1470950 1051
1470960 1050
1470970 1050
1470980 1050
1470990 1049
1471000 1048
1471010 1048
1471020 1047
1471030 1044
1471040 1044
1471050 1042
1471060 1041
1471070 1039
1471080 1039
1471090 1038
1471100 1036
1471110 1036
1471120 1034
1471130 1031
1471140 1031
1471150 1029
1471160 1027
1471170 1027
1471180 1024
1471190 1022
1471200 1022
1471210 1020
1471220 1018
1471230 1018
1471240 1015
1471250 1012
1471260 1012
1471270 1012
1471280 1012
1471290 1012
1471300 1011
1471310 1009
1471320 1009
1471330 1007
1471340 1005
1471350 1001
1471360 1001
1471370 999
1471380 995
1471390 995
1471400 989
1471410 984
1471420 984
1471430 984
1471440 982
1471450 982
1471460 980
1471470 976
1471480 976
1471490 972
1471500 967
1471510 967
1471520 960
1471530 956
1471540 956
1471550 953
1471560 949
1471570 949
1471580 945
1471590 942
1471600 940
1471610 940
1471620 938
1471630 935
1471640 935
1471650 932
1471660 929
1471670 929
1471680 927
1471690 925
1471700 925
1471710 925
1471720 924
1471730 924
1471740 923
1471750 922
1471760 922
1471770 920
1471780 918
1471790 918
1471800 916
1471810 912
1471820 912
1471830 909
1471840 908
1471850 908
1471860 907
1471870 903
1471880 894
1471890 894
1471900 892
1471910 898
1471920 898
1471930 903
1471940 907
1471950 907
1471960 909
1471970 912
1471980 912
1471990 914
1472000 915
1472010 915
1472020 916
1472030 916
1472040 916
1472050 917
1472060 917
1472070 917
1472080 918
1472090 918
1472100 918
1472110 918
1472120 919
1472130 919
1472140 920
1472150 921
1472160 921
1472170 921
1472180 921
1472190 921
1472200 921
1472210 920
1472220 919
1472230 919
1472240 918
1472250 917
1472260 917
1472270 917
1472280 914
1472290 914
1472300 907
1472310 900
1472320 900
1472330 893
1472340 884
1472350 884
1472360 882
1472370 889
1472380 889
1472390 895
1472400 901
1472410 901
1472420 906
1472430 909
1472440 911
1472450 911
1472460 912
1472470 911
1472480 911
1472490 909
1472500 906
1472510 906
1472520 904
1472530 909
1472540 909
1472550 911
1472560 911
1472570 911
1472580 910
1472590 909
1472600 909
1472610 908
1472620 908
1472630 908
1472640 908
1472650 907
1472660 907
1472670 906
1472680 904
1472690 904
1472700 902
1472710 899
1472720 897
1472730 897
1472740 893
1472750 888
1472760 888
1472770 884
1472780 880
1472790 880
1472800 877
1472810 873
1472820 873
1472830 867
1472840 860
1472850 860
1472860 854
1472870 852
1472880 852
1472890 850
1472900 850
1472910 850
1472920 850
1472930 847
1472940 847
1472950 841
1472960 836
1472970 839
1472980 839
1472990 843
1473000 845
1473010 845
1473020 851
1473030 856
1473040 856
1473050 860
1473060 863
1473070 863
1473080 866
1473090 864
1473100 864
1473110 854
1473120 845
1473130 845
1473140 839
1473150 840
1473160 840
1473170 851
1473180 861
1473190 861
1473200 867
1473210 867
1473220 867
1473230 868
1473240 865
1473250 861
1473260 861
1473270 860
1473280 860
1473290 860
1473300 861
1473310 862
1473320 862
1473330 864
1473340 864
1473350 864
1473360 867
1473370 870
1473380 870
1473390 876
1473400 882
1473410 882
1473420 885
1473430 889
1473440 889
1473450 892
1473460 894
1473470 894
1473480 894
1473490 897
1473500 897
1473510 900
1473520 904
1473530 906
1473540 906
1473550 908
1473560 907
1473570 907
1473580 909
1473590 912
1473600 912
1473610 913
1473620 915
1473630 915
1473640 917
1473650 919
1473660 919
1473670 919
1473680 923
1473690 923
1473700 927
1473710 931
1473720 931
1473730 937
1473740 944
1473750 944
1473760 951
1473770 955
1473780 955
1473790 955
1473800 957
1473810 961
1473820 961
1473830 965
1473840 969
1473850 969
1473860 974
1473870 980
1473880 980
1473890 987
1473900 997
1473910 997
1473920 999
1473930 999
1473940 999
1473950 1000
1473960 1001
1473970 1001
1473980 1002
1473990 1002
1474000 1002
1474010 1003
1474020 1003
1474030 1003
1474040 1003
1474050 1003
1474060 1003
1474070 1003
1474080 1002
1474090 1003
1474100 1003
1474110 1003
1474120 1001
1474130 1001
1474140 1001
1474150 999
1474160 999
1474170 996
1474180 995
1474190 995
1474200 995
1474210 995
1474220 995
1474230 992
1474240 989
1474250 989
1474260 988
1474270 985
1474280 985
1474290 982
1474300 979
1474310 979
1474320 976
1474330 973
1474340 969
1474350 969
1474360 966
1474370 962
1474380 962
1474390 954
1474400 947
1474410 947
1474420 941
1474430 934
1474440 934
1474450 928
1474460 921
1474470 921
1474480 913
1474490 901
1474500 901
1474510 891
1474520 884
1474530 884
1474540 872
1474550 860
1474560 860
1474570 853
1474580 848
1474590 848
1474600 852
1474610 856
1474620 859
1474630 859
1474640 862
1474650 865
1474660 865
1474670 869
1474680 873
1474690 873
1474700 877
1474710 880
1474720 880
1474730 884
1474740 889
1474750 889
1474760 893
1474770 894
1474780 894
1474790 896
1474800 897
1474810 897
1474820 899
1474830 901
1474840 901
1474850 906
1474860 911
1474870 911
1474880 916
1474890 920
1474900 924
1474910 924
1474920 928
1474930 933
1474940 933
1474950 938
1474960 943
1474970 943
1474980 949
1474990 955
1475000 955
1475010 960
1475020 965
1475030 965
1475040 971
1475050 977
1475060 977
1475070 982
1475080 988
1475090 988
1475100 991
1475110 996
1475120 996
1475130 1002
1475140 1007
1475150 1007
1475160 1013
1475170 1019
1475180 1025
1475190 1025
1475200 1030
1475210 1034
1475220 1034
1475230 1038
1475240 1041
1475250 1041
1475260 1045
1475270 1048
1475280 1048
1475290 1052
1475300 1055
1475310 1055
1475320 1058
1475330 1060
1475340 1060
1475350 1062
1475360 1064
1475370 1064
1475380 1066
1475390 1069
1475400 1069
1475410 1072
1475420 1074
1475430 1074
1475440 1076
1475450 1080
1475460 1083
1475470 1083
1475480 1086
1475490 1089
1475500 1089
1475510 1092
1475520 1093
1475530 1093
1475540 1094
1475550 1095
1475560 1095
1475570 1096
1475580 1098
1475590 1098
1475600 1100
1475610 1102
1475620 1102
1475630 1103
1475640 1104
1475650 1104
1475660 1105
1475670 1106
1475680 1106
1475690 1106
1475700 1107
1475710 1107
1475720 1108
1475730 1109
1475740 1109
1475750 1109
1475760 1108
1475770 1108
1475780 1108
1475790 1108
1475800 1109
1475810 1109
1475820 1108
1475830 1107
1475840 1107
1475850 1106
1475860 1105
1475870 1105
1475880 1105
1475890 1104
1475900 1104
1475910 1103
1475920 1103
1475930 1103
1475940 1101
1475950 1100
1475960 1100
1475970 1097
1475980 1094
1475990 1091
1476000 1091
1476010 1088
1476020 1084
1476030 1084
1476040 1081
1476050 1081
1476060 1081
1476070 1081
1476080 1079
1476090 1079
1476100 1077
1476110 1075
1476120 1075
1476130 1075
1476140 1070
1476150 1070
1476160 1062
1476170 1055
1476180 1055
1476190 1052
1476200 1057
1476210 1057
1476220 1061
1476230 1065
1476240 1065
1476250 1069
1476260 1074
1476270 1079
1476280 1079
1476290 1085
1476300 1092
1476310 1092
1476320 1095
1476330 1096
1476340 1096
1476350 1097
1476360 1097
1476370 1097
1476380 1098
1476390 1098
1476400 1098
1476410 1099
1476420 1099
1476430 1099
1476440 1099
1476450 1099
1476460 1099
1476470 1099
1476480 1099
1476490 1099
1476500 1099
1476510 1099
1476520 1099
1476530 1101
1476540 1103
1476550 1105
1476560 1105
1476570 1106
1476580 1108
1476590 1108
1476600 1110
1476610 1111
1476620 1111
1476630 1111
1476640 1109
1476650 1109
1476660 1109
1476670 1109
1476680 1109
1476690 1110
1476700 1112
1476710 1112
1476720 1113
1476730 1115
1476740 1115
1476750 1116
1476760 1117
1476770 1117
1476780 1117
1476790 1118
1476800 1118
1476810 1118
1476820 1117
1476830 1117
1476840 1117
1476850 1117
1476860 1118
1476870 1118
1476880 1118
1476890 1118
1476900 1118
1476910 1117
1476920 1117
1476930 1117
1476940 1117
1476950 1117
1476960 1117
1476970 1116
1476980 1115
1476990 1115
1477000 1112
1477010 1110
1477020 1110
1477030 1113
1477040 1115
1477050 1115
1477060 1115
1477070 1115
1477080 1115
1477090 1116
1477100 1116
1477110 1117
1477120 1117
1477130 1118
1477140 1119
1477150 1119
1477160 1120
1477170 1121
1477180 1121
1477190 1121
1477200 1122
1477210 1122
1477220 1122
1477230 1123
1477240 1123
1477250 1124
1477260 1124
1477270 1124
1477280 1124
1477290 1124
1477300 1124
1477310 1124
1477320 1124
1477330 1124
1477340 1124
1477350 1123
1477360 1122
1477370 1122
1477380 1121
1477390 1121
1477400 1121
1477410 1121
1477420 1120
1477430 1120
1477440 1120
1477450 1119
1477460 1119
1477470 1118
1477480 1118
1477490 1118
1477500 1118
1477510 1116
1477520 1116
1477530 1115
1477540 1114
1477550 1114
1477560 1112
1477570 1110
1477580 1110
1477590 1111
1477600 1110
1477610 1110
1477620 1109
1477630 1108
1477640 1108
1477650 1108
1477660 1110
1477670 1111
1477680 1111
1477690 1111
1477700 1110
1477710 1110
1477720 1110
1477730 1110
1477740 1110
1477750 1110
1477760 1110
1477770 1110
1477780 1110
1477790 1110
1477800 1110
1477810 1110
1477820 1109
1477830 1109
1477840 1109
1477850 1108
1477860 1108
1477870 1108
1477880 1107
1477890 1107
1477900 1107
1477910 1107
1477920 1107
1477930 1107
1477940 1108
1477950 1108
1477960 1108
1477970 1109
1477980 1109
1477990 1109
1478000 1110
1478010 1110
1478020 1110
1478030 1110
1478040 1111
1478050 1111
1478060 1112
1478070 1112
1478080 1112
1478090 1112
1478100 1112
1478110 1112
1478120 1113
1478130 1114
1478140 1114
1478150 1114
1478160 1114
1478170 1114
1478180 1115
1478190 1114
1478200 1115
1478210 1115
1478220 1117
1478230 1117
1478240 1117
1478250 1116
1478260 1116
1478270 1116
1478280 1116
1478290 1116
1478300 1116
1478310 1116
1478320 1115
1478330 1115
1478340 1113
1478350 1112
1478360 1112
1478370 1111
1478380 1111
1478390 1111
1478400 1111
1478410 1110
1478420 1110
1478430 1110
1478440 1109
1478450 1109
1478460 1107
1478470 1105
1478480 1100
1478490 1100
1478500 1092
1478510 1083
1478520 1083
1478530 1072
1478540 1066
1478550 1066
1478560 1067
1478570 1073
1478580 1073
1478590 1078
1478600 1082
1478610 1082
1478620 1085
1478630 1085
1478640 1085
1478650 1084
1478660 1082
1478670 1082
1478680 1081
1478690 1080
1478700 1080
1478710 1077
1478720 1072
1478730 1067
1478740 1067
1478750 1076
1478760 1086
1478770 1086
1478780 1093
1478790 1097
1478800 1097
1478810 1096
1478820 1096
1478830 1096
1478840 1096
1478850 1096
1478860 1096
1478870 1096
1478880 1096
1478890 1096
1478900 1096
1478910 1095
1478920 1095
1478930 1095
1478940 1097
1478950 1097
1478960 1096
1478970 1098
1478980 1098
1478990 1099
1479000 1099
1479010 1099
1479020 1099
1479030 1099
1479040 1097
1479050 1097
1479060 1097
1479070 1097
1479080 1097
1479090 1096
1479100 1096
1479110 1096
1479120 1090
1479130 1084
1479140 1084
1479150 1079
1479160 1077
1479170 1077
1479180 1083
1479190 1086
1479200 1086
1479210 1089
1479220 1090
1479230 1090
1479240 1091
1479250 1092
1479260 1092
1479270 1091
1479280 1090
1479290 1088
1479300 1088
1479310 1085
1479320 1086
1479330 1086
1479340 1086
1479350 1085
1479360 1085
1479370 1084
1479380 1082
1479390 1082
1479400 1082
1479410 1081
1479420 1081
1479430 1081
1479440 1080
1479450 1080
1479460 1079
1479470 1079
1479480 1079
1479490 1079
1479500 1078
1479510 1078
1479520 1077
1479530 1075
1479540 1075
1479550 1074
1479560 1074
1479570 1073
1479580 1073
1479590 1070
1479600 1066
1479610 1066
1479620 1063
1479630 1066
1479640 1066
1479650 1066
1479660 1063
1479670 1063
1479680 1061
1479690 1061
1479700 1061
1479710 1057
1479720 1052
1479730 1052
1479740 1049
1479750 1046
1479760 1046
1479770 1042
1479780 1039
1479790 1039
1479800 1035
1479810 1032
1479820 1032
1479830 1030
1479840 1027
1479850 1024
1479860 1024
1479870 1020
1479880 1017
1479890 1017
1479900 1016
1479910 1015
1479920 1015
1479930 1013
1479940 1012
1479950 1012
1479960 1010
1479970 1007
1479980 1007
1479990 1003
