1460000 1048
1460010 1045
1460020 1042
1460030 1037
1460040 1037
1460050 1032
1460060 1027
1460070 1027
1460080 1024
1460090 1019
1460100 1019
1460110 1015
1460120 1011
1460130 1011
1460140 1008
1460150 1004
1460160 1004
1460170 1001
1460180 998
1460190 998
1460200 995
1460210 992
1460220 992
1460230 988
1460240 983
1460250 983
1460260 979
1460270 974
1460280 974
1460290 969
1460300 965
1460310 962
1460320 962
1460330 957
1460340 951
1460350 951
1460360 947
1460370 942
1460380 942
1460390 938
1460400 934
1460410 934
1460420 929
1460430 924
1460440 924
1460450 920
1460460 915
1460470 915
1460480 909
1460490 903
1460500 903
1460510 896
1460520 889
1460530 889
1460540 882
1460550 875
1460560 875
1460570 864
1460580 850
1460590 838
1460600 838
1460610 825
1460620 817
1460630 817
1460640 814
1460650 815
1460660 815
1460670 820
1460680 824
1460690 824
1460700 828
1460710 832
1460720 832
1460730 836
1460740 840
1460750 840
1460760 845
1460770 849
1460780 849
1460790 851
1460800 854
1460810 854
1460820 858
1460830 862
1460840 867
1460850 867
1460860 871
1460870 877
1460880 877
1460890 883
1460900 886
1460910 886
1460920 889
1460930 891
1460940 891
1460950 895
1460960 898
1460970 898
1460980 902
1460990 907
1461000 907
1461010 913
1461020 917
1461030 917
1461040 922
1461050 925
1461060 925
1461070 928
1461080 930
1461090 930
1461100 932
1461110 934
1461120 936
1461130 936
1461140 938
1461150 940
1461160 940
1461170 941
1461180 940
1461190 940
1461200 938
1461210 937
1461220 937
1461230 937
1461240 936
1461250 936
1461260 935
1461270 935
1461280 935
1461290 936
1461300 936
1461310 936
1461320 936
1461330 934
1461340 934
1461350 930
1461360 932
1461370 932
1461380 940
1461390 950
1461400 958
1461410 958
1461420 965
1461430 971
1461440 971
1461450 977
1461460 983
1461470 983
1461480 990
1461490 996
1461500 996
1461510 999
1461520 1003
1461530 1003
1461540 1007
1461550 1011
1461560 1011
1461570 1015
1461580 1019
1461590 1019
1461600 1024
1461610 1028
1461620 1028
1461630 1032
1461640 1036
1461650 1036
1461660 1040
1461670 1045
1461680 1051
1461690 1051
1461700 1056
1461710 1058
1461720 1058
1461730 1059
1461740 1060
1461750 1060
1461760 1063
1461770 1065
1461780 1065
1461790 1066
1461800 1066
1461810 1066
1461820 1067
1461830 1068
1461840 1068
1461850 1069
1461860 1071
1461870 1071
1461880 1072
1461890 1073
1461900 1073
1461910 1072
1461920 1072
1461930 1072
1461940 1071
1461950 1071
1461960 1070
1461970 1070
1461980 1069
1461990 1069
1462000 1069
1462010 1069
1462020 1070
1462030 1070
1462040 1071
1462050 1072
1462060 1072
1462070 1073
1462080 1074
1462090 1074
1462100 1075
1462110 1077
1462120 1077
1462130 1078
1462140 1080
1462150 1080
1462160 1082
1462170 1084
1462180 1084
1462190 1086
1462200 1087
1462210 1087
1462220 1089
1462230 1090
1462240 1092
1462250 1092
1462260 1093
1462270 1094
1462280 1094
1462290 1094
1462300 1094
1462310 1094
1462320 1095
1462330 1096
1462340 1096
1462350 1097
1462360 1098
1462370 1098
1462380 1099
1462390 1099
1462400 1099
1462410 1098
1462420 1098
1462430 1098
1462440 1099
1462450 1098
1462460 1098
1462470 1098
1462480 1097
1462490 1097
1462500 1097
1462510 1096
1462520 1094
1462530 1094
1462540 1091
1462550 1091
1462560 1091
1462570 1091
1462580 1091
1462590 1091
1462600 1092
1462610 1092
1462620 1092
1462630 1092
1462640 1089
1462650 1089
1462660 1087
1462670 1090
1462680 1090
1462690 1093
1462700 1095
1462710 1095
1462720 1097
1462730 1099
1462740 1099
1462750 1101
1462760 1102
1462770 1102
1462780 1103
1462790 1104
1462800 1105
1462810 1105
1462820 1105
1462830 1105
1462840 1105
1462850 1105
1462860 1105
1462870 1105
1462880 1103
1462890 1099
1462900 1099
1462910 1096
1462920 1090
1462930 1090
1462940 1092
1462950 1100
1462960 1100
1462970 1107
1462980 1110
1462990 1110
1463000 1111
1463010 1111
1463020 1111
1463030 1111
1463040 1111
1463050 1111
1463060 1110
1463070 1110
1463080 1109
1463090 1109
1463100 1109
1463110 1111
1463120 1111
1463130 1113
1463140 1115
1463150 1115
1463160 1116
1463170 1116
1463180 1116
1463190 1117
1463200 1118
1463210 1118
1463220 1119
1463230 1119
1463240 1119
1463250 1120
1463260 1122
1463270 1122
1463280 1123
1463290 1125
1463300 1125
1463310 1126
1463320 1128
1463330 1128
1463340 1129
1463350 1130
1463360 1131
1463370 1131
1463380 1132
1463390 1133
1463400 1133
1463410 1134
1463420 1135
1463430 1135
1463440 1135
1463450 1135
1463460 1135
1463470 1134
1463480 1131
1463490 1131
1463500 1128
1463510 1125
1463520 1125
1463530 1123
1463540 1119
1463550 1119
1463560 1120
1463570 1127
1463580 1127
1463590 1133
1463600 1140
1463610 1140
1463620 1146
1463630 1151
1463640 1152
1463650 1152
1463660 1154
1463670 1156
1463680 1156
1463690 1157
1463700 1159
1463710 1159
1463720 1159
1463730 1160
1463740 1160
1463750 1162
1463760 1164
1463770 1164
1463780 1166
1463790 1167
1463800 1167
1463810 1169
1463820 1171
1463830 1171
1463840 1174
1463850 1176
1463860 1176
1463870 1178
1463880 1179
1463890 1179
1463900 1179
1463910 1180
1463920 1181
1463930 1181
1463940 1182
1463950 1182
1463960 1182
1463970 1183
1463980 1184
1463990 1184
1464000 1186
1464010 1189
1464020 1189
1464030 1190
1464040 1191
1464050 1191
1464060 1191
1464070 1192
1464080 1192
1464090 1195
1464100 1197
1464110 1197
1464120 1197
1464130 1197
1464140 1197
1464150 1197
1464160 1196
1464170 1196
1464180 1196
1464190 1195
1464200 1194
1464210 1194
1464220 1194
1464230 1194
1464240 1194
1464250 1187
1464260 1186
1464270 1186
1464280 1186
1464290 1186
1464300 1186
1464310 1186
1464320 1186
1464330 1186
1464340 1186
1464350 1188
1464360 1188
1464370 1188
1464380 1188
1464390 1188
1464400 1189
1464410 1189
1464420 1189
1464430 1189
1464440 1189
1464450 1189
1464460 1188
1464470 1186
1464480 1186
1464490 1186
1464500 1188
1464510 1192
1464520 1192
1464530 1196
1464540 1198
1464550 1198
1464560 1201
1464570 1204
1464580 1204
1464590 1207
1464600 1208
1464610 1208
1464620 1211
1464630 1216
1464640 1216
1464650 1219
1464660 1220
1464670 1220
1464680 1222
1464690 1224
1464700 1224
1464710 1224
1464720 1224
1464730 1224
1464740 1224
1464750 1225
1464760 1227
1464770 1227
1464780 1230
1464790 1233
1464800 1233
1464810 1235
1464820 1235
1464830 1235
1464840 1232
1464850 1229
1464860 1229
1464870 1228
1464880 1228
1464890 1228
1464900 1229
1464910 1230
1464920 1230
1464930 1233
1464940 1237
1464950 1237
1464960 1240
1464970 1243
1464980 1243
1464990 1243
1465000 1244
1465010 1244
1465020 1247
1465030 1248
1465040 1248
1465050 1248
1465060 1248
1465070 1250
1465080 1250
1465090 1252
1465100 1253
1465110 1253
1465120 1254
1465130 1253
1465140 1253
1465150 1252
1465160 1252
1465170 1252
1465180 1252
1465190 1252
1465200 1252
1465210 1252
1465220 1252
1465230 1252
1465240 1253
1465250 1255
1465260 1255
1465270 1257
1465280 1259
1465290 1259
1465300 1261
1465310 1263
1465320 1266
1465330 1266
1465340 1270
1465350 1272
1465360 1272
1465370 1273
1465380 1274
1465390 1274
1465400 1274
1465410 1275
1465420 1275
1465430 1275
1465440 1277
1465450 1277
1465460 1277
1465470 1278
1465480 1278
1465490 1278
1465500 1279
1465510 1279
1465520 1279
1465530 1278
1465540 1278
1465550 1278
1465560 1279
1465570 1279
1465580 1280
1465590 1281
1465600 1282
1465610 1282
1465620 1283
1465630 1280
1465640 1280
1465650 1276
1465660 1274
1465670 1274
1465680 1273
1465690 1273
1465700 1273
1465710 1273
1465720 1273
1465730 1273
1465740 1275
1465750 1278
1465760 1278
1465770 1280
1465780 1280
1465790 1280
1465800 1278
1465810 1274
1465820 1274
1465830 1269
1465840 1265
1465850 1261
1465860 1261
1465870 1258
1465880 1257
1465890 1257
1465900 1257
1465910 1256
1465920 1256
1465930 1253
1465940 1251
1465950 1251
1465960 1249
1465970 1245
1465980 1245
1465990 1240
1466000 1234
1466010 1234
1466020 1229
1466030 1224
1466040 1224
1466050 1218
1466060 1210
1466070 1210
1466080 1203
1466090 1198
1466100 1198
1466110 1189
1466120 1181
1466130 1173
1466140 1173
1466150 1166
1466160 1159
1466170 1159
1466180 1152
1466190 1146
1466200 1146
1466210 1141
1466220 1130
1466230 1130
1466240 1118
1466250 1106
1466260 1106
1466270 1097
1466280 1087
1466290 1087
1466300 1077
1466310 1067
1466320 1067
1466330 1058
1466340 1048
1466350 1048
1466360 1042
1466370 1039
1466380 1039
1466390 1035
1466400 1030
1466410 1024
1466420 1024
1466430 1018
1466440 1009
1466450 1009
1466460 1001
1466470 995
1466480 995
1466490 990
1466500 985
1466510 985
1466520 980
1466530 973
1466540 973
1466550 966
1466560 960
1466570 960
1466580 955
1466590 947
1466600 947
1466610 941
1466620 934
1466630 934
1466640 928
1466650 920
1466660 920
1466670 910
1466680 900
1466690 890
1466700 890
1466710 881
1466720 874
1466730 874
1466740 868
1466750 863
1466760 863
1466770 858
1466780 851
1466790 851
1466800 845
1466810 840
1466820 840
1466830 835
1466840 829
1466850 829
1466860 823
1466870 817
1466880 817
1466890 811
1466900 806
1466910 806
1466920 801
1466930 795
1466940 795
1466950 789
1466960 784
1466970 780
1466980 780
1466990 775
1467000 770
1467010 770
1467020 766
1467030 763
1467040 763
1467050 759
1467060 756
1467070 756
1467080 754
1467090 751
1467100 751
1467110 747
1467120 743
1467130 743
1467140 738
1467150 733
1467160 733
1467170 726
1467180 722
1467190 722
1467200 715
1467210 711
1467220 711
1467230 705
1467240 700
1467250 696
1467260 696
1467270 690
1467280 685
1467290 685
1467300 680
1467310 675
1467320 675
1467330 671
1467340 666
1467350 666
1467360 660
1467370 655
1467380 655
1467390 650
1467400 646
1467410 646
1467420 642
1467430 640
1467440 640
1467450 638
1467460 636
1467470 636
1467480 635
1467490 634
1467500 634
1467510 632
1467520 631
1467530 629
1467540 629
1467550 627
1467560 626
1467570 626
1467580 624
1467590 620
1467600 620
1467610 617
1467620 615
1467630 615
1467640 614
1467650 612
1467660 612
1467670 610
1467680 608
1467690 608
1467700 607
1467710 605
1467720 605
1467730 603
1467740 602
1467750 602
1467760 600
1467770 598
1467780 598
1467790 597
1467800 596
1467810 595
1467820 595
1467830 594
1467840 593
1467850 593
1467860 592
1467870 591
1467880 591
1467890 590
1467900 589
1467910 589
1467920 588
1467930 587
1467940 587
1467950 586
1467960 585
1467970 585
1467980 584
1467990 583
1468000 583
1468010 583
1468020 582
1468030 582
1468040 581
1468050 581
1468060 581
1468070 580
1468080 580
1468090 579
1468100 579
1468110 578
1468120 577
1468130 577
1468140 574
1468150 572
1468160 572
1468170 571
1468180 571
1468190 571
1468200 571
1468210 571
1468220 571
1468230 571
1468240 571
1468250 571
1468260 570
1468270 570
1468280 570
1468290 570
1468300 570
1468310 570
1468320 571
1468330 572
1468340 572
1468350 571
1468360 571
1468370 571
1468380 571
1468390 570
1468400 569
1468410 569
1468420 569
1468430 569
1468440 569
1468450 569
1468460 569
1468470 569
1468480 570
1468490 571
1468500 571
1468510 571
1468520 569
1468530 569
1468540 568
1468550 568
1468560 568
1468570 568
1468580 568
1468590 568
1468600 568
1468610 566
1468620 566
1468630 564
1468640 560
1468650 559
1468660 559
1468670 559
1468680 559
1468690 559
1468700 559
1468710 560
1468720 560
1468730 564
1468740 565
1468750 565
1468760 565
1468770 565
1468780 565
1468790 565
1468800 566
1468810 566
1468820 566
1468830 567
1468840 567
1468850 567
1468860 567
1468870 567
1468880 567
1468890 567
1468900 567
1468910 567
1468920 567
1468930 567
1468940 567
1468950 567
1468960 567
1468970 567
1468980 568
1468990 568
1469000 568
1469010 568
1469020 568
1469030 568
1469040 568
1469050 568
1469060 568
1469070 568
1469080 568
1469090 568
1469100 569
1469110 568
1469120 568
1469130 568
1469140 568
1469150 568
1469160 568
1469170 569
1469180 569
1469190 569
1469200 569
1469210 569
1469220 569
1469230 571
1469240 573
1469250 573
1469260 572
1469270 573
1469280 573
1469290 574
1469300 578
1469310 578
1469320 583
1469330 584
1469340 584
1469350 584
1469360 584
1469370 584
1469380 584
1469390 584
1469400 584
1469410 584
1469420 584
1469430 584
1469440 585
1469450 587
1469460 587
1469470 592
1469480 599
1469490 607
1469500 607
1469510 614
1469520 622
1469530 622
1469540 625
1469550 626
1469560 626
1469570 628
1469580 630
1469590 630
1469600 632
1469610 635
1469620 635
1469630 638
1469640 642
1469650 642
1469660 645
1469670 649
1469680 649
1469690 653
1469700 656
1469710 656
1469720 662
1469730 668
1469740 668
1469750 671
1469760 672
1469770 674
1469780 674
1469790 675
1469800 676
1469810 676
1469820 679
1469830 673
1469840 673
1469850 677
1469860 687
1469870 687
1469880 694
1469890 700
1469900 700
1469910 707
1469920 711
1469930 711
1469940 713
1469950 714
1469960 714
1469970 711
1469980 711
1469990 711
1470000 708
1470010 702
1470020 702
1470030 695
1470040 696
1470050 695
1470060 695
1470070 689
1470080 688
1470090 688
1470100 694
1470110 699
1470120 699
1470130 700
1470140 693
1470150 693
1470160 688
1470170 686
1470180 686
1470190 679
1470200 674
1470210 674
1470220 674
1470230 676
1470240 676
1470250 674
1470260 674
1470270 674
1470280 674
1470290 670
1470300 670
1470310 665
1470320 658
1470330 650
1470340 650
1470350 641
1470360 634
1470370 634
1470380 630
1470390 624
1470400 624
1470410 619
1470420 613
1470430 613
1470440 608
1470450 605
1470460 605
1470470 601
1470480 596
1470490 596
1470500 594
1470510 592
1470520 592
1470530 588
1470540 587
1470550 587
1470560 590
1470570 596
1470580 596
1470590 599
1470600 605
1470610 611
1470620 611
1470630 618
1470640 624
1470650 624
1470660 632
1470670 639
1470680 639
1470690 645
1470700 653
1470710 653
1470720 660
1470730 667
1470740 667
1470750 674
1470760 680
1470770 680
1470780 688
1470790 697
1470800 697
1470810 705
1470820 711
1470830 711
1470840 715
1470850 720
1470860 720
1470870 725
1470880 730
1470890 736
1470900 736
1470910 743
1470920 750
1470930 750
1470940 754
1470950 760
1470960 760
1470970 768
1470980 775
1470990 775
1471000 780
1471010 783
1471020 783
1471030 783
1471040 784
1471050 784
1471060 785
1471070 785
1471080 785
1471090 787
1471100 789
1471110 789
1471120 792
1471130 794
1471140 797
1471150 797
1471160 798
1471170 802
1471180 802
1471190 806
1471200 807
1471210 807
1471220 809
1471230 811
1471240 811
1471250 814
1471260 817
1471270 817
1471280 820
1471290 824
1471300 824
1471310 828
1471320 832
1471330 832
1471340 836
1471350 840
1471360 840
1471370 845
1471380 853
1471390 853
1471400 858
1471410 864
1471420 872
1471430 872
1471440 878
1471450 886
1471460 886
1471470 894
1471480 902
1471490 902
1471500 911
1471510 916
1471520 916
1471530 921
1471540 924
1471550 924
1471560 928
1471570 931
1471580 931
1471590 935
1471600 939
1471610 939
1471620 941
1471630 944
1471640 944
1471650 951
1471660 956
1471670 956
1471680 961
1471690 967
1471700 974
1471710 974
1471720 982
1471730 989
1471740 989
1471750 996
1471760 1003
1471770 1003
1471780 1008
1471790 1013
1471800 1013
1471810 1017
1471820 1023
1471830 1023
1471840 1027
1471850 1030
1471860 1030
1471870 1033
1471880 1035
1471890 1035
1471900 1037
1471910 1038
1471920 1038
1471930 1040
1471940 1041
1471950 1041
1471960 1042
1471970 1044
1471980 1047
1471990 1047
1472000 1050
1472010 1054
1472020 1054
1472030 1058
1472040 1062
1472050 1062
1472060 1064
1472070 1069
1472080 1069
1472090 1073
1472100 1081
1472110 1081
1472120 1085
1472130 1089
1472140 1089
1472150 1093
1472160 1097
1472170 1097
1472180 1102
1472190 1106
1472200 1106
1472210 1111
1472220 1112
1472230 1112
1472240 1114
1472250 1119
1472260 1125
1472270 1125
1472280 1131
1472290 1137
1472300 1137
1472310 1144
1472320 1152
1472330 1152
1472340 1162
1472350 1169
1472360 1169
1472370 1175
1472380 1182
1472390 1182
1472400 1188
1472410 1194
1472420 1194
1472430 1200
1472440 1206
1472450 1206
1472460 1210
1472470 1213
1472480 1213
1472490 1215
1472500 1217
1472510 1217
1472520 1218
1472530 1218
1472540 1219
1472550 1219
1472560 1219
1472570 1219
1472580 1219
1472590 1219
1472600 1218
1472610 1218
1472620 1216
1472630 1214
1472640 1214
1472650 1211
1472660 1210
1472670 1210
1472680 1209
1472690 1208
1472700 1208
1472710 1207
1472720 1207
1472730 1207
1472740 1207
1472750 1207
1472760 1207
1472770 1206
1472780 1207
1472790 1207
1472800 1207
1472810 1206
1472820 1205
1472830 1205
1472840 1204
1472850 1202
1472860 1202
1472870 1199
1472880 1197
1472890 1197
1472900 1194
1472910 1190
1472920 1190
1472930 1187
1472940 1185
1472950 1185
1472960 1183
1472970 1181
1472980 1181
1472990 1179
1473000 1178
1473010 1178
1473020 1176
1473030 1175
1473040 1175
1473050 1174
1473060 1173
1473070 1173
1473080 1172
1473090 1172
1473100 1171
1473110 1171
1473120 1170
1473130 1170
1473140 1170
1473150 1169
1473160 1169
1473170 1169
1473180 1169
1473190 1170
1473200 1170
1473210 1171
1473220 1171
1473230 1171
1473240 1171
1473250 1171
1473260 1171
1473270 1170
1473280 1168
1473290 1168
1473300 1167
1473310 1166
1473320 1166
1473330 1165
1473340 1163
1473350 1163
1473360 1161
1473370 1159
1473380 1157
1473390 1157
1473400 1155
1473410 1153
1473420 1153
1473430 1151
1473440 1149
1473450 1149
1473460 1147
1473470 1145
1473480 1145
1473490 1142
1473500 1140
1473510 1140
1473520 1138
1473530 1136
1473540 1136
1473550 1134
1473560 1128
1473570 1128
1473580 1122
1473590 1122
1473600 1122
1473610 1128
1473620 1129
1473630 1129
1473640 1128
1473650 1126
1473660 1125
1473670 1125
1473680 1124
1473690 1123
1473700 1123
1473710 1121
1473720 1118
1473730 1118
1473740 1115
1473750 1110
1473760 1110
1473770 1106
1473780 1103
1473790 1103
1473800 1099
1473810 1097
1473820 1097
1473830 1099
1473840 1099
1473850 1099
1473860 1099
1473870 1099
1473880 1099
1473890 1098
1473900 1096
1473910 1096
1473920 1094
1473930 1091
1473940 1088
1473950 1088
1473960 1084
1473970 1081
1473980 1081
1473990 1074
1474000 1065
1474010 1065
1474020 1060
1474030 1064
1474040 1064
1474050 1070
1474060 1073
1474070 1073
1474080 1077
1474090 1079
1474100 1079
1474110 1079
1474120 1078
1474130 1078
1474140 1077
1474150 1075
1474160 1075
1474170 1072
1474180 1068
1474190 1068
1474200 1063
1474210 1060
1474220 1060
1474230 1060
1474240 1060
1474250 1058
1474260 1058
1474270 1056
1474280 1060
1474290 1060
1474300 1062
1474310 1062
1474320 1062
1474330 1060
1474340 1057
1474350 1057
1474360 1052
1474370 1055
1474380 1055
1474390 1063
1474400 1068
1474410 1068
1474420 1071
1474430 1072
1474440 1072
1474450 1073
1474460 1073
1474470 1073
1474480 1074
1474490 1074
1474500 1074
1474510 1074
1474520 1075
1474530 1075
1474540 1075
1474550 1074
1474560 1074
1474570 1074
1474580 1073
1474590 1072
1474600 1072
1474610 1071
1474620 1069
1474630 1069
1474640 1067
1474650 1065
1474660 1065
1474670 1063
1474680 1061
1474690 1061
1474700 1059
1474710 1055
1474720 1055
1474730 1052
1474740 1049
1474750 1049
1474760 1045
1474770 1041
1474780 1037
1474790 1037
1474800 1033
1474810 1028
1474820 1028
1474830 1023
1474840 1018
1474850 1018
1474860 1012
1474870 1006
1474880 1006
1474890 1001
1474900 996
1474910 996
1474920 991
1474930 987
1474940 987
1474950 981
1474960 974
1474970 974
1474980 966
1474990 955
1475000 955
1475010 947
1475020 953
1475030 953
1475040 958
1475050 964
1475060 966
1475070 966
1475080 969
1475090 972
1475100 972
1475110 975
1475120 977
1475130 977
1475140 980
1475150 983
1475160 983
1475170 990
1475180 997
1475190 997
1475200 1000
1475210 1005
1475220 1005
1475230 1009
1475240 1013
1475250 1013
1475260 1018
1475270 1023
1475280 1023
1475290 1028
1475300 1034
1475310 1034
1475320 1038
1475330 1041
1475340 1044
1475350 1044
1475360 1046
1475370 1049
1475380 1049
1475390 1052
1475400 1055
1475410 1055
1475420 1058
1475430 1060
1475440 1060
1475450 1063
1475460 1069
1475470 1069
1475480 1074
1475490 1078
1475500 1078
1475510 1080
1475520 1079
1475530 1079
1475540 1079
1475550 1078
1475560 1078
1475570 1078
1475580 1078
1475590 1079
1475600 1079
1475610 1079
1475620 1079
1475630 1079
1475640 1079
1475650 1078
1475660 1078
1475670 1077
1475680 1075
1475690 1075
1475700 1074
1475710 1073
1475720 1073
1475730 1072
1475740 1071
1475750 1071
1475760 1069
1475770 1067
1475780 1067
1475790 1065
1475800 1063
1475810 1063
1475820 1061
1475830 1058
1475840 1058
1475850 1055
1475860 1052
1475870 1049
1475880 1049
1475890 1046
1475900 1043
1475910 1043
1475920 1038
1475930 1034
1475940 1034
1475950 1030
1475960 1025
1475970 1025
1475980 1021
1475990 1018
1476000 1018
1476010 1015
1476020 1012
1476030 1012
1476040 1009
1476050 1007
1476060 1007
1476070 1004
1476080 999
1476090 999
1476100 995
1476110 991
1476120 991
1476130 988
1476140 982
1476150 978
1476160 978
1476170 973
1476180 969
1476190 969
1476200 962
1476210 955
1476220 955
1476230 951
1476240 948
1476250 948
1476260 945
1476270 942
1476280 942
1476290 939
1476300 937
1476310 937
1476320 934
1476330 933
1476340 933
1476350 930
1476360 928
1476370 928
1476380 925
1476390 923
1476400 923
1476410 920
1476420 918
1476430 915
1476440 915
1476450 912
1476460 910
1476470 910
1476480 907
1476490 903
1476500 903
1476510 900
1476520 895
1476530 895
1476540 892
1476550 885
1476560 885
1476570 882
1476580 881
1476590 881
1476600 880
1476610 878
1476620 878
1476630 877
1476640 876
1476650 876
1476660 874
1476670 868
1476680 868
1476690 861
1476700 855
1476710 849
1476720 849
1476730 844
1476740 840
1476750 840
1476760 834
1476770 828
1476780 828
1476790 825
1476800 830
1476810 830
1476820 836
1476830 843
1476840 843
1476850 850
1476860 857
1476870 857
1476880 857
1476890 862
1476900 862
1476910 870
1476920 875
1476930 875
1476940 882
1476950 890
1476960 890
1476970 897
1476980 904
1476990 912
1477000 912
1477010 919
1477020 927
1477030 927
1477040 936
1477050 943
1477060 943
1477070 951
1477080 954
1477090 954
1477100 960
1477110 967
1477120 967
1477130 972
1477140 974
1477150 974
1477160 974
1477170 975
1477180 975
1477190 976
1477200 978
1477210 978
1477220 979
1477230 981
1477240 981
1477250 982
1477260 983
1477270 983
1477280 983
1477290 983
1477300 983
1477310 983
1477320 984
1477330 983
1477340 983
1477350 983
1477360 983
1477370 983
1477380 983
1477390 985
1477400 985
1477410 987
1477420 987
1477430 987
1477440 987
1477450 988
1477460 988
1477470 989
1477480 991
1477490 991
1477500 992
1477510 993
1477520 993
1477530 994
1477540 995
1477550 996
1477560 996
1477570 998
1477580 1000
1477590 1000
1477600 1002
1477610 1003
1477620 1003
1477630 1005
1477640 1007
1477650 1007
1477660 1008
1477670 1008
1477680 1008
1477690 1009
1477700 1008
1477710 1008
1477720 1008
1477730 1008
1477740 1008
1477750 1008
1477760 1009
1477770 1009
1477780 1011
1477790 1012
1477800 1012
1477810 1014
1477820 1015
1477830 1016
1477840 1016
1477850 1017
1477860 1021
1477870 1021
1477880 1024
1477890 1026
1477900 1026
1477910 1028
1477920 1030
1477930 1030
1477940 1031
1477950 1030
1477960 1030
1477970 1027
1477980 1022
1477990 1022
1478000 1019
1478010 1015
1478020 1015
1478030 1011
1478040 1010
1478050 1010
1478060 1020
1478070 1026
1478080 1026
1478090 1029
1478100 1033
1478110 1036
1478120 1036
1478130 1038
1478140 1038
1478150 1038
1478160 1037
1478170 1041
1478180 1041
1478190 1045
1478200 1050
1478210 1050
1478220 1052
1478230 1053
1478240 1053
1478250 1054
1478260 1056
1478270 1056
1478280 1058
1478290 1060
1478300 1060
1478310 1062
1478320 1063
1478330 1063
1478340 1063
1478350 1064
1478360 1064
1478370 1064
1478380 1065
1478390 1065
1478400 1065
1478410 1066
1478420 1066
1478430 1066
1478440 1066
1478450 1065
1478460 1065
1478470 1066
1478480 1067
1478490 1067
1478500 1066
1478510 1064
1478520 1064
1478530 1062
1478540 1061
1478550 1061
1478560 1062
1478570 1063
1478580 1063
1478590 1063
1478600 1062
1478610 1062
1478620 1061
1478630 1060
1478640 1060
1478650 1058
1478660 1057
1478670 1055
1478680 1055
1478690 1054
1478700 1053
1478710 1053
1478720 1052
1478730 1052
1478740 1052
1478750 1051
1478760 1050
1478770 1050
1478780 1048
1478790 1047
1478800 1047
1478810 1047
1478820 1048
1478830 1048
1478840 1049
1478850 1047
1478860 1047
1478870 1044
1478880 1042
1478890 1042
1478900 1040
1478910 1039
1478920 1039
1478930 1038
1478940 1036
1478950 1034
1478960 1034
1478970 1032
1478980 1028
1478990 1028
1479000 1025
1479010 1023
1479020 1023
1479030 1019
1479040 1014
1479050 1014
1479060 1008
1479070 1002
1479080 1002
1479090 997
1479100 991
1479110 991
1479120 985
1479130 981
1479140 981
1479150 981
1479160 982
1479170 982
1479180 983
1479190 984
1479200 984
1479210 983
1479220 979
1479230 976
1479240 976
1479250 973
1479260 972
1479270 972
1479280 972
1479290 972
1479300 972
1479310 971
1479320 967
1479330 967
1479340 960
1479350 956
1479360 956
1479370 964
1479380 966
1479390 966
1479400 968
1479410 970
1479420 970
1479430 975
1479440 982
1479450 982
1479460 984
1479470 987
1479480 987
1479490 990
1479500 993
1479510 996
1479520 996
1479530 998
1479540 1001
1479550 1001
1479560 1003
1479570 1006
1479580 1006
1479590 1009
1479600 1011
1479610 1011
1479620 1012
1479630 1014
1479640 1014
1479650 1015
1479660 1015
1479670 1015
1479680 1015
1479690 1016
1479700 1016
1479710 1016
1479720 1016
1479730 1016
1479740 1016
1479750 1016
1479760 1016
1479770 1015
1479780 1012
1479790 1010
1479800 1010
1479810 1008
1479820 1007
1479830 1007
1479840 1008
1479850 1010
1479860 1010
1479870 1014
1479880 1019
1479890 1019
1479900 1024
1479910 1031
1479920 1031
1479930 1035
1479940 1039
1479950 1039
1479960 1044
1479970 1050
1479980 1050
1479990 1056
