1460000 902
1460010 901
1460020 900
1460030 900
1460040 899
1460050 898
1460060 898
1460070 897
1460080 896
1460090 895
1460100 895
1460110 894
1460120 894
1460130 894
1460140 893
1460150 891
1460160 891
1460170 888
1460180 888
1460190 888
1460200 888
1460210 887
1460220 887
1460230 887
1460240 886
1460250 886
1460260 886
1460270 886
1460280 886
1460290 885
1460300 885
1460310 885
1460320 884
1460330 883
1460340 883
1460350 882
1460360 882
1460370 882
1460380 882
1460390 881
1460400 881
1460410 881
1460420 880
1460430 879
1460440 879
1460450 878
1460460 877
1460470 877
1460480 876
1460490 874
1460500 874
1460510 873
1460520 872
1460530 872
1460540 872
1460550 871
1460560 871
1460570 869
1460580 868
1460590 868
1460600 865
1460610 861
1460620 861
1460630 851
1460640 842
1460650 835
1460660 835
1460670 826
1460680 818
1460690 818
1460700 809
1460710 800
1460720 800
1460730 791
1460740 782
1460750 782
1460760 775
1460770 774
1460780 774
1460790 773
1460800 774
1460810 774
1460820 783
1460830 789
1460840 789
1460850 785
1460860 783
1460870 783
1460880 788
1460890 796
1460900 796
1460910 806
1460920 816
1460930 826
1460940 826
1460950 833
1460960 838
1460970 838
1460980 844
1460990 847
1461000 847
1461010 852
1461020 856
1461030 856
1461040 862
1461050 867
1461060 867
1461070 873
1461080 879
1461090 879
1461100 886
1461110 891
1461120 891
1461130 897
1461140 902
1461150 902
1461160 906
1461170 910
1461180 910
1461190 915
1461200 920
1461210 925
1461220 925
1461230 931
1461240 938
1461250 938
1461260 944
1461270 948
1461280 948
1461290 953
1461300 956
1461310 956
1461320 960
1461330 963
1461340 963
1461350 967
1461360 972
1461370 972
1461380 975
1461390 977
1461400 977
1461410 979
1461420 981
1461430 981
1461440 982
1461450 979
1461460 979
1461470 979
1461480 980
1461490 980
1461500 980
1461510 980
1461520 980
1461530 980
1461540 980
1461550 981
1461560 981
1461570 982
1461580 984
1461590 984
1461600 986
1461610 988
1461620 988
1461630 989
1461640 990
1461650 990
1461660 990
1461670 990
1461680 990
1461690 989
1461700 989
1461710 989
1461720 989
1461730 989
1461740 989
1461750 989
1461760 989
1461770 989
1461780 989
1461790 989
1461800 988
1461810 988
1461820 987
1461830 986
1461840 986
1461850 985
1461860 985
1461870 985
1461880 985
1461890 985
1461900 985
1461910 984
1461920 983
1461930 983
1461940 982
1461950 981
1461960 981
1461970 980
1461980 979
1461990 979
1462000 978
1462010 976
1462020 976
1462030 975
1462040 974
1462050 973
1462060 973
1462070 971
1462080 970
1462090 970
1462100 970
1462110 970
1462120 970
1462130 971
1462140 971
1462150 971
1462160 971
1462170 971
1462180 971
1462190 971
1462200 972
1462210 972
1462220 972
1462230 972
1462240 972
1462250 972
1462260 972
1462270 972
1462280 972
1462290 971
1462300 971
1462310 971
1462320 970
1462330 970
1462340 970
1462350 970
1462360 969
1462370 969
1462380 962
1462390 955
1462400 955
1462410 952
1462420 953
1462430 953
1462440 953
1462450 955
1462460 955
1462470 956
1462480 957
1462490 957
1462500 957
1462510 957
1462520 957
1462530 957
1462540 957
1462550 957
1462560 955
1462570 953
1462580 952
1462590 952
1462600 953
1462610 953
1462620 953
1462630 952
1462640 952
1462650 952
1462660 951
1462670 951
1462680 951
1462690 951
1462700 950
1462710 950
1462720 950
1462730 950
1462740 950
1462750 950
1462760 950
1462770 950
1462780 950
1462790 950
1462800 950
1462810 951
1462820 952
1462830 952
1462840 953
1462850 954
1462860 955
1462870 955
1462880 955
1462890 955
1462900 955
1462910 955
1462920 954
1462930 954
1462940 954
1462950 953
1462960 953
1462970 952
1462980 952
1462990 952
1463000 953
1463010 953
1463020 953
1463030 952
1463040 952
1463050 952
1463060 951
1463070 950
1463080 950
1463090 948
1463100 947
1463110 947
1463120 945
1463130 944
1463140 943
1463150 943
1463160 943
1463170 943
1463180 943
1463190 944
1463200 944
1463210 944
1463220 943
1463230 942
1463240 942
1463250 941
1463260 942
1463270 942
1463280 943
1463290 943
1463300 943
1463310 943
1463320 942
1463330 942
1463340 941
1463350 939
1463360 939
1463370 939
1463380 940
1463390 940
1463400 941
1463410 943
1463420 944
1463430 944
1463440 945
1463450 947
1463460 947
1463470 949
1463480 951
1463490 951
1463500 954
1463510 956
1463520 956
1463530 959
1463540 964
1463550 964
1463560 969
1463570 971
1463580 971
1463590 971
1463600 972
1463610 972
1463620 972
1463630 972
1463640 972
1463650 973
1463660 971
1463670 971
1463680 972
1463690 973
1463700 976
1463710 976
1463720 981
1463730 985
1463740 985
1463750 989
1463760 994
1463770 994
1463780 998
1463790 1002
1463800 1002
1463810 1004
1463820 1006
1463830 1006
1463840 1009
1463850 1010
1463860 1010
1463870 1009
1463880 1008
1463890 1008
1463900 1006
1463910 999
1463920 999
1463930 993
1463940 989
1463950 989
1463960 988
1463970 987
1463980 984
1463990 984
1464000 981
1464010 977
1464020 977
1464030 974
1464040 971
1464050 971
1464060 968
1464070 967
1464080 967
1464090 968
1464100 969
1464110 969
1464120 971
1464130 970
1464140 970
1464150 971
1464160 975
1464170 975
1464180 976
1464190 976
1464200 976
1464210 977
1464220 978
1464230 978
1464240 981
1464250 985
1464260 988
1464270 988
1464280 991
1464290 994
1464300 994
1464310 996
1464320 997
1464330 997
1464340 995
1464350 991
1464360 991
1464370 986
1464380 982
1464390 982
1464400 977
1464410 970
1464420 970
1464430 973
1464440 983
1464450 983
1464460 989
1464470 994
1464480 994
1464490 998
1464500 1002
1464510 1002
1464520 1005
1464530 1007
1464540 1007
1464550 1007
1464560 1007
1464570 1007
1464580 1007
1464590 1009
1464600 1009
1464610 1009
1464620 1009
1464630 1010
1464640 1010
1464650 1011
1464660 1012
1464670 1012
1464680 1014
1464690 1015
1464700 1015
1464710 1017
1464720 1017
1464730 1017
1464740 1018
1464750 1017
1464760 1017
1464770 1013
1464780 1010
1464790 1010
1464800 1006
1464810 1004
1464820 1002
1464830 1002
1464840 1000
1464850 999
1464860 999
1464870 1002
1464880 1003
1464890 1003
1464900 1004
1464910 1008
1464920 1008
1464930 1014
1464940 1020
1464950 1020
1464960 1025
1464970 1030
1464980 1030
1464990 1033
1465000 1031
1465010 1031
1465020 1033
1465030 1035
1465040 1035
1465050 1036
1465060 1039
1465070 1039
1465080 1042
1465090 1045
1465100 1048
1465110 1048
1465120 1049
1465130 1051
1465140 1051
1465150 1050
1465160 1049
1465170 1049
1465180 1051
1465190 1054
1465200 1054
1465210 1057
1465220 1061
1465230 1061
1465240 1065
1465250 1067
1465260 1067
1465270 1070
1465280 1072
1465290 1072
1465300 1077
1465310 1079
1465320 1079
1465330 1082
1465340 1085
1465350 1085
1465360 1088
1465370 1092
1465380 1095
1465390 1095
1465400 1098
1465410 1101
1465420 1101
1465430 1103
1465440 1107
1465450 1107
1465460 1110
1465470 1113
1465480 1113
1465490 1118
1465500 1124
1465510 1124
1465520 1127
1465530 1130
1465540 1130
1465550 1129
1465560 1130
1465570 1130
1465580 1132
1465590 1136
1465600 1136
1465610 1140
1465620 1145
1465630 1149
1465640 1149
1465650 1154
1465660 1164
1465670 1164
1465680 1177
1465690 1189
1465700 1189
1465710 1193
1465720 1197
1465730 1197
1465740 1201
1465750 1204
1465760 1204
1465770 1207
1465780 1208
1465790 1208
1465800 1209
1465810 1208
1465820 1208
1465830 1205
1465840 1202
1465850 1202
1465860 1201
1465870 1202
1465880 1202
1465890 1206
1465900 1208
1465910 1209
1465920 1209
1465930 1211
1465940 1213
1465950 1213
1465960 1216
1465970 1219
1465980 1219
1465990 1218
1466000 1218
1466010 1218
1466020 1221
1466030 1226
1466040 1226
1466050 1228
1466060 1227
1466070 1227
1466080 1226
1466090 1224
1466100 1224
1466110 1222
1466120 1220
1466130 1220
1466140 1219
1466150 1218
1466160 1218
1466170 1216
1466180 1215
1466190 1216
1466200 1216
1466210 1217
1466220 1218
1466230 1218
1466240 1217
1466250 1216
1466260 1216
1466270 1214
1466280 1212
1466290 1212
1466300 1210
1466310 1208
1466320 1208
1466330 1206
1466340 1204
1466350 1204
1466360 1203
1466370 1200
1466380 1200
1466390 1190
1466400 1162
1466410 1162
1466420 1140
1466430 1125
1466440 1125
1466450 1129
1466460 1126
1466470 1110
1466480 1110
1466490 1100
1466500 1097
1466510 1097
1466520 1085
1466530 1070
1466540 1070
1466550 1060
1466560 1050
1466570 1050
1466580 1041
1466590 1035
1466600 1035
1466610 1029
1466620 1022
1466630 1022
1466640 1016
1466650 1012
1466660 1012
1466670 1001
1466680 968
1466690 968
1466700 933
1466710 922
1466720 922
1466730 913
1466740 906
1466750 900
1466760 900
1466770 893
1466780 885
1466790 885
1466800 877
1466810 868
1466820 868
1466830 859
1466840 851
1466850 851
1466860 842
1466870 836
1466880 836
1466890 831
1466900 824
1466910 824
1466920 817
1466930 811
1466940 811
1466950 805
1466960 799
1466970 799
1466980 793
1466990 786
1467000 786
1467010 781
1467020 777
1467030 774
1467040 774
1467050 769
1467060 763
1467070 763
1467080 758
1467090 752
1467100 752
1467110 746
1467120 743
1467130 743
1467140 738
1467150 730
1467160 730
1467170 723
1467180 714
1467190 714
1467200 706
1467210 700
1467220 700
1467230 699
1467240 694
1467250 694
1467260 688
1467270 685
1467280 685
1467290 682
1467300 677
1467310 672
1467320 672
1467330 668
1467340 664
1467350 664
1467360 660
1467370 657
1467380 657
1467390 655
1467400 652
1467410 652
1467420 649
1467430 645
1467440 645
1467450 642
1467460 639
1467470 639
1467480 636
1467490 634
1467500 634
1467510 631
1467520 628
1467530 628
1467540 625
1467550 623
1467560 623
1467570 621
1467580 618
1467590 616
1467600 616
1467610 614
1467620 613
1467630 613
1467640 611
1467650 610
1467660 610
1467670 608
1467680 607
1467690 607
1467700 605
1467710 599
1467720 599
1467730 593
1467740 586
1467750 586
1467760 581
1467770 579
1467780 579
1467790 579
1467800 579
1467810 579
1467820 578
1467830 578
1467840 578
1467850 578
1467860 578
1467870 578
1467880 578
1467890 578
1467900 578
1467910 578
1467920 578
1467930 578
1467940 578
1467950 578
1467960 578
1467970 578
1467980 578
1467990 578
1468000 578
1468010 578
1468020 578
1468030 578
1468040 579
1468050 579
1468060 579
1468070 578
1468080 578
1468090 578
1468100 578
1468110 578
1468120 578
1468130 578
1468140 578
1468150 578
1468160 578
1468170 578
1468180 578
1468190 578
1468200 578
1468210 578
1468220 578
1468230 578
1468240 577
1468250 577
1468260 575
1468270 575
1468280 575
1468290 575
1468300 575
1468310 575
1468320 575
1468330 575
1468340 575
1468350 575
1468360 575
1468370 575
1468380 574
1468390 573
1468400 573
1468410 574
1468420 575
1468430 576
1468440 576
1468450 576
1468460 576
1468470 576
1468480 576
1468490 575
1468500 575
1468510 575
1468520 574
1468530 574
1468540 573
1468550 573
1468560 573
1468570 573
1468580 574
1468590 574
1468600 573
1468610 573
1468620 573
1468630 573
1468640 573
1468650 573
1468660 573
1468670 573
1468680 573
1468690 574
1468700 574
1468710 574
1468720 574
1468730 574
1468740 574
1468750 574
1468760 573
1468770 573
1468780 573
1468790 573
1468800 573
1468810 573
1468820 573
1468830 573
1468840 573
1468850 573
1468860 573
1468870 573
1468880 573
1468890 573
1468900 573
1468910 573
1468920 573
1468930 573
1468940 573
1468950 573
1468960 573
1468970 573
1468980 573
1468990 573
1469000 573
1469010 572
1469020 572
1469030 572
1469040 572
1469050 572
1469060 572
1469070 571
1469080 571
1469090 571
1469100 570
1469110 570
1469120 570
1469130 571
1469140 570
1469150 570
1469160 570
1469170 570
1469180 570
1469190 570
1469200 570
1469210 570
1469220 570
1469230 570
1469240 570
1469250 570
1469260 570
1469270 571
1469280 571
1469290 571
1469300 570
1469310 570
1469320 571
1469330 571
1469340 571
1469350 572
1469360 577
1469370 577
1469380 585
1469390 591
1469400 591
1469410 593
1469420 595
1469430 595
1469440 595
1469450 595
1469460 595
1469470 598
1469480 600
1469490 600
1469500 604
1469510 610
1469520 617
1469530 617
1469540 625
1469550 633
1469560 633
1469570 641
1469580 651
1469590 651
1469600 659
1469610 669
1469620 669
1469630 678
1469640 687
1469650 687
1469660 696
1469670 706
1469680 706
1469690 714
1469700 719
1469710 719
1469720 726
1469730 733
1469740 733
1469750 735
1469760 736
1469770 736
1469780 737
1469790 738
1469800 739
1469810 739
1469820 740
1469830 741
1469840 741
1469850 742
1469860 743
1469870 743
1469880 745
1469890 747
1469900 747
1469910 749
1469920 751
1469930 751
1469940 752
1469950 753
1469960 753
1469970 754
1469980 755
1469990 755
1470000 755
1470010 757
1470020 757
1470030 757
1470040 758
1470050 758
1470060 760
1470070 762
1470080 764
1470090 764
1470100 766
1470110 768
1470120 768
1470130 770
1470140 771
1470150 771
1470160 772
1470170 772
1470180 772
1470190 773
1470200 773
1470210 773
1470220 770
1470230 767
1470240 767
1470250 765
1470260 764
1470270 764
1470280 763
1470290 758
1470300 758
1470310 754
1470320 749
1470330 749
1470340 745
1470350 739
1470360 733
1470370 733
1470380 728
1470390 723
1470400 723
1470410 718
1470420 714
1470430 714
1470440 709
1470450 704
1470460 704
1470470 700
1470480 696
1470490 696
1470500 690
1470510 684
1470520 684
1470530 678
1470540 671
1470550 671
1470560 664
1470570 659
1470580 659
1470590 654
1470600 649
1470610 649
1470620 644
1470630 636
1470640 629
1470650 629
1470660 626
1470670 625
1470680 625
1470690 623
1470700 621
1470710 621
1470720 617
1470730 615
1470740 615
1470750 615
1470760 619
1470770 619
1470780 623
1470790 627
1470800 627
1470810 632
1470820 639
1470830 639
1470840 645
1470850 646
1470860 646
1470870 648
1470880 652
1470890 652
1470900 655
1470910 658
1470920 662
1470930 662
1470940 667
1470950 675
1470960 675
1470970 683
1470980 687
1470990 687
1471000 691
1471010 693
1471020 693
1471030 696
1471040 700
1471050 700
1471060 701
1471070 703
1471080 703
1471090 705
1471100 709
1471110 709
1471120 713
1471130 717
1471140 717
1471150 723
1471160 729
1471170 729
1471180 733
1471190 737
1471200 742
1471210 742
1471220 747
1471230 750
1471240 750
1471250 752
1471260 754
1471270 754
1471280 756
1471290 758
1471300 758
1471310 763
1471320 770
1471330 770
1471340 775
1471350 779
1471360 779
1471370 785
1471380 789
1471390 789
1471400 793
1471410 798
1471420 798
1471430 804
1471440 809
1471450 809
1471460 814
1471470 817
1471480 819
1471490 819
1471500 821
1471510 822
1471520 822
1471530 824
1471540 828
1471550 828
1471560 835
1471570 843
1471580 843
1471590 851
1471600 857
1471610 857
1471620 864
1471630 871
1471640 871
1471650 881
1471660 899
1471670 899
1471680 920
1471690 943
1471700 943
1471710 955
1471720 963
1471730 963
1471740 974
1471750 983
1471760 988
1471770 988
1471780 993
1471790 997
1471800 997
1471810 1000
1471820 1001
1471830 1001
1471840 1003
1471850 1005
1471860 1005
1471870 1011
1471880 1017
1471890 1017
1471900 1023
1471910 1028
1471920 1028
1471930 1030
1471940 1035
1471950 1035
1471960 1038
1471970 1040
1471980 1040
1471990 1041
1472000 1043
1472010 1043
1472020 1045
1472030 1046
1472040 1045
1472050 1045
1472060 1045
1472070 1042
1472080 1042
1472090 1038
1472100 1036
1472110 1036
1472120 1036
1472130 1035
1472140 1035
1472150 1036
1472160 1038
1472170 1038
1472180 1041
1472190 1046
1472200 1046
1472210 1052
1472220 1056
1472230 1056
1472240 1062
1472250 1064
1472260 1064
1472270 1063
1472280 1063
1472290 1065
1472300 1065
1472310 1066
1472320 1066
1472330 1066
1472340 1066
1472350 1067
1472360 1067
1472370 1068
1472380 1069
1472390 1069
1472400 1069
1472410 1070
1472420 1070
1472430 1070
1472440 1070
1472450 1070
1472460 1070
1472470 1070
1472480 1070
1472490 1069
1472500 1069
1472510 1069
1472520 1068
1472530 1070
1472540 1070
1472550 1070
1472560 1069
1472570 1070
1472580 1070
1472590 1070
1472600 1071
1472610 1071
1472620 1071
1472630 1071
1472640 1071
1472650 1071
1472660 1072
1472670 1072
1472680 1074
1472690 1076
1472700 1076
1472710 1078
1472720 1078
1472730 1078
1472740 1078
1472750 1079
1472760 1079
1472770 1078
1472780 1078
1472790 1078
1472800 1080
1472810 1081
1472820 1081
1472830 1081
1472840 1080
1472850 1078
1472860 1078
1472870 1073
1472880 1071
1472890 1071
1472900 1068
1472910 1065
1472920 1065
1472930 1064
1472940 1065
1472950 1065
1472960 1068
1472970 1074
1472980 1074
1472990 1078
1473000 1078
1473010 1078
1473020 1076
1473030 1075
1473040 1075
1473050 1073
1473060 1072
1473070 1072
1473080 1071
1473090 1070
1473100 1070
1473110 1069
1473120 1069
1473130 1068
1473140 1068
1473150 1068
1473160 1066
1473170 1066
1473180 1065
1473190 1063
1473200 1063
1473210 1061
1473220 1060
1473230 1060
1473240 1059
1473250 1058
1473260 1058
1473270 1056
1473280 1055
1473290 1055
1473300 1052
1473310 1048
1473320 1048
1473330 1048
1473340 1046
1473350 1046
1473360 1045
1473370 1042
1473380 1042
1473390 1037
1473400 1033
1473410 1033
1473420 1033
1473430 1031
1473440 1030
1473450 1030
1473460 1028
1473470 1028
1473480 1028
1473490 1027
1473500 1025
1473510 1025
1473520 1023
1473530 1019
1473540 1019
1473550 1017
1473560 1016
1473570 1016
1473580 1014
1473590 1013
1473600 1013
1473610 1014
1473620 1013
1473630 1013
1473640 1012
1473650 1012
1473660 1012
1473670 1013
1473680 1014
1473690 1014
1473700 1014
1473710 1013
1473720 1011
1473730 1011
1473740 1010
1473750 1008
1473760 1008
1473770 1007
1473780 1005
1473790 1005
1473800 1003
1473810 1001
1473820 1001
1473830 1000
1473840 998
1473850 998
1473860 996
1473870 995
1473880 995
1473890 993
1473900 992
1473910 992
1473920 991
1473930 991
1473940 991
1473950 991
1473960 981
1473970 966
1473980 966
1473990 962
1474000 966
1474010 966
1474020 967
1474030 968
1474040 968
1474050 971
1474060 973
1474070 973
1474080 971
1474090 967
1474100 967
1474110 960
1474120 952
1474130 952
1474140 943
1474150 936
1474160 936
1474170 940
1474180 943
1474190 943
1474200 946
1474210 945
1474220 945
1474230 940
1474240 932
1474250 923
1474260 923
1474270 912
1474280 899
1474290 899
1474300 887
1474310 889
1474320 889
1474330 895
1474340 902
1474350 902
1474360 903
1474370 899
1474380 899
1474390 896
1474400 905
1474410 905
1474420 913
1474430 919
1474440 919
1474450 924
1474460 928
1474470 928
1474480 931
1474490 933
1474500 933
1474510 936
1474520 938
1474530 941
1474540 941
1474550 945
1474560 949
1474570 949
1474580 952
1474590 953
1474600 953
1474610 952
1474620 952
1474630 952
1474640 952
1474650 952
1474660 952
1474670 952
1474680 952
1474690 952
1474700 952
1474710 953
1474720 953
1474730 953
1474740 954
1474750 954
1474760 954
1474770 954
1474780 954
1474790 954
1474800 954
1474810 954
1474820 954
1474830 953
1474840 953
1474850 953
1474860 952
1474870 951
1474880 951
1474890 949
1474900 947
1474910 947
1474920 944
1474930 940
1474940 940
1474950 936
1474960 929
1474970 929
1474980 924
1474990 920
1475000 920
1475010 913
1475020 908
1475030 908
1475040 903
1475050 896
1475060 896
1475070 891
1475080 887
1475090 881
1475100 881
1475110 871
1475120 864
1475130 864
1475140 857
1475150 849
1475160 849
1475170 847
1475180 853
1475190 853
1475200 858
1475210 865
1475220 865
1475230 870
1475240 876
1475250 876
1475260 882
1475270 889
1475280 889
1475290 897
1475300 906
1475310 906
1475320 911
1475330 913
1475340 916
1475350 916
1475360 920
1475370 924
1475380 924
1475390 926
1475400 927
1475410 927
1475420 927
1475430 927
1475440 927
1475450 928
1475460 929
1475470 929
1475480 930
1475490 931
1475500 931
1475510 932
1475520 934
1475530 934
1475540 935
1475550 935
1475560 935
1475570 936
1475580 936
1475590 936
1475600 937
1475610 938
1475620 938
1475630 938
1475640 936
1475650 935
1475660 935
1475670 933
1475680 931
1475690 931
1475700 931
1475710 929
1475720 929
1475730 927
1475740 925
1475750 925
1475760 925
1475770 926
1475780 926
1475790 930
1475800 933
1475810 933
1475820 931
1475830 929
1475840 929
1475850 929
1475860 931
1475870 931
1475880 933
1475890 933
1475900 933
1475910 933
1475920 934
1475930 934
1475940 934
1475950 934
1475960 934
1475970 934
1475980 934
1475990 934
1476000 934
1476010 933
1476020 932
1476030 932
1476040 932
1476050 932
1476060 932
1476070 931
1476080 930
1476090 930
1476100 929
1476110 929
1476120 929
1476130 928
1476140 928
1476150 928
1476160 927
1476170 926
1476180 925
1476190 925
1476200 923
1476210 922
1476220 922
1476230 920
1476240 919
1476250 919
1476260 917
1476270 916
1476280 916
1476290 915
1476300 913
1476310 913
1476320 911
1476330 906
1476340 906
1476350 901
1476360 898
1476370 898
1476380 893
1476390 888
1476400 888
1476410 882
1476420 876
1476430 876
1476440 869
1476450 862
1476460 855
1476470 855
1476480 846
1476490 838
1476500 838
1476510 832
1476520 826
1476530 826
1476540 812
1476550 802
1476560 802
1476570 794
1476580 783
1476590 783
1476600 775
1476610 776
1476620 776
1476630 786
1476640 795
1476650 795
1476660 804
1476670 813
1476680 813
1476690 821
1476700 828
1476710 828
1476720 832
1476730 840
1476740 842
1476750 842
1476760 844
1476770 846
1476780 846
1476790 847
1476800 850
1476810 850
1476820 851
1476830 851
1476840 851
1476850 852
1476860 852
1476870 852
1476880 852
1476890 852
1476900 852
1476910 852
1476920 854
1476930 854
1476940 857
1476950 859
1476960 859
1476970 861
1476980 862
1476990 862
1477000 862
1477010 862
1477020 862
1477030 862
1477040 862
1477050 862
1477060 862
1477070 862
1477080 863
1477090 863
1477100 864
1477110 865
1477120 865
1477130 866
1477140 867
1477150 867
1477160 869
1477170 870
1477180 870
1477190 870
1477200 871
1477210 871
1477220 869
1477230 866
1477240 866
1477250 864
1477260 863
1477270 863
1477280 863
1477290 863
1477300 862
1477310 862
1477320 861
1477330 860
1477340 860
1477350 859
1477360 859
1477370 859
1477380 859
1477390 857
1477400 857
1477410 855
1477420 856
1477430 856
1477440 858
1477450 858
1477460 858
1477470 856
1477480 855
1477490 855
1477500 855
1477510 855
1477520 855
1477530 855
1477540 857
1477550 857
1477560 856
1477570 853
1477580 852
1477590 852
1477600 852
1477610 850
1477620 850
1477630 845
1477640 843
1477650 843
1477660 852
1477670 859
1477680 859
1477690 862
1477700 862
1477710 862
1477720 860
1477730 862
1477740 862
1477750 862
1477760 863
1477770 863
1477780 868
1477790 873
1477800 873
1477810 876
1477820 878
1477830 878
1477840 884
1477850 886
1477860 889
1477870 889
1477880 890
1477890 891
1477900 891
1477910 892
1477920 892
1477930 892
1477940 893
1477950 894
1477960 894
1477970 894
1477980 895
1477990 895
1478000 894
1478010 894
1478020 894
1478030 893
1478040 891
1478050 891
1478060 887
1478070 880
1478080 880
1478090 875
1478100 878
1478110 878
1478120 882
1478130 886
1478140 888
1478150 888
1478160 891
1478170 895
1478180 895
1478190 897
1478200 898
1478210 898
1478220 898
1478230 899
1478240 899
1478250 901
1478260 903
1478270 903
1478280 904
1478290 906
1478300 906
1478310 908
1478320 908
1478330 908
1478340 909
1478350 910
1478360 910
1478370 910
1478380 909
1478390 907
1478400 907
1478410 905
1478420 903
1478430 903
1478440 902
1478450 902
1478460 902
1478470 902
1478480 901
1478490 901
1478500 900
1478510 900
1478520 900
1478530 901
1478540 901
1478550 901
1478560 900
1478570 900
1478580 900
1478590 900
1478600 899
1478610 899
1478620 899
1478630 899
1478640 899
1478650 899
1478660 898
1478670 898
1478680 898
1478690 898
1478700 899
1478710 899
1478720 901
1478730 902
1478740 902
1478750 903
1478760 904
1478770 904
1478780 905
1478790 905
1478800 905
1478810 905
1478820 905
1478830 905
1478840 905
1478850 902
1478860 902
1478870 902
1478880 904
1478890 904
1478900 903
1478910 902
1478920 902
1478930 902
1478940 901
1478950 900
1478960 900
1478970 900
1478980 901
1478990 901
1479000 899
1479010 898
1479020 898
1479030 905
1479040 909
1479050 909
1479060 910
1479070 911
1479080 911
1479090 912
1479100 912
1479110 912
1479120 910
1479130 905
1479140 905
1479150 903
1479160 902
1479170 902
1479180 902
1479190 902
1479200 902
1479210 900
1479220 895
1479230 893
1479240 893
1479250 890
1479260 885
1479270 885
1479280 881
1479290 876
1479300 876
1479310 878
1479320 886
1479330 886
1479340 893
1479350 899
1479360 899
1479370 906
1479380 915
1479390 915
1479400 920
1479410 920
1479420 920
1479430 918
1479440 916
1479450 916
1479460 915
1479470 915
1479480 915
1479490 916
1479500 917
1479510 917
1479520 917
1479530 917
1479540 916
1479550 916
1479560 915
1479570 914
1479580 914
1479590 913
1479600 912
1479610 912
1479620 909
1479630 906
1479640 906
1479650 905
1479660 904
1479670 904
1479680 903
1479690 902
1479700 902
1479710 902
1479720 900
1479730 900
1479740 901
1479750 899
1479760 899
1479770 902
1479780 905
1479790 906
1479800 906
1479810 906
1479820 907
1479830 907
1479840 908
1479850 908
1479860 908
1479870 908
1479880 909
1479890 909
1479900 910
1479910 910
1479920 910
1479930 909
1479940 909
1479950 909
1479960 909
1479970 910
1479980 910
1479990 911
