1460000 1011
1460010 1011
1460020 1007
1460030 1004
1460040 1004
1460050 1001
1460060 995
1460070 995
1460080 989
1460090 981
1460100 981
1460110 973
1460120 967
1460130 967
1460140 961
1460150 957
1460160 957
1460170 953
1460180 949
1460190 949
1460200 943
1460210 936
1460220 936
1460230 929
1460240 922
1460250 915
1460260 915
1460270 910
1460280 908
1460290 908
1460300 903
1460310 898
1460320 898
1460330 894
1460340 891
1460350 891
1460360 886
1460370 880
1460380 880
1460390 873
1460400 868
1460410 868
1460420 872
1460430 878
1460440 878
1460450 883
1460460 886
1460470 886
1460480 889
1460490 892
1460500 892
1460510 895
1460520 898
1460530 901
1460540 901
1460550 902
1460560 902
1460570 902
1460580 905
1460590 906
1460600 906
1460610 906
1460620 905
1460630 905
1460640 906
1460650 907
1460660 907
1460670 910
1460680 912
1460690 912
1460700 914
1460710 916
1460720 916
1460730 917
1460740 918
1460750 918
1460760 918
1460770 919
1460780 919
1460790 921
1460800 922
1460810 925
1460820 925
1460830 928
1460840 931
1460850 931
1460860 936
1460870 941
1460880 941
1460890 944
1460900 949
1460910 949
1460920 954
1460930 958
1460940 958
1460950 961
1460960 963
1460970 963
1460980 965
1460990 967
1461000 967
1461010 969
1461020 975
1461030 975
1461040 984
1461050 992
1461060 992
1461070 995
1461080 998
1461090 1001
1461100 1001
1461110 1005
1461120 1008
1461130 1008
1461140 1010
1461150 1013
1461160 1013
1461170 1014
1461180 1016
1461190 1016
1461200 1019
1461210 1022
1461220 1022
1461230 1025
1461240 1027
1461250 1027
1461260 1029
1461270 1031
1461280 1031
1461290 1032
1461300 1034
1461310 1034
1461320 1036
1461330 1039
1461340 1039
1461350 1041
1461360 1041
1461370 1042
1461380 1042
1461390 1042
1461400 1041
1461410 1041
1461420 1040
1461430 1037
1461440 1037
1461450 1034
1461460 1031
1461470 1031
1461480 1030
1461490 1030
1461500 1030
1461510 1029
1461520 1026
1461530 1026
1461540 1020
1461550 1017
1461560 1017
1461570 1022
1461580 1029
1461590 1029
1461600 1034
1461610 1040
1461620 1040
1461630 1046
1461640 1052
1461650 1059
1461660 1059
1461670 1066
1461680 1071
1461690 1071
1461700 1077
1461710 1083
1461720 1083
1461730 1087
1461740 1091
1461750 1091
1461760 1095
1461770 1098
1461780 1098
1461790 1101
1461800 1105
1461810 1105
1461820 1109
1461830 1114
1461840 1114
1461850 1118
1461860 1120
1461870 1120
1461880 1122
1461890 1122
1461900 1122
1461910 1123
1461920 1124
1461930 1125
1461940 1125
1461950 1127
1461960 1130
1461970 1130
1461980 1133
1461990 1136
1462000 1136
1462010 1139
1462020 1143
1462030 1143
1462040 1146
1462050 1149
1462060 1149
1462070 1152
1462080 1155
1462090 1155
1462100 1159
1462110 1164
1462120 1164
1462130 1169
1462140 1174
1462150 1174
1462160 1180
1462170 1184
1462180 1184
1462190 1187
1462200 1190
1462210 1192
1462220 1192
1462230 1194
1462240 1196
1462250 1196
1462260 1197
1462270 1200
1462280 1200
1462290 1204
1462300 1207
1462310 1207
1462320 1210
1462330 1214
1462340 1214
1462350 1218
1462360 1220
1462370 1220
1462380 1223
1462390 1225
1462400 1225
1462410 1226
1462420 1227
1462430 1227
1462440 1228
1462450 1229
1462460 1229
1462470 1229
1462480 1229
1462490 1226
1462500 1226
1462510 1223
1462520 1220
1462530 1220
1462540 1217
1462550 1214
1462560 1214
1462570 1212
1462580 1210
1462590 1210
1462600 1209
1462610 1208
1462620 1208
1462630 1207
1462640 1205
1462650 1205
1462660 1204
1462670 1204
1462680 1204
1462690 1206
1462700 1209
1462710 1209
1462720 1210
1462730 1211
1462740 1211
1462750 1212
1462760 1214
1462770 1216
1462780 1216
1462790 1217
1462800 1217
1462810 1217
1462820 1217
1462830 1217
1462840 1217
1462850 1217
1462860 1217
1462870 1217
1462880 1216
1462890 1215
1462900 1215
1462910 1213
1462920 1210
1462930 1210
1462940 1207
1462950 1208
1462960 1208
1462970 1212
1462980 1219
1462990 1219
1463000 1226
1463010 1228
1463020 1228
1463030 1229
1463040 1229
1463050 1227
1463060 1227
1463070 1226
1463080 1224
1463090 1224
1463100 1226
1463110 1229
1463120 1229
1463130 1231
1463140 1234
1463150 1234
1463160 1238
1463170 1243
1463180 1243
1463190 1246
1463200 1247
1463210 1247
1463220 1249
1463230 1253
1463240 1253
1463250 1258
1463260 1263
1463270 1263
1463280 1267
1463290 1270
1463300 1270
1463310 1271
1463320 1271
1463330 1271
1463340 1271
1463350 1270
1463360 1270
1463370 1270
1463380 1269
1463390 1269
1463400 1269
1463410 1269
1463420 1268
1463430 1268
1463440 1267
1463450 1266
1463460 1266
1463470 1264
1463480 1260
1463490 1260
1463500 1259
1463510 1259
1463520 1259
1463530 1260
1463540 1262
1463550 1262
1463560 1263
1463570 1262
1463580 1262
1463590 1261
1463600 1258
1463610 1255
1463620 1255
1463630 1252
1463640 1247
1463650 1247
1463660 1247
1463670 1254
1463680 1254
1463690 1260
1463700 1265
1463710 1265
1463720 1269
1463730 1276
1463740 1276
1463750 1282
1463760 1289
1463770 1289
1463780 1296
1463790 1304
1463800 1304
1463810 1311
1463820 1318
1463830 1318
1463840 1325
1463850 1331
1463860 1331
1463870 1336
1463880 1338
1463890 1336
1463900 1327
1463910 1326
1463920 1325
1463930 1325
1463940 1325
1463950 1325
1463960 1325
1463970 1325
1463980 1325
1463990 1325
1464000 1325
1464010 1325
1464020 1325
1464030 1323
1464040 1321
1464050 1321
1464060 1321
1464070 1321
1464080 1321
1464090 1321
1464100 1320
1464110 1320
1464120 1318
1464130 1317
1464140 1317
1464150 1317
1464160 1318
1464170 1318
1464180 1318
1464190 1318
1464200 1318
1464210 1318
1464220 1317
1464230 1316
1464240 1316
1464250 1317
1464260 1317
1464270 1317
1464280 1315
1464290 1312
1464300 1312
1464310 1310
1464320 1308
1464330 1308
1464340 1306
1464350 1304
1464360 1304
1464370 1303
1464380 1300
1464390 1300
1464400 1298
1464410 1298
1464420 1298
1464430 1296
1464440 1294
1464450 1293
1464460 1293
1464470 1292
1464480 1289
1464490 1289
1464500 1285
1464510 1282
1464520 1282
1464530 1280
1464540 1277
1464550 1277
1464560 1275
1464570 1272
1464580 1272
1464590 1270
1464600 1268
1464610 1268
1464620 1265
1464630 1264
1464640 1264
1464650 1264
1464660 1264
1464670 1264
1464680 1264
1464690 1263
1464700 1263
1464710 1263
1464720 1262
1464730 1262
1464740 1262
1464750 1263
1464760 1265
1464770 1265
1464780 1267
1464790 1272
1464800 1272
1464810 1274
1464820 1276
1464830 1276
1464840 1278
1464850 1280
1464860 1280
1464870 1283
1464880 1285
1464890 1285
1464900 1287
1464910 1288
1464920 1288
1464930 1289
1464940 1289
1464950 1289
1464960 1290
1464970 1290
1464980 1291
1464990 1291
1465000 1292
1465010 1293
1465020 1293
1465030 1294
1465040 1293
1465050 1293
1465060 1291
1465070 1290
1465080 1290
1465090 1286
1465100 1280
1465110 1280
1465120 1274
1465130 1269
1465140 1269
1465150 1267
1465160 1266
1465170 1266
1465180 1265
1465190 1265
1465200 1265
1465210 1266
1465220 1266
1465230 1266
1465240 1266
1465250 1266
1465260 1265
1465270 1265
1465280 1266
1465290 1266
1465300 1266
1465310 1268
1465320 1268
1465330 1268
1465340 1266
1465350 1265
1465360 1265
1465370 1262
1465380 1257
1465390 1257
1465400 1252
1465410 1250
1465420 1250
1465430 1247
1465440 1245
1465450 1245
1465460 1243
1465470 1243
1465480 1243
1465490 1243
1465500 1242
1465510 1242
1465520 1241
1465530 1241
1465540 1238
1465550 1238
1465560 1235
1465570 1232
1465580 1232
1465590 1231
1465600 1230
1465610 1230
1465620 1229
1465630 1227
1465640 1227
1465650 1227
1465660 1227
1465670 1227
1465680 1227
1465690 1227
1465700 1227
1465710 1226
1465720 1224
1465730 1224
1465740 1221
1465750 1219
1465760 1219
1465770 1216
1465780 1212
1465790 1212
1465800 1208
1465810 1206
1465820 1203
1465830 1203
1465840 1198
1465850 1193
1465860 1193
1465870 1188
1465880 1184
1465890 1184
1465900 1179
1465910 1175
1465920 1175
1465930 1171
1465940 1166
1465950 1166
1465960 1161
1465970 1157
1465980 1157
1465990 1155
1466000 1152
1466010 1152
1466020 1149
1466030 1145
1466040 1145
1466050 1140
1466060 1135
1466070 1135
1466080 1130
1466090 1129
1466100 1125
1466110 1125
1466120 1122
1466130 1119
1466140 1119
1466150 1115
1466160 1112
1466170 1112
1466180 1109
1466190 1106
1466200 1106
1466210 1107
1466220 1108
1466230 1108
1466240 1106
1466250 1103
1466260 1103
1466270 1097
1466280 1087
1466290 1087
1466300 1076
1466310 1066
1466320 1066
1466330 1058
1466340 1050
1466350 1050
1466360 1046
1466370 1043
1466380 1036
1466390 1036
1466400 1029
1466410 1023
1466420 1023
1466430 1017
1466440 1006
1466450 1006
1466460 988
1466470 972
1466480 972
1466490 960
1466500 950
1466510 950
1466520 940
1466530 932
1466540 932
1466550 923
1466560 916
1466570 916
1466580 910
1466590 902
1466600 902
1466610 894
1466620 887
1466630 887
1466640 881
1466650 877
1466660 870
1466670 870
1466680 864
1466690 859
1466700 859
1466710 855
1466720 852
1466730 852
1466740 847
1466750 840
1466760 840
1466770 834
1466780 827
1466790 827
1466800 821
1466810 813
1466820 813
1466830 805
1466840 798
1466850 798
1466860 793
1466870 790
1466880 790
1466890 788
1466900 785
1466910 785
1466920 783
1466930 783
1466940 783
1466950 783
1466960 780
1466970 780
1466980 780
1466990 781
1467000 781
1467010 781
1467020 779
1467030 776
1467040 776
1467050 771
1467060 767
1467070 767
1467080 764
1467090 762
1467100 762
1467110 759
1467120 755
1467130 755
1467140 751
1467150 746
1467160 746
1467170 740
1467180 734
1467190 734
1467200 728
1467210 724
1467220 721
1467230 721
1467240 717
1467250 712
1467260 712
1467270 707
1467280 702
1467290 702
1467300 697
1467310 694
1467320 694
1467330 690
1467340 686
1467350 686
1467360 684
1467370 681
1467380 681
1467390 677
1467400 673
1467410 673
1467420 670
1467430 667
1467440 667
1467450 663
1467460 659
1467470 659
1467480 654
1467490 650
1467500 646
1467510 646
1467520 642
1467530 639
1467540 639
1467550 636
1467560 634
1467570 634
1467580 632
1467590 630
1467600 630
1467610 626
1467620 623
1467630 623
1467640 620
1467650 618
1467660 618
1467670 617
1467680 612
1467690 612
1467700 606
1467710 603
1467720 603
1467730 601
1467740 600
1467750 600
1467760 598
1467770 598
1467780 597
1467790 597
1467800 596
1467810 595
1467820 595
1467830 593
1467840 592
1467850 592
1467860 591
1467870 590
1467880 590
1467890 589
1467900 588
1467910 588
1467920 586
1467930 584
1467940 584
1467950 582
1467960 580
1467970 580
1467980 578
1467990 577
1468000 577
1468010 576
1468020 576
1468030 576
1468040 576
1468050 577
1468060 576
1468070 576
1468080 574
1468090 574
1468100 574
1468110 573
1468120 572
1468130 572
1468140 572
1468150 571
1468160 571
1468170 571
1468180 571
1468190 571
1468200 571
1468210 570
1468220 570
1468230 570
1468240 570
1468250 570
1468260 570
1468270 570
1468280 570
1468290 570
1468300 570
1468310 570
1468320 570
1468330 570
1468340 570
1468350 570
1468360 570
1468370 570
1468380 570
1468390 570
1468400 570
1468410 570
1468420 571
1468430 571
1468440 571
1468450 570
1468460 569
1468470 569
1468480 569
1468490 568
1468500 568
1468510 568
1468520 568
1468530 568
1468540 568
1468550 568
1468560 568
1468570 568
1468580 568
1468590 568
1468600 568
1468610 568
1468620 568
1468630 568
1468640 569
1468650 570
1468660 570
1468670 569
1468680 566
1468690 566
1468700 564
1468710 560
1468720 560
1468730 559
1468740 559
1468750 559
1468760 559
1468770 559
1468780 559
1468790 559
1468800 562
1468810 562
1468820 565
1468830 565
1468840 565
1468850 565
1468860 566
1468870 566
1468880 566
1468890 566
1468900 567
1468910 567
1468920 567
1468930 567
1468940 567
1468950 567
1468960 567
1468970 567
1468980 568
1468990 568
1469000 568
1469010 568
1469020 567
1469030 567
1469040 567
1469050 567
1469060 567
1469070 567
1469080 567
1469090 567
1469100 567
1469110 567
1469120 567
1469130 567
1469140 567
1469150 567
1469160 567
1469170 567
1469180 567
1469190 567
1469200 570
1469210 574
1469220 574
1469230 574
1469240 574
1469250 574
1469260 574
1469270 574
1469280 574
1469290 575
1469300 575
1469310 575
1469320 578
1469330 583
1469340 583
1469350 584
1469360 584
1469370 584
1469380 585
1469390 590
1469400 590
1469410 597
1469420 604
1469430 604
1469440 612
1469450 617
1469460 618
1469470 618
1469480 618
1469490 618
1469500 618
1469510 616
1469520 614
1469530 614
1469540 610
1469550 607
1469560 607
1469570 603
1469580 599
1469590 599
1469600 595
1469610 591
1469620 591
1469630 587
1469640 586
1469650 586
1469660 586
1469670 585
1469680 585
1469690 584
1469700 583
1469710 583
1469720 581
1469730 580
1469740 579
1469750 579
1469760 578
1469770 578
1469780 578
1469790 578
1469800 578
1469810 578
1469820 578
1469830 578
1469840 578
1469850 578
1469860 578
1469870 578
1469880 577
1469890 576
1469900 576
1469910 574
1469920 574
1469930 574
1469940 574
1469950 577
1469960 577
1469970 579
1469980 580
1469990 580
1470000 581
1470010 581
1470020 582
1470030 582
1470040 582
1470050 582
1470060 582
1470070 582
1470080 583
1470090 583
1470100 583
1470110 583
1470120 583
1470130 583
1470140 583
1470150 583
1470160 583
1470170 582
1470180 582
1470190 583
1470200 583
1470210 583
1470220 584
1470230 583
1470240 583
1470250 579
1470260 576
1470270 576
1470280 576
1470290 576
1470300 577
1470310 577
1470320 579
1470330 583
1470340 583
1470350 589
1470360 590
1470370 590
1470380 590
1470390 593
1470400 593
1470410 599
1470420 601
1470430 601
1470440 603
1470450 608
1470460 608
1470470 613
1470480 615
1470490 615
1470500 617
1470510 621
1470520 621
1470530 625
1470540 631
1470550 631
1470560 637
1470570 643
1470580 648
1470590 648
1470600 652
1470610 657
1470620 657
1470630 663
1470640 669
1470650 669
1470660 672
1470670 678
1470680 678
1470690 684
1470700 690
1470710 690
1470720 697
1470730 703
1470740 703
1470750 709
1470760 714
1470770 714
1470780 718
1470790 723
1470800 723
1470810 728
1470820 732
1470830 732
1470840 737
1470850 741
1470860 744
1470870 744
1470880 748
1470890 752
1470900 752
1470910 755
1470920 759
1470930 759
1470940 762
1470950 764
1470960 764
1470970 766
1470980 768
1470990 768
1471000 770
1471010 771
1471020 771
1471030 772
1471040 773
1471050 773
1471060 773
1471070 778
1471080 778
1471090 783
1471100 787
1471110 787
1471120 792
1471130 796
1471140 798
1471150 798
1471160 803
1471170 808
1471180 808
1471190 812
1471200 818
1471210 818
1471220 822
1471230 825
1471240 825
1471250 827
1471260 830
1471270 830
1471280 831
1471290 833
1471300 833
1471310 835
1471320 837
1471330 837
1471340 839
1471350 842
1471360 842
1471370 844
1471380 847
1471390 847
1471400 851
1471410 855
1471420 857
1471430 857
1471440 860
1471450 863
1471460 863
1471470 866
1471480 870
1471490 870
1471500 875
1471510 880
1471520 880
1471530 884
1471540 888
1471550 888
1471560 892
1471570 898
1471580 898
1471590 904
1471600 911
1471610 911
1471620 918
1471630 923
1471640 923
1471650 930
1471660 936
1471670 936
1471680 941
1471690 945
1471700 950
1471710 950
1471720 956
1471730 960
1471740 960
1471750 964
1471760 970
1471770 970
1471780 975
1471790 980
1471800 980
1471810 985
1471820 990
1471830 990
1471840 994
1471850 999
1471860 999
1471870 1002
1471880 1006
1471890 1006
1471900 1010
1471910 1013
1471920 1013
1471930 1016
1471940 1019
1471950 1019
1471960 1022
1471970 1025
1471980 1029
1471990 1029
1472000 1032
1472010 1035
1472020 1035
1472030 1038
1472040 1041
1472050 1041
1472060 1043
1472070 1046
1472080 1046
1472090 1051
1472100 1056
1472110 1056
1472120 1060
1472130 1065
1472140 1065
1472150 1069
1472160 1073
1472170 1073
1472180 1077
1472190 1083
1472200 1083
1472210 1089
1472220 1094
1472230 1099
1472240 1099
1472250 1102
1472260 1107
1472270 1107
1472280 1113
1472290 1117
1472300 1117
1472310 1124
1472320 1130
1472330 1130
1472340 1136
1472350 1142
1472360 1142
1472370 1146
1472380 1149
1472390 1149
1472400 1156
1472410 1165
1472420 1165
1472430 1170
1472440 1173
1472450 1173
1472460 1174
1472470 1175
1472480 1175
1472490 1176
1472500 1177
1472510 1178
1472520 1178
1472530 1178
1472540 1178
1472550 1178
1472560 1178
1472570 1179
1472580 1179
1472590 1180
1472600 1182
1472610 1182
1472620 1184
1472630 1185
1472640 1185
1472650 1186
1472660 1188
1472670 1188
1472680 1190
1472690 1192
1472700 1192
1472710 1192
1472720 1194
1472730 1194
1472740 1195
1472750 1196
1472760 1196
1472770 1197
1472780 1197
1472790 1198
1472800 1198
1472810 1199
1472820 1200
1472830 1200
1472840 1201
1472850 1202
1472860 1202
1472870 1202
1472880 1203
1472890 1203
1472900 1203
1472910 1203
1472920 1203
1472930 1203
1472940 1203
1472950 1203
1472960 1204
1472970 1204
1472980 1204
1472990 1204
1473000 1204
1473010 1204
1473020 1204
1473030 1204
1473040 1204
1473050 1204
1473060 1203
1473070 1202
1473080 1202
1473090 1201
1473100 1201
1473110 1201
1473120 1201
1473130 1201
1473140 1201
1473150 1201
1473160 1200
1473170 1200
1473180 1200
1473190 1199
1473200 1199
1473210 1198
1473220 1197
1473230 1197
1473240 1196
1473250 1195
1473260 1195
1473270 1195
1473280 1196
1473290 1196
1473300 1196
1473310 1196
1473320 1196
1473330 1196
1473340 1196
1473350 1196
1473360 1196
1473370 1197
1473380 1198
1473390 1198
1473400 1200
1473410 1201
1473420 1201
1473430 1202
1473440 1202
1473450 1202
1473460 1203
1473470 1202
1473480 1202
1473490 1201
1473500 1202
1473510 1202
1473520 1202
1473530 1202
1473540 1202
1473550 1202
1473560 1201
1473570 1201
1473580 1201
1473590 1201
1473600 1201
1473610 1200
1473620 1199
1473630 1198
1473640 1198
1473650 1197
1473660 1195
1473670 1195
1473680 1195
1473690 1194
1473700 1194
1473710 1194
1473720 1194
1473730 1194
1473740 1194
1473750 1193
1473760 1193
1473770 1191
1473780 1190
1473790 1190
1473800 1188
1473810 1186
1473820 1186
1473830 1183
1473840 1180
1473850 1180
1473860 1177
1473870 1175
1473880 1175
1473890 1172
1473900 1169
1473910 1167
1473920 1167
1473930 1162
1473940 1158
1473950 1158
1473960 1154
1473970 1152
1473980 1152
1473990 1146
1474000 1147
1474010 1147
1474020 1147
1474030 1146
1474040 1146
1474050 1148
1474060 1149
1474070 1149
1474080 1149
1474090 1150
1474100 1150
1474110 1150
1474120 1148
1474130 1148
1474140 1147
1474150 1146
1474160 1146
1474170 1143
1474180 1141
1474190 1140
1474200 1140
1474210 1139
1474220 1139
1474230 1139
1474240 1138
1474250 1138
1474260 1138
1474270 1138
1474280 1138
1474290 1138
1474300 1138
1474310 1137
1474320 1137
1474330 1137
1474340 1136
1474350 1136
1474360 1135
1474370 1132
1474380 1132
1474390 1128
1474400 1133
1474410 1133
1474420 1134
1474430 1136
1474440 1136
1474450 1137
1474460 1139
1474470 1140
1474480 1140
1474490 1141
1474500 1142
1474510 1142
1474520 1142
1474530 1142
1474540 1142
1474550 1140
1474560 1138
1474570 1138
1474580 1135
1474590 1131
1474600 1131
1474610 1128
1474620 1123
1474630 1123
1474640 1119
1474650 1114
1474660 1114
1474670 1108
1474680 1104
1474690 1104
1474700 1098
1474710 1094
1474720 1094
1474730 1086
1474740 1079
1474750 1076
1474760 1076
1474770 1079
1474780 1077
1474790 1077
1474800 1073
1474810 1070
1474820 1070
1474830 1065
1474840 1059
1474850 1059
1474860 1056
1474870 1052
1474880 1052
1474890 1050
1474900 1047
1474910 1047
1474920 1043
1474930 1039
1474940 1039
1474950 1033
1474960 1023
1474970 1023
1474980 1021
1474990 1028
1475000 1028
1475010 1033
1475020 1039
1475030 1045
1475040 1045
1475050 1051
1475060 1057
1475070 1057
1475080 1059
1475090 1061
1475100 1061
1475110 1064
1475120 1068
1475130 1068
1475140 1071
1475150 1075
1475160 1075
1475170 1079
1475180 1082
1475190 1082
1475200 1087
1475210 1092
1475220 1092
1475230 1097
1475240 1102
1475250 1102
1475260 1107
1475270 1111
1475280 1111
1475290 1116
1475300 1121
1475310 1122
1475320 1122
1475330 1123
1475340 1124
1475350 1124
1475360 1124
1475370 1126
1475380 1126
1475390 1129
1475400 1131
1475410 1131
1475420 1134
1475430 1137
1475440 1137
1475450 1139
1475460 1141
1475470 1141
1475480 1141
1475490 1141
1475500 1141
1475510 1140
1475520 1140
1475530 1140
1475540 1140
1475550 1139
1475560 1139
1475570 1138
1475580 1137
1475590 1137
1475600 1137
1475610 1137
1475620 1137
1475630 1137
1475640 1136
1475650 1134
1475660 1134
1475670 1132
1475680 1129
1475690 1129
1475700 1126
1475710 1124
1475720 1124
1475730 1121
1475740 1118
1475750 1118
1475760 1115
1475770 1107
1475780 1107
1475790 1099
1475800 1092
1475810 1092
1475820 1089
1475830 1087
1475840 1087
1475850 1083
1475860 1079
1475870 1077
1475880 1077
1475890 1074
1475900 1071
1475910 1071
1475920 1066
1475930 1062
1475940 1062
1475950 1058
1475960 1055
1475970 1055
1475980 1051
1475990 1048
1476000 1048
1476010 1045
1476020 1041
1476030 1041
1476040 1038
1476050 1035
1476060 1035
1476070 1033
1476080 1032
1476090 1032
1476100 1029
1476110 1026
1476120 1026
1476130 1023
1476140 1021
1476150 1017
1476160 1017
1476170 1013
1476180 1009
1476190 1009
1476200 1006
1476210 1003
1476220 1003
1476230 1001
1476240 999
1476250 999
1476260 998
1476270 996
1476280 996
1476290 993
1476300 990
1476310 990
1476320 988
1476330 986
1476340 986
1476350 983
1476360 981
1476370 981
1476380 979
1476390 977
1476400 977
1476410 975
1476420 973
1476430 970
1476440 970
1476450 968
1476460 966
1476470 966
1476480 965
1476490 964
1476500 964
1476510 963
1476520 962
1476530 962
1476540 960
1476550 957
1476560 957
1476570 955
1476580 953
1476590 953
1476600 952
1476610 950
1476620 950
1476630 947
1476640 945
1476650 945
1476660 941
1476670 937
1476680 937
1476690 936
1476700 936
1476710 929
1476720 929
1476730 906
1476740 885
1476750 885
1476760 875
1476770 861
1476780 861
1476790 853
1476800 849
1476810 849
1476820 851
1476830 857
1476840 857
1476850 866
1476860 878
1476870 878
1476880 884
1476890 885
1476900 885
1476910 890
1476920 890
1476930 890
1476940 890
1476950 892
1476960 892
1476970 896
1476980 916
1476990 923
1477000 923
1477010 933
1477020 947
1477030 947
1477040 954
1477050 961
1477060 961
1477070 966
1477080 970
1477090 970
1477100 974
1477110 980
1477120 980
1477130 984
1477140 989
1477150 989
1477160 995
1477170 999
1477180 999
1477190 1003
1477200 1009
1477210 1009
1477220 1013
1477230 1016
1477240 1016
1477250 1020
1477260 1023
1477270 1026
1477280 1026
1477290 1028
1477300 1029
1477310 1029
1477320 1030
1477330 1030
1477340 1030
1477350 1032
1477360 1034
1477370 1034
1477380 1036
1477390 1038
1477400 1038
1477410 1040
1477420 1042
1477430 1042
1477440 1044
1477450 1046
1477460 1046
1477470 1048
1477480 1051
1477490 1051
1477500 1053
1477510 1055
1477520 1055
1477530 1057
1477540 1059
1477550 1062
1477560 1062
1477570 1065
1477580 1067
1477590 1067
1477600 1068
1477610 1069
1477620 1069
1477630 1071
1477640 1073
1477650 1073
1477660 1074
1477670 1075
1477680 1075
1477690 1077
1477700 1078
1477710 1078
1477720 1080
1477730 1081
1477740 1081
1477750 1083
1477760 1084
1477770 1084
1477780 1085
1477790 1086
1477800 1086
1477810 1087
1477820 1089
1477830 1090
1477840 1090
1477850 1094
1477860 1099
1477870 1099
1477880 1102
1477890 1105
1477900 1105
1477910 1106
1477920 1108
1477930 1108
1477940 1108
1477950 1108
1477960 1108
1477970 1108
1477980 1108
1477990 1108
1478000 1107
1478010 1107
1478020 1107
1478030 1106
1478040 1106
1478050 1106
1478060 1106
1478070 1106
1478080 1107
1478090 1107
1478100 1108
1478110 1110
1478120 1110
1478130 1111
1478140 1113
1478150 1113
1478160 1114
1478170 1115
1478180 1115
1478190 1117
1478200 1118
1478210 1118
1478220 1119
1478230 1121
1478240 1121
1478250 1122
1478260 1123
1478270 1123
1478280 1125
1478290 1128
1478300 1128
1478310 1131
1478320 1133
1478330 1133
1478340 1134
1478350 1134
1478360 1132
1478370 1132
1478380 1131
1478390 1130
1478400 1130
1478410 1129
1478420 1128
1478430 1128
1478440 1126
1478450 1125
1478460 1125
1478470 1124
1478480 1123
1478490 1123
1478500 1122
1478510 1121
1478520 1121
1478530 1121
1478540 1121
1478550 1121
1478560 1121
1478570 1120
1478580 1120
1478590 1120
1478600 1119
1478610 1119
1478620 1119
1478630 1119
1478640 1118
1478650 1118
1478660 1117
1478670 1116
1478680 1116
1478690 1114
1478700 1114
1478710 1114
1478720 1113
1478730 1112
1478740 1112
1478750 1111
1478760 1109
1478770 1109
1478780 1108
1478790 1108
1478800 1108
1478810 1108
1478820 1108
1478830 1108
1478840 1107
1478850 1104
1478860 1104
1478870 1100
1478880 1095
1478890 1095
1478900 1092
1478910 1091
1478920 1089
1478930 1089
1478940 1087
1478950 1084
1478960 1084
1478970 1078
1478980 1078
1478990 1078
1479000 1075
1479010 1069
1479020 1069
1479030 1063
1479040 1060
1479050 1060
1479060 1061
1479070 1064
1479080 1064
1479090 1062
1479100 1057
1479110 1057
1479120 1052
1479130 1047
1479140 1047
1479150 1042
1479160 1036
1479170 1036
1479180 1031
1479190 1026
1479200 1020
1479210 1020
1479220 1015
1479230 1010
1479240 1010
1479250 1006
1479260 1010
1479270 1010
1479280 1011
1479290 1007
1479300 1007
1479310 1010
1479320 1019
1479330 1019
1479340 1027
1479350 1031
1479360 1031
1479370 1032
1479380 1034
1479390 1034
1479400 1038
1479410 1041
1479420 1041
1479430 1044
1479440 1047
1479450 1047
1479460 1051
1479470 1053
1479480 1056
1479490 1056
1479500 1058
1479510 1060
1479520 1060
1479530 1061
1479540 1063
1479550 1063
1479560 1064
1479570 1065
1479580 1065
1479590 1066
1479600 1068
1479610 1068
1479620 1069
1479630 1069
1479640 1069
1479650 1070
1479660 1070
1479670 1070
1479680 1071
1479690 1071
1479700 1071
1479710 1071
1479720 1071
1479730 1071
1479740 1071
1479750 1070
1479760 1069
1479770 1069
1479780 1069
1479790 1069
1479800 1069
1479810 1070
1479820 1070
1479830 1070
1479840 1070
1479850 1071
1479860 1071
1479870 1071
1479880 1072
1479890 1072
1479900 1073
1479910 1074
1479920 1074
1479930 1074
1479940 1075
1479950 1075
1479960 1075
1479970 1076
1479980 1076
1479990 1077
