1460000 999
1460010 999
1460020 1008
1460030 1016
1460040 1016
1460050 1025
1460060 1033
1460070 1033
1460080 1040
1460090 1046
1460100 1052
1460110 1052
1460120 1058
1460130 1065
1460140 1065
1460150 1071
1460160 1078
1460170 1078
1460180 1083
1460190 1089
1460200 1089
1460210 1095
1460220 1101
1460230 1101
1460240 1107
1460250 1114
1460260 1114
1460270 1118
1460280 1122
1460290 1122
1460300 1125
1460310 1128
1460320 1128
1460330 1131
1460340 1135
1460350 1135
1460360 1138
1460370 1143
1460380 1146
1460390 1146
1460400 1151
1460410 1156
1460420 1156
1460430 1161
1460440 1168
1460450 1168
1460460 1175
1460470 1182
1460480 1182
1460490 1187
1460500 1192
1460510 1192
1460520 1199
1460530 1205
1460540 1205
1460550 1209
1460560 1212
1460570 1212
1460580 1216
1460590 1219
1460600 1219
1460610 1225
1460620 1227
1460630 1227
1460640 1230
1460650 1234
1460660 1237
1460670 1237
1460680 1240
1460690 1243
1460700 1243
1460710 1246
1460720 1248
1460730 1248
1460740 1250
1460750 1252
1460760 1252
1460770 1254
1460780 1256
1460790 1256
1460800 1258
1460810 1260
1460820 1260
1460830 1262
1460840 1264
1460850 1264
1460860 1266
1460870 1269
1460880 1269
1460890 1272
1460900 1277
1460910 1277
1460920 1283
1460930 1287
1460940 1290
1460950 1290
1460960 1294
1460970 1299
1460980 1299
1460990 1305
1461000 1310
1461010 1310
1461020 1315
1461030 1320
1461040 1320
1461050 1324
1461060 1326
1461070 1326
1461080 1330
1461090 1336
1461100 1336
1461110 1343
1461120 1348
1461130 1348
1461140 1352
1461150 1356
1461160 1356
1461170 1360
1461180 1364
1461190 1364
1461200 1366
1461210 1367
1461220 1367
1461230 1367
1461240 1366
1461250 1367
1461260 1367
1461270 1371
1461280 1375
1461290 1375
1461300 1378
1461310 1380
1461320 1380
1461330 1380
1461340 1380
1461350 1380
1461360 1380
1461370 1381
1461380 1381
1461390 1383
1461400 1385
1461410 1385
1461420 1389
1461430 1392
1461440 1392
1461450 1394
1461460 1397
1461470 1397
1461480 1398
1461490 1399
1461500 1401
1461510 1401
1461520 1402
1461530 1404
1461540 1404
1461550 1406
1461560 1408
1461570 1408
1461580 1412
1461590 1415
1461600 1415
1461610 1418
1461620 1420
1461630 1420
1461640 1425
1461650 1434
1461660 1434
1461670 1443
1461680 1446
1461690 1446
1461700 1448
1461710 1449
1461720 1449
1461730 1449
1461740 1447
1461750 1447
1461760 1444
1461770 1442
1461780 1441
1461790 1441
1461800 1441
1461810 1442
1461820 1442
1461830 1442
1461840 1441
1461850 1441
1461860 1441
1461870 1440
1461880 1440
1461890 1439
1461900 1437
1461910 1437
1461920 1438
1461930 1438
1461940 1438
1461950 1439
1461960 1440
1461970 1440
1461980 1440
1461990 1441
1462000 1441
1462010 1442
1462020 1444
1462030 1444
1462040 1446
1462050 1449
1462060 1453
1462070 1453
1462080 1457
1462090 1462
1462100 1462
1462110 1467
1462120 1472
1462130 1472
1462140 1476
1462150 1481
1462160 1481
1462170 1486
1462180 1491
1462190 1491
1462200 1496
1462210 1500
1462220 1500
1462230 1505
1462240 1509
1462250 1509
1462260 1513
1462270 1518
1462280 1518
1462290 1523
1462300 1527
1462310 1527
1462320 1532
1462330 1538
1462340 1543
1462350 1543
1462360 1547
1462370 1552
1462380 1552
1462390 1556
1462400 1561
1462410 1561
1462420 1566
1462430 1569
1462440 1569
1462450 1571
1462460 1570
1462470 1570
1462480 1572
1462490 1575
1462500 1575
1462510 1579
1462520 1580
1462530 1580
1462540 1580
1462550 1580
1462560 1580
1462570 1580
1462580 1577
1462590 1577
1462600 1574
1462610 1571
1462620 1570
1462630 1570
1462640 1570
1462650 1568
1462660 1568
1462670 1567
1462680 1567
1462690 1567
1462700 1567
1462710 1568
1462720 1568
1462730 1568
1462740 1568
1462750 1568
1462760 1568
1462770 1567
1462780 1567
1462790 1567
1462800 1567
1462810 1567
1462820 1567
1462830 1566
1462840 1566
1462850 1567
1462860 1566
1462870 1566
1462880 1568
1462890 1570
1462900 1570
1462910 1570
1462920 1569
1462930 1566
1462940 1566
1462950 1562
1462960 1561
1462970 1561
1462980 1561
1462990 1561
1463000 1561
1463010 1560
1463020 1559
1463030 1559
1463040 1556
1463050 1554
1463060 1554
1463070 1552
1463080 1551
1463090 1551
1463100 1549
1463110 1547
1463120 1547
1463130 1546
1463140 1545
1463150 1545
1463160 1543
1463170 1541
1463180 1539
1463190 1539
1463200 1537
1463210 1535
1463220 1535
1463230 1533
1463240 1531
1463250 1531
1463260 1529
1463270 1527
1463280 1527
1463290 1525
1463300 1522
1463310 1522
1463320 1519
1463330 1517
1463340 1517
1463350 1514
1463360 1512
1463370 1512
1463380 1506
1463390 1502
1463400 1502
1463410 1498
1463420 1494
1463430 1494
1463440 1489
1463450 1485
1463460 1481
1463470 1481
1463480 1479
1463490 1476
1463500 1476
1463510 1472
1463520 1468
1463530 1468
1463540 1464
1463550 1460
1463560 1460
1463570 1455
1463580 1451
1463590 1451
1463600 1447
1463610 1445
1463620 1445
1463630 1443
1463640 1441
1463650 1441
1463660 1439
1463670 1436
1463680 1436
1463690 1433
1463700 1430
1463710 1430
1463720 1429
1463730 1426
1463740 1425
1463750 1425
1463760 1422
1463770 1419
1463780 1419
1463790 1416
1463800 1412
1463810 1412
1463820 1407
1463830 1402
1463840 1402
1463850 1398
1463860 1394
1463870 1394
1463880 1390
1463890 1386
1463900 1386
1463910 1382
1463920 1379
1463930 1379
1463940 1375
1463950 1371
1463960 1371
1463970 1367
1463980 1363
1463990 1363
1464000 1360
1464010 1356
1464020 1353
1464030 1353
1464040 1350
1464050 1347
1464060 1347
1464070 1345
1464080 1344
1464090 1344
1464100 1342
1464110 1338
1464120 1338
1464130 1336
1464140 1331
1464150 1331
1464160 1323
1464170 1316
1464180 1316
1464190 1312
1464200 1310
1464210 1310
1464220 1313
1464230 1317
1464240 1317
1464250 1320
1464260 1321
1464270 1321
1464280 1320
1464290 1319
1464300 1317
1464310 1317
1464320 1314
1464330 1311
1464340 1311
1464350 1308
1464360 1306
1464370 1306
1464380 1304
1464390 1301
1464400 1301
1464410 1297
1464420 1295
1464430 1295
1464440 1290
1464450 1294
1464460 1294
1464470 1298
1464480 1299
1464490 1299
1464500 1300
1464510 1301
1464520 1301
1464530 1302
1464540 1302
1464550 1302
1464560 1302
1464570 1303
1464580 1303
1464590 1303
1464600 1303
1464610 1304
1464620 1304
1464630 1305
1464640 1305
1464650 1305
1464660 1305
1464670 1305
1464680 1305
1464690 1305
1464700 1305
1464710 1305
1464720 1305
1464730 1305
1464740 1305
1464750 1305
1464760 1305
1464770 1305
1464780 1305
1464790 1306
1464800 1306
1464810 1306
1464820 1306
1464830 1306
1464840 1306
1464850 1305
1464860 1303
1464870 1303
1464880 1299
1464890 1295
1464900 1295
1464910 1294
1464920 1293
1464930 1293
1464940 1293
1464950 1293
1464960 1293
1464970 1293
1464980 1293
1464990 1293
1465000 1294
1465010 1294
1465020 1294
1465030 1294
1465040 1292
1465050 1292
1465060 1291
1465070 1292
1465080 1292
1465090 1292
1465100 1293
1465110 1293
1465120 1294
1465130 1294
1465140 1293
1465150 1293
1465160 1289
1465170 1282
1465180 1282
1465190 1272
1465200 1265
1465210 1265
1465220 1257
1465230 1250
1465240 1250
1465250 1242
1465260 1236
1465270 1236
1465280 1230
1465290 1225
1465300 1225
1465310 1220
1465320 1217
1465330 1217
1465340 1213
1465350 1209
1465360 1209
1465370 1205
1465380 1201
1465390 1201
1465400 1194
1465410 1188
1465420 1181
1465430 1181
1465440 1173
1465450 1166
1465460 1166
1465470 1159
1465480 1153
1465490 1153
1465500 1149
1465510 1147
1465520 1147
1465530 1146
1465540 1143
1465550 1143
1465560 1140
1465570 1138
1465580 1138
1465590 1134
1465600 1130
1465610 1130
1465620 1129
1465630 1121
1465640 1121
1465650 1113
1465660 1105
1465670 1105
1465680 1098
1465690 1092
1465700 1085
1465710 1085
1465720 1079
1465730 1075
1465740 1075
1465750 1070
1465760 1066
1465770 1066
1465780 1061
1465790 1058
1465800 1058
1465810 1056
1465820 1052
1465830 1052
1465840 1049
1465850 1048
1465860 1048
1465870 1046
1465880 1044
1465890 1044
1465900 1041
1465910 1037
1465920 1037
1465930 1031
1465940 1025
1465950 1025
1465960 1020
1465970 1019
1465980 1018
1465990 1018
1466000 1015
1466010 1007
1466020 1007
1466030 1002
1466040 998
1466050 998
1466060 995
1466070 990
1466080 990
1466090 985
1466100 979
1466110 979
1466120 972
1466130 966
1466140 966
1466150 960
1466160 954
1466170 954
1466180 949
1466190 946
1466200 946
1466210 942
1466220 934
1466230 934
1466240 925
1466250 921
1466260 917
1466270 917
1466280 913
1466290 907
1466300 907
1466310 901
1466320 897
1466330 897
1466340 893
1466350 889
1466360 889
1466370 885
1466380 881
1466390 881
1466400 877
1466410 874
1466420 874
1466430 870
1466440 866
1466450 866
1466460 861
1466470 856
1466480 856
1466490 851
1466500 846
1466510 846
1466520 841
1466530 839
1466540 837
1466550 837
1466560 837
1466570 836
1466580 836
1466590 835
1466600 835
1466610 835
1466620 834
1466630 833
1466640 833
1466650 834
1466660 840
1466670 840
1466680 849
1466690 850
1466700 850
1466710 846
1466720 841
1466730 841
1466740 838
1466750 836
1466760 836
1466770 835
1466780 835
1466790 835
1466800 835
1466810 833
1466820 834
1466830 834
1466840 838
1466850 839
1466860 839
1466870 839
1466880 841
1466890 841
1466900 844
1466910 842
1466920 842
1466930 840
1466940 837
1466950 837
1466960 833
1466970 828
1466980 828
1466990 824
1467000 821
1467010 821
1467020 818
1467030 815
1467040 815
1467050 814
1467060 812
1467070 812
1467080 810
1467090 809
1467100 809
1467110 809
1467120 807
1467130 802
1467140 802
1467150 796
1467160 795
1467170 795
1467180 795
1467190 793
1467200 793
1467210 790
1467220 785
1467230 785
1467240 780
1467250 776
1467260 776
1467270 774
1467280 773
1467290 773
1467300 769
1467310 764
1467320 764
1467330 757
1467340 751
1467350 751
1467360 746
1467370 743
1467380 744
1467390 744
1467400 749
1467410 749
1467420 749
1467430 742
1467440 735
1467450 735
1467460 729
1467470 722
1467480 722
1467490 717
1467500 713
1467510 713
1467520 711
1467530 708
1467540 708
1467550 707
1467560 706
1467570 706
1467580 704
1467590 702
1467600 702
1467610 698
1467620 694
1467630 694
1467640 690
1467650 687
1467660 685
1467670 685
1467680 682
1467690 680
1467700 680
1467710 677
1467720 673
1467730 673
1467740 671
1467750 670
1467760 670
1467770 670
1467780 671
1467790 671
1467800 671
1467810 671
1467820 671
1467830 672
1467840 671
1467850 671
1467860 670
1467870 667
1467880 667
1467890 664
1467900 661
1467910 661
1467920 656
1467930 651
1467940 647
1467950 647
1467960 641
1467970 638
1467980 638
1467990 634
1468000 625
1468010 625
1468020 619
1468030 618
1468040 618
1468050 617
1468060 616
1468070 616
1468080 615
1468090 614
1468100 614
1468110 612
1468120 609
1468130 609
1468140 607
1468150 608
1468160 608
1468170 610
1468180 611
1468190 611
1468200 610
1468210 610
1468220 610
1468230 610
1468240 610
1468250 609
1468260 609
1468270 607
1468280 606
1468290 606
1468300 605
1468310 605
1468320 605
1468330 604
1468340 603
1468350 603
1468360 602
1468370 601
1468380 601
1468390 600
1468400 599
1468410 599
1468420 598
1468430 596
1468440 596
1468450 595
1468460 594
1468470 594
1468480 594
1468490 593
1468500 592
1468510 592
1468520 592
1468530 591
1468540 591
1468550 590
1468560 590
1468570 590
1468580 589
1468590 589
1468600 589
1468610 588
1468620 588
1468630 588
1468640 587
1468650 587
1468660 587
1468670 586
1468680 585
1468690 585
1468700 585
1468710 584
1468720 584
1468730 579
1468740 576
1468750 576
1468760 576
1468770 576
1468780 572
1468790 572
1468800 567
1468810 566
1468820 566
1468830 567
1468840 567
1468850 567
1468860 567
1468870 567
1468880 567
1468890 567
1468900 567
1468910 567
1468920 567
1468930 563
1468940 563
1468950 559
1468960 559
1468970 559
1468980 559
1468990 559
1469000 559
1469010 562
1469020 564
1469030 564
1469040 564
1469050 564
1469060 564
1469070 564
1469080 564
1469090 564
1469100 564
1469110 565
1469120 565
1469130 565
1469140 565
1469150 565
1469160 565
1469170 565
1469180 565
1469190 565
1469200 568
1469210 574
1469220 574
1469230 582
1469240 590
1469250 590
1469260 598
1469270 600
1469280 600
1469290 600
1469300 600
1469310 600
1469320 600
1469330 600
1469340 600
1469350 601
1469360 601
1469370 600
1469380 600
1469390 601
1469400 601
1469410 601
1469420 601
1469430 601
1469440 601
1469450 601
1469460 601
1469470 601
1469480 601
1469490 601
1469500 601
1469510 601
1469520 601
1469530 601
1469540 601
1469550 601
1469560 601
1469570 601
1469580 602
1469590 602
1469600 602
1469610 602
1469620 602
1469630 602
1469640 603
1469650 603
1469660 603
1469670 602
1469680 603
1469690 603
1469700 603
1469710 603
1469720 603
1469730 603
1469740 602
1469750 602
1469760 602
1469770 603
1469780 603
1469790 603
1469800 603
1469810 603
1469820 604
1469830 607
1469840 607
1469850 609
1469860 610
1469870 610
1469880 611
1469890 612
1469900 612
1469910 615
1469920 617
1469930 617
1469940 617
1469950 617
1469960 617
1469970 617
1469980 617
1469990 617
1470000 617
1470010 618
1470020 618
1470030 618
1470040 618
1470050 619
1470060 619
1470070 619
1470080 619
1470090 619
1470100 620
1470110 622
1470120 622
1470130 623
1470140 625
1470150 625
1470160 628
1470170 631
1470180 631
1470190 633
1470200 636
1470210 639
1470220 639
1470230 642
1470240 645
1470250 645
1470260 648
1470270 651
1470280 651
1470290 655
1470300 657
1470310 657
1470320 660
1470330 662
1470340 662
1470350 665
1470360 669
1470370 669
1470380 671
1470390 674
1470400 674
1470410 675
1470420 677
1470430 677
1470440 678
1470450 679
1470460 679
1470470 680
1470480 681
1470490 681
1470500 681
1470510 680
1470520 680
1470530 680
1470540 680
1470550 681
1470560 681
1470570 682
1470580 683
1470590 683
1470600 685
1470610 687
1470620 687
1470630 689
1470640 692
1470650 692
1470660 695
1470670 698
1470680 698
1470690 700
1470700 702
1470710 702
1470720 705
1470730 708
1470740 708
1470750 711
1470760 715
1470770 718
1470780 718
1470790 720
1470800 721
1470810 721
1470820 720
1470830 720
1470840 720
1470850 719
1470860 718
1470870 718
1470880 717
1470890 717
1470900 717
1470910 716
1470920 712
1470930 712
1470940 709
1470950 704
1470960 704
1470970 699
1470980 697
1470990 697
1471000 698
1471010 696
1471020 696
1471030 697
1471040 703
1471050 710
1471060 710
1471070 716
1471080 723
1471090 723
1471100 727
1471110 729
1471120 729
1471130 731
1471140 733
1471150 733
1471160 734
1471170 736
1471180 736
1471190 738
1471200 740
1471210 740
1471220 741
1471230 743
1471240 743
1471250 745
1471260 747
1471270 747
1471280 750
1471290 752
1471300 752
1471310 754
1471320 756
1471330 758
1471340 758
1471350 760
1471360 762
1471370 762
1471380 764
1471390 765
1471400 765
1471410 768
1471420 771
1471430 771
1471440 774
1471450 776
1471460 776
1471470 778
1471480 780
1471490 780
1471500 784
1471510 788
1471520 788
1471530 792
1471540 797
1471550 797
1471560 801
1471570 805
1471580 805
1471590 807
1471600 810
1471610 813
1471620 813
1471630 814
1471640 815
1471650 815
1471660 819
1471670 822
1471680 822
1471690 825
1471700 828
1471710 828
1471720 831
1471730 834
1471740 834
1471750 837
1471760 840
1471770 840
1471780 842
1471790 844
1471800 844
1471810 846
1471820 848
1471830 848
1471840 850
1471850 852
1471860 852
1471870 854
1471880 857
1471890 859
1471900 859
1471910 862
1471920 864
1471930 864
1471940 867
1471950 871
1471960 871
1471970 873
1471980 876
1471990 876
1472000 880
1472010 883
1472020 883
1472030 889
1472040 895
1472050 895
1472060 899
1472070 904
1472080 904
1472090 910
1472100 915
1472110 915
1472120 920
1472130 925
1472140 925
1472150 931
1472160 936
1472170 941
1472180 941
1472190 946
1472200 951
1472210 951
1472220 958
1472230 963
1472240 963
1472250 970
1472260 976
1472270 976
1472280 983
1472290 992
1472300 992
1472310 999
1472320 1001
1472330 1001
1472340 1004
1472350 1007
1472360 1007
1472370 1009
1472380 1012
1472390 1012
1472400 1016
1472410 1019
1472420 1019
1472430 1023
1472440 1027
1472450 1031
1472460 1031
1472470 1036
1472480 1039
1472490 1039
1472500 1044
1472510 1048
1472520 1048
1472530 1053
1472540 1058
1472550 1058
1472560 1064
1472570 1071
1472580 1071
1472590 1079
1472600 1083
1472610 1083
1472620 1085
1472630 1087
1472640 1087
1472650 1089
1472660 1091
1472670 1091
1472680 1093
1472690 1094
1472700 1094
1472710 1093
1472720 1093
1472730 1093
1472740 1093
1472750 1093
1472760 1092
1472770 1092
1472780 1093
1472790 1093
1472800 1093
1472810 1093
1472820 1093
1472830 1093
1472840 1092
1472850 1091
1472860 1091
1472870 1092
1472880 1094
1472890 1094
1472900 1095
1472910 1095
1472920 1095
1472930 1096
1472940 1097
1472950 1097
1472960 1099
1472970 1101
1472980 1101
1472990 1102
1473000 1103
1473010 1106
1473020 1106
1473030 1106
1473040 1105
1473050 1105
1473060 1109
1473070 1112
1473080 1112
1473090 1113
1473100 1115
1473110 1115
1473120 1118
1473130 1120
1473140 1120
1473150 1121
1473160 1122
1473170 1122
1473180 1126
1473190 1134
1473200 1134
1473210 1141
1473220 1149
1473230 1149
1473240 1157
1473250 1165
1473260 1165
1473270 1174
1473280 1182
1473290 1187
1473300 1187
1473310 1193
1473320 1199
1473330 1199
1473340 1203
1473350 1207
1473360 1207
1473370 1209
1473380 1210
1473390 1210
1473400 1212
1473410 1212
1473420 1212
1473430 1213
1473440 1215
1473450 1215
1473460 1217
1473470 1219
1473480 1219
1473490 1222
1473500 1225
1473510 1225
1473520 1228
1473530 1229
1473540 1229
1473550 1231
1473560 1233
1473570 1235
1473580 1235
1473590 1240
1473600 1247
1473610 1247
1473620 1254
1473630 1260
1473640 1260
1473650 1265
1473660 1270
1473670 1270
1473680 1273
1473690 1276
1473700 1276
1473710 1279
1473720 1281
1473730 1281
1473740 1284
1473750 1286
1473760 1286
1473770 1287
1473780 1286
1473790 1286
1473800 1284
1473810 1286
1473820 1286
1473830 1289
1473840 1294
1473850 1298
1473860 1298
1473870 1302
1473880 1305
1473890 1305
1473900 1308
1473910 1310
1473920 1310
1473930 1315
1473940 1319
1473950 1319
1473960 1324
1473970 1329
1473980 1329
1473990 1334
1474000 1340
1474010 1340
1474020 1345
1474030 1348
1474040 1348
1474050 1351
1474060 1352
1474070 1352
1474080 1353
1474090 1353
1474100 1353
1474110 1353
1474120 1352
1474130 1352
1474140 1352
1474150 1351
1474160 1353
1474170 1353
1474180 1355
1474190 1354
1474200 1354
1474210 1353
1474220 1352
1474230 1352
1474240 1350
1474250 1348
1474260 1348
1474270 1346
1474280 1344
1474290 1344
1474300 1342
1474310 1340
1474320 1340
1474330 1339
1474340 1337
1474350 1337
1474360 1334
1474370 1332
1474380 1332
1474390 1330
1474400 1328
1474410 1325
1474420 1325
1474430 1323
1474440 1319
1474450 1319
1474460 1315
1474470 1311
1474480 1311
1474490 1308
1474500 1306
1474510 1306
1474520 1305
1474530 1303
1474540 1303
1474550 1302
1474560 1302
1474570 1302
1474580 1302
1474590 1301
1474600 1301
1474610 1300
1474620 1298
1474630 1298
1474640 1296
1474650 1293
1474660 1293
1474670 1290
1474680 1288
1474690 1287
1474700 1287
1474710 1285
1474720 1284
1474730 1284
1474740 1283
1474750 1282
1474760 1282
1474770 1281
1474780 1281
1474790 1281
1474800 1281
1474810 1280
1474820 1280
1474830 1280
1474840 1280
1474850 1280
1474860 1281
1474870 1281
1474880 1281
1474890 1281
1474900 1281
1474910 1281
1474920 1281
1474930 1281
1474940 1281
1474950 1281
1474960 1281
1474970 1282
1474980 1282
1474990 1282
1475000 1282
1475010 1282
1475020 1282
1475030 1282
1475040 1282
1475050 1282
1475060 1281
1475070 1281
1475080 1280
1475090 1276
1475100 1276
1475110 1273
1475120 1271
1475130 1271
1475140 1270
1475150 1270
1475160 1270
1475170 1270
1475180 1270
1475190 1270
1475200 1268
1475210 1273
1475220 1273
1475230 1277
1475240 1278
1475250 1277
1475260 1277
1475270 1276
1475280 1273
1475290 1273
1475300 1271
1475310 1268
1475320 1268
1475330 1265
1475340 1262
1475350 1262
1475360 1258
1475370 1255
1475380 1255
1475390 1251
1475400 1247
1475410 1247
1475420 1243
1475430 1238
1475440 1238
1475450 1233
1475460 1228
1475470 1228
1475480 1224
1475490 1219
1475500 1219
1475510 1215
1475520 1213
1475530 1209
1475540 1209
1475550 1206
1475560 1203
1475570 1203
1475580 1199
1475590 1195
1475600 1195
1475610 1193
1475620 1189
1475630 1189
1475640 1185
1475650 1183
1475660 1183
1475670 1179
1475680 1174
1475690 1174
1475700 1170
1475710 1166
1475720 1166
1475730 1160
1475740 1155
1475750 1155
1475760 1150
1475770 1145
1475780 1145
1475790 1141
1475800 1136
1475810 1131
1475820 1131
1475830 1125
1475840 1119
1475850 1119
1475860 1113
1475870 1107
1475880 1107
1475890 1100
1475900 1094
1475910 1094
1475920 1091
1475930 1087
1475940 1087
1475950 1081
1475960 1078
1475970 1078
1475980 1073
1475990 1068
1476000 1068
1476010 1062
1476020 1059
1476030 1059
1476040 1056
1476050 1053
1476060 1053
1476070 1052
1476080 1049
1476090 1046
1476100 1046
1476110 1042
1476120 1040
1476130 1040
1476140 1036
1476150 1030
1476160 1030
1476170 1025
1476180 1023
1476190 1023
1476200 1018
1476210 1013
1476220 1013
1476230 1006
1476240 999
1476250 999
1476260 992
1476270 984
1476280 984
1476290 977
1476300 969
1476310 969
1476320 964
1476330 960
1476340 960
1476350 955
1476360 950
1476370 945
1476380 945
1476390 943
1476400 938
1476410 938
1476420 932
1476430 928
1476440 928
1476450 924
1476460 915
1476470 915
1476480 912
1476490 917
1476500 917
1476510 921
1476520 925
1476530 925
1476540 928
1476550 931
1476560 931
1476570 934
1476580 935
1476590 935
1476600 935
1476610 934
1476620 934
1476630 933
1476640 933
1476650 934
1476660 934
1476670 935
1476680 937
1476690 937
1476700 940
1476710 945
1476720 945
1476730 949
1476740 953
1476750 953
1476760 957
1476770 961
1476780 961
1476790 966
1476800 971
1476810 971
1476820 977
1476830 981
1476840 981
1476850 984
1476860 989
1476870 989
1476880 993
1476890 995
1476900 995
1476910 999
1476920 1002
1476930 1005
1476940 1005
1476950 1007
1476960 1010
1476970 1010
1476980 1013
1476990 1016
1477000 1016
1477010 1019
1477020 1021
1477030 1021
1477040 1026
1477050 1031
1477060 1031
1477070 1035
1477080 1039
1477090 1039
1477100 1042
1477110 1046
1477120 1046
1477130 1051
1477140 1056
1477150 1056
1477160 1060
1477170 1063
1477180 1063
1477190 1067
1477200 1072
1477210 1077
1477220 1077
1477230 1081
1477240 1086
1477250 1086
1477260 1089
1477270 1093
1477280 1093
1477290 1099
1477300 1104
1477310 1104
1477320 1108
1477330 1111
1477340 1111
1477350 1116
1477360 1121
1477370 1121
1477380 1125
1477390 1130
1477400 1130
1477410 1135
1477420 1139
1477430 1139
1477440 1142
1477450 1145
1477460 1145
1477470 1147
1477480 1147
1477490 1154
1477500 1154
1477510 1159
1477520 1162
1477530 1162
1477540 1165
1477550 1168
1477560 1168
1477570 1173
1477580 1177
1477590 1177
1477600 1181
1477610 1185
1477620 1185
1477630 1192
1477640 1195
1477650 1195
1477660 1199
1477670 1204
1477680 1204
1477690 1208
1477700 1211
1477710 1211
1477720 1213
1477730 1215
1477740 1215
1477750 1215
1477760 1217
1477770 1219
1477780 1219
1477790 1221
1477800 1223
1477810 1223
1477820 1225
1477830 1228
1477840 1228
1477850 1230
1477860 1233
1477870 1233
1477880 1236
1477890 1239
1477900 1239
1477910 1244
1477920 1249
1477930 1249
1477940 1253
1477950 1257
1477960 1257
1477970 1260
1477980 1262
1477990 1262
1478000 1264
1478010 1266
1478020 1266
1478030 1269
1478040 1273
1478050 1278
1478060 1278
1478070 1284
1478080 1288
1478090 1288
1478100 1291
1478110 1297
1478120 1297
1478130 1302
1478140 1307
1478150 1307
1478160 1311
1478170 1316
1478180 1316
1478190 1321
1478200 1325
1478210 1325
1478220 1329
1478230 1332
1478240 1332
1478250 1334
1478260 1337
1478270 1337
1478280 1339
1478290 1340
1478300 1340
1478310 1342
1478320 1343
1478330 1345
1478340 1345
1478350 1347
1478360 1349
1478370 1349
1478380 1350
1478390 1350
1478400 1350
1478410 1351
1478420 1350
1478430 1350
1478440 1349
1478450 1347
1478460 1347
1478470 1347
1478480 1347
1478490 1347
1478500 1346
1478510 1346
1478520 1346
1478530 1346
1478540 1346
1478550 1346
1478560 1346
1478570 1346
1478580 1346
1478590 1345
1478600 1344
1478610 1343
1478620 1343
1478630 1343
1478640 1342
1478650 1342
1478660 1341
1478670 1340
1478680 1340
1478690 1338
1478700 1337
1478710 1337
1478720 1335
1478730 1334
1478740 1334
1478750 1333
1478760 1333
1478770 1333
1478780 1333
1478790 1332
1478800 1332
1478810 1331
1478820 1330
1478830 1330
1478840 1329
1478850 1330
1478860 1330
1478870 1331
1478880 1330
1478890 1329
1478900 1329
1478910 1328
1478920 1328
1478930 1328
1478940 1326
1478950 1326
1478960 1326
1478970 1325
1478980 1325
1478990 1325
1479000 1325
1479010 1325
1479020 1325
1479030 1324
1479040 1322
1479050 1322
1479060 1321
1479070 1320
1479080 1320
1479090 1320
1479100 1320
1479110 1320
1479120 1320
1479130 1321
1479140 1321
1479150 1322
1479160 1323
1479170 1323
1479180 1323
1479190 1325
1479200 1326
1479210 1326
1479220 1327
1479230 1328
1479240 1328
1479250 1328
1479260 1328
1479270 1328
1479280 1330
1479290 1334
1479300 1334
1479310 1338
1479320 1339
1479330 1339
1479340 1339
1479350 1339
1479360 1339
1479370 1338
1479380 1337
1479390 1337
1479400 1336
1479410 1335
1479420 1335
1479430 1335
1479440 1334
1479450 1334
1479460 1334
1479470 1333
1479480 1331
1479490 1331
1479500 1330
1479510 1328
1479520 1328
1479530 1326
1479540 1324
1479550 1324
1479560 1323
1479570 1320
1479580 1320
1479590 1318
1479600 1316
1479610 1316
1479620 1313
1479630 1311
1479640 1311
1479650 1308
1479660 1305
1479670 1305
1479680 1303
1479690 1301
1479700 1301
1479710 1299
1479720 1297
1479730 1295
1479740 1295
1479750 1293
1479760 1291
1479770 1291
1479780 1288
1479790 1286
1479800 1286
1479810 1283
1479820 1280
1479830 1280
1479840 1276
1479850 1273
1479860 1273
1479870 1269
1479880 1264
1479890 1264
1479900 1260
1479910 1255
1479920 1255
1479930 1251
1479940 1247
1479950 1247
1479960 1243
1479970 1240
1479980 1240
1479990 1236
