1460000 1391
1460010 1391
1460020 1392
1460030 1392
1460040 1393
1460050 1394
1460060 1394
1460070 1396
1460080 1396
1460090 1396
1460100 1397
1460110 1397
1460120 1397
1460130 1398
1460140 1397
1460150 1397
1460160 1397
1460170 1396
1460180 1396
1460190 1394
1460200 1390
1460210 1390
1460220 1385
1460230 1382
1460240 1382
1460250 1377
1460260 1373
1460270 1373
1460280 1369
1460290 1364
1460300 1358
1460310 1358
1460320 1352
1460330 1347
1460340 1347
1460350 1342
1460360 1337
1460370 1337
1460380 1333
1460390 1328
1460400 1328
1460410 1324
1460420 1321
1460430 1321
1460440 1317
1460450 1312
1460460 1312
1460470 1305
1460480 1298
1460490 1298
1460500 1292
1460510 1288
1460520 1288
1460530 1282
1460540 1277
1460550 1277
1460560 1272
1460570 1266
1460580 1260
1460590 1260
1460600 1254
1460610 1250
1460620 1250
1460630 1245
1460640 1239
1460650 1239
1460660 1234
1460670 1229
1460680 1229
1460690 1224
1460700 1220
1460710 1220
1460720 1216
1460730 1212
1460740 1212
1460750 1207
1460760 1203
1460770 1203
1460780 1199
1460790 1194
1460800 1194
1460810 1189
1460820 1184
1460830 1184
1460840 1179
1460850 1174
1460860 1169
1460870 1169
1460880 1164
1460890 1159
1460900 1159
1460910 1154
1460920 1150
1460930 1150
1460940 1147
1460950 1142
1460960 1142
1460970 1137
1460980 1132
1460990 1132
1461000 1126
1461010 1120
1461020 1120
1461030 1113
1461040 1106
1461050 1106
1461060 1101
1461070 1097
1461080 1097
1461090 1093
1461100 1089
1461110 1089
1461120 1085
1461130 1083
1461140 1084
1461150 1084
1461160 1088
1461170 1092
1461180 1092
1461190 1095
1461200 1094
1461210 1094
1461220 1093
1461230 1098
1461240 1098
1461250 1103
1461260 1106
1461270 1106
1461280 1108
1461290 1110
1461300 1110
1461310 1112
1461320 1115
1461330 1115
1461340 1116
1461350 1116
1461360 1116
1461370 1117
1461380 1121
1461390 1121
1461400 1123
1461410 1124
1461420 1124
1461430 1122
1461440 1127
1461450 1132
1461460 1132
1461470 1135
1461480 1138
1461490 1138
1461500 1140
1461510 1141
1461520 1141
1461530 1144
1461540 1145
1461550 1145
1461560 1147
1461570 1151
1461580 1151
1461590 1155
1461600 1158
1461610 1158
1461620 1162
1461630 1165
1461640 1165
1461650 1167
1461660 1167
1461670 1167
1461680 1169
1461690 1171
1461700 1171
1461710 1173
1461720 1175
1461730 1178
1461740 1178
1461750 1180
1461760 1182
1461770 1182
1461780 1183
1461790 1184
1461800 1184
1461810 1185
1461820 1187
1461830 1187
1461840 1190
1461850 1194
1461860 1194
1461870 1197
1461880 1198
1461890 1198
1461900 1198
1461910 1200
1461920 1200
1461930 1204
1461940 1207
1461950 1207
1461960 1212
1461970 1214
1461980 1214
1461990 1216
1462000 1221
1462010 1224
1462020 1224
1462030 1230
1462040 1234
1462050 1234
1462060 1237
1462070 1240
1462080 1240
1462090 1243
1462100 1242
1462110 1242
1462120 1240
1462130 1240
1462140 1240
1462150 1241
1462160 1241
1462170 1241
1462180 1240
1462190 1241
1462200 1241
1462210 1241
1462220 1241
1462230 1241
1462240 1242
1462250 1241
1462260 1241
1462270 1239
1462280 1235
1462290 1230
1462300 1230
1462310 1226
1462320 1221
1462330 1221
1462340 1217
1462350 1212
1462360 1212
1462370 1208
1462380 1205
1462390 1205
1462400 1203
1462410 1201
1462420 1201
1462430 1199
1462440 1198
1462450 1198
1462460 1195
1462470 1190
1462480 1190
1462490 1185
1462500 1180
1462510 1180
1462520 1175
1462530 1170
1462540 1170
1462550 1165
1462560 1159
1462570 1153
1462580 1153
1462590 1147
1462600 1142
1462610 1142
1462620 1138
1462630 1133
1462640 1133
1462650 1131
1462660 1134
1462670 1134
1462680 1140
1462690 1146
1462700 1146
1462710 1151
1462720 1157
1462730 1157
1462740 1164
1462750 1169
1462760 1169
1462770 1174
1462780 1181
1462790 1181
1462800 1185
1462810 1187
1462820 1187
1462830 1189
1462840 1190
1462850 1192
1462860 1192
1462870 1194
1462880 1194
1462890 1194
1462900 1196
1462910 1197
1462920 1197
1462930 1199
1462940 1203
1462950 1203
1462960 1207
1462970 1210
1462980 1210
1462990 1215
1463000 1220
1463010 1220
1463020 1226
1463030 1231
1463040 1231
1463050 1237
1463060 1241
1463070 1241
1463080 1246
1463090 1252
1463100 1252
1463110 1257
1463120 1261
1463130 1261
1463140 1264
1463150 1268
1463160 1271
1463170 1271
1463180 1274
1463190 1275
1463200 1275
1463210 1279
1463220 1282
1463230 1282
1463240 1284
1463250 1287
1463260 1287
1463270 1290
1463280 1293
1463290 1293
1463300 1297
1463310 1301
1463320 1301
1463330 1304
1463340 1308
1463350 1308
1463360 1311
1463370 1314
1463380 1314
1463390 1316
1463400 1319
1463410 1319
1463420 1322
1463430 1325
1463440 1328
1463450 1328
1463460 1331
1463470 1333
1463480 1333
1463490 1335
1463500 1336
1463510 1336
1463520 1337
1463530 1337
1463540 1337
1463550 1339
1463560 1341
1463570 1341
1463580 1343
1463590 1347
1463600 1347
1463610 1350
1463620 1352
1463630 1352
1463640 1354
1463650 1357
1463660 1357
1463670 1359
1463680 1361
1463690 1361
1463700 1364
1463710 1366
1463720 1368
1463730 1368
1463740 1370
1463750 1372
1463760 1372
1463770 1374
1463780 1376
1463790 1376
1463800 1377
1463810 1378
1463820 1378
1463830 1380
1463840 1381
1463850 1381
1463860 1382
1463870 1383
1463880 1383
1463890 1381
1463900 1375
1463910 1375
1463920 1368
1463930 1362
1463940 1362
1463950 1356
1463960 1351
1463970 1351
1463980 1346
1463990 1338
1464000 1332
1464010 1332
1464020 1327
1464030 1324
1464040 1324
1464050 1320
1464060 1316
1464070 1316
1464080 1310
1464090 1305
1464100 1305
1464110 1301
1464120 1296
1464130 1296
1464140 1289
1464150 1282
1464160 1282
1464170 1278
1464180 1273
1464190 1273
1464200 1266
1464210 1261
1464220 1261
1464230 1256
1464240 1252
1464250 1252
1464260 1248
1464270 1244
1464280 1240
1464290 1240
1464300 1236
1464310 1232
1464320 1232
1464330 1228
1464340 1224
1464350 1224
1464360 1221
1464370 1217
1464380 1217
1464390 1213
1464400 1209
1464410 1209
1464420 1205
1464430 1201
1464440 1201
1464450 1196
1464460 1193
1464470 1193
1464480 1189
1464490 1184
1464500 1184
1464510 1181
1464520 1180
1464530 1180
1464540 1179
1464550 1175
1464560 1168
1464570 1168
1464580 1163
1464590 1157
1464600 1157
1464610 1152
1464620 1148
1464630 1148
1464640 1144
1464650 1141
1464660 1141
1464670 1136
1464680 1132
1464690 1132
1464700 1129
1464710 1125
1464720 1125
1464730 1119
1464740 1114
1464750 1114
1464760 1108
1464770 1103
1464780 1103
1464790 1098
1464800 1095
1464810 1095
1464820 1090
1464830 1084
1464840 1084
1464850 1081
1464860 1085
1464870 1088
1464880 1088
1464890 1087
1464900 1089
1464910 1089
1464920 1094
1464930 1096
1464940 1096
1464950 1099
1464960 1101
1464970 1101
1464980 1102
1464990 1104
1465000 1104
1465010 1105
1465020 1105
1465030 1105
1465040 1105
1465050 1105
1465060 1105
1465070 1106
1465080 1106
1465090 1106
1465100 1108
1465110 1109
1465120 1109
1465130 1109
1465140 1108
1465150 1106
1465160 1106
1465170 1101
1465180 1104
1465190 1104
1465200 1113
1465210 1115
1465220 1115
1465230 1116
1465240 1115
1465250 1115
1465260 1114
1465270 1117
1465280 1117
1465290 1121
1465300 1124
1465310 1124
1465320 1128
1465330 1131
1465340 1131
1465350 1134
1465360 1136
1465370 1136
1465380 1137
1465390 1137
1465400 1137
1465410 1137
1465420 1137
1465430 1137
1465440 1137
1465450 1138
1465460 1138
1465470 1138
1465480 1138
1465490 1138
1465500 1138
1465510 1138
1465520 1138
1465530 1138
1465540 1139
1465550 1140
1465560 1140
1465570 1142
1465580 1145
1465590 1145
1465600 1147
1465610 1149
1465620 1149
1465630 1150
1465640 1151
1465650 1151
1465660 1151
1465670 1150
1465680 1150
1465690 1148
1465700 1145
1465710 1142
1465720 1142
1465730 1139
1465740 1136
1465750 1136
1465760 1134
1465770 1131
1465780 1131
1465790 1129
1465800 1126
1465810 1126
1465820 1122
1465830 1118
1465840 1118
1465850 1115
1465860 1111
1465870 1111
1465880 1107
1465890 1103
1465900 1103
1465910 1100
1465920 1097
1465930 1097
1465940 1094
1465950 1092
1465960 1092
1465970 1089
1465980 1085
1465990 1081
1466000 1081
1466010 1076
1466020 1072
1466030 1072
1466040 1069
1466050 1066
1466060 1066
1466070 1063
1466080 1059
1466090 1059
1466100 1055
1466110 1052
1466120 1052
1466130 1048
1466140 1045
1466150 1045
1466160 1042
1466170 1039
1466180 1039
1466190 1036
1466200 1034
1466210 1034
1466220 1032
1466230 1030
1466240 1030
1466250 1028
1466260 1026
1466270 1024
1466280 1024
1466290 1023
1466300 1021
1466310 1021
1466320 1019
1466330 1017
1466340 1017
1466350 1015
1466360 1013
1466370 1013
1466380 1011
1466390 1008
1466400 1008
1466410 1004
1466420 1003
1466430 1003
1466440 1002
1466450 1000
1466460 1000
1466470 1001
1466480 998
1466490 998
1466500 999
1466510 1004
1466520 1004
1466530 1004
1466540 1002
1466550 1001
1466560 1001
1466570 997
1466580 993
1466590 993
1466600 989
1466610 984
1466620 984
1466630 981
1466640 980
1466650 980
1466660 978
1466670 974
1466680 974
1466690 966
1466700 962
1466710 962
1466720 964
1466730 962
1466740 962
1466750 955
1466760 953
1466770 953
1466780 955
1466790 956
1466800 956
1466810 954
1466820 952
1466830 952
1466840 953
1466850 953
1466860 952
1466870 952
1466880 951
1466890 949
1466900 949
1466910 945
1466920 939
1466930 939
1466940 934
1466950 929
1466960 929
1466970 922
1466980 916
1466990 916
1467000 913
1467010 915
1467020 915
1467030 917
1467040 917
1467050 917
1467060 917
1467070 912
1467080 912
1467090 907
1467100 903
1467110 903
1467120 904
1467130 899
1467140 898
1467150 898
1467160 903
1467170 903
1467180 903
1467190 899
1467200 899
1467210 899
1467220 899
1467230 895
1467240 895
1467250 887
1467260 883
1467270 883
1467280 880
1467290 878
1467300 878
1467310 876
1467320 875
1467330 875
1467340 876
1467350 876
1467360 876
1467370 874
1467380 872
1467390 872
1467400 869
1467410 866
1467420 860
1467430 860
1467440 852
1467450 844
1467460 844
1467470 841
1467480 845
1467490 845
1467500 845
1467510 844
1467520 844
1467530 842
1467540 841
1467550 841
1467560 835
1467570 827
1467580 827
1467590 824
1467600 823
1467610 823
1467620 822
1467630 817
1467640 817
1467650 814
1467660 814
1467670 814
1467680 819
1467690 823
1467700 824
1467710 824
1467720 821
1467730 819
1467740 819
1467750 815
1467760 809
1467770 809
1467780 803
1467790 797
1467800 797
1467810 793
1467820 790
1467830 790
1467840 786
1467850 779
1467860 779
1467870 771
1467880 765
1467890 765
1467900 768
1467910 766
1467920 766
1467930 761
1467940 754
1467950 754
1467960 748
1467970 747
1467980 744
1467990 744
1468000 737
1468010 732
1468020 732
1468030 728
1468040 726
1468050 726
1468060 723
1468070 720
1468080 720
1468090 718
1468100 717
1468110 717
1468120 715
1468130 711
1468140 711
1468150 704
1468160 697
1468170 697
1468180 689
1468190 681
1468200 681
1468210 679
1468220 676
1468230 676
1468240 675
1468250 674
1468260 674
1468270 674
1468280 674
1468290 665
1468300 665
1468310 663
1468320 661
1468330 661
1468340 660
1468350 661
1468360 661
1468370 663
1468380 663
1468390 663
1468400 664
1468410 664
1468420 664
1468430 662
1468440 662
1468450 662
1468460 662
1468470 663
1468480 663
1468490 663
1468500 662
1468510 662
1468520 660
1468530 662
1468540 662
1468550 664
1468560 666
1468570 667
1468580 667
1468590 666
1468600 666
1468610 666
1468620 667
1468630 671
1468640 671
1468650 672
1468660 671
1468670 671
1468680 670
1468690 669
1468700 669
1468710 668
1468720 668
1468730 668
1468740 666
1468750 664
1468760 664
1468770 667
1468780 669
1468790 669
1468800 671
1468810 671
1468820 671
1468830 671
1468840 671
1468850 669
1468860 669
1468870 665
1468880 661
1468890 661
1468900 657
1468910 653
1468920 653
1468930 646
1468940 637
1468950 637
1468960 634
1468970 632
1468980 632
1468990 627
1469000 621
1469010 621
1469020 618
1469030 615
1469040 615
1469050 613
1469060 612
1469070 612
1469080 609
1469090 607
1469100 607
1469110 606
1469120 605
1469130 603
1469140 603
1469150 602
1469160 601
1469170 601
1469180 600
1469190 598
1469200 598
1469210 596
1469220 594
1469230 594
1469240 593
1469250 592
1469260 592
1469270 592
1469280 591
1469290 591
1469300 590
1469310 590
1469320 590
1469330 589
1469340 589
1469350 589
1469360 588
1469370 588
1469380 588
1469390 587
1469400 586
1469410 586
1469420 586
1469430 585
1469440 584
1469450 584
1469460 583
1469470 582
1469480 582
1469490 582
1469500 577
1469510 577
1469520 569
1469530 563
1469540 563
1469550 559
1469560 559
1469570 559
1469580 559
1469590 559
1469600 559
1469610 559
1469620 559
1469630 559
1469640 559
1469650 559
1469660 559
1469670 559
1469680 559
1469690 559
1469700 559
1469710 559
1469720 559
1469730 559
1469740 559
1469750 559
1469760 559
1469770 559
1469780 559
1469790 559
1469800 559
1469810 559
1469820 559
1469830 559
1469840 558
1469850 558
1469860 560
1469870 559
1469880 559
1469890 559
1469900 559
1469910 559
1469920 559
1469930 559
1469940 559
1469950 559
1469960 559
1469970 559
1469980 559
1469990 559
1470000 559
1470010 559
1470020 559
1470030 559
1470040 559
1470050 558
1470060 559
1470070 559
1470080 558
1470090 558
1470100 558
1470110 558
1470120 558
1470130 558
1470140 558
1470150 558
1470160 558
1470170 558
1470180 558
1470190 558
1470200 558
1470210 557
1470220 557
1470230 558
1470240 559
1470250 559
1470260 559
1470270 559
1470280 559
1470290 559
1470300 559
1470310 559
1470320 559
1470330 559
1470340 560
1470350 560
1470360 560
1470370 560
1470380 560
1470390 560
1470400 560
1470410 560
1470420 560
1470430 560
1470440 560
1470450 560
1470460 560
1470470 560
1470480 560
1470490 560
1470500 560
1470510 560
1470520 560
1470530 560
1470540 560
1470550 560
1470560 560
1470570 560
1470580 560
1470590 560
1470600 560
1470610 560
1470620 560
1470630 560
1470640 560
1470650 560
1470660 560
1470670 560
1470680 560
1470690 560
1470700 560
1470710 560
1470720 560
1470730 560
1470740 560
1470750 560
1470760 561
1470770 561
1470780 561
1470790 561
1470800 562
1470810 562
1470820 562
1470830 563
1470840 565
1470850 565
1470860 567
1470870 569
1470880 569
1470890 573
1470900 576
1470910 576
1470920 579
1470930 584
1470940 584
1470950 588
1470960 593
1470970 593
1470980 597
1470990 598
1471000 598
1471010 595
1471020 595
1471030 595
1471040 599
1471050 606
1471060 606
1471070 613
1471080 618
1471090 618
1471100 618
1471110 620
1471120 627
1471130 627
1471140 627
1471150 623
1471160 623
1471170 631
1471180 637
1471190 637
1471200 640
1471210 644
1471220 644
1471230 649
1471240 654
1471250 654
1471260 659
1471270 663
1471280 663
1471290 664
1471300 667
1471310 667
1471320 673
1471330 677
1471340 677
1471350 678
1471360 678
1471370 678
1471380 673
1471390 668
1471400 668
1471410 668
1471420 669
1471430 673
1471440 673
1471450 680
1471460 687
1471470 687
1471480 692
1471490 698
1471500 698
1471510 702
1471520 707
1471530 707
1471540 714
1471550 723
1471560 723
1471570 730
1471580 737
1471590 737
1471600 742
1471610 749
1471620 749
1471630 756
1471640 764
1471650 764
1471660 768
1471670 772
1471680 775
1471690 775
1471700 777
1471710 781
1471720 781
1471730 786
1471740 791
1471750 791
1471760 796
1471770 802
1471780 802
1471790 807
1471800 813
1471810 813
1471820 818
1471830 822
1471840 822
1471850 827
1471860 833
1471870 833
1471880 838
1471890 843
1471900 843
1471910 848
1471920 854
1471930 854
1471940 860
1471950 865
1471960 865
1471970 869
1471980 875
1471990 882
1472000 882
1472010 887
1472020 892
1472030 892
1472040 897
1472050 903
1472060 903
1472070 910
1472080 917
1472090 917
1472100 924
1472110 927
1472120 927
1472130 930
1472140 936
1472150 936
1472160 941
1472170 952
1472180 952
1472190 960
1472200 966
1472210 966
1472220 975
1472230 980
1472240 980
1472250 981
1472260 984
1472270 991
1472280 991
1472290 996
1472300 998
1472310 998
1472320 1001
1472330 1004
1472340 1004
1472350 1007
1472360 1011
1472370 1011
1472380 1012
1472390 1013
1472400 1013
1472410 1017
1472420 1021
1472430 1021
1472440 1026
1472450 1031
1472460 1031
1472470 1035
1472480 1039
1472490 1039
1472500 1043
1472510 1046
1472520 1046
1472530 1048
1472540 1050
1472550 1053
1472560 1053
1472570 1055
1472580 1059
1472590 1059
1472600 1062
1472610 1062
1472620 1062
1472630 1061
1472640 1062
1472650 1062
1472660 1064
1472670 1066
1472680 1066
1472690 1068
1472700 1069
1472710 1069
1472720 1071
1472730 1074
1472740 1074
1472750 1075
1472760 1075
1472770 1075
1472780 1075
1472790 1076
1472800 1076
1472810 1077
1472820 1075
1472830 1073
1472840 1073
1472850 1071
1472860 1070
1472870 1070
1472880 1070
1472890 1069
1472900 1069
1472910 1070
1472920 1071
1472930 1071
1472940 1074
1472950 1076
1472960 1076
1472970 1077
1472980 1077
1472990 1077
1473000 1076
1473010 1075
1473020 1075
1473030 1074
1473040 1074
1473050 1074
1473060 1074
1473070 1075
1473080 1075
1473090 1075
1473100 1076
1473110 1077
1473120 1077
1473130 1077
1473140 1077
1473150 1077
1473160 1075
1473170 1074
1473180 1074
1473190 1075
1473200 1077
1473210 1077
1473220 1080
1473230 1081
1473240 1081
1473250 1082
1473260 1083
1473270 1083
1473280 1085
1473290 1087
1473300 1087
1473310 1090
1473320 1092
1473330 1092
1473340 1093
1473350 1097
1473360 1097
1473370 1100
1473380 1101
1473390 1102
1473400 1102
1473410 1104
1473420 1107
1473430 1107
1473440 1111
1473450 1113
1473460 1113
1473470 1118
1473480 1125
1473490 1125
1473500 1133
1473510 1136
1473520 1136
1473530 1140
1473540 1143
1473550 1143
1473560 1145
1473570 1147
1473580 1147
1473590 1148
1473600 1151
1473610 1151
1473620 1154
1473630 1157
1473640 1157
1473650 1160
1473660 1161
1473670 1161
1473680 1163
1473690 1167
1473700 1169
1473710 1169
1473720 1172
1473730 1174
1473740 1174
1473750 1176
1473760 1179
1473770 1179
1473780 1181
1473790 1186
1473800 1186
1473810 1190
1473820 1194
1473830 1194
1473840 1198
1473850 1201
1473860 1201
1473870 1207
1473880 1210
1473890 1210
1473900 1212
1473910 1216
1473920 1216
1473930 1219
1473940 1223
1473950 1223
1473960 1224
1473970 1226
1473980 1229
1473990 1229
1474000 1232
1474010 1236
1474020 1236
1474030 1240
1474040 1244
1474050 1244
1474060 1248
1474070 1251
1474080 1251
1474090 1253
1474100 1257
1474110 1257
1474120 1260
1474130 1264
1474140 1264
1474150 1270
1474160 1275
1474170 1275
1474180 1279
1474190 1283
1474200 1283
1474210 1288
1474220 1292
1474230 1292
1474240 1296
1474250 1302
1474260 1309
1474270 1309
1474280 1315
1474290 1320
1474300 1320
1474310 1326
1474320 1332
1474330 1332
1474340 1339
1474350 1343
1474360 1343
1474370 1348
1474380 1353
1474390 1353
1474400 1354
1474410 1358
1474420 1358
1474430 1362
1474440 1367
1474450 1367
1474460 1369
1474470 1375
1474480 1375
1474490 1387
1474500 1394
1474510 1394
1474520 1395
1474530 1395
1474540 1393
1474550 1393
1474560 1392
1474570 1392
1474580 1392
1474590 1392
1474600 1392
1474610 1392
1474620 1391
1474630 1390
1474640 1390
1474650 1389
1474660 1387
1474670 1387
1474680 1384
1474690 1381
1474700 1381
1474710 1377
1474720 1373
1474730 1373
1474740 1370
1474750 1367
1474760 1367
1474770 1364
1474780 1362
1474790 1362
1474800 1359
1474810 1357
1474820 1354
1474830 1354
1474840 1348
1474850 1345
1474860 1345
1474870 1339
1474880 1336
1474890 1336
1474900 1334
1474910 1331
1474920 1331
1474930 1328
1474940 1323
1474950 1323
1474960 1319
1474970 1317
1474980 1317
1474990 1316
1475000 1313
1475010 1313
1475020 1310
1475030 1307
1475040 1307
1475050 1302
1475060 1296
1475070 1296
1475080 1286
1475090 1280
1475100 1277
1475110 1277
1475120 1275
1475130 1272
1475140 1272
1475150 1267
1475160 1263
1475170 1263
1475180 1259
1475190 1256
1475200 1256
1475210 1252
1475220 1248
1475230 1248
1475240 1243
1475250 1238
1475260 1238
1475270 1232
1475280 1226
1475290 1226
1475300 1225
1475310 1222
1475320 1222
1475330 1218
1475340 1213
1475350 1213
1475360 1207
1475370 1202
1475380 1199
1475390 1199
1475400 1195
1475410 1191
1475420 1191
1475430 1188
1475440 1185
1475450 1185
1475460 1182
1475470 1178
1475480 1178
1475490 1174
1475500 1171
1475510 1171
1475520 1167
1475530 1162
1475540 1162
1475550 1158
1475560 1154
1475570 1154
1475580 1149
1475590 1145
1475600 1145
1475610 1142
1475620 1138
1475630 1138
1475640 1134
1475650 1131
1475660 1131
1475670 1127
1475680 1125
1475690 1121
1475700 1121
1475710 1117
1475720 1114
1475730 1114
1475740 1112
1475750 1110
1475760 1110
1475770 1109
1475780 1108
1475790 1108
1475800 1106
1475810 1104
1475820 1104
1475830 1102
1475840 1100
1475850 1100
1475860 1098
1475870 1095
1475880 1095
1475890 1093
1475900 1090
1475910 1090
1475920 1089
1475930 1089
1475940 1089
1475950 1087
1475960 1086
1475970 1085
1475980 1085
1475990 1084
1476000 1084
1476010 1084
1476020 1083
1476030 1082
1476040 1082
1476050 1081
1476060 1080
1476070 1080
1476080 1079
1476090 1078
1476100 1078
1476110 1077
1476120 1076
1476130 1076
1476140 1075
1476150 1074
1476160 1074
1476170 1073
1476180 1073
1476190 1073
1476200 1072
1476210 1073
1476220 1073
1476230 1073
1476240 1073
1476250 1073
1476260 1073
1476270 1072
1476280 1072
1476290 1072
1476300 1072
1476310 1071
1476320 1071
1476330 1071
1476340 1071
1476350 1071
1476360 1070
1476370 1070
1476380 1070
1476390 1069
1476400 1069
1476410 1069
1476420 1068
1476430 1067
1476440 1067
1476450 1067
1476460 1065
1476470 1065
1476480 1063
1476490 1062
1476500 1062
1476510 1061
1476520 1060
1476530 1060
1476540 1060
1476550 1059
1476560 1058
1476570 1058
1476580 1058
1476590 1058
1476600 1058
1476610 1058
1476620 1059
1476630 1059
1476640 1059
1476650 1058
1476660 1058
1476670 1058
1476680 1057
1476690 1057
1476700 1057
1476710 1058
1476720 1058
1476730 1060
1476740 1061
1476750 1061
1476760 1063
1476770 1065
1476780 1065
1476790 1067
1476800 1069
1476810 1071
1476820 1071
1476830 1072
1476840 1074
1476850 1074
1476860 1076
1476870 1077
1476880 1077
1476890 1079
1476900 1080
1476910 1080
1476920 1081
1476930 1082
1476940 1082
1476950 1084
1476960 1086
1476970 1086
1476980 1087
1476990 1088
1477000 1088
1477010 1090
1477020 1093
1477030 1093
1477040 1094
1477050 1096
1477060 1096
1477070 1098
1477080 1101
1477090 1103
1477100 1103
1477110 1105
1477120 1108
1477130 1108
1477140 1111
1477150 1113
1477160 1113
1477170 1115
1477180 1116
1477190 1116
1477200 1118
1477210 1119
1477220 1119
1477230 1120
1477240 1121
1477250 1121
1477260 1122
1477270 1121
1477280 1121
1477290 1122
1477300 1124
1477310 1124
1477320 1124
1477330 1124
1477340 1124
1477350 1125
1477360 1126
1477370 1126
1477380 1127
1477390 1127
1477400 1128
1477410 1128
1477420 1128
1477430 1129
1477440 1129
1477450 1130
1477460 1131
1477470 1131
1477480 1132
1477490 1132
1477500 1132
1477510 1133
1477520 1133
1477530 1133
1477540 1133
1477550 1133
1477560 1133
1477570 1133
1477580 1134
1477590 1134
1477600 1135
1477610 1136
1477620 1136
1477630 1140
1477640 1141
1477650 1141
1477660 1137
1477670 1135
1477680 1135
1477690 1135
1477700 1135
1477710 1136
1477720 1136
1477730 1138
1477740 1139
1477750 1139
1477760 1141
1477770 1144
1477780 1144
1477790 1146
1477800 1148
1477810 1148
1477820 1152
1477830 1156
1477840 1156
1477850 1162
1477860 1167
1477870 1167
1477880 1172
1477890 1178
1477900 1178
1477910 1184
1477920 1188
1477930 1188
1477940 1192
1477950 1196
1477960 1200
1477970 1200
1477980 1201
1477990 1203
1478000 1203
1478010 1206
1478020 1209
1478030 1209
1478040 1210
1478050 1214
1478060 1214
1478070 1218
1478080 1223
1478090 1223
1478100 1225
1478110 1228
1478120 1228
1478130 1231
1478140 1233
1478150 1233
1478160 1236
1478170 1238
1478180 1238
1478190 1240
1478200 1244
1478210 1244
1478220 1247
1478230 1250
1478240 1254
1478250 1254
1478260 1258
1478270 1262
1478280 1262
1478290 1265
1478300 1268
1478310 1268
1478320 1270
1478330 1274
1478340 1274
1478350 1277
1478360 1280
1478370 1280
1478380 1285
1478390 1288
1478400 1288
1478410 1291
1478420 1294
1478430 1294
1478440 1297
1478450 1301
1478460 1301
1478470 1304
1478480 1308
1478490 1308
1478500 1312
1478510 1316
1478520 1320
1478530 1320
1478540 1325
1478550 1328
1478560 1328
1478570 1332
1478580 1337
1478590 1337
1478600 1341
1478610 1345
1478620 1345
1478630 1347
1478640 1350
1478650 1350
1478660 1352
1478670 1353
1478680 1353
1478690 1354
1478700 1355
1478710 1355
1478720 1356
1478730 1356
1478740 1356
1478750 1357
1478760 1357
1478770 1357
1478780 1357
1478790 1355
1478800 1350
1478810 1350
1478820 1345
1478830 1341
1478840 1341
1478850 1338
1478860 1335
1478870 1335
1478880 1330
1478890 1325
1478900 1325
1478910 1320
1478920 1316
1478930 1316
1478940 1313
1478950 1310
1478960 1310
1478970 1306
1478980 1302
1478990 1302
1479000 1298
1479010 1296
1479020 1296
1479030 1295
1479040 1293
1479050 1293
1479060 1291
1479070 1290
1479080 1290
1479090 1287
1479100 1283
1479110 1278
1479120 1278
1479130 1273
1479140 1270
1479150 1270
1479160 1267
1479170 1263
1479180 1263
1479190 1261
1479200 1259
1479210 1259
1479220 1258
1479230 1255
1479240 1255
1479250 1250
1479260 1246
1479270 1246
1479280 1242
1479290 1237
1479300 1237
1479310 1233
1479320 1233
1479330 1233
1479340 1240
1479350 1245
1479360 1245
1479370 1248
1479380 1251
1479390 1253
1479400 1253
1479410 1256
1479420 1263
1479430 1263
1479440 1267
1479450 1271
1479460 1271
1479470 1274
1479480 1277
1479490 1277
1479500 1281
1479510 1286
1479520 1286
1479530 1290
1479540 1293
1479550 1293
1479560 1297
1479570 1300
1479580 1300
1479590 1302
1479600 1304
1479610 1304
1479620 1307
1479630 1310
1479640 1310
1479650 1312
1479660 1313
1479670 1315
1479680 1315
1479690 1318
1479700 1320
1479710 1320
1479720 1321
1479730 1322
1479740 1322
1479750 1323
1479760 1323
1479770 1323
1479780 1322
1479790 1323
1479800 1323
1479810 1322
1479820 1320
1479830 1320
1479840 1321
1479850 1322
1479860 1322
1479870 1324
1479880 1326
1479890 1326
1479900 1326
1479910 1326
1479920 1326
1479930 1326
1479940 1327
1479950 1329
1479960 1329
1479970 1330
1479980 1333
1479990 1333
