1460000 913
1460010 913
1460020 913
1460030 913
1460040 913
1460050 912
1460060 912
1460070 912
1460080 911
1460090 910
1460100 910
1460110 909
1460120 908
1460130 908
1460140 908
1460150 906
1460160 905
1460170 905
1460180 904
1460190 902
1460200 902
1460210 900
1460220 896
1460230 896
1460240 893
1460250 890
1460260 890
1460270 887
1460280 888
1460290 888
1460300 888
1460310 888
1460320 888
1460330 888
1460340 888
1460350 888
1460360 888
1460370 887
1460380 887
1460390 885
1460400 885
1460410 887
1460420 887
1460430 889
1460440 890
1460450 890
1460460 891
1460470 890
1460480 890
1460490 890
1460500 890
1460510 890
1460520 890
1460530 890
1460540 890
1460550 890
1460560 889
1460570 889
1460580 890
1460590 891
1460600 891
1460610 891
1460620 892
1460630 892
1460640 892
1460650 892
1460660 892
1460670 892
1460680 892
1460690 893
1460700 893
1460710 895
1460720 896
1460730 896
1460740 897
1460750 898
1460760 898
1460770 899
1460780 900
1460790 900
1460800 903
1460810 907
1460820 907
1460830 910
1460840 913
1460850 913
1460860 914
1460870 911
1460880 911
1460890 903
1460900 894
1460910 894
1460920 885
1460930 876
1460940 876
1460950 869
1460960 870
1460970 870
1460980 870
1460990 870
1461000 870
1461010 870
1461020 871
1461030 871
1461040 871
1461050 870
1461060 870
1461070 870
1461080 870
1461090 871
1461100 871
1461110 873
1461120 877
1461130 877
1461140 881
1461150 887
1461160 887
1461170 894
1461180 899
1461190 899
1461200 905
1461210 911
1461220 911
1461230 913
1461240 914
1461250 914
1461260 917
1461270 921
1461280 922
1461290 922
1461300 923
1461310 924
1461320 924
1461330 924
1461340 924
1461350 924
1461360 925
1461370 927
1461380 927
1461390 927
1461400 928
1461410 928
1461420 931
1461430 932
1461440 932
1461450 931
1461460 932
1461470 932
1461480 932
1461490 932
1461500 932
1461510 932
1461520 932
1461530 932
1461540 932
1461550 932
1461560 933
1461570 933
1461580 933
1461590 934
1461600 934
1461610 934
1461620 934
1461630 934
1461640 934
1461650 934
1461660 934
1461670 934
1461680 934
1461690 934
1461700 933
1461710 933
1461720 933
1461730 932
1461740 932
1461750 932
1461760 932
1461770 932
1461780 932
1461790 932
1461800 932
1461810 932
1461820 932
1461830 932
1461840 932
1461850 932
1461860 932
1461870 932
1461880 932
1461890 932
1461900 932
1461910 932
1461920 932
1461930 932
1461940 932
1461950 931
1461960 927
1461970 927
1461980 925
1461990 922
1462000 922
1462010 920
1462020 919
1462030 919
1462040 918
1462050 916
1462060 916
1462070 913
1462080 909
1462090 909
1462100 904
1462110 897
1462120 897
1462130 891
1462140 886
1462150 880
1462160 880
1462170 876
1462180 869
1462190 869
1462200 864
1462210 863
1462220 863
1462230 866
1462240 870
1462250 870
1462260 873
1462270 875
1462280 875
1462290 876
1462300 875
1462310 875
1462320 875
1462330 875
1462340 875
1462350 875
1462360 875
1462370 875
1462380 876
1462390 876
1462400 876
1462410 876
1462420 876
1462430 876
1462440 876
1462450 876
1462460 876
1462470 876
1462480 876
1462490 877
1462500 877
1462510 878
1462520 880
1462530 880
1462540 884
1462550 886
1462560 886
1462570 887
1462580 887
1462590 887
1462600 887
1462610 886
1462620 886
1462630 885
1462640 884
1462650 884
1462660 882
1462670 880
1462680 880
1462690 880
1462700 877
1462710 877
1462720 872
1462730 866
1462740 860
1462750 860
1462760 853
1462770 849
1462780 849
1462790 847
1462800 846
1462810 846
1462820 845
1462830 844
1462840 844
1462850 843
1462860 840
1462870 840
1462880 834
1462890 832
1462900 832
1462910 833
1462920 830
1462930 830
1462940 826
1462950 823
1462960 823
1462970 822
1462980 823
1462990 823
1463000 824
1463010 825
1463020 826
1463030 826
1463040 827
1463050 826
1463060 826
1463070 818
1463080 809
1463090 809
1463100 803
1463110 800
1463120 800
1463130 804
1463140 812
1463150 812
1463160 822
1463170 828
1463180 828
1463190 828
1463200 827
1463210 827
1463220 826
1463230 821
1463240 821
1463250 814
1463260 809
1463270 809
1463280 807
1463290 808
1463300 807
1463310 807
1463320 805
1463330 806
1463340 806
1463350 810
1463360 812
1463370 812
1463380 811
1463390 808
1463400 808
1463410 806
1463420 804
1463430 804
1463440 798
1463450 802
1463460 802
1463470 804
1463480 805
1463490 805
1463500 804
1463510 803
1463520 803
1463530 804
1463540 805
1463550 805
1463560 805
1463570 804
1463580 804
1463590 802
1463600 804
1463610 805
1463620 805
1463630 805
1463640 807
1463650 807
1463660 811
1463670 815
1463680 815
1463690 818
1463700 820
1463710 820
1463720 821
1463730 821
1463740 821
1463750 822
1463760 822
1463770 822
1463780 824
1463790 830
1463800 830
1463810 833
1463820 838
1463830 838
1463840 845
1463850 849
1463860 849
1463870 852
1463880 854
1463890 855
1463900 855
1463910 857
1463920 859
1463930 859
1463940 861
1463950 863
1463960 863
1463970 867
1463980 870
1463990 870
1464000 873
1464010 877
1464020 877
1464030 882
1464040 886
1464050 886
1464060 888
1464070 891
1464080 891
1464090 895
1464100 898
1464110 898
1464120 900
1464130 901
1464140 901
1464150 901
1464160 901
1464170 898
1464180 898
1464190 896
1464200 898
1464210 898
1464220 902
1464230 905
1464240 905
1464250 908
1464260 909
1464270 909
1464280 909
1464290 906
1464300 906
1464310 903
1464320 901
1464330 901
1464340 901
1464350 903
1464360 903
1464370 905
1464380 907
1464390 907
1464400 909
1464410 911
1464420 911
1464430 913
1464440 915
1464450 915
1464460 916
1464470 919
1464480 922
1464490 922
1464500 928
1464510 934
1464520 934
1464530 937
1464540 939
1464550 939
1464560 938
1464570 931
1464580 931
1464590 924
1464600 919
1464610 919
1464620 920
1464630 924
1464640 924
1464650 927
1464660 930
1464670 930
1464680 928
1464690 922
1464700 922
1464710 923
1464720 929
1464730 929
1464740 930
1464750 935
1464760 941
1464770 941
1464780 946
1464790 954
1464800 954
1464810 958
1464820 960
1464830 960
1464840 962
1464850 964
1464860 964
1464870 966
1464880 967
1464890 967
1464900 966
1464910 968
1464920 968
1464930 975
1464940 979
1464950 979
1464960 982
1464970 984
1464980 984
1464990 982
1465000 979
1465010 979
1465020 979
1465030 981
1465040 981
1465050 985
1465060 989
1465070 995
1465080 995
1465090 999
1465100 1000
1465110 1000
1465120 999
1465130 998
1465140 998
1465150 999
1465160 1007
1465170 1007
1465180 1013
1465190 1014
1465200 1014
1465210 1013
1465220 1012
1465230 1012
1465240 1011
1465250 1015
1465260 1015
1465270 1021
1465280 1023
1465290 1023
1465300 1021
1465310 1020
1465320 1020
1465330 1028
1465340 1032
1465350 1034
1465360 1034
1465370 1037
1465380 1038
1465390 1038
1465400 1039
1465410 1041
1465420 1041
1465430 1045
1465440 1048
1465450 1048
1465460 1051
1465470 1051
1465480 1051
1465490 1052
1465500 1054
1465510 1054
1465520 1055
1465530 1057
1465540 1057
1465550 1058
1465560 1060
1465570 1060
1465580 1060
1465590 1061
1465600 1061
1465610 1062
1465620 1061
1465630 1066
1465640 1066
1465650 1072
1465660 1078
1465670 1078
1465680 1083
1465690 1086
1465700 1086
1465710 1095
1465720 1102
1465730 1102
1465740 1107
1465750 1111
1465760 1111
1465770 1116
1465780 1121
1465790 1121
1465800 1126
1465810 1131
1465820 1131
1465830 1136
1465840 1137
1465850 1137
1465860 1141
1465870 1147
1465880 1147
1465890 1153
1465900 1158
1465910 1158
1465920 1161
1465930 1165
1465940 1168
1465950 1168
1465960 1171
1465970 1175
1465980 1175
1465990 1178
1466000 1182
1466010 1182
1466020 1185
1466030 1188
1466040 1188
1466050 1191
1466060 1194
1466070 1194
1466080 1198
1466090 1200
1466100 1200
1466110 1203
1466120 1205
1466130 1205
1466140 1207
1466150 1210
1466160 1210
1466170 1213
1466180 1215
1466190 1215
1466200 1217
1466210 1218
1466220 1219
1466230 1219
1466240 1219
1466250 1220
1466260 1220
1466270 1220
1466280 1222
1466290 1222
1466300 1224
1466310 1226
1466320 1226
1466330 1229
1466340 1231
1466350 1231
1466360 1233
1466370 1235
1466380 1235
1466390 1236
1466400 1238
1466410 1238
1466420 1239
1466430 1239
1466440 1239
1466450 1240
1466460 1241
1466470 1241
1466480 1243
1466490 1245
1466500 1247
1466510 1247
1466520 1250
1466530 1255
1466540 1255
1466550 1259
1466560 1264
1466570 1264
1466580 1269
1466590 1272
1466600 1272
1466610 1274
1466620 1277
1466630 1277
1466640 1280
1466650 1284
1466660 1284
1466670 1287
1466680 1289
1466690 1289
1466700 1291
1466710 1292
1466720 1292
1466730 1295
1466740 1298
1466750 1298
1466760 1299
1466770 1302
1466780 1302
1466790 1303
1466800 1305
1466810 1307
1466820 1307
1466830 1307
1466840 1307
1466850 1307
1466860 1307
1466870 1308
1466880 1308
1466890 1312
1466900 1315
1466910 1315
1466920 1318
1466930 1321
1466940 1321
1466950 1323
1466960 1324
1466970 1324
1466980 1326
1466990 1327
1467000 1327
1467010 1328
1467020 1329
1467030 1329
1467040 1330
1467050 1330
1467060 1330
1467070 1330
1467080 1332
1467090 1332
1467100 1332
1467110 1332
1467120 1331
1467130 1331
1467140 1330
1467150 1329
1467160 1329
1467170 1328
1467180 1328
1467190 1328
1467200 1329
1467210 1329
1467220 1329
1467230 1330
1467240 1330
1467250 1330
1467260 1330
1467270 1330
1467280 1330
1467290 1330
1467300 1329
1467310 1329
1467320 1329
1467330 1328
1467340 1328
1467350 1329
1467360 1329
1467370 1329
1467380 1329
1467390 1328
1467400 1328
1467410 1328
1467420 1327
1467430 1325
1467440 1325
1467450 1323
1467460 1322
1467470 1322
1467480 1321
1467490 1321
1467500 1321
1467510 1320
1467520 1319
1467530 1319
1467540 1318
1467550 1316
1467560 1316
1467570 1314
1467580 1311
1467590 1311
1467600 1309
1467610 1307
1467620 1307
1467630 1308
1467640 1309
1467650 1309
1467660 1310
1467670 1311
1467680 1313
1467690 1313
1467700 1314
1467710 1314
1467720 1314
1467730 1315
1467740 1316
1467750 1316
1467760 1318
1467770 1320
1467780 1320
1467790 1322
1467800 1323
1467810 1323
1467820 1326
1467830 1327
1467840 1327
1467850 1328
1467860 1327
1467870 1327
1467880 1325
1467890 1321
1467900 1321
1467910 1317
1467920 1314
1467930 1314
1467940 1311
1467950 1307
1467960 1303
1467970 1303
1467980 1299
1467990 1297
1468000 1297
1468010 1296
1468020 1295
1468030 1295
1468040 1292
1468050 1287
1468060 1287
1468070 1283
1468080 1279
1468090 1279
1468100 1270
1468110 1263
1468120 1263
1468130 1255
1468140 1247
1468150 1247
1468160 1240
1468170 1236
1468180 1236
1468190 1230
1468200 1224
1468210 1224
1468220 1219
1468230 1214
1468240 1210
1468250 1210
1468260 1205
1468270 1200
1468280 1200
1468290 1196
1468300 1190
1468310 1190
1468320 1183
1468330 1177
1468340 1177
1468350 1171
1468360 1165
1468370 1165
1468380 1158
1468390 1152
1468400 1152
1468410 1144
1468420 1136
1468430 1136
1468440 1129
1468450 1122
1468460 1122
1468470 1116
1468480 1109
1468490 1109
1468500 1102
1468510 1095
1468520 1095
1468530 1089
1468540 1084
1468550 1080
1468560 1080
1468570 1077
1468580 1072
1468590 1072
1468600 1067
1468610 1062
1468620 1062
1468630 1061
1468640 1058
1468650 1058
1468660 1054
1468670 1050
1468680 1050
1468690 1046
1468700 1043
1468710 1043
1468720 1039
1468730 1035
1468740 1035
1468750 1030
1468760 1027
1468770 1027
1468780 1025
1468790 1023
1468800 1023
1468810 1021
1468820 1020
1468830 1018
1468840 1018
1468850 1017
1468860 1016
1468870 1016
1468880 1013
1468890 1010
1468900 1010
1468910 1007
1468920 1002
1468930 1002
1468940 997
1468950 994
1468960 994
1468970 991
1468980 989
1468990 989
1469000 988
1469010 985
1469020 985
1469030 981
1469040 976
1469050 976
1469060 970
1469070 966
1469080 966
1469090 963
1469100 960
1469110 958
1469120 958
1469130 954
1469140 952
1469150 952
1469160 950
1469170 949
1469180 949
1469190 948
1469200 947
1469210 947
1469220 945
1469230 943
1469240 943
1469250 940
1469260 939
1469270 939
1469280 937
1469290 933
1469300 933
1469310 930
1469320 926
1469330 926
1469340 923
1469350 919
1469360 919
1469370 913
1469380 907
1469390 907
1469400 904
1469410 899
1469420 894
1469430 894
1469440 889
1469450 884
1469460 884
1469470 879
1469480 876
1469490 876
1469500 872
1469510 867
1469520 867
1469530 862
1469540 857
1469550 857
1469560 851
1469570 845
1469580 845
1469590 840
1469600 835
1469610 835
1469620 830
1469630 828
1469640 828
1469650 824
1469660 821
1469670 821
1469680 817
1469690 814
1469700 810
1469710 810
1469720 805
1469730 802
1469740 802
1469750 798
1469760 792
1469770 792
1469780 787
1469790 785
1469800 785
1469810 781
1469820 776
1469830 776
1469840 771
1469850 766
1469860 766
1469870 764
1469880 763
1469890 763
1469900 762
1469910 761
1469920 761
1469930 760
1469940 759
1469950 759
1469960 757
1469970 751
1469980 746
1469990 746
1470000 741
1470010 734
1470020 734
1470030 727
1470040 721
1470050 721
1470060 715
1470070 708
1470080 708
1470090 703
1470100 698
1470110 698
1470120 694
1470130 688
1470140 688
1470150 681
1470160 673
1470170 673
1470180 666
1470190 659
1470200 659
1470210 654
1470220 648
1470230 648
1470240 641
1470250 634
1470260 634
1470270 627
1470280 620
1470290 613
1470300 613
1470310 608
1470320 603
1470330 603
1470340 598
1470350 591
1470360 591
1470370 584
1470380 576
1470390 576
1470400 568
1470410 560
1470420 560
1470430 557
1470440 555
1470450 555
1470460 555
1470470 555
1470480 555
1470490 555
1470500 555
1470510 555
1470520 557
1470530 556
1470540 556
1470550 554
1470560 554
1470570 554
1470580 554
1470590 554
1470600 554
1470610 554
1470620 554
1470630 554
1470640 554
1470650 552
1470660 552
1470670 552
1470680 552
1470690 552
1470700 552
1470710 552
1470720 553
1470730 553
1470740 554
1470750 553
1470760 553
1470770 553
1470780 552
1470790 552
1470800 552
1470810 552
1470820 552
1470830 552
1470840 552
1470850 552
1470860 552
1470870 552
1470880 552
1470890 552
1470900 552
1470910 552
1470920 552
1470930 552
1470940 552
1470950 552
1470960 552
1470970 552
1470980 552
1470990 552
1471000 550
1471010 550
1471020 548
1471030 547
1471040 547
1471050 547
1471060 547
1471070 547
1471080 547
1471090 549
1471100 549
1471110 553
1471120 555
1471130 555
1471140 559
1471150 560
1471160 560
1471170 560
1471180 561
1471190 561
1471200 561
1471210 562
1471220 562
1471230 562
1471240 562
1471250 563
1471260 563
1471270 563
1471280 564
1471290 564
1471300 565
1471310 565
1471320 565
1471330 565
1471340 565
1471350 565
1471360 565
1471370 566
1471380 566
1471390 566
1471400 566
1471410 566
1471420 567
1471430 568
1471440 569
1471450 569
1471460 569
1471470 569
1471480 569
1471490 569
1471500 569
1471510 569
1471520 569
1471530 570
1471540 570
1471550 570
1471560 571
1471570 571
1471580 571
1471590 572
1471600 572
1471610 572
1471620 572
1471630 572
1471640 572
1471650 572
1471660 572
1471670 572
1471680 573
1471690 573
1471700 574
1471710 575
1471720 579
1471730 579
1471740 585
1471750 592
1471760 592
1471770 598
1471780 605
1471790 605
1471800 610
1471810 612
1471820 612
1471830 614
1471840 615
1471850 615
1471860 617
1471870 619
1471880 619
1471890 621
1471900 622
1471910 622
1471920 623
1471930 624
1471940 624
1471950 628
1471960 631
1471970 631
1471980 633
1471990 635
1472000 635
1472010 639
1472020 643
1472030 647
1472040 647
1472050 652
1472060 656
1472070 656
1472080 660
1472090 664
1472100 664
1472110 667
1472120 673
1472130 673
1472140 677
1472150 681
1472160 681
1472170 685
1472180 689
1472190 689
1472200 694
1472210 700
1472220 700
1472230 706
1472240 712
1472250 712
1472260 717
1472270 720
1472280 720
1472290 723
1472300 726
1472310 730
1472320 730
1472330 733
1472340 735
1472350 735
1472360 740
1472370 745
1472380 745
1472390 751
1472400 757
1472410 757
1472420 763
1472430 770
1472440 770
1472450 776
1472460 780
1472470 780
1472480 784
1472490 787
1472500 787
1472510 791
1472520 795
1472530 795
1472540 797
1472550 799
1472560 799
1472570 801
1472580 804
1472590 807
1472600 807
1472610 810
1472620 813
1472630 813
1472640 817
1472650 821
1472660 821
1472670 825
1472680 828
1472690 828
1472700 830
1472710 833
1472720 833
1472730 835
1472740 838
1472750 838
1472760 840
1472770 843
1472780 843
1472790 845
1472800 847
1472810 847
1472820 849
1472830 851
1472840 851
1472850 852
1472860 854
1472870 854
1472880 856
1472890 858
1472900 860
1472910 860
1472920 861
1472930 862
1472940 862
1472950 863
1472960 866
1472970 866
1472980 870
1472990 874
1473000 874
1473010 877
1473020 879
1473030 879
1473040 882
1473050 885
1473060 885
1473070 888
1473080 892
1473090 892
1473100 895
1473110 899
1473120 899
1473130 902
1473140 905
1473150 905
1473160 909
1473170 912
1473180 905
1473190 905
1473200 910
1473210 918
1473220 918
1473230 927
1473240 933
1473250 933
1473260 939
1473270 944
1473280 944
1473290 948
1473300 953
1473310 953
1473320 957
1473330 960
1473340 960
1473350 962
1473360 965
1473370 965
1473380 967
1473390 971
1473400 971
1473410 975
1473420 977
1473430 977
1473440 979
1473450 981
1473460 981
1473470 985
1473480 990
1473490 994
1473500 994
1473510 999
1473520 1004
1473530 1004
1473540 1010
1473550 1015
1473560 1015
1473570 1021
1473580 1026
1473590 1026
1473600 1032
1473610 1038
1473620 1038
1473630 1041
1473640 1045
1473650 1045
1473660 1049
1473670 1054
1473680 1054
1473690 1058
1473700 1064
1473710 1064
1473720 1068
1473730 1072
1473740 1072
1473750 1077
1473760 1083
1473770 1089
1473780 1089
1473790 1094
1473800 1099
1473810 1099
1473820 1103
1473830 1108
1473840 1108
1473850 1113
1473860 1118
1473870 1118
1473880 1121
1473890 1125
1473900 1125
1473910 1130
1473920 1136
1473930 1136
1473940 1140
1473950 1147
1473960 1147
1473970 1153
1473980 1159
1473990 1159
1474000 1164
1474010 1168
1474020 1168
1474030 1173
1474040 1179
1474050 1184
1474060 1184
1474070 1189
1474080 1193
1474090 1193
1474100 1198
1474110 1203
1474120 1203
1474130 1208
1474140 1211
1474150 1211
1474160 1215
1474170 1219
1474180 1219
1474190 1221
1474200 1223
1474210 1223
1474220 1225
1474230 1228
1474240 1228
1474250 1232
1474260 1236
1474270 1236
1474280 1240
1474290 1247
1474300 1247
1474310 1253
1474320 1258
1474330 1258
1474340 1261
1474350 1264
1474360 1268
1474370 1268
1474380 1272
1474390 1274
1474400 1274
1474410 1278
1474420 1280
1474430 1280
1474440 1281
1474450 1283
1474460 1283
1474470 1287
1474480 1291
1474490 1291
1474500 1293
1474510 1296
1474520 1296
1474530 1299
1474540 1302
1474550 1302
1474560 1305
1474570 1309
1474580 1309
1474590 1312
1474600 1316
1474610 1316
1474620 1320
1474630 1321
1474640 1322
1474650 1322
1474660 1323
1474670 1325
1474680 1325
1474690 1330
1474700 1333
1474710 1333
1474720 1334
1474730 1335
1474740 1335
1474750 1336
1474760 1337
1474770 1337
1474780 1336
1474790 1336
1474800 1336
1474810 1334
1474820 1332
1474830 1332
1474840 1331
1474850 1328
1474860 1328
1474870 1326
1474880 1326
1474890 1326
1474900 1326
1474910 1324
1474920 1322
1474930 1322
1474940 1318
1474950 1315
1474960 1315
1474970 1315
1474980 1319
1474990 1319
1475000 1321
1475010 1323
1475020 1323
1475030 1325
1475040 1329
1475050 1329
1475060 1332
1475070 1332
1475080 1332
1475090 1332
1475100 1333
1475110 1333
1475120 1332
1475130 1329
1475140 1329
1475150 1330
1475160 1332
1475170 1332
1475180 1333
1475190 1332
1475200 1332
1475210 1332
1475220 1333
1475230 1334
1475240 1334
1475250 1339
1475260 1348
1475270 1348
1475280 1357
1475290 1364
1475300 1364
1475310 1371
1475320 1377
1475330 1377
1475340 1383
1475350 1388
1475360 1388
1475370 1394
1475380 1401
1475390 1401
1475400 1408
1475410 1416
1475420 1416
1475430 1423
1475440 1432
1475450 1432
1475460 1439
1475470 1445
1475480 1445
1475490 1451
1475500 1457
1475510 1461
1475520 1461
1475530 1465
1475540 1470
1475550 1470
1475560 1476
1475570 1482
1475580 1482
1475590 1487
1475600 1493
1475610 1493
1475620 1499
1475630 1503
1475640 1503
1475650 1504
1475660 1504
1475670 1504
1475680 1507
1475690 1509
1475700 1509
1475710 1511
1475720 1513
1475730 1513
1475740 1515
1475750 1517
1475760 1517
1475770 1515
1475780 1514
1475790 1520
1475800 1520
1475810 1527
1475820 1532
1475830 1532
1475840 1537
1475850 1540
1475860 1540
1475870 1543
1475880 1546
1475890 1546
1475900 1548
1475910 1551
1475920 1551
1475930 1554
1475940 1556
1475950 1556
1475960 1558
1475970 1559
1475980 1559
1475990 1560
1476000 1561
1476010 1561
1476020 1565
1476030 1568
1476040 1568
1476050 1570
1476060 1574
1476070 1574
1476080 1577
1476090 1581
1476100 1584
1476110 1584
1476120 1586
1476130 1588
1476140 1588
1476150 1591
1476160 1595
1476170 1595
1476180 1599
1476190 1603
1476200 1603
1476210 1606
1476220 1611
1476230 1611
1476240 1615
1476250 1620
1476260 1620
1476270 1625
1476280 1630
1476290 1630
1476300 1637
1476310 1643
1476320 1643
1476330 1649
1476340 1654
1476350 1654
1476360 1659
1476370 1664
1476380 1668
1476390 1668
1476400 1671
1476410 1675
1476420 1675
1476430 1678
1476440 1682
1476450 1682
1476460 1683
1476470 1685
1476480 1685
1476490 1687
1476500 1688
1476510 1688
1476520 1690
1476530 1690
1476540 1690
1476550 1690
1476560 1691
1476570 1691
1476580 1693
1476590 1695
1476600 1695
1476610 1698
1476620 1700
1476630 1700
1476640 1703
1476650 1704
1476660 1706
1476670 1706
1476680 1708
1476690 1709
1476700 1709
1476710 1708
1476720 1707
1476730 1707
1476740 1709
1476750 1710
1476760 1710
1476770 1711
1476780 1710
1476790 1710
1476800 1709
1476810 1708
1476820 1708
1476830 1706
1476840 1705
1476850 1705
1476860 1705
1476870 1705
1476880 1705
1476890 1705
1476900 1705
1476910 1705
1476920 1705
1476930 1705
1476940 1705
1476950 1704
1476960 1703
1476970 1702
1476980 1702
1476990 1701
1477000 1701
1477010 1701
1477020 1699
1477030 1696
1477040 1696
1477050 1692
1477060 1690
1477070 1690
1477080 1688
1477090 1686
1477100 1686
1477110 1684
1477120 1682
1477130 1682
1477140 1680
1477150 1678
1477160 1678
1477170 1676
1477180 1673
1477190 1673
1477200 1671
1477210 1670
1477220 1670
1477230 1666
1477240 1658
1477250 1655
1477260 1655
1477270 1658
1477280 1655
1477290 1655
1477300 1656
1477310 1658
1477320 1658
1477330 1660
1477340 1660
1477350 1660
1477360 1660
1477370 1660
1477380 1660
1477390 1661
1477400 1663
1477410 1663
1477420 1664
1477430 1663
1477440 1663
1477450 1663
1477460 1664
1477470 1664
1477480 1666
1477490 1667
1477500 1667
1477510 1668
1477520 1669
1477530 1669
1477540 1669
1477550 1671
1477560 1673
1477570 1673
1477580 1674
1477590 1673
1477600 1673
1477610 1673
1477620 1671
1477630 1671
1477640 1669
1477650 1667
1477660 1667
1477670 1664
1477680 1663
1477690 1663
1477700 1664
1477710 1666
1477720 1666
1477730 1668
1477740 1670
1477750 1670
1477760 1673
1477770 1675
1477780 1675
1477790 1677
1477800 1678
1477810 1678
1477820 1679
1477830 1681
1477840 1685
1477850 1685
1477860 1688
1477870 1692
1477880 1692
1477890 1696
1477900 1699
1477910 1699
1477920 1703
1477930 1706
1477940 1706
1477950 1707
1477960 1708
1477970 1708
1477980 1707
1477990 1706
1478000 1706
1478010 1703
1478020 1697
1478030 1697
1478040 1691
1478050 1687
1478060 1687
1478070 1681
1478080 1674
1478090 1674
1478100 1668
1478110 1662
1478120 1657
1478130 1657
1478140 1652
1478150 1646
1478160 1646
1478170 1637
1478180 1627
1478190 1627
1478200 1615
1478210 1605
1478220 1605
1478230 1589
1478240 1572
1478250 1572
1478260 1564
1478270 1556
1478280 1556
1478290 1549
1478300 1542
1478310 1542
1478320 1534
1478330 1526
1478340 1526
1478350 1519
1478360 1516
1478370 1516
1478380 1516
1478390 1514
1478400 1510
1478410 1510
1478420 1505
1478430 1497
1478440 1497
1478450 1490
1478460 1485
1478470 1485
1478480 1483
1478490 1478
1478500 1478
1478510 1475
1478520 1473
1478530 1473
1478540 1470
1478550 1465
1478560 1465
1478570 1461
1478580 1457
1478590 1457
1478600 1453
1478610 1449
1478620 1449
1478630 1446
1478640 1441
1478650 1441
1478660 1436
1478670 1431
1478680 1431
1478690 1427
1478700 1423
1478710 1419
1478720 1419
1478730 1415
1478740 1410
1478750 1410
1478760 1406
1478770 1402
1478780 1402
1478790 1396
1478800 1391
1478810 1391
1478820 1387
1478830 1382
1478840 1382
1478850 1377
1478860 1373
1478870 1373
1478880 1371
1478890 1367
1478900 1367
1478910 1363
1478920 1357
1478930 1357
1478940 1351
1478950 1345
1478960 1345
1478970 1340
1478980 1336
1478990 1330
1479000 1330
1479010 1324
1479020 1318
1479030 1318
1479040 1312
1479050 1306
1479060 1306
1479070 1300
1479080 1294
1479090 1294
1479100 1287
1479110 1280
1479120 1280
1479130 1273
1479140 1268
1479150 1268
1479160 1262
1479170 1257
1479180 1257
1479190 1251
1479200 1245
1479210 1245
1479220 1239
1479230 1232
1479240 1232
1479250 1225
1479260 1216
1479270 1205
1479280 1205
1479290 1197
1479300 1192
1479310 1192
1479320 1184
1479330 1180
1479340 1180
1479350 1183
1479360 1189
1479370 1189
1479380 1193
1479390 1197
1479400 1197
1479410 1199
1479420 1203
1479430 1203
1479440 1209
1479450 1213
1479460 1213
1479470 1215
1479480 1219
1479490 1219
1479500 1221
1479510 1227
1479520 1227
1479530 1232
1479540 1236
1479550 1236
1479560 1242
1479570 1246
1479580 1251
1479590 1251
1479600 1257
1479610 1263
1479620 1263
1479630 1268
1479640 1274
1479650 1274
1479660 1279
1479670 1285
1479680 1285
1479690 1291
1479700 1295
1479710 1295
1479720 1298
1479730 1299
1479740 1299
1479750 1297
1479760 1296
1479770 1296
1479780 1294
1479790 1290
1479800 1290
1479810 1286
1479820 1281
1479830 1281
1479840 1275
1479850 1268
1479860 1262
1479870 1262
1479880 1257
1479890 1251
1479900 1251
1479910 1245
1479920 1239
1479930 1239
1479940 1231
1479950 1223
1479960 1223
1479970 1215
1479980 1207
1479990 1207
