1460000 1060
1460010 1062
1460020 1062
1460030 1064
1460040 1066
1460050 1066
1460060 1068
1460070 1069
1460080 1069
1460090 1071
1460100 1077
1460110 1077
1460120 1083
1460130 1089
1460140 1089
1460150 1093
1460160 1094
1460170 1095
1460180 1095
1460190 1095
1460200 1096
1460210 1096
1460220 1096
1460230 1099
1460240 1099
1460250 1101
1460260 1104
1460270 1104
1460280 1107
1460290 1110
1460300 1110
1460310 1113
1460320 1116
1460330 1116
1460340 1119
1460350 1121
1460360 1121
1460370 1123
1460380 1124
1460390 1124
1460400 1125
1460410 1128
1460420 1128
1460430 1132
1460440 1133
1460450 1133
1460460 1134
1460470 1136
1460480 1137
1460490 1137
1460500 1139
1460510 1139
1460520 1139
1460530 1140
1460540 1140
1460550 1140
1460560 1141
1460570 1141
1460580 1141
1460590 1141
1460600 1142
1460610 1142
1460620 1142
1460630 1143
1460640 1143
1460650 1144
1460660 1145
1460670 1145
1460680 1147
1460690 1148
1460700 1148
1460710 1151
1460720 1153
1460730 1153
1460740 1154
1460750 1155
1460760 1155
1460770 1155
1460780 1155
1460790 1155
1460800 1155
1460810 1156
1460820 1156
1460830 1156
1460840 1156
1460850 1156
1460860 1156
1460870 1155
1460880 1156
1460890 1156
1460900 1157
1460910 1159
1460920 1159
1460930 1160
1460940 1162
1460950 1162
1460960 1164
1460970 1166
1460980 1166
1460990 1167
1461000 1169
1461010 1169
1461020 1171
1461030 1172
1461040 1173
1461050 1170
1461060 1171
1461070 1172
1461080 1172
1461090 1172
1461100 1173
1461110 1173
1461120 1172
1461130 1172
1461140 1172
1461150 1171
1461160 1171
1461170 1171
1461180 1171
1461190 1173
1461200 1173
1461210 1175
1461220 1177
1461230 1177
1461240 1178
1461250 1179
1461260 1179
1461270 1185
1461280 1192
1461290 1192
1461300 1199
1461310 1205
1461320 1205
1461330 1211
1461340 1217
1461350 1220
1461360 1220
1461370 1222
1461380 1224
1461390 1224
1461400 1225
1461410 1227
1461420 1227
1461430 1229
1461440 1231
1461450 1231
1461460 1232
1461470 1233
1461480 1233
1461490 1232
1461500 1231
1461510 1231
1461520 1230
1461530 1227
1461540 1227
1461550 1223
1461560 1220
1461570 1220
1461580 1216
1461590 1213
1461600 1213
1461610 1209
1461620 1205
1461630 1199
1461640 1199
1461650 1194
1461660 1188
1461670 1188
1461680 1182
1461690 1175
1461700 1175
1461710 1168
1461720 1162
1461730 1162
1461740 1154
1461750 1145
1461760 1145
1461770 1150
1461780 1157
1461790 1157
1461800 1159
1461810 1162
1461820 1162
1461830 1165
1461840 1168
1461850 1168
1461860 1173
1461870 1177
1461880 1177
1461890 1180
1461900 1183
1461910 1183
1461920 1185
1461930 1187
1461940 1190
1461950 1190
1461960 1193
1461970 1196
1461980 1196
1461990 1199
1462000 1204
1462010 1204
1462020 1208
1462030 1212
1462040 1212
1462050 1214
1462060 1218
1462070 1218
1462080 1220
1462090 1222
1462100 1222
1462110 1225
1462120 1228
1462130 1228
1462140 1230
1462150 1233
1462160 1233
1462170 1235
1462180 1238
1462190 1238
1462200 1241
1462210 1243
1462220 1245
1462230 1245
1462240 1247
1462250 1249
1462260 1249
1462270 1252
1462280 1253
1462290 1253
1462300 1255
1462310 1257
1462320 1257
1462330 1260
1462340 1262
1462350 1262
1462360 1264
1462370 1266
1462380 1266
1462390 1267
1462400 1268
1462410 1268
1462420 1269
1462430 1269
1462440 1269
1462450 1269
1462460 1269
1462470 1269
1462480 1269
1462490 1269
1462500 1269
1462510 1268
1462520 1268
1462530 1267
1462540 1267
1462550 1267
1462560 1267
1462570 1267
1462580 1266
1462590 1265
1462600 1265
1462610 1264
1462620 1263
1462630 1263
1462640 1262
1462650 1260
1462660 1260
1462670 1258
1462680 1257
1462690 1257
1462700 1255
1462710 1253
1462720 1253
1462730 1250
1462740 1246
1462750 1246
1462760 1242
1462770 1239
1462780 1239
1462790 1236
1462800 1233
1462810 1229
1462820 1229
1462830 1226
1462840 1221
1462850 1221
1462860 1215
1462870 1211
1462880 1211
1462890 1207
1462900 1204
1462910 1204
1462920 1201
1462930 1197
1462940 1197
1462950 1193
1462960 1189
1462970 1189
1462980 1185
1462990 1179
1463000 1179
1463010 1174
1463020 1167
1463030 1167
1463040 1163
1463050 1159
1463060 1159
1463070 1156
1463080 1152
1463090 1148
1463100 1148
1463110 1144
1463120 1141
1463130 1141
1463140 1136
1463150 1129
1463160 1129
1463170 1121
1463180 1112
1463190 1112
1463200 1104
1463210 1094
1463220 1094
1463230 1082
1463240 1075
1463250 1075
1463260 1075
1463270 1075
1463280 1075
1463290 1071
1463300 1067
1463310 1067
1463320 1061
1463330 1054
1463340 1054
1463350 1047
1463360 1037
1463370 1037
1463380 1026
1463390 1024
1463400 1033
1463410 1033
1463420 1041
1463430 1048
1463440 1048
1463450 1054
1463460 1060
1463470 1060
1463480 1064
1463490 1068
1463500 1068
1463510 1072
1463520 1075
1463530 1075
1463540 1079
1463550 1087
1463560 1087
1463570 1096
1463580 1101
1463590 1101
1463600 1102
1463610 1100
1463620 1100
1463630 1100
1463640 1099
1463650 1099
1463660 1099
1463670 1098
1463680 1097
1463690 1097
1463700 1094
1463710 1089
1463720 1089
1463730 1084
1463740 1083
1463750 1083
1463760 1084
1463770 1084
1463780 1084
1463790 1082
1463800 1076
1463810 1076
1463820 1066
1463830 1065
1463840 1065
1463850 1071
1463860 1074
1463870 1074
1463880 1074
1463890 1069
1463900 1069
1463910 1063
1463920 1060
1463930 1060
1463940 1058
1463950 1057
1463960 1057
1463970 1053
1463980 1047
1463990 1040
1464000 1040
1464010 1035
1464020 1031
1464030 1031
1464040 1028
1464050 1028
1464060 1028
1464070 1029
1464080 1029
1464090 1029
1464100 1025
1464110 1015
1464120 1015
1464130 1014
1464140 1016
1464150 1016
1464160 1020
1464170 1021
1464180 1021
1464190 1019
1464200 1018
1464210 1018
1464220 1016
1464230 1014
1464240 1014
1464250 1011
1464260 1009
1464270 1007
1464280 1007
1464290 1004
1464300 1002
1464310 1002
1464320 999
1464330 996
1464340 996
1464350 993
1464360 990
1464370 990
1464380 988
1464390 986
1464400 986
1464410 982
1464420 978
1464430 978
1464440 975
1464450 972
1464460 972
1464470 969
1464480 964
1464490 964
1464500 957
1464510 947
1464520 947
1464530 942
1464540 942
1464550 942
1464560 942
1464570 942
1464580 942
1464590 942
1464600 940
1464610 940
1464620 940
1464630 939
1464640 938
1464650 938
1464660 936
1464670 931
1464680 931
1464690 928
1464700 925
1464710 925
1464720 922
1464730 917
1464740 917
1464750 911
1464760 906
1464770 906
1464780 904
1464790 903
1464800 903
1464810 901
1464820 900
1464830 900
1464840 899
1464850 898
1464860 896
1464870 896
1464880 894
1464890 893
1464900 893
1464910 893
1464920 892
1464930 892
1464940 891
1464950 891
1464960 891
1464970 889
1464980 887
1464990 887
1465000 887
1465010 887
1465020 887
1465030 887
1465040 885
1465050 885
1465060 883
1465070 878
1465080 878
1465090 871
1465100 863
1465110 863
1465120 855
1465130 847
1465140 840
1465150 840
1465160 832
1465170 825
1465180 825
1465190 818
1465200 809
1465210 809
1465220 801
1465230 796
1465240 796
1465250 798
1465260 801
1465270 801
1465280 808
1465290 815
1465300 815
1465310 820
1465320 821
1465330 821
1465340 824
1465350 828
1465360 828
1465370 831
1465380 833
1465390 833
1465400 833
1465410 833
1465420 833
1465430 833
1465440 832
1465450 831
1465460 831
1465470 830
1465480 826
1465490 826
1465500 822
1465510 818
1465520 818
1465530 815
1465540 814
1465550 814
1465560 812
1465570 810
1465580 810
1465590 808
1465600 805
1465610 805
1465620 803
1465630 800
1465640 800
1465650 796
1465660 788
1465670 788
1465680 785
1465690 786
1465700 786
1465710 788
1465720 787
1465730 785
1465740 785
1465750 782
1465760 778
1465770 778
1465780 775
1465790 771
1465800 771
1465810 766
1465820 765
1465830 765
1465840 762
1465850 758
1465860 758
1465870 753
1465880 747
1465890 747
1465900 739
1465910 731
1465920 731
1465930 725
1465940 723
1465950 723
1465960 726
1465970 727
1465980 727
1465990 727
1466000 728
1466010 728
1466020 730
1466030 733
1466040 733
1466050 733
1466060 735
1466070 741
1466080 741
1466090 749
1466100 756
1466110 756
1466120 762
1466130 769
1466140 769
1466150 774
1466160 777
1466170 777
1466180 780
1466190 783
1466200 783
1466210 786
1466220 787
1466230 787
1466240 787
1466250 786
1466260 786
1466270 786
1466280 787
1466290 787
1466300 787
1466310 790
1466320 789
1466330 789
1466340 782
1466350 779
1466360 779
1466370 788
1466380 797
1466390 797
1466400 802
1466410 804
1466420 804
1466430 804
1466440 805
1466450 805
1466460 808
1466470 812
1466480 812
1466490 816
1466500 820
1466510 820
1466520 824
1466530 830
1466540 830
1466550 836
1466560 842
1466570 842
1466580 848
1466590 852
1466600 852
1466610 857
1466620 863
1466630 868
1466640 868
1466650 872
1466660 876
1466670 876
1466680 879
1466690 882
1466700 882
1466710 885
1466720 886
1466730 886
1466740 888
1466750 888
1466760 888
1466770 889
1466780 889
1466790 889
1466800 889
1466810 889
1466820 889
1466830 889
1466840 888
1466850 888
1466860 885
1466870 883
1466880 883
1466890 883
1466900 881
1466910 878
1466920 878
1466930 875
1466940 870
1466950 870
1466960 870
1466970 870
1466980 870
1466990 867
1467000 864
1467010 864
1467020 861
1467030 856
1467040 856
1467050 853
1467060 857
1467070 857
1467080 864
1467090 871
1467100 871
1467110 877
1467120 884
1467130 884
1467140 893
1467150 904
1467160 904
1467170 914
1467180 923
1467190 923
1467200 930
1467210 938
1467220 944
1467230 944
1467240 947
1467250 950
1467260 950
1467270 952
1467280 953
1467290 953
1467300 953
1467310 953
1467320 956
1467330 960
1467340 965
1467350 965
1467360 970
1467370 972
1467380 972
1467390 974
1467400 976
1467410 976
1467420 977
1467430 975
1467440 975
1467450 974
1467460 978
1467470 978
1467480 979
1467490 980
1467500 983
1467510 983
1467520 985
1467530 987
1467540 987
1467550 988
1467560 991
1467570 991
1467580 997
1467590 1001
1467600 1001
1467610 1004
1467620 1007
1467630 1007
1467640 1010
1467650 1013
1467660 1013
1467670 1015
1467680 1018
1467690 1018
1467700 1019
1467710 1020
1467720 1020
1467730 1021
1467740 1022
1467750 1022
1467760 1023
1467770 1025
1467780 1027
1467790 1027
1467800 1029
1467810 1030
1467820 1030
1467830 1032
1467840 1034
1467850 1034
1467860 1036
1467870 1038
1467880 1038
1467890 1040
1467900 1042
1467910 1042
1467920 1045
1467930 1047
1467940 1047
1467950 1050
1467960 1052
1467970 1052
1467980 1054
1467990 1056
1468000 1056
1468010 1059
1468020 1063
1468030 1063
1468040 1066
1468050 1067
1468060 1067
1468070 1067
1468080 1068
1468090 1071
1468100 1071
1468110 1076
1468120 1082
1468130 1082
1468140 1091
1468150 1095
1468160 1095
1468170 1100
1468180 1106
1468190 1106
1468200 1110
1468210 1114
1468220 1114
1468230 1117
1468240 1120
1468250 1120
1468260 1123
1468270 1125
1468280 1125
1468290 1127
1468300 1130
1468310 1130
1468320 1132
1468330 1135
1468340 1135
1468350 1138
1468360 1141
1468370 1146
1468380 1146
1468390 1148
1468400 1153
1468410 1153
1468420 1158
1468430 1162
1468440 1162
1468450 1166
1468460 1168
1468470 1168
1468480 1172
1468490 1176
1468500 1176
1468510 1179
1468520 1182
1468530 1182
1468540 1182
1468550 1181
1468560 1181
1468570 1178
1468580 1177
1468590 1177
1468600 1175
1468610 1174
1468620 1174
1468630 1174
1468640 1174
1468650 1174
1468660 1175
1468670 1175
1468680 1172
1468690 1172
1468700 1169
1468710 1169
1468720 1169
1468730 1172
1468740 1174
1468750 1174
1468760 1177
1468770 1181
1468780 1181
1468790 1184
1468800 1184
1468810 1184
1468820 1182
1468830 1181
1468840 1181
1468850 1181
1468860 1182
1468870 1182
1468880 1180
1468890 1179
1468900 1179
1468910 1178
1468920 1176
1468930 1176
1468940 1173
1468950 1170
1468960 1167
1468970 1167
1468980 1165
1468990 1163
1469000 1163
1469010 1159
1469020 1152
1469030 1152
1469040 1146
1469050 1140
1469060 1140
1469070 1136
1469080 1132
1469090 1132
1469100 1126
1469110 1120
1469120 1120
1469130 1116
1469140 1113
1469150 1113
1469160 1108
1469170 1102
1469180 1102
1469190 1096
1469200 1092
1469210 1092
1469220 1086
1469230 1080
1469240 1080
1469250 1073
1469260 1067
1469270 1062
1469280 1062
1469290 1058
1469300 1053
1469310 1053
1469320 1047
1469330 1040
1469340 1040
1469350 1033
1469360 1026
1469370 1026
1469380 1019
1469390 1012
1469400 1012
1469410 1006
1469420 1000
1469430 1000
1469440 993
1469450 988
1469460 988
1469470 981
1469480 976
1469490 976
1469500 972
1469510 967
1469520 967
1469530 961
1469540 956
1469550 950
1469560 950
1469570 944
1469580 938
1469590 938
1469600 933
1469610 928
1469620 928
1469630 922
1469640 915
1469650 915
1469660 906
1469670 899
1469680 899
1469690 897
1469700 894
1469710 894
1469720 887
1469730 887
1469740 887
1469750 885
1469760 883
1469770 883
1469780 880
1469790 876
1469800 876
1469810 870
1469820 863
1469830 863
1469840 859
1469850 858
1469860 859
1469870 859
1469880 859
1469890 859
1469900 859
1469910 860
1469920 863
1469930 863
1469940 865
1469950 865
1469960 865
1469970 865
1469980 865
1469990 865
1470000 866
1470010 865
1470020 865
1470030 857
1470040 848
1470050 848
1470060 843
1470070 840
1470080 840
1470090 837
1470100 836
1470110 836
1470120 834
1470130 828
1470140 824
1470150 824
1470160 820
1470170 816
1470180 816
1470190 814
1470200 811
1470210 811
1470220 807
1470230 801
1470240 801
1470250 791
1470260 782
1470270 782
1470280 774
1470290 766
1470300 766
1470310 760
1470320 752
1470330 752
1470340 740
1470350 734
1470360 734
1470370 728
1470380 722
1470390 722
1470400 720
1470410 718
1470420 718
1470430 718
1470440 714
1470450 706
1470460 706
1470470 698
1470480 694
1470490 694
1470500 690
1470510 687
1470520 687
1470530 685
1470540 678
1470550 678
1470560 674
1470570 670
1470580 670
1470590 664
1470600 654
1470610 654
1470620 652
1470630 650
1470640 650
1470650 645
1470660 638
1470670 638
1470680 631
1470690 626
1470700 626
1470710 622
1470720 618
1470730 616
1470740 616
1470750 611
1470760 606
1470770 606
1470780 601
1470790 596
1470800 596
1470810 587
1470820 575
1470830 575
1470840 558
1470850 552
1470860 552
1470870 553
1470880 551
1470890 551
1470900 547
1470910 546
1470920 546
1470930 546
1470940 546
1470950 546
1470960 546
1470970 546
1470980 546
1470990 546
1471000 546
1471010 547
1471020 547
1471030 548
1471040 549
1471050 549
1471060 551
1471070 553
1471080 553
1471090 558
1471100 559
1471110 559
1471120 559
1471130 559
1471140 559
1471150 554
1471160 551
1471170 551
1471180 551
1471190 551
1471200 551
1471210 551
1471220 551
1471230 551
1471240 551
1471250 551
1471260 551
1471270 551
1471280 551
1471290 551
1471300 551
1471310 550
1471320 550
1471330 550
1471340 550
1471350 550
1471360 550
1471370 550
1471380 550
1471390 550
1471400 550
1471410 549
1471420 549
1471430 550
1471440 550
1471450 550
1471460 551
1471470 551
1471480 551
1471490 551
1471500 551
1471510 551
1471520 551
1471530 551
1471540 551
1471550 551
1471560 551
1471570 551
1471580 551
1471590 551
1471600 551
1471610 551
1471620 551
1471630 551
1471640 551
1471650 551
1471660 551
1471670 551
1471680 551
1471690 551
1471700 551
1471710 551
1471720 550
1471730 550
1471740 550
1471750 550
1471760 550
1471770 550
1471780 550
1471790 550
1471800 551
1471810 551
1471820 551
1471830 552
1471840 554
1471850 554
1471860 555
1471870 557
1471880 557
1471890 558
1471900 560
1471910 561
1471920 561
1471930 563
1471940 564
1471950 564
1471960 566
1471970 572
1471980 572
1471990 578
1472000 585
1472010 585
1472020 592
1472030 599
1472040 599
1472050 603
1472060 606
1472070 606
1472080 610
1472090 615
1472100 615
1472110 621
1472120 628
1472130 628
1472140 633
1472150 637
1472160 637
1472170 637
1472180 638
1472190 641
1472200 641
1472210 646
1472220 652
1472230 652
1472240 658
1472250 666
1472260 666
1472270 674
1472280 681
1472290 681
1472300 685
1472310 687
1472320 687
1472330 689
1472340 692
1472350 692
1472360 695
1472370 698
1472380 698
1472390 701
1472400 704
1472410 704
1472420 707
1472430 711
1472440 711
1472450 716
1472460 721
1472470 721
1472480 727
1472490 733
1472500 738
1472510 738
1472520 742
1472530 746
1472540 746
1472550 752
1472560 758
1472570 758
1472580 763
1472590 767
1472600 767
1472610 773
1472620 776
1472630 776
1472640 778
1472650 781
1472660 781
1472670 784
1472680 787
1472690 787
1472700 789
1472710 792
1472720 792
1472730 795
1472740 799
1472750 799
1472760 802
1472770 806
1472780 807
1472790 807
1472800 807
1472810 809
1472820 809
1472830 807
1472840 801
1472850 801
1472860 792
1472870 785
1472880 785
1472890 781
1472900 779
1472910 779
1472920 781
1472930 785
1472940 785
1472950 783
1472960 783
1472970 783
1472980 783
1472990 781
1473000 781
1473010 781
1473020 780
1473030 780
1473040 779
1473050 779
1473060 779
1473070 779
1473080 781
1473090 785
1473100 785
1473110 790
1473120 790
1473130 790
1473140 787
1473150 785
1473160 785
1473170 784
1473180 784
1473190 784
1473200 786
1473210 786
1473220 786
1473230 787
1473240 789
1473250 789
1473260 789
1473270 787
1473280 787
1473290 787
1473300 790
1473310 790
1473320 791
1473330 789
1473340 789
1473350 778
1473360 772
1473370 777
1473380 777
1473390 787
1473400 795
1473410 795
1473420 802
1473430 809
1473440 809
1473450 818
1473460 824
1473470 824
1473480 830
1473490 835
1473500 835
1473510 842
1473520 848
1473530 848
1473540 853
1473550 858
1473560 858
1473570 862
1473580 865
1473590 865
1473600 869
1473610 871
1473620 871
1473630 874
1473640 878
1473650 883
1473660 883
1473670 889
1473680 894
1473690 894
1473700 899
1473710 904
1473720 904
1473730 910
1473740 916
1473750 916
1473760 922
1473770 927
1473780 927
1473790 931
1473800 935
1473810 935
1473820 939
1473830 944
1473840 944
1473850 949
1473860 952
1473870 952
1473880 955
1473890 959
1473900 959
1473910 963
1473920 966
1473930 966
1473940 971
1473950 975
1473960 980
1473970 980
1473980 984
1473990 990
1474000 990
1474010 995
1474020 1000
1474030 1000
1474040 1004
1474050 1009
1474060 1009
1474070 1015
1474080 1021
1474090 1021
1474100 1026
1474110 1031
1474120 1031
1474130 1035
1474140 1041
1474150 1041
1474160 1046
1474170 1054
1474180 1054
1474190 1059
1474200 1065
1474210 1065
1474220 1069
1474230 1071
1474240 1075
1474250 1075
1474260 1078
1474270 1083
1474280 1083
1474290 1088
1474300 1096
1474310 1096
1474320 1101
1474330 1103
1474340 1103
1474350 1105
1474360 1109
1474370 1109
1474380 1113
1474390 1119
1474400 1119
1474410 1124
1474420 1128
1474430 1128
1474440 1132
1474450 1134
1474460 1134
1474470 1135
1474480 1136
1474490 1136
1474500 1134
1474510 1133
1474520 1133
1474530 1134
1474540 1139
1474550 1146
1474560 1146
1474570 1150
1474580 1154
1474590 1154
1474600 1156
1474610 1157
1474620 1157
1474630 1155
1474640 1151
1474650 1151
1474660 1149
1474670 1154
1474680 1154
1474690 1157
1474700 1159
1474710 1159
1474720 1163
1474730 1168
1474740 1168
1474750 1172
1474760 1176
1474770 1176
1474780 1180
1474790 1184
1474800 1184
1474810 1189
1474820 1194
1474830 1199
1474840 1199
1474850 1203
1474860 1208
1474870 1208
1474880 1213
1474890 1219
1474900 1219
1474910 1225
1474920 1230
1474930 1230
1474940 1234
1474950 1237
1474960 1237
1474970 1240
1474980 1244
1474990 1244
1475000 1248
1475010 1253
1475020 1253
1475030 1258
1475040 1263
1475050 1263
1475060 1267
1475070 1269
1475080 1269
1475090 1271
1475100 1272
1475110 1274
1475120 1274
1475130 1276
1475140 1276
1475150 1276
1475160 1276
1475170 1276
1475180 1276
1475190 1278
1475200 1281
1475210 1281
1475220 1284
1475230 1288
1475240 1288
1475250 1293
1475260 1296
1475270 1296
1475280 1299
1475290 1301
1475300 1301
1475310 1302
1475320 1304
1475330 1304
1475340 1305
1475350 1305
1475360 1305
1475370 1303
1475380 1302
1475390 1302
1475400 1299
1475410 1296
1475420 1293
1475430 1293
1475440 1290
1475450 1290
1475460 1290
1475470 1290
1475480 1290
1475490 1290
1475500 1289
1475510 1287
1475520 1287
1475530 1291
1475540 1295
1475550 1295
1475560 1297
1475570 1300
1475580 1300
1475590 1302
1475600 1304
1475610 1304
1475620 1306
1475630 1308
1475640 1308
1475650 1308
1475660 1306
1475670 1306
1475680 1307
1475690 1308
1475700 1314
1475710 1314
1475720 1323
1475730 1330
1475740 1330
1475750 1336
1475760 1342
1475770 1342
1475780 1348
1475790 1353
1475800 1353
1475810 1361
1475820 1367
1475830 1367
1475840 1372
1475850 1377
1475860 1377
1475870 1382
1475880 1387
1475890 1387
1475900 1392
1475910 1397
1475920 1397
1475930 1402
1475940 1408
1475950 1408
1475960 1413
1475970 1419
1475980 1419
1475990 1426
1476000 1430
1476010 1438
1476020 1438
1476030 1444
1476040 1449
1476050 1449
1476060 1455
1476070 1461
1476080 1461
1476090 1466
1476100 1470
1476110 1470
1476120 1474
1476130 1480
1476140 1480
1476150 1485
1476160 1487
1476170 1487
1476180 1487
1476190 1486
1476200 1486
1476210 1485
1476220 1481
1476230 1481
1476240 1477
1476250 1472
1476260 1472
1476270 1467
1476280 1462
1476290 1457
1476300 1457
1476310 1452
1476320 1447
1476330 1447
1476340 1443
1476350 1439
1476360 1439
1476370 1434
1476380 1431
1476390 1431
1476400 1426
1476410 1421
1476420 1421
1476430 1417
1476440 1418
1476450 1418
1476460 1420
1476470 1420
1476480 1420
1476490 1420
1476500 1420
1476510 1420
1476520 1420
1476530 1423
1476540 1423
1476550 1426
1476560 1429
1476570 1429
1476580 1430
1476590 1431
1476600 1431
1476610 1431
1476620 1431
1476630 1433
1476640 1433
1476650 1434
1476660 1435
1476670 1435
1476680 1436
1476690 1437
1476700 1437
1476710 1436
1476720 1435
1476730 1435
1476740 1434
1476750 1432
1476760 1432
1476770 1430
1476780 1428
1476790 1428
1476800 1426
1476810 1424
1476820 1424
1476830 1422
1476840 1418
1476850 1418
1476860 1416
1476870 1415
1476880 1419
1476890 1419
1476900 1425
1476910 1432
1476920 1432
1476930 1439
1476940 1445
1476950 1445
1476960 1448
1476970 1452
1476980 1452
1476990 1458
1477000 1465
1477010 1465
1477020 1472
1477030 1479
1477040 1479
1477050 1486
1477060 1492
1477070 1492
1477080 1497
1477090 1501
1477100 1501
1477110 1506
1477120 1512
1477130 1512
1477140 1519
1477150 1526
1477160 1526
1477170 1533
1477180 1539
1477190 1546
1477200 1546
1477210 1551
1477220 1558
1477230 1558
1477240 1563
1477250 1569
1477260 1569
1477270 1576
1477280 1582
1477290 1582
1477300 1588
1477310 1593
1477320 1593
1477330 1597
1477340 1601
1477350 1601
1477360 1604
1477370 1608
1477380 1608
1477390 1611
1477400 1615
1477410 1615
1477420 1618
1477430 1621
1477440 1621
1477450 1624
1477460 1627
1477470 1630
1477480 1630
1477490 1632
1477500 1635
1477510 1635
1477520 1637
1477530 1639
1477540 1639
1477550 1641
1477560 1643
1477570 1643
1477580 1644
1477590 1644
1477600 1644
1477610 1643
1477620 1642
1477630 1642
1477640 1640
1477650 1637
1477660 1637
1477670 1632
1477680 1626
1477690 1626
1477700 1620
1477710 1614
1477720 1614
1477730 1608
1477740 1601
1477750 1593
1477760 1593
1477770 1586
1477780 1580
1477790 1580
1477800 1572
1477810 1566
1477820 1566
1477830 1560
1477840 1553
1477850 1553
1477860 1546
1477870 1539
1477880 1539
1477890 1535
1477900 1527
1477910 1527
1477920 1519
1477930 1511
1477940 1511
1477950 1504
1477960 1496
1477970 1496
1477980 1490
1477990 1486
1478000 1486
1478010 1480
1478020 1473
1478030 1473
1478040 1468
1478050 1465
1478060 1460
1478070 1460
1478080 1454
1478090 1449
1478100 1449
1478110 1441
1478120 1430
1478130 1430
1478140 1422
1478150 1415
1478160 1415
1478170 1411
1478180 1403
1478190 1403
1478200 1395
1478210 1390
1478220 1390
1478230 1387
1478240 1382
1478250 1382
1478260 1376
1478270 1370
1478280 1370
1478290 1367
1478300 1362
1478310 1362
1478320 1357
1478330 1352
1478340 1350
1478350 1350
1478360 1347
1478370 1341
1478380 1341
1478390 1334
1478400 1331
1478410 1331
1478420 1326
1478430 1320
1478440 1320
1478450 1316
1478460 1311
1478470 1311
1478480 1307
1478490 1305
1478500 1305
1478510 1303
1478520 1295
1478530 1295
1478540 1287
1478550 1281
1478560 1281
1478570 1278
1478580 1276
1478590 1276
1478600 1273
1478610 1271
1478620 1271
1478630 1272
1478640 1272
1478650 1270
1478660 1270
1478670 1266
1478680 1258
1478690 1258
1478700 1249
1478710 1249
1478720 1249
1478730 1249
1478740 1247
1478750 1247
1478760 1245
1478770 1241
1478780 1241
1478790 1239
1478800 1234
1478810 1234
1478820 1230
1478830 1228
1478840 1228
1478850 1227
1478860 1227
1478870 1227
1478880 1226
1478890 1224
1478900 1224
1478910 1221
1478920 1216
1478930 1210
1478940 1210
1478950 1203
1478960 1200
1478970 1200
1478980 1202
1478990 1207
1479000 1207
1479010 1214
1479020 1222
1479030 1222
1479040 1229
1479050 1233
1479060 1233
1479070 1235
1479080 1235
1479090 1235
1479100 1237
1479110 1236
1479120 1236
1479130 1235
1479140 1240
1479150 1240
1479160 1241
1479170 1242
1479180 1242
1479190 1242
1479200 1242
1479210 1242
1479220 1241
1479230 1239
1479240 1238
1479250 1238
1479260 1238
1479270 1239
1479280 1239
1479290 1239
1479300 1239
1479310 1239
1479320 1237
1479330 1233
1479340 1233
1479350 1230
1479360 1229
1479370 1229
1479380 1231
1479390 1232
1479400 1232
1479410 1232
1479420 1230
1479430 1230
1479440 1229
1479450 1231
1479460 1231
1479470 1237
1479480 1240
1479490 1240
1479500 1244
1479510 1249
1479520 1253
1479530 1253
1479540 1257
1479550 1261
1479560 1261
1479570 1264
1479580 1266
1479590 1266
1479600 1268
1479610 1270
1479620 1270
1479630 1273
1479640 1275
1479650 1275
1479660 1276
1479670 1276
1479680 1276
1479690 1274
1479700 1270
1479710 1270
1479720 1265
1479730 1260
1479740 1260
1479750 1256
1479760 1250
1479770 1250
1479780 1244
1479790 1239
1479800 1239
1479810 1234
1479820 1228
1479830 1221
1479840 1221
1479850 1217
1479860 1209
1479870 1209
1479880 1204
1479890 1206
1479900 1206
1479910 1209
1479920 1213
1479930 1213
1479940 1218
1479950 1219
1479960 1219
1479970 1221
1479980 1220
1479990 1220
