1460000 1304
1460010 1310
1460020 1315
1460030 1315
1460040 1317
1460050 1320
1460060 1320
1460070 1323
1460080 1325
1460090 1325
1460100 1330
1460110 1334
1460120 1334
1460130 1337
1460140 1339
1460150 1339
1460160 1341
1460170 1344
1460180 1344
1460190 1347
1460200 1353
1460210 1353
1460220 1357
1460230 1359
1460240 1363
1460250 1363
1460260 1367
1460270 1370
1460280 1370
1460290 1374
1460300 1377
1460310 1377
1460320 1380
1460330 1384
1460340 1384
1460350 1389
1460360 1395
1460370 1395
1460380 1399
1460390 1404
1460400 1404
1460410 1407
1460420 1410
1460430 1410
1460440 1413
1460450 1418
1460460 1418
1460470 1423
1460480 1426
1460490 1426
1460500 1428
1460510 1431
1460520 1431
1460530 1435
1460540 1439
1460550 1442
1460560 1442
1460570 1444
1460580 1448
1460590 1448
1460600 1452
1460610 1455
1460620 1455
1460630 1459
1460640 1461
1460650 1461
1460660 1463
1460670 1467
1460680 1467
1460690 1470
1460700 1474
1460710 1474
1460720 1477
1460730 1480
1460740 1480
1460750 1482
1460760 1483
1460770 1483
1460780 1484
1460790 1488
1460800 1488
1460810 1492
1460820 1494
1460830 1495
1460840 1495
1460850 1496
1460860 1498
1460870 1498
1460880 1499
1460890 1500
1460900 1500
1460910 1502
1460920 1504
1460930 1504
1460940 1506
1460950 1508
1460960 1508
1460970 1510
1460980 1512
1460990 1512
1461000 1515
1461010 1516
1461020 1516
1461030 1517
1461040 1518
1461050 1518
1461060 1519
1461070 1519
1461080 1519
1461090 1520
1461100 1520
1461110 1520
1461120 1520
1461130 1521
1461140 1522
1461150 1522
1461160 1523
1461170 1524
1461180 1524
1461190 1526
1461200 1528
1461210 1528
1461220 1530
1461230 1532
1461240 1532
1461250 1534
1461260 1535
1461270 1535
1461280 1535
1461290 1535
1461300 1535
1461310 1535
1461320 1536
1461330 1536
1461340 1536
1461350 1536
1461360 1536
1461370 1534
1461380 1533
1461390 1533
1461400 1534
1461410 1535
1461420 1535
1461430 1535
1461440 1536
1461450 1536
1461460 1536
1461470 1537
1461480 1538
1461490 1538
1461500 1537
1461510 1537
1461520 1537
1461530 1538
1461540 1541
1461550 1541
1461560 1543
1461570 1544
1461580 1544
1461590 1543
1461600 1539
1461610 1539
1461620 1536
1461630 1535
1461640 1535
1461650 1535
1461660 1534
1461670 1534
1461680 1534
1461690 1533
1461700 1533
1461710 1531
1461720 1529
1461730 1528
1461740 1528
1461750 1527
1461760 1526
1461770 1526
1461780 1526
1461790 1527
1461800 1527
1461810 1527
1461820 1527
1461830 1527
1461840 1528
1461850 1528
1461860 1528
1461870 1529
1461880 1528
1461890 1528
1461900 1528
1461910 1528
1461920 1528
1461930 1528
1461940 1529
1461950 1529
1461960 1529
1461970 1529
1461980 1529
1461990 1529
1462000 1528
1462010 1526
1462020 1526
1462030 1525
1462040 1524
1462050 1524
1462060 1524
1462070 1524
1462080 1524
1462090 1524
1462100 1521
1462110 1521
1462120 1518
1462130 1517
1462140 1517
1462150 1517
1462160 1517
1462170 1517
1462180 1517
1462190 1516
1462200 1516
1462210 1516
1462220 1515
1462230 1515
1462240 1514
1462250 1513
1462260 1513
1462270 1512
1462280 1511
1462290 1511
1462300 1511
1462310 1511
1462320 1510
1462330 1510
1462340 1511
1462350 1512
1462360 1512
1462370 1513
1462380 1513
1462390 1513
1462400 1513
1462410 1514
1462420 1514
1462430 1514
1462440 1514
1462450 1514
1462460 1513
1462470 1511
1462480 1511
1462490 1511
1462500 1510
1462510 1510
1462520 1510
1462530 1510
1462540 1510
1462550 1508
1462560 1507
1462570 1507
1462580 1507
1462590 1506
1462600 1505
1462610 1505
1462620 1502
1462630 1499
1462640 1499
1462650 1497
1462660 1496
1462670 1496
1462680 1496
1462690 1493
1462700 1493
1462710 1490
1462720 1489
1462730 1489
1462740 1488
1462750 1487
1462760 1487
1462770 1485
1462780 1483
1462790 1483
1462800 1479
1462810 1474
1462820 1474
1462830 1474
1462840 1475
1462850 1475
1462860 1474
1462870 1474
1462880 1474
1462890 1473
1462900 1472
1462910 1472
1462920 1472
1462930 1472
1462940 1471
1462950 1471
1462960 1470
1462970 1469
1462980 1469
1462990 1469
1463000 1469
1463010 1469
1463020 1468
1463030 1466
1463040 1466
1463050 1463
1463060 1461
1463070 1461
1463080 1458
1463090 1454
1463100 1454
1463110 1452
1463120 1447
1463130 1447
1463140 1445
1463150 1445
1463160 1445
1463170 1445
1463180 1444
1463190 1443
1463200 1443
1463210 1444
1463220 1445
1463230 1445
1463240 1446
1463250 1446
1463260 1446
1463270 1445
1463280 1443
1463290 1443
1463300 1441
1463310 1439
1463320 1439
1463330 1438
1463340 1438
1463350 1438
1463360 1437
1463370 1436
1463380 1436
1463390 1435
1463400 1433
1463410 1433
1463420 1432
1463430 1431
1463440 1431
1463450 1430
1463460 1429
1463470 1429
1463480 1428
1463490 1426
1463500 1425
1463510 1425
1463520 1426
1463530 1425
1463540 1425
1463550 1424
1463560 1423
1463570 1423
1463580 1422
1463590 1422
1463600 1422
1463610 1421
1463620 1419
1463630 1419
1463640 1417
1463650 1413
1463660 1413
1463670 1410
1463680 1407
1463690 1407
1463700 1403
1463710 1400
1463720 1400
1463730 1397
1463740 1394
1463750 1394
1463760 1390
1463770 1385
1463780 1380
1463790 1380
1463800 1375
1463810 1371
1463820 1371
1463830 1367
1463840 1360
1463850 1360
1463860 1354
1463870 1351
1463880 1351
1463890 1344
1463900 1338
1463910 1338
1463920 1332
1463930 1326
1463940 1326
1463950 1319
1463960 1313
1463970 1313
1463980 1306
1463990 1300
1464000 1300
1464010 1293
1464020 1286
1464030 1286
1464040 1279
1464050 1272
1464060 1272
1464070 1264
1464080 1261
1464090 1266
1464100 1266
1464110 1271
1464120 1270
1464130 1270
1464140 1269
1464150 1267
1464160 1267
1464170 1263
1464180 1257
1464190 1257
1464200 1249
1464210 1242
1464220 1242
1464230 1235
1464240 1228
1464250 1228
1464260 1221
1464270 1214
1464280 1214
1464290 1210
1464300 1210
1464310 1210
1464320 1212
1464330 1213
1464340 1213
1464350 1213
1464360 1213
1464370 1213
1464380 1212
1464390 1212
1464400 1211
1464410 1211
1464420 1209
1464430 1204
1464440 1204
1464450 1200
1464460 1205
1464470 1205
1464480 1207
1464490 1208
1464500 1208
1464510 1208
1464520 1209
1464530 1209
1464540 1208
1464550 1207
1464560 1207
1464570 1205
1464580 1205
1464590 1205
1464600 1205
1464610 1204
1464620 1204
1464630 1203
1464640 1202
1464650 1202
1464660 1199
1464670 1194
1464680 1195
1464690 1195
1464700 1199
1464710 1200
1464720 1200
1464730 1202
1464740 1205
1464750 1205
1464760 1206
1464770 1206
1464780 1206
1464790 1205
1464800 1203
1464810 1203
1464820 1202
1464830 1201
1464840 1201
1464850 1200
1464860 1198
1464870 1198
1464880 1196
1464890 1195
1464900 1195
1464910 1193
1464920 1192
1464930 1192
1464940 1191
1464950 1190
1464960 1190
1464970 1191
1464980 1192
1464990 1191
1465000 1191
1465010 1191
1465020 1191
1465030 1191
1465040 1191
1465050 1191
1465060 1191
1465070 1189
1465080 1187
1465090 1187
1465100 1184
1465110 1182
1465120 1182
1465130 1180
1465140 1178
1465150 1178
1465160 1176
1465170 1175
1465180 1175
1465190 1174
1465200 1173
1465210 1173
1465220 1171
1465230 1168
1465240 1168
1465250 1165
1465260 1162
1465270 1160
1465280 1160
1465290 1157
1465300 1154
1465310 1154
1465320 1150
1465330 1147
1465340 1147
1465350 1143
1465360 1143
1465370 1143
1465380 1144
1465390 1147
1465400 1147
1465410 1148
1465420 1145
1465430 1145
1465440 1141
1465450 1144
1465460 1144
1465470 1142
1465480 1137
1465490 1137
1465500 1133
1465510 1131
1465520 1131
1465530 1128
1465540 1128
1465550 1128
1465560 1127
1465570 1120
1465580 1115
1465590 1115
1465600 1109
1465610 1112
1465620 1112
1465630 1118
1465640 1124
1465650 1124
1465660 1133
1465670 1136
1465680 1136
1465690 1136
1465700 1134
1465710 1134
1465720 1132
1465730 1132
1465740 1132
1465750 1130
1465760 1129
1465770 1129
1465780 1127
1465790 1125
1465800 1125
1465810 1124
1465820 1121
1465830 1121
1465840 1118
1465850 1117
1465860 1116
1465870 1116
1465880 1115
1465890 1113
1465900 1113
1465910 1111
1465920 1108
1465930 1108
1465940 1106
1465950 1104
1465960 1104
1465970 1101
1465980 1096
1465990 1096
1466000 1091
1466010 1088
1466020 1088
1466030 1086
1466040 1084
1466050 1084
1466060 1084
1466070 1084
1466080 1084
1466090 1086
1466100 1090
1466110 1090
1466120 1090
1466130 1089
1466140 1089
1466150 1087
1466160 1084
1466170 1079
1466180 1079
1466190 1073
1466200 1068
1466210 1068
1466220 1064
1466230 1059
1466240 1059
1466250 1055
1466260 1051
1466270 1051
1466280 1046
1466290 1042
1466300 1042
1466310 1038
1466320 1033
1466330 1033
1466340 1028
1466350 1022
1466360 1022
1466370 1017
1466380 1015
1466390 1015
1466400 1018
1466410 1018
1466420 1018
1466430 1016
1466440 1013
1466450 1008
1466460 1008
1466470 1003
1466480 1001
1466490 1001
1466500 998
1466510 995
1466520 995
1466530 991
1466540 988
1466550 988
1466560 986
1466570 983
1466580 983
1466590 979
1466600 972
1466610 972
1466620 968
1466630 965
1466640 965
1466650 960
1466660 952
1466670 952
1466680 943
1466690 947
1466700 947
1466710 954
1466720 959
1466730 959
1466740 961
1466750 961
1466760 957
1466770 957
1466780 950
1466790 942
1466800 942
1466810 933
1466820 935
1466830 935
1466840 938
1466850 940
1466860 940
1466870 941
1466880 941
1466890 941
1466900 939
1466910 937
1466920 937
1466930 934
1466940 929
1466950 929
1466960 925
1466970 923
1466980 923
1466990 922
1467000 922
1467010 922
1467020 920
1467030 916
1467040 917
1467050 917
1467060 918
1467070 916
1467080 916
1467090 913
1467100 911
1467110 911
1467120 910
1467130 908
1467140 908
1467150 906
1467160 902
1467170 902
1467180 897
1467190 893
1467200 893
1467210 887
1467220 884
1467230 884
1467240 882
1467250 878
1467260 878
1467270 874
1467280 872
1467290 872
1467300 874
1467310 874
1467320 874
1467330 873
1467340 870
1467350 866
1467360 866
1467370 862
1467380 859
1467390 859
1467400 855
1467410 851
1467420 851
1467430 847
1467440 841
1467450 841
1467460 833
1467470 822
1467480 822
1467490 824
1467500 828
1467510 828
1467520 829
1467530 831
1467540 831
1467550 833
1467560 834
1467570 834
1467580 832
1467590 829
1467600 829
1467610 827
1467620 823
1467630 818
1467640 818
1467650 813
1467660 809
1467670 809
1467680 811
1467690 810
1467700 810
1467710 808
1467720 805
1467730 805
1467740 803
1467750 798
1467760 798
1467770 793
1467780 788
1467790 788
1467800 782
1467810 779
1467820 779
1467830 777
1467840 775
1467850 775
1467860 772
1467870 770
1467880 770
1467890 768
1467900 766
1467910 766
1467920 764
1467930 762
1467940 761
1467950 761
1467960 760
1467970 761
1467980 761
1467990 761
1468000 760
1468010 760
1468020 758
1468030 757
1468040 757
1468050 752
1468060 740
1468070 740
1468080 726
1468090 722
1468100 722
1468110 720
1468120 711
1468130 711
1468140 703
1468150 702
1468160 702
1468170 700
1468180 697
1468190 697
1468200 694
1468210 693
1468220 692
1468230 692
1468240 690
1468250 684
1468260 684
1468270 680
1468280 678
1468290 678
1468300 678
1468310 680
1468320 680
1468330 689
1468340 699
1468350 699
1468360 709
1468370 716
1468380 716
1468390 720
1468400 712
1468410 712
1468420 710
1468430 717
1468440 717
1468450 726
1468460 728
1468470 728
1468480 725
1468490 729
1468500 729
1468510 736
1468520 745
1468530 749
1468540 749
1468550 753
1468560 756
1468570 756
1468580 758
1468590 759
1468600 759
1468610 759
1468620 760
1468630 760
1468640 760
1468650 761
1468660 761
1468670 764
1468680 765
1468690 765
1468700 766
1468710 766
1468720 766
1468730 766
1468740 763
1468750 763
1468760 755
1468770 749
1468780 749
1468790 755
1468800 759
1468810 759
1468820 759
1468830 760
1468840 762
1468850 762
1468860 763
1468870 763
1468880 763
1468890 764
1468900 764
1468910 764
1468920 763
1468930 760
1468940 760
1468950 754
1468960 751
1468970 751
1468980 747
1468990 743
1469000 743
1469010 741
1469020 739
1469030 739
1469040 738
1469050 739
1469060 739
1469070 742
1469080 744
1469090 744
1469100 748
1469110 752
1469120 752
1469130 752
1469140 751
1469150 753
1469160 753
1469170 756
1469180 758
1469190 758
1469200 758
1469210 759
1469220 759
1469230 761
1469240 763
1469250 763
1469260 764
1469270 766
1469280 766
1469290 767
1469300 768
1469310 768
1469320 769
1469330 771
1469340 771
1469350 773
1469360 774
1469370 774
1469380 774
1469390 775
1469400 775
1469410 775
1469420 775
1469430 777
1469440 777
1469450 779
1469460 781
1469470 781
1469480 784
1469490 785
1469500 785
1469510 787
1469520 789
1469530 789
1469540 791
1469550 793
1469560 793
1469570 796
1469580 798
1469590 798
1469600 800
1469610 802
1469620 802
1469630 802
1469640 801
1469650 801
1469660 801
1469670 802
1469680 802
1469690 803
1469700 803
1469710 805
1469720 805
1469730 806
1469740 805
1469750 805
1469760 806
1469770 808
1469780 808
1469790 810
1469800 812
1469810 812
1469820 813
1469830 814
1469840 814
1469850 814
1469860 816
1469870 816
1469880 820
1469890 823
1469900 823
1469910 826
1469920 828
1469930 828
1469940 829
1469950 829
1469960 829
1469970 830
1469980 830
1469990 830
1470000 828
1470010 825
1470020 823
1470030 823
1470040 821
1470050 820
1470060 820
1470070 819
1470080 820
1470090 820
1470100 823
1470110 825
1470120 825
1470130 823
1470140 822
1470150 822
1470160 822
1470170 824
1470180 824
1470190 823
1470200 819
1470210 819
1470220 814
1470230 810
1470240 810
1470250 805
1470260 801
1470270 801
1470280 798
1470290 793
1470300 790
1470310 790
1470320 786
1470330 781
1470340 781
1470350 778
1470360 774
1470370 774
1470380 770
1470390 768
1470400 768
1470410 766
1470420 764
1470430 764
1470440 762
1470450 759
1470460 759
1470470 756
1470480 751
1470490 751
1470500 745
1470510 744
1470520 744
1470530 743
1470540 743
1470550 743
1470560 741
1470570 738
1470580 738
1470590 735
1470600 733
1470610 731
1470620 731
1470630 730
1470640 730
1470650 730
1470660 728
1470670 726
1470680 726
1470690 727
1470700 728
1470710 728
1470720 726
1470730 721
1470740 721
1470750 715
1470760 709
1470770 709
1470780 702
1470790 696
1470800 696
1470810 689
1470820 682
1470830 682
1470840 678
1470850 673
1470860 673
1470870 665
1470880 660
1470890 653
1470900 653
1470910 647
1470920 644
1470930 644
1470940 640
1470950 638
1470960 638
1470970 633
1470980 628
1470990 628
1471000 625
1471010 622
1471020 622
1471030 617
1471040 612
1471050 612
1471060 608
1471070 605
1471080 605
1471090 603
1471100 600
1471110 600
1471120 598
1471130 596
1471140 596
1471150 594
1471160 592
1471170 592
1471180 591
1471190 590
1471200 589
1471210 589
1471220 587
1471230 587
1471240 587
1471250 582
1471260 574
1471270 574
1471280 569
1471290 566
1471300 566
1471310 565
1471320 565
1471330 565
1471340 565
1471350 563
1471360 563
1471370 556
1471380 554
1471390 554
1471400 554
1471410 554
1471420 554
1471430 554
1471440 554
1471450 554
1471460 554
1471470 553
1471480 553
1471490 553
1471500 553
1471510 553
1471520 553
1471530 553
1471540 552
1471550 552
1471560 552
1471570 552
1471580 552
1471590 552
1471600 552
1471610 552
1471620 552
1471630 552
1471640 552
1471650 551
1471660 551
1471670 551
1471680 551
1471690 551
1471700 551
1471710 551
1471720 551
1471730 551
1471740 551
1471750 551
1471760 551
1471770 551
1471780 551
1471790 550
1471800 550
1471810 550
1471820 550
1471830 550
1471840 550
1471850 550
1471860 550
1471870 550
1471880 550
1471890 550
1471900 550
1471910 550
1471920 550
1471930 550
1471940 549
1471950 549
1471960 550
1471970 550
1471980 550
1471990 550
1472000 550
1472010 550
1472020 549
1472030 549
1472040 549
1472050 549
1472060 548
1472070 548
1472080 548
1472090 548
1472100 548
1472110 548
1472120 546
1472130 546
1472140 546
1472150 546
1472160 545
1472170 545
1472180 545
1472190 545
1472200 545
1472210 545
1472220 545
1472230 545
1472240 545
1472250 548
1472260 548
1472270 549
1472280 549
1472290 549
1472300 552
1472310 553
1472320 553
1472330 554
1472340 560
1472350 560
1472360 567
1472370 572
1472380 578
1472390 578
1472400 583
1472410 587
1472420 587
1472430 595
1472440 599
1472450 599
1472460 603
1472470 607
1472480 607
1472490 611
1472500 611
1472510 611
1472520 609
1472530 605
1472540 605
1472550 602
1472560 598
1472570 598
1472580 596
1472590 599
1472600 599
1472610 598
1472620 601
1472630 601
1472640 606
1472650 606
1472660 604
1472670 604
1472680 603
1472690 609
1472700 609
1472710 611
1472720 609
1472730 609
1472740 609
1472750 610
1472760 610
1472770 612
1472780 618
1472790 618
1472800 619
1472810 620
1472820 620
1472830 624
1472840 626
1472850 626
1472860 631
1472870 633
1472880 633
1472890 628
1472900 624
1472910 624
1472920 630
1472930 638
1472940 638
1472950 644
1472960 651
1472970 657
1472980 657
1472990 664
1473000 666
1473010 666
1473020 670
1473030 672
1473040 672
1473050 672
1473060 663
1473070 663
1473080 659
1473090 658
1473100 658
1473110 661
1473120 666
1473130 666
1473140 668
1473150 669
1473160 669
1473170 670
1473180 668
1473190 668
1473200 668
1473210 667
1473220 667
1473230 665
1473240 665
1473250 667
1473260 667
1473270 670
1473280 672
1473290 672
1473300 676
1473310 681
1473320 681
1473330 687
1473340 693
1473350 693
1473360 698
1473370 700
1473380 700
1473390 703
1473400 706
1473410 706
1473420 709
1473430 712
1473440 712
1473450 715
1473460 719
1473470 719
1473480 723
1473490 727
1473500 727
1473510 731
1473520 734
1473530 734
1473540 732
1473550 734
1473560 736
1473570 736
1473580 736
1473590 741
1473600 741
1473610 746
1473620 751
1473630 751
1473640 756
1473650 760
1473660 760
1473670 763
1473680 768
1473690 768
1473700 774
1473710 781
1473720 781
1473730 786
1473740 788
1473750 788
1473760 789
1473770 792
1473780 792
1473790 797
1473800 797
1473810 797
1473820 794
1473830 795
1473840 795
1473850 800
1473860 802
1473870 803
1473880 803
1473890 803
1473900 804
1473910 804
1473920 807
1473930 809
1473940 809
1473950 812
1473960 814
1473970 814
1473980 819
1473990 823
1474000 823
1474010 827
1474020 830
1474030 830
1474040 833
1474050 837
1474060 837
1474070 840
1474080 845
1474090 845
1474100 850
1474110 857
1474120 857
1474130 863
1474140 869
1474150 875
1474160 875
1474170 881
1474180 885
1474190 885
1474200 892
1474210 897
1474220 897
1474230 899
1474240 904
1474250 904
1474260 911
1474270 918
1474280 918
1474290 924
1474300 926
1474310 926
1474320 930
1474330 934
1474340 934
1474350 938
1474360 942
1474370 942
1474380 945
1474390 947
1474400 947
1474410 949
1474420 950
1474430 950
1474440 952
1474450 954
1474460 956
1474470 956
1474480 957
1474490 959
1474500 959
1474510 963
1474520 966
1474530 966
1474540 970
1474550 974
1474560 974
1474570 978
1474580 982
1474590 982
1474600 987
1474610 994
1474620 994
1474630 998
1474640 1002
1474650 1002
1474660 1005
1474670 1009
1474680 1009
1474690 1012
1474700 1014
1474710 1014
1474720 1016
1474730 1018
1474740 1021
1474750 1021
1474760 1026
1474770 1030
1474780 1030
1474790 1033
1474800 1034
1474810 1034
1474820 1036
1474830 1038
1474840 1038
1474850 1041
1474860 1044
1474870 1044
1474880 1049
1474890 1052
1474900 1052
1474910 1055
1474920 1059
1474930 1059
1474940 1062
1474950 1065
1474960 1065
1474970 1067
1474980 1070
1474990 1070
1475000 1072
1475010 1074
1475020 1074
1475030 1077
1475040 1079
1475050 1082
1475060 1082
1475070 1086
1475080 1089
1475090 1089
1475100 1093
1475110 1095
1475120 1095
1475130 1098
1475140 1100
1475150 1100
1475160 1103
1475170 1106
1475180 1106
1475190 1110
1475200 1113
1475210 1113
1475220 1117
1475230 1121
1475240 1121
1475250 1127
1475260 1132
1475270 1132
1475280 1136
1475290 1141
1475300 1141
1475310 1146
1475320 1151
1475330 1156
1475340 1156
1475350 1160
1475360 1165
1475370 1165
1475380 1171
1475390 1176
1475400 1176
1475410 1180
1475420 1181
1475430 1181
1475440 1182
1475450 1183
1475460 1183
1475470 1181
1475480 1180
1475490 1180
1475500 1177
1475510 1175
1475520 1175
1475530 1173
1475540 1170
1475550 1170
1475560 1164
1475570 1158
1475580 1158
1475590 1155
1475600 1153
1475610 1153
1475620 1148
1475630 1141
1475640 1132
1475650 1132
1475660 1125
1475670 1119
1475680 1119
1475690 1115
1475700 1115
1475710 1115
1475720 1117
1475730 1119
1475740 1119
1475750 1123
1475760 1127
1475770 1127
1475780 1133
1475790 1141
1475800 1141
1475810 1148
1475820 1155
1475830 1155
1475840 1164
1475850 1171
1475860 1171
1475870 1176
1475880 1180
1475890 1180
1475900 1183
1475910 1188
1475920 1193
1475930 1193
1475940 1196
1475950 1201
1475960 1201
1475970 1205
1475980 1209
1475990 1209
1476000 1214
1476010 1219
1476020 1219
1476030 1224
1476040 1228
1476050 1228
1476060 1230
1476070 1232
1476080 1232
1476090 1235
1476100 1236
1476110 1236
1476120 1238
1476130 1241
1476140 1241
1476150 1245
1476160 1249
1476170 1249
1476180 1253
1476190 1256
1476200 1256
1476210 1258
1476220 1260
1476230 1262
1476240 1262
1476250 1264
1476260 1267
1476270 1267
1476280 1270
1476290 1274
1476300 1274
1476310 1276
1476320 1279
1476330 1279
1476340 1282
1476350 1282
1476360 1282
1476370 1285
1476380 1288
1476390 1288
1476400 1291
1476410 1296
1476420 1296
1476430 1300
1476440 1301
1476450 1301
1476460 1304
1476470 1308
1476480 1308
1476490 1313
1476500 1314
1476510 1315
1476520 1315
1476530 1319
1476540 1323
1476550 1323
1476560 1328
1476570 1333
1476580 1333
1476590 1338
1476600 1342
1476610 1342
1476620 1347
1476630 1351
1476640 1351
1476650 1355
1476660 1358
1476670 1358
1476680 1361
1476690 1365
1476700 1365
1476710 1369
1476720 1374
1476730 1374
1476740 1378
1476750 1382
1476760 1382
1476770 1386
1476780 1390
1476790 1390
1476800 1393
1476810 1397
1476820 1399
1476830 1399
1476840 1401
1476850 1404
1476860 1404
1476870 1407
1476880 1410
1476890 1410
1476900 1413
1476910 1415
1476920 1415
1476930 1418
1476940 1421
1476950 1421
1476960 1423
1476970 1426
1476980 1426
1476990 1429
1477000 1432
1477010 1432
1477020 1435
1477030 1440
1477040 1440
1477050 1444
1477060 1449
1477070 1449
1477080 1454
1477090 1459
1477100 1464
1477110 1464
1477120 1469
1477130 1472
1477140 1472
1477150 1475
1477160 1478
1477170 1478
1477180 1482
1477190 1487
1477200 1487
1477210 1492
1477220 1498
1477230 1498
1477240 1505
1477250 1511
1477260 1511
1477270 1518
1477280 1525
1477290 1525
1477300 1531
1477310 1538
1477320 1538
1477330 1545
1477340 1552
1477350 1552
1477360 1557
1477370 1564
1477380 1564
1477390 1569
1477400 1575
1477410 1581
1477420 1581
1477430 1587
1477440 1593
1477450 1593
1477460 1599
1477470 1605
1477480 1605
1477490 1611
1477500 1616
1477510 1616
1477520 1622
1477530 1628
1477540 1628
1477550 1633
1477560 1638
1477570 1638
1477580 1644
1477590 1648
1477600 1648
1477610 1652
1477620 1656
1477630 1656
1477640 1660
1477650 1664
1477660 1664
1477670 1668
1477680 1671
1477690 1673
1477700 1673
1477710 1675
1477720 1678
1477730 1678
1477740 1680
1477750 1683
1477760 1683
1477770 1687
1477780 1690
1477790 1690
1477800 1694
1477810 1697
1477820 1697
1477830 1699
1477840 1701
1477850 1701
1477860 1702
1477870 1704
1477880 1704
1477890 1709
1477900 1712
1477910 1712
1477920 1716
1477930 1720
1477940 1720
1477950 1725
1477960 1728
1477970 1728
1477980 1730
1477990 1731
1478000 1732
1478010 1732
1478020 1733
1478030 1732
1478040 1732
1478050 1728
1478060 1723
1478070 1723
1478080 1716
1478090 1711
1478100 1711
1478110 1706
1478120 1700
1478130 1700
1478140 1694
1478150 1690
1478160 1690
1478170 1686
1478180 1681
1478190 1681
1478200 1676
1478210 1673
1478220 1673
1478230 1669
1478240 1665
1478250 1665
1478260 1661
1478270 1658
1478280 1655
1478290 1655
1478300 1652
1478310 1649
1478320 1649
1478330 1646
1478340 1641
1478350 1641
1478360 1635
1478370 1629
1478380 1629
1478390 1623
1478400 1616
1478410 1616
1478420 1613
1478430 1611
1478440 1611
1478450 1609
1478460 1605
1478470 1605
1478480 1602
1478490 1600
1478500 1600
1478510 1597
1478520 1594
1478530 1594
1478540 1592
1478550 1589
1478560 1589
1478570 1583
1478580 1577
1478590 1573
1478600 1573
1478610 1572
1478620 1571
1478630 1571
1478640 1568
1478650 1565
1478660 1565
1478670 1566
1478680 1566
1478690 1566
1478700 1566
1478710 1565
1478720 1565
1478730 1563
1478740 1561
1478750 1561
1478760 1559
1478770 1557
1478780 1557
1478790 1557
1478800 1556
1478810 1556
1478820 1557
1478830 1557
1478840 1557
1478850 1556
1478860 1556
1478870 1556
1478880 1555
1478890 1554
1478900 1554
1478910 1554
1478920 1553
1478930 1550
1478940 1550
1478950 1549
1478960 1551
1478970 1551
1478980 1552
1478990 1553
1479000 1553
1479010 1553
1479020 1553
1479030 1553
1479040 1553
1479050 1553
1479060 1553
1479070 1553
1479080 1553
1479090 1553
1479100 1553
1479110 1552
1479120 1552
1479130 1552
1479140 1553
1479150 1553
1479160 1554
1479170 1555
1479180 1556
1479190 1556
1479200 1557
1479210 1558
1479220 1558
1479230 1559
1479240 1559
1479250 1559
1479260 1559
1479270 1559
1479280 1559
1479290 1559
1479300 1559
1479310 1559
1479320 1558
1479330 1558
1479340 1558
1479350 1558
1479360 1558
1479370 1558
1479380 1557
1479390 1557
1479400 1557
1479410 1556
1479420 1554
1479430 1554
1479440 1552
1479450 1549
1479460 1549
1479470 1546
1479480 1542
1479490 1539
1479500 1539
1479510 1536
1479520 1532
1479530 1532
1479540 1530
1479550 1528
1479560 1528
1479570 1526
1479580 1526
1479590 1526
1479600 1525
1479610 1522
1479620 1522
1479630 1521
1479640 1520
1479650 1520
1479660 1520
1479670 1520
1479680 1520
1479690 1520
1479700 1520
1479710 1520
1479720 1520
1479730 1519
1479740 1519
1479750 1521
1479760 1522
1479770 1523
1479780 1523
1479790 1525
1479800 1526
1479810 1526
1479820 1528
1479830 1529
1479840 1529
1479850 1530
1479860 1531
1479870 1531
1479880 1532
1479890 1533
1479900 1533
1479910 1533
1479920 1533
1479930 1533
1479940 1533
1479950 1532
1479960 1532
1479970 1532
1479980 1533
1479990 1533
