1460000 1321
1460010 1322
1460020 1326
1460030 1326
1460040 1330
1460050 1333
1460060 1333
1460070 1337
1460080 1341
1460090 1342
1460100 1342
1460110 1340
1460120 1339
1460130 1339
1460140 1339
1460150 1339
1460160 1339
1460170 1340
1460180 1341
1460190 1341
1460200 1342
1460210 1346
1460220 1346
1460230 1352
1460240 1357
1460250 1357
1460260 1359
1460270 1359
1460280 1359
1460290 1361
1460300 1363
1460310 1363
1460320 1365
1460330 1365
1460340 1365
1460350 1365
1460360 1366
1460370 1369
1460380 1369
1460390 1371
1460400 1373
1460410 1373
1460420 1374
1460430 1376
1460440 1376
1460450 1377
1460460 1378
1460470 1378
1460480 1379
1460490 1380
1460500 1380
1460510 1381
1460520 1382
1460530 1382
1460540 1383
1460550 1385
1460560 1385
1460570 1389
1460580 1393
1460590 1393
1460600 1396
1460610 1399
1460620 1399
1460630 1402
1460640 1405
1460650 1405
1460660 1407
1460670 1410
1460680 1413
1460690 1413
1460700 1415
1460710 1417
1460720 1417
1460730 1418
1460740 1420
1460750 1420
1460760 1423
1460770 1425
1460780 1425
1460790 1428
1460800 1430
1460810 1430
1460820 1432
1460830 1434
1460840 1434
1460850 1431
1460860 1427
1460870 1427
1460880 1432
1460890 1441
1460900 1441
1460910 1448
1460920 1455
1460930 1455
1460940 1461
1460950 1465
1460960 1467
1460970 1467
1460980 1469
1460990 1471
1461000 1471
1461010 1473
1461020 1475
1461030 1475
1461040 1480
1461050 1484
1461060 1484
1461070 1488
1461080 1493
1461090 1493
1461100 1495
1461110 1499
1461120 1499
1461130 1505
1461140 1510
1461150 1510
1461160 1513
1461170 1517
1461180 1517
1461190 1521
1461200 1525
1461210 1525
1461220 1529
1461230 1533
1461240 1533
1461250 1537
1461260 1541
1461270 1546
1461280 1546
1461290 1551
1461300 1555
1461310 1555
1461320 1559
1461330 1564
1461340 1564
1461350 1569
1461360 1574
1461370 1574
1461380 1580
1461390 1586
1461400 1586
1461410 1591
1461420 1596
1461430 1596
1461440 1599
1461450 1602
1461460 1602
1461470 1606
1461480 1609
1461490 1609
1461500 1612
1461510 1617
1461520 1617
1461530 1621
1461540 1625
1461550 1625
1461560 1628
1461570 1633
1461580 1636
1461590 1636
1461600 1641
1461610 1644
1461620 1644
1461630 1648
1461640 1652
1461650 1652
1461660 1656
1461670 1660
1461680 1660
1461690 1664
1461700 1668
1461710 1668
1461720 1671
1461730 1674
1461740 1674
1461750 1677
1461760 1679
1461770 1679
1461780 1681
1461790 1684
1461800 1684
1461810 1687
1461820 1691
1461830 1691
1461840 1694
1461850 1697
1461860 1701
1461870 1701
1461880 1704
1461890 1707
1461900 1707
1461910 1710
1461920 1713
1461930 1713
1461940 1714
1461950 1716
1461960 1716
1461970 1717
1461980 1718
1461990 1718
1462000 1719
1462010 1719
1462020 1719
1462030 1719
1462040 1719
1462050 1719
1462060 1721
1462070 1724
1462080 1724
1462090 1727
1462100 1729
1462110 1729
1462120 1731
1462130 1733
1462140 1733
1462150 1734
1462160 1735
1462170 1736
1462180 1736
1462190 1737
1462200 1738
1462210 1738
1462220 1739
1462230 1740
1462240 1740
1462250 1741
1462260 1743
1462270 1743
1462280 1745
1462290 1747
1462300 1747
1462310 1750
1462320 1751
1462330 1751
1462340 1753
1462350 1754
1462360 1754
1462370 1753
1462380 1751
1462390 1751
1462400 1748
1462410 1747
1462420 1747
1462430 1746
1462440 1746
1462450 1745
1462460 1745
1462470 1743
1462480 1742
1462490 1742
1462500 1743
1462510 1743
1462520 1743
1462530 1743
1462540 1744
1462550 1744
1462560 1745
1462570 1745
1462580 1745
1462590 1746
1462600 1745
1462610 1745
1462620 1745
1462630 1744
1462640 1744
1462650 1743
1462660 1743
1462670 1743
1462680 1744
1462690 1745
1462700 1745
1462710 1746
1462720 1748
1462730 1748
1462740 1750
1462750 1753
1462760 1754
1462770 1754
1462780 1756
1462790 1756
1462800 1756
1462810 1757
1462820 1756
1462830 1756
1462840 1756
1462850 1755
1462860 1755
1462870 1755
1462880 1754
1462890 1754
1462900 1753
1462910 1752
1462920 1752
1462930 1749
1462940 1745
1462950 1745
1462960 1741
1462970 1737
1462980 1737
1462990 1734
1463000 1731
1463010 1731
1463020 1728
1463030 1724
1463040 1724
1463050 1720
1463060 1717
1463070 1714
1463080 1714
1463090 1711
1463100 1707
1463110 1707
1463120 1704
1463130 1701
1463140 1701
1463150 1698
1463160 1695
1463170 1695
1463180 1692
1463190 1689
1463200 1689
1463210 1687
1463220 1686
1463230 1686
1463240 1686
1463250 1684
1463260 1684
1463270 1683
1463280 1681
1463290 1681
1463300 1680
1463310 1678
1463320 1678
1463330 1677
1463340 1675
1463350 1671
1463360 1671
1463370 1667
1463380 1665
1463390 1665
1463400 1664
1463410 1663
1463420 1663
1463430 1662
1463440 1660
1463450 1660
1463460 1659
1463470 1658
1463480 1658
1463490 1656
1463500 1654
1463510 1654
1463520 1654
1463530 1652
1463540 1652
1463550 1649
1463560 1647
1463570 1647
1463580 1644
1463590 1641
1463600 1641
1463610 1638
1463620 1636
1463630 1636
1463640 1634
1463650 1631
1463660 1629
1463670 1629
1463680 1627
1463690 1625
1463700 1625
1463710 1623
1463720 1621
1463730 1621
1463740 1619
1463750 1616
1463760 1616
1463770 1614
1463780 1612
1463790 1612
1463800 1609
1463810 1607
1463820 1607
1463830 1605
1463840 1602
1463850 1602
1463860 1598
1463870 1594
1463880 1594
1463890 1588
1463900 1583
1463910 1583
1463920 1578
1463930 1573
1463940 1568
1463950 1568
1463960 1564
1463970 1559
1463980 1559
1463990 1553
1464000 1548
1464010 1548
1464020 1544
1464030 1542
1464040 1542
1464050 1540
1464060 1538
1464070 1538
1464080 1536
1464090 1534
1464100 1534
1464110 1532
1464120 1531
1464130 1531
1464140 1530
1464150 1530
1464160 1530
1464170 1530
1464180 1528
1464190 1528
1464200 1527
1464210 1525
1464220 1525
1464230 1523
1464240 1521
1464250 1520
1464260 1520
1464270 1519
1464280 1517
1464290 1517
1464300 1516
1464310 1516
1464320 1516
1464330 1514
1464340 1513
1464350 1513
1464360 1512
1464370 1511
1464380 1511
1464390 1510
1464400 1508
1464410 1508
1464420 1507
1464430 1506
1464440 1506
1464450 1505
1464460 1503
1464470 1503
1464480 1502
1464490 1500
1464500 1500
1464510 1496
1464520 1493
1464530 1493
1464540 1490
1464550 1485
1464560 1478
1464570 1478
1464580 1472
1464590 1467
1464600 1467
1464610 1462
1464620 1456
1464630 1456
1464640 1448
1464650 1441
1464660 1441
1464670 1439
1464680 1438
1464690 1438
1464700 1433
1464710 1430
1464720 1430
1464730 1427
1464740 1425
1464750 1425
1464760 1422
1464770 1418
1464780 1418
1464790 1417
1464800 1414
1464810 1414
1464820 1411
1464830 1408
1464840 1406
1464850 1406
1464860 1405
1464870 1406
1464880 1406
1464890 1405
1464900 1405
1464910 1405
1464920 1403
1464930 1402
1464940 1402
1464950 1401
1464960 1400
1464970 1400
1464980 1399
1464990 1398
1465000 1398
1465010 1398
1465020 1397
1465030 1397
1465040 1395
1465050 1393
1465060 1393
1465070 1390
1465080 1388
1465090 1388
1465100 1386
1465110 1385
1465120 1385
1465130 1383
1465140 1380
1465150 1376
1465160 1376
1465170 1373
1465180 1370
1465190 1370
1465200 1366
1465210 1362
1465220 1362
1465230 1358
1465240 1356
1465250 1356
1465260 1355
1465270 1353
1465280 1353
1465290 1352
1465300 1352
1465310 1352
1465320 1351
1465330 1351
1465340 1351
1465350 1350
1465360 1349
1465370 1349
1465380 1347
1465390 1345
1465400 1345
1465410 1343
1465420 1342
1465430 1342
1465440 1342
1465450 1341
1465460 1340
1465470 1340
1465480 1339
1465490 1338
1465500 1338
1465510 1336
1465520 1334
1465530 1334
1465540 1332
1465550 1330
1465560 1330
1465570 1325
1465580 1321
1465590 1321
1465600 1318
1465610 1314
1465620 1314
1465630 1311
1465640 1309
1465650 1309
1465660 1308
1465670 1307
1465680 1307
1465690 1307
1465700 1307
1465710 1307
1465720 1307
1465730 1306
1465740 1304
1465750 1304
1465760 1301
1465770 1299
1465780 1299
1465790 1296
1465800 1294
1465810 1294
1465820 1293
1465830 1294
1465840 1294
1465850 1295
1465860 1296
1465870 1296
1465880 1296
1465890 1296
1465900 1296
1465910 1294
1465920 1294
1465930 1294
1465940 1294
1465950 1295
1465960 1295
1465970 1297
1465980 1300
1465990 1300
1466000 1302
1466010 1301
1466020 1301
1466030 1298
1466040 1297
1466050 1296
1466060 1296
1466070 1294
1466080 1293
1466090 1293
1466100 1292
1466110 1291
1466120 1291
1466130 1289
1466140 1287
1466150 1287
1466160 1287
1466170 1287
1466180 1287
1466190 1287
1466200 1286
1466210 1286
1466220 1284
1466230 1283
1466240 1283
1466250 1282
1466260 1282
1466270 1282
1466280 1279
1466290 1277
1466300 1277
1466310 1275
1466320 1275
1466330 1274
1466340 1274
1466350 1274
1466360 1274
1466370 1274
1466380 1273
1466390 1273
1466400 1273
1466410 1269
1466420 1265
1466430 1265
1466440 1263
1466450 1260
1466460 1260
1466470 1257
1466480 1253
1466490 1253
1466500 1250
1466510 1247
1466520 1247
1466530 1245
1466540 1242
1466550 1242
1466560 1240
1466570 1237
1466580 1237
1466590 1233
1466600 1231
1466610 1231
1466620 1229
1466630 1228
1466640 1227
1466650 1227
1466660 1227
1466670 1226
1466680 1226
1466690 1224
1466700 1222
1466710 1222
1466720 1219
1466730 1215
1466740 1215
1466750 1213
1466760 1212
1466770 1212
1466780 1210
1466790 1209
1466800 1209
1466810 1208
1466820 1206
1466830 1206
1466840 1205
1466850 1205
1466860 1205
1466870 1203
1466880 1201
1466890 1201
1466900 1199
1466910 1196
1466920 1193
1466930 1193
1466940 1189
1466950 1187
1466960 1187
1466970 1186
1466980 1184
1466990 1184
1467000 1182
1467010 1178
1467020 1178
1467030 1175
1467040 1172
1467050 1172
1467060 1171
1467070 1169
1467080 1169
1467090 1167
1467100 1165
1467110 1165
1467120 1164
1467130 1163
1467140 1163
1467150 1161
1467160 1159
1467170 1159
1467180 1157
1467190 1156
1467200 1156
1467210 1155
1467220 1154
1467230 1153
1467240 1153
1467250 1151
1467260 1148
1467270 1148
1467280 1146
1467290 1144
1467300 1144
1467310 1142
1467320 1139
1467330 1139
1467340 1136
1467350 1134
1467360 1134
1467370 1131
1467380 1128
1467390 1128
1467400 1125
1467410 1122
1467420 1122
1467430 1120
1467440 1117
1467450 1117
1467460 1115
1467470 1114
1467480 1114
1467490 1114
1467500 1113
1467510 1113
1467520 1111
1467530 1109
1467540 1107
1467550 1107
1467560 1105
1467570 1103
1467580 1103
1467590 1102
1467600 1103
1467610 1103
1467620 1104
1467630 1105
1467640 1105
1467650 1106
1467660 1107
1467670 1107
1467680 1108
1467690 1109
1467700 1109
1467710 1109
1467720 1109
1467730 1109
1467740 1110
1467750 1107
1467760 1107
1467770 1104
1467780 1102
1467790 1102
1467800 1100
1467810 1097
1467820 1094
1467830 1094
1467840 1090
1467850 1087
1467860 1087
1467870 1083
1467880 1081
1467890 1081
1467900 1080
1467910 1079
1467920 1079
1467930 1078
1467940 1077
1467950 1077
1467960 1077
1467970 1077
1467980 1077
1467990 1076
1468000 1074
1468010 1074
1468020 1070
1468030 1065
1468040 1065
1468050 1061
1468060 1050
1468070 1050
1468080 1046
1468090 1043
1468100 1043
1468110 1040
1468120 1037
1468130 1035
1468140 1035
1468150 1032
1468160 1028
1468170 1028
1468180 1024
1468190 1021
1468200 1021
1468210 1016
1468220 1009
1468230 1009
1468240 1003
1468250 998
1468260 998
1468270 992
1468280 987
1468290 987
1468300 982
1468310 978
1468320 978
1468330 974
1468340 967
1468350 967
1468360 962
1468370 956
1468380 956
1468390 953
1468400 952
1468410 952
1468420 952
1468430 952
1468440 953
1468450 953
1468460 954
1468470 956
1468480 956
1468490 957
1468500 955
1468510 955
1468520 954
1468530 950
1468540 950
1468550 947
1468560 943
1468570 943
1468580 938
1468590 933
1468600 933
1468610 929
1468620 924
1468630 924
1468640 918
1468650 913
1468660 913
1468670 907
1468680 899
1468690 899
1468700 894
1468710 889
1468720 886
1468730 886
1468740 881
1468750 875
1468760 875
1468770 870
1468780 865
1468790 865
1468800 859
1468810 855
1468820 855
1468830 852
1468840 849
1468850 849
1468860 846
1468870 844
1468880 844
1468890 841
1468900 839
1468910 839
1468920 836
1468930 834
1468940 834
1468950 831
1468960 830
1468970 830
1468980 828
1468990 826
1469000 826
1469010 825
1469020 824
1469030 822
1469040 822
1469050 822
1469060 821
1469070 821
1469080 821
1469090 819
1469100 819
1469110 815
1469120 813
1469130 813
1469140 812
1469150 811
1469160 811
1469170 811
1469180 810
1469190 810
1469200 810
1469210 809
1469220 809
1469230 809
1469240 808
1469250 808
1469260 807
1469270 806
1469280 806
1469290 805
1469300 804
1469310 804
1469320 804
1469330 806
1469340 807
1469350 807
1469360 808
1469370 808
1469380 808
1469390 808
1469400 809
1469410 809
1469420 808
1469430 805
1469440 805
1469450 803
1469460 798
1469470 798
1469480 794
1469490 791
1469500 791
1469510 790
1469520 789
1469530 789
1469540 788
1469550 787
1469560 787
1469570 787
1469580 787
1469590 787
1469600 788
1469610 788
1469620 789
1469630 789
1469640 789
1469650 788
1469660 788
1469670 787
1469680 785
1469690 785
1469700 781
1469710 778
1469720 778
1469730 776
1469740 774
1469750 774
1469760 771
1469770 768
1469780 768
1469790 765
1469800 760
1469810 760
1469820 755
1469830 750
1469840 750
1469850 745
1469860 741
1469870 741
1469880 735
1469890 728
1469900 722
1469910 722
1469920 718
1469930 713
1469940 713
1469950 707
1469960 701
1469970 701
1469980 697
1469990 698
1470000 698
1470010 699
1470020 697
1470030 697
1470040 694
1470050 687
1470060 687
1470070 678
1470080 677
1470090 677
1470100 678
1470110 679
1470120 679
1470130 677
1470140 676
1470150 676
1470160 670
1470170 663
1470180 663
1470190 651
1470200 647
1470210 641
1470220 641
1470230 633
1470240 625
1470250 625
1470260 618
1470270 613
1470280 613
1470290 606
1470300 600
1470310 600
1470320 595
1470330 592
1470340 592
1470350 591
1470360 588
1470370 588
1470380 586
1470390 584
1470400 584
1470410 581
1470420 581
1470430 581
1470440 582
1470450 582
1470460 582
1470470 582
1470480 581
1470490 581
1470500 583
1470510 587
1470520 591
1470530 591
1470540 594
1470550 598
1470560 598
1470570 601
1470580 603
1470590 603
1470600 604
1470610 605
1470620 605
1470630 606
1470640 606
1470650 606
1470660 603
1470670 601
1470680 601
1470690 598
1470700 596
1470710 596
1470720 592
1470730 588
1470740 588
1470750 583
1470760 579
1470770 579
1470780 577
1470790 576
1470800 576
1470810 576
1470820 575
1470830 574
1470840 574
1470850 575
1470860 577
1470870 577
1470880 582
1470890 588
1470900 588
1470910 593
1470920 598
1470930 598
1470940 601
1470950 602
1470960 602
1470970 601
1470980 600
1470990 600
1471000 599
1471010 599
1471020 599
1471030 598
1471040 595
1471050 595
1471060 593
1471070 593
1471080 593
1471090 592
1471100 590
1471110 590
1471120 590
1471130 590
1471140 589
1471150 589
1471160 590
1471170 589
1471180 589
1471190 588
1471200 587
1471210 587
1471220 587
1471230 587
1471240 587
1471250 587
1471260 587
1471270 587
1471280 587
1471290 587
1471300 587
1471310 587
1471320 586
1471330 586
1471340 586
1471350 586
1471360 586
1471370 586
1471380 585
1471390 585
1471400 585
1471410 584
1471420 584
1471430 584
1471440 585
1471450 585
1471460 585
1471470 584
1471480 583
1471490 583
1471500 583
1471510 583
1471520 583
1471530 583
1471540 583
1471550 583
1471560 582
1471570 582
1471580 582
1471590 582
1471600 582
1471610 582
1471620 581
1471630 581
1471640 581
1471650 580
1471660 580
1471670 580
1471680 580
1471690 579
1471700 579
1471710 579
1471720 579
1471730 579
1471740 579
1471750 578
1471760 578
1471770 578
1471780 578
1471790 578
1471800 578
1471810 578
1471820 573
1471830 573
1471840 562
1471850 553
1471860 553
1471870 550
1471880 550
1471890 550
1471900 549
1471910 549
1471920 549
1471930 549
1471940 549
1471950 549
1471960 549
1471970 549
1471980 549
1471990 549
1472000 549
1472010 549
1472020 549
1472030 549
1472040 549
1472050 549
1472060 549
1472070 549
1472080 549
1472090 548
1472100 546
1472110 546
1472120 546
1472130 546
1472140 546
1472150 546
1472160 546
1472170 546
1472180 546
1472190 547
1472200 547
1472210 547
1472220 545
1472230 545
1472240 545
1472250 545
1472260 545
1472270 545
1472280 545
1472290 545
1472300 545
1472310 545
1472320 549
1472330 549
1472340 553
1472350 558
1472360 558
1472370 559
1472380 560
1472390 560
1472400 568
1472410 572
1472420 572
1472430 575
1472440 579
1472450 579
1472460 585
1472470 593
1472480 593
1472490 597
1472500 601
1472510 601
1472520 605
1472530 610
1472540 610
1472550 616
1472560 620
1472570 620
1472580 623
1472590 626
1472600 628
1472610 628
1472620 630
1472630 634
1472640 634
1472650 638
1472660 643
1472670 643
1472680 646
1472690 651
1472700 651
1472710 654
1472720 657
1472730 657
1472740 661
1472750 665
1472760 665
1472770 671
1472780 676
1472790 676
1472800 681
1472810 686
1472820 686
1472830 690
1472840 695
1472850 695
1472860 703
1472870 710
1472880 714
1472890 714
1472900 717
1472910 720
1472920 720
1472930 722
1472940 722
1472950 722
1472960 721
1472970 721
1472980 721
1472990 720
1473000 720
1473010 720
1473020 720
1473030 721
1473040 721
1473050 721
1473060 721
1473070 721
1473080 722
1473090 725
1473100 725
1473110 725
1473120 727
1473130 727
1473140 729
1473150 731
1473160 731
1473170 733
1473180 735
1473190 736
1473200 736
1473210 737
1473220 739
1473230 739
1473240 740
1473250 740
1473260 740
1473270 742
1473280 744
1473290 744
1473300 746
1473310 749
1473320 749
1473330 752
1473340 755
1473350 755
1473360 758
1473370 761
1473380 761
1473390 764
1473400 766
1473410 766
1473420 767
1473430 768
1473440 768
1473450 770
1473460 773
1473470 773
1473480 777
1473490 780
1473500 782
1473510 782
1473520 787
1473530 791
1473540 791
1473550 795
1473560 799
1473570 799
1473580 803
1473590 808
1473600 808
1473610 813
1473620 816
1473630 816
1473640 819
1473650 822
1473660 822
1473670 824
1473680 827
1473690 827
1473700 830
1473710 835
1473720 835
1473730 839
1473740 843
1473750 843
1473760 845
1473770 847
1473780 850
1473790 850
1473800 853
1473810 855
1473820 855
1473830 858
1473840 861
1473850 861
1473860 864
1473870 866
1473880 866
1473890 870
1473900 874
1473910 874
1473920 879
1473930 884
1473940 884
1473950 889
1473960 893
1473970 893
1473980 897
1473990 899
1474000 899
1474010 896
1474020 896
1474030 896
1474040 904
1474050 913
1474060 913
1474070 918
1474080 922
1474090 926
1474100 926
1474110 928
1474120 931
1474130 931
1474140 935
1474150 939
1474160 939
1474170 942
1474180 944
1474190 944
1474200 948
1474210 951
1474220 951
1474230 956
1474240 959
1474250 959
1474260 959
1474270 959
1474280 959
1474290 959
1474300 959
1474310 959
1474320 960
1474330 963
1474340 963
1474350 966
1474360 968
1474370 970
1474380 970
1474390 974
1474400 978
1474410 978
1474420 981
1474430 984
1474440 984
1474450 986
1474460 989
1474470 989
1474480 991
1474490 996
1474500 996
1474510 1000
1474520 1004
1474530 1004
1474540 1008
1474550 1012
1474560 1012
1474570 1015
1474580 1020
1474590 1020
1474600 1025
1474610 1030
1474620 1030
1474630 1035
1474640 1040
1474650 1040
1474660 1045
1474670 1051
1474680 1057
1474690 1057
1474700 1063
1474710 1071
1474720 1071
1474730 1079
1474740 1088
1474750 1088
1474760 1093
1474770 1098
1474780 1098
1474790 1103
1474800 1109
1474810 1109
1474820 1115
1474830 1120
1474840 1120
1474850 1123
1474860 1126
1474870 1126
1474880 1127
1474890 1132
1474900 1132
1474910 1135
1474920 1135
1474930 1135
1474940 1131
1474950 1129
1474960 1129
1474970 1128
1474980 1129
1474990 1129
1475000 1129
1475010 1125
1475020 1122
1475030 1122
1475040 1120
1475050 1125
1475060 1125
1475070 1131
1475080 1127
1475090 1127
1475100 1121
1475110 1115
1475120 1115
1475130 1109
1475140 1102
1475150 1102
1475160 1095
1475170 1089
1475180 1089
1475190 1083
1475200 1078
1475210 1078
1475220 1072
1475230 1066
1475240 1066
1475250 1060
1475260 1053
1475270 1045
1475280 1045
1475290 1038
1475300 1033
1475310 1033
1475320 1031
1475330 1030
1475340 1030
1475350 1032
1475360 1034
1475370 1034
1475380 1037
1475390 1043
1475400 1043
1475410 1048
1475420 1050
1475430 1050
1475440 1053
1475450 1056
1475460 1056
1475470 1060
1475480 1064
1475490 1064
1475500 1069
1475510 1073
1475520 1073
1475530 1077
1475540 1079
1475550 1079
1475560 1082
1475570 1085
1475580 1087
1475590 1087
1475600 1090
1475610 1093
1475620 1093
1475630 1096
1475640 1098
1475650 1098
1475660 1102
1475670 1106
1475680 1106
1475690 1111
1475700 1115
1475710 1115
1475720 1120
1475730 1123
1475740 1123
1475750 1126
1475760 1129
1475770 1129
1475780 1132
1475790 1134
1475800 1134
1475810 1137
1475820 1139
1475830 1139
1475840 1143
1475850 1147
1475860 1149
1475870 1149
1475880 1153
1475890 1156
1475900 1156
1475910 1159
1475920 1160
1475930 1160
1475940 1160
1475950 1162
1475960 1162
1475970 1165
1475980 1168
1475990 1168
1476000 1171
1476010 1175
1476020 1175
1476030 1179
1476040 1182
1476050 1182
1476060 1187
1476070 1193
1476080 1193
1476090 1198
1476100 1202
1476110 1202
1476120 1207
1476130 1213
1476140 1213
1476150 1219
1476160 1224
1476170 1229
1476180 1229
1476190 1232
1476200 1236
1476210 1236
1476220 1240
1476230 1244
1476240 1244
1476250 1246
1476260 1249
1476270 1249
1476280 1251
1476290 1254
1476300 1254
1476310 1257
1476320 1260
1476330 1260
1476340 1263
1476350 1266
1476360 1266
1476370 1270
1476380 1272
1476390 1272
1476400 1275
1476410 1279
1476420 1279
1476430 1283
1476440 1288
1476450 1293
1476460 1293
1476470 1296
1476480 1298
1476490 1298
1476500 1300
1476510 1302
1476520 1302
1476530 1305
1476540 1307
1476550 1307
1476560 1309
1476570 1309
1476580 1309
1476590 1308
1476600 1309
1476610 1309
1476620 1310
1476630 1310
1476640 1310
1476650 1312
1476660 1313
1476670 1313
1476680 1314
1476690 1316
1476700 1316
1476710 1320
1476720 1323
1476730 1323
1476740 1324
1476750 1325
1476760 1327
1476770 1327
1476780 1331
1476790 1336
1476800 1336
1476810 1342
1476820 1347
1476830 1347
1476840 1352
1476850 1356
1476860 1356
1476870 1361
1476880 1365
1476890 1365
1476900 1371
1476910 1376
1476920 1376
1476930 1381
1476940 1385
1476950 1385
1476960 1390
1476970 1395
1476980 1395
1476990 1399
1477000 1403
1477010 1403
1477020 1407
1477030 1412
1477040 1412
1477050 1417
1477060 1423
1477070 1429
1477080 1429
1477090 1434
1477100 1438
1477110 1438
1477120 1442
1477130 1446
1477140 1446
1477150 1449
1477160 1452
1477170 1452
1477180 1455
1477190 1459
1477200 1459
1477210 1465
1477220 1472
1477230 1472
1477240 1479
1477250 1485
1477260 1485
1477270 1491
1477280 1495
1477290 1495
1477300 1501
1477310 1508
1477320 1508
1477330 1513
1477340 1517
1477350 1520
1477360 1520
1477370 1520
1477380 1521
1477390 1521
1477400 1521
1477410 1522
1477420 1522
1477430 1523
1477440 1523
1477450 1523
1477460 1523
1477470 1523
1477480 1523
1477490 1522
1477500 1522
1477510 1522
1477520 1524
1477530 1526
1477540 1526
1477550 1527
1477560 1528
1477570 1528
1477580 1527
1477590 1527
1477600 1527
1477610 1528
1477620 1528
1477630 1528
1477640 1528
1477650 1529
1477660 1530
1477670 1530
1477680 1530
1477690 1530
1477700 1530
1477710 1532
1477720 1534
1477730 1534
1477740 1538
1477750 1539
1477760 1539
1477770 1541
1477780 1542
1477790 1542
1477800 1543
1477810 1545
1477820 1545
1477830 1546
1477840 1545
1477850 1545
1477860 1545
1477870 1546
1477880 1546
1477890 1546
1477900 1548
1477910 1548
1477920 1550
1477930 1553
1477940 1554
1477950 1554
1477960 1556
1477970 1557
1477980 1557
1477990 1560
1478000 1562
1478010 1562
1478020 1564
1478030 1565
1478040 1565
1478050 1566
1478060 1567
1478070 1567
1478080 1567
1478090 1565
1478100 1565
1478110 1563
1478120 1564
1478130 1564
1478140 1564
1478150 1565
1478160 1565
1478170 1565
1478180 1566
1478190 1566
1478200 1566
1478210 1565
1478220 1565
1478230 1564
1478240 1564
1478250 1562
1478260 1562
1478270 1559
1478280 1557
1478290 1557
1478300 1555
1478310 1553
1478320 1553
1478330 1551
1478340 1549
1478350 1549
1478360 1546
1478370 1543
1478380 1543
1478390 1541
1478400 1541
1478410 1541
1478420 1541
1478430 1539
1478440 1539
1478450 1538
1478460 1537
1478470 1537
1478480 1535
1478490 1533
1478500 1533
1478510 1531
1478520 1530
1478530 1530
1478540 1530
1478550 1530
1478560 1529
1478570 1529
1478580 1528
1478590 1528
1478600 1528
1478610 1528
1478620 1528
1478630 1528
1478640 1527
1478650 1528
1478660 1528
1478670 1529
1478680 1531
1478690 1531
1478700 1532
1478710 1533
1478720 1533
1478730 1534
1478740 1537
1478750 1537
1478760 1542
1478770 1547
1478780 1547
1478790 1551
1478800 1555
1478810 1555
1478820 1559
1478830 1560
1478840 1561
1478850 1561
1478860 1561
1478870 1561
1478880 1561
1478890 1560
1478900 1559
1478910 1559
1478920 1558
1478930 1559
1478940 1559
1478950 1560
1478960 1561
1478970 1561
1478980 1562
1478990 1563
1479000 1563
1479010 1564
1479020 1564
1479030 1564
1479040 1564
1479050 1564
1479060 1564
1479070 1563
1479080 1561
1479090 1561
1479100 1560
1479110 1558
1479120 1558
1479130 1557
1479140 1556
1479150 1554
1479160 1554
1479170 1552
1479180 1551
1479190 1551
1479200 1550
1479210 1547
1479220 1547
1479230 1543
1479240 1541
1479250 1541
1479260 1538
1479270 1536
1479280 1536
1479290 1533
1479300 1530
1479310 1530
1479320 1527
1479330 1523
1479340 1523
1479350 1520
1479360 1518
1479370 1518
1479380 1515
1479390 1511
1479400 1511
1479410 1508
1479420 1504
1479430 1501
1479440 1501
1479450 1499
1479460 1498
1479470 1498
1479480 1496
1479490 1493
1479500 1493
1479510 1490
1479520 1487
1479530 1487
1479540 1486
1479550 1484
1479560 1484
1479570 1481
1479580 1479
1479590 1479
1479600 1477
1479610 1475
1479620 1475
1479630 1473
1479640 1470
1479650 1470
1479660 1468
1479670 1465
1479680 1465
1479690 1463
1479700 1460
1479710 1460
1479720 1457
1479730 1453
1479740 1450
1479750 1450
1479760 1446
1479770 1442
1479780 1442
1479790 1438
1479800 1435
1479810 1435
1479820 1432
1479830 1430
1479840 1430
1479850 1428
1479860 1426
1479870 1426
1479880 1424
1479890 1421
1479900 1421
1479910 1419
1479920 1417
1479930 1417
1479940 1415
1479950 1412
1479960 1412
1479970 1410
1479980 1407
1479990 1407
