1460000 1426
1460010 1426
1460020 1426
1460030 1426
1460040 1426
1460050 1427
1460060 1426
1460070 1426
1460080 1426
1460090 1425
1460100 1425
1460110 1423
1460120 1421
1460130 1421
1460140 1420
1460150 1418
1460160 1418
1460170 1417
1460180 1416
1460190 1416
1460200 1414
1460210 1412
1460220 1412
1460230 1408
1460240 1406
1460250 1405
1460260 1405
1460270 1404
1460280 1402
1460290 1402
1460300 1401
1460310 1401
1460320 1401
1460330 1402
1460340 1403
1460350 1403
1460360 1404
1460370 1405
1460380 1405
1460390 1405
1460400 1406
1460410 1406
1460420 1407
1460430 1407
1460440 1407
1460450 1408
1460460 1409
1460470 1409
1460480 1409
1460490 1411
1460500 1411
1460510 1411
1460520 1412
1460530 1412
1460540 1412
1460550 1413
1460560 1413
1460570 1413
1460580 1414
1460590 1414
1460600 1414
1460610 1416
1460620 1416
1460630 1416
1460640 1417
1460650 1417
1460660 1417
1460670 1417
1460680 1418
1460690 1418
1460700 1418
1460710 1418
1460720 1418
1460730 1418
1460740 1418
1460750 1418
1460760 1419
1460770 1419
1460780 1419
1460790 1419
1460800 1420
1460810 1420
1460820 1420
1460830 1421
1460840 1421
1460850 1421
1460860 1421
1460870 1421
1460880 1421
1460890 1422
1460900 1422
1460910 1422
1460920 1423
1460930 1424
1460940 1424
1460950 1426
1460960 1425
1460970 1425
1460980 1424
1460990 1423
1461000 1423
1461010 1424
1461020 1428
1461030 1428
1461040 1434
1461050 1437
1461060 1437
1461070 1441
1461080 1445
1461090 1445
1461100 1452
1461110 1457
1461120 1457
1461130 1460
1461140 1464
1461150 1469
1461160 1469
1461170 1473
1461180 1476
1461190 1476
1461200 1478
1461210 1481
1461220 1481
1461230 1484
1461240 1486
1461250 1486
1461260 1490
1461270 1493
1461280 1493
1461290 1497
1461300 1500
1461310 1500
1461320 1503
1461330 1506
1461340 1506
1461350 1509
1461360 1512
1461370 1512
1461380 1514
1461390 1517
1461400 1517
1461410 1519
1461420 1520
1461430 1516
1461440 1516
1461450 1512
1461460 1518
1461470 1518
1461480 1526
1461490 1531
1461500 1531
1461510 1534
1461520 1539
1461530 1539
1461540 1542
1461550 1546
1461560 1546
1461570 1549
1461580 1553
1461590 1553
1461600 1556
1461610 1559
1461620 1559
1461630 1562
1461640 1564
1461650 1564
1461660 1567
1461670 1570
1461680 1570
1461690 1573
1461700 1575
1461710 1575
1461720 1576
1461730 1578
1461740 1580
1461750 1580
1461760 1581
1461770 1583
1461780 1583
1461790 1584
1461800 1585
1461810 1585
1461820 1586
1461830 1587
1461840 1587
1461850 1588
1461860 1588
1461870 1588
1461880 1589
1461890 1589
1461900 1589
1461910 1590
1461920 1590
1461930 1590
1461940 1591
1461950 1591
1461960 1591
1461970 1592
1461980 1592
1461990 1592
1462000 1591
1462010 1591
1462020 1591
1462030 1589
1462040 1588
1462050 1587
1462060 1587
1462070 1586
1462080 1585
1462090 1585
1462100 1585
1462110 1585
1462120 1585
1462130 1585
1462140 1585
1462150 1585
1462160 1586
1462170 1587
1462180 1587
1462190 1587
1462200 1587
1462210 1587
1462220 1587
1462230 1586
1462240 1586
1462250 1586
1462260 1585
1462270 1585
1462280 1584
1462290 1583
1462300 1583
1462310 1583
1462320 1582
1462330 1582
1462340 1582
1462350 1582
1462360 1582
1462370 1582
1462380 1582
1462390 1583
1462400 1583
1462410 1583
1462420 1582
1462430 1582
1462440 1581
1462450 1581
1462460 1581
1462470 1580
1462480 1579
1462490 1579
1462500 1578
1462510 1577
1462520 1577
1462530 1577
1462540 1576
1462550 1576
1462560 1575
1462570 1575
1462580 1575
1462590 1577
1462600 1578
1462610 1578
1462620 1580
1462630 1581
1462640 1582
1462650 1582
1462660 1582
1462670 1584
1462680 1584
1462690 1585
1462700 1585
1462710 1585
1462720 1586
1462730 1586
1462740 1586
1462750 1586
1462760 1585
1462770 1585
1462780 1585
1462790 1585
1462800 1585
1462810 1585
1462820 1585
1462830 1585
1462840 1585
1462850 1585
1462860 1585
1462870 1585
1462880 1585
1462890 1585
1462900 1585
1462910 1585
1462920 1585
1462930 1584
1462940 1584
1462950 1583
1462960 1583
1462970 1582
1462980 1581
1462990 1581
1463000 1581
1463010 1580
1463020 1580
1463030 1579
1463040 1579
1463050 1579
1463060 1578
1463070 1577
1463080 1577
1463090 1577
1463100 1576
1463110 1576
1463120 1576
1463130 1576
1463140 1576
1463150 1576
1463160 1576
1463170 1576
1463180 1576
1463190 1576
1463200 1576
1463210 1577
1463220 1577
1463230 1577
1463240 1577
1463250 1577
1463260 1578
1463270 1578
1463280 1578
1463290 1580
1463300 1580
1463310 1581
1463320 1582
1463330 1582
1463340 1583
1463350 1584
1463360 1584
1463370 1585
1463380 1587
1463390 1587
1463400 1588
1463410 1589
1463420 1589
1463430 1590
1463440 1590
1463450 1590
1463460 1590
1463470 1589
1463480 1589
1463490 1589
1463500 1588
1463510 1588
1463520 1588
1463530 1588
1463540 1587
1463550 1587
1463560 1587
1463570 1587
1463580 1587
1463590 1587
1463600 1587
1463610 1587
1463620 1589
1463630 1590
1463640 1590
1463650 1592
1463660 1594
1463670 1594
1463680 1595
1463690 1596
1463700 1596
1463710 1597
1463720 1597
1463730 1597
1463740 1597
1463750 1597
1463760 1597
1463770 1596
1463780 1594
1463790 1594
1463800 1592
1463810 1594
1463820 1594
1463830 1593
1463840 1591
1463850 1590
1463860 1590
1463870 1588
1463880 1586
1463890 1586
1463900 1584
1463910 1583
1463920 1583
1463930 1581
1463940 1579
1463950 1579
1463960 1577
1463970 1575
1463980 1575
1463990 1572
1464000 1569
1464010 1569
1464020 1566
1464030 1565
1464040 1565
1464050 1562
1464060 1559
1464070 1559
1464080 1557
1464090 1555
1464100 1555
1464110 1552
1464120 1549
1464130 1547
1464140 1547
1464150 1543
1464160 1540
1464170 1540
1464180 1537
1464190 1535
1464200 1535
1464210 1533
1464220 1531
1464230 1531
1464240 1530
1464250 1528
1464260 1528
1464270 1527
1464280 1526
1464290 1526
1464300 1526
1464310 1525
1464320 1525
1464330 1526
1464340 1526
1464350 1526
1464360 1526
1464370 1525
1464380 1525
1464390 1525
1464400 1525
1464410 1525
1464420 1526
1464430 1526
1464440 1525
1464450 1525
1464460 1525
1464470 1526
1464480 1526
1464490 1527
1464500 1527
1464510 1527
1464520 1527
1464530 1526
1464540 1526
1464550 1527
1464560 1529
1464570 1529
1464580 1530
1464590 1530
1464600 1530
1464610 1530
1464620 1530
1464630 1530
1464640 1530
1464650 1531
1464660 1531
1464670 1532
1464680 1532
1464690 1532
1464700 1532
1464710 1531
1464720 1531
1464730 1531
1464740 1533
1464750 1535
1464760 1535
1464770 1537
1464780 1537
1464790 1537
1464800 1537
1464810 1536
1464820 1536
1464830 1535
1464840 1536
1464850 1536
1464860 1536
1464870 1537
1464880 1537
1464890 1536
1464900 1534
1464910 1534
1464920 1531
1464930 1528
1464940 1528
1464950 1524
1464960 1520
1464970 1520
1464980 1516
1464990 1513
1465000 1513
1465010 1510
1465020 1506
1465030 1502
1465040 1502
1465050 1498
1465060 1495
1465070 1495
1465080 1493
1465090 1490
1465100 1490
1465110 1487
1465120 1485
1465130 1485
1465140 1482
1465150 1479
1465160 1479
1465170 1478
1465180 1476
1465190 1476
1465200 1472
1465210 1467
1465220 1467
1465230 1463
1465240 1461
1465250 1461
1465260 1459
1465270 1456
1465280 1456
1465290 1453
1465300 1449
1465310 1449
1465320 1447
1465330 1443
1465340 1440
1465350 1440
1465360 1436
1465370 1433
1465380 1433
1465390 1431
1465400 1431
1465410 1431
1465420 1428
1465430 1425
1465440 1425
1465450 1425
1465460 1427
1465470 1427
1465480 1427
1465490 1427
1465500 1427
1465510 1426
1465520 1425
1465530 1425
1465540 1422
1465550 1420
1465560 1420
1465570 1416
1465580 1412
1465590 1412
1465600 1411
1465610 1412
1465620 1413
1465630 1413
1465640 1414
1465650 1413
1465660 1413
1465670 1412
1465680 1410
1465690 1410
1465700 1407
1465710 1404
1465720 1404
1465730 1402
1465740 1399
1465750 1399
1465760 1397
1465770 1396
1465780 1396
1465790 1395
1465800 1393
1465810 1393
1465820 1390
1465830 1386
1465840 1386
1465850 1383
1465860 1381
1465870 1381
1465880 1380
1465890 1378
1465900 1378
1465910 1376
1465920 1375
1465930 1373
1465940 1373
1465950 1369
1465960 1366
1465970 1366
1465980 1361
1465990 1357
1466000 1357
1466010 1353
1466020 1349
1466030 1349
1466040 1345
1466050 1341
1466060 1341
1466070 1337
1466080 1334
1466090 1334
1466100 1330
1466110 1329
1466120 1329
1466130 1330
1466140 1329
1466150 1329
1466160 1327
1466170 1326
1466180 1326
1466190 1325
1466200 1323
1466210 1323
1466220 1321
1466230 1318
1466240 1316
1466250 1316
1466260 1313
1466270 1310
1466280 1310
1466290 1307
1466300 1307
1466310 1307
1466320 1307
1466330 1306
1466340 1306
1466350 1305
1466360 1304
1466370 1304
1466380 1304
1466390 1303
1466400 1303
1466410 1301
1466420 1297
1466430 1297
1466440 1296
1466450 1297
1466460 1297
1466470 1297
1466480 1297
1466490 1297
1466500 1297
1466510 1295
1466520 1292
1466530 1292
1466540 1290
1466550 1289
1466560 1289
1466570 1288
1466580 1288
1466590 1288
1466600 1288
1466610 1287
1466620 1287
1466630 1286
1466640 1286
1466650 1286
1466660 1284
1466670 1283
1466680 1283
1466690 1283
1466700 1283
1466710 1283
1466720 1284
1466730 1284
1466740 1284
1466750 1284
1466760 1283
1466770 1283
1466780 1283
1466790 1283
1466800 1283
1466810 1284
1466820 1284
1466830 1283
1466840 1283
1466850 1283
1466860 1283
1466870 1283
1466880 1282
1466890 1282
1466900 1282
1466910 1280
1466920 1279
1466930 1279
1466940 1279
1466950 1278
1466960 1278
1466970 1276
1466980 1274
1466990 1274
1467000 1272
1467010 1269
1467020 1269
1467030 1266
1467040 1263
1467050 1263
1467060 1259
1467070 1255
1467080 1255
1467090 1252
1467100 1248
1467110 1248
1467120 1246
1467130 1246
1467140 1245
1467150 1245
1467160 1244
1467170 1243
1467180 1243
1467190 1240
1467200 1238
1467210 1238
1467220 1235
1467230 1233
1467240 1233
1467250 1231
1467260 1229
1467270 1229
1467280 1228
1467290 1227
1467300 1227
1467310 1226
1467320 1223
1467330 1223
1467340 1220
1467350 1217
1467360 1217
1467370 1215
1467380 1212
1467390 1212
1467400 1210
1467410 1208
1467420 1206
1467430 1206
1467440 1203
1467450 1199
1467460 1199
1467470 1195
1467480 1193
1467490 1193
1467500 1192
1467510 1189
1467520 1189
1467530 1189
1467540 1187
1467550 1187
1467560 1184
1467570 1182
1467580 1182
1467590 1179
1467600 1176
1467610 1176
1467620 1173
1467630 1169
1467640 1169
1467650 1166
1467660 1163
1467670 1163
1467680 1160
1467690 1157
1467700 1157
1467710 1154
1467720 1151
1467730 1148
1467740 1148
1467750 1145
1467760 1142
1467770 1142
1467780 1139
1467790 1135
1467800 1135
1467810 1132
1467820 1129
1467830 1129
1467840 1126
1467850 1124
1467860 1124
1467870 1122
1467880 1120
1467890 1120
1467900 1117
1467910 1116
1467920 1116
1467930 1114
1467940 1112
1467950 1112
1467960 1109
1467970 1107
1467980 1107
1467990 1104
1468000 1102
1468010 1102
1468020 1100
1468030 1098
1468040 1095
1468050 1095
1468060 1091
1468070 1085
1468080 1085
1468090 1079
1468100 1075
1468110 1075
1468120 1073
1468130 1069
1468140 1069
1468150 1064
1468160 1060
1468170 1060
1468180 1057
1468190 1053
1468200 1053
1468210 1050
1468220 1048
1468230 1048
1468240 1044
1468250 1040
1468260 1040
1468270 1036
1468280 1033
1468290 1033
1468300 1031
1468310 1030
1468320 1029
1468330 1029
1468340 1027
1468350 1024
1468360 1024
1468370 1023
1468380 1020
1468390 1020
1468400 1017
1468410 1014
1468420 1014
1468430 1011
1468440 1008
1468450 1008
1468460 1005
1468470 1002
1468480 1002
1468490 998
1468500 995
1468510 995
1468520 993
1468530 991
1468540 991
1468550 989
1468560 986
1468570 986
1468580 986
1468590 986
1468600 986
1468610 986
1468620 984
1468630 982
1468640 982
1468650 979
1468660 977
1468670 977
1468680 975
1468690 973
1468700 973
1468710 971
1468720 970
1468730 970
1468740 967
1468750 962
1468760 962
1468770 957
1468780 954
1468790 954
1468800 950
1468810 946
1468820 946
1468830 942
1468840 939
1468850 939
1468860 936
1468870 933
1468880 933
1468890 926
1468900 919
1468910 919
1468920 912
1468930 905
1468940 899
1468950 899
1468960 894
1468970 889
1468980 889
1468990 884
1469000 880
1469010 880
1469020 877
1469030 874
1469040 874
1469050 872
1469060 868
1469070 868
1469080 866
1469090 863
1469100 863
1469110 861
1469120 858
1469130 858
1469140 855
1469150 852
1469160 852
1469170 850
1469180 848
1469190 848
1469200 847
1469210 845
1469220 843
1469230 843
1469240 840
1469250 836
1469260 836
1469270 832
1469280 828
1469290 828
1469300 825
1469310 822
1469320 822
1469330 819
1469340 817
1469350 817
1469360 815
1469370 812
1469380 812
1469390 810
1469400 808
1469410 808
1469420 806
1469430 805
1469440 805
1469450 805
1469460 804
1469470 804
1469480 804
1469490 803
1469500 803
1469510 802
1469520 799
1469530 797
1469540 797
1469550 793
1469560 789
1469570 789
1469580 784
1469590 781
1469600 781
1469610 777
1469620 774
1469630 774
1469640 773
1469650 772
1469660 772
1469670 772
1469680 771
1469690 771
1469700 769
1469710 767
1469720 767
1469730 764
1469740 760
1469750 760
1469760 756
1469770 751
1469780 751
1469790 745
1469800 739
1469810 739
1469820 734
1469830 730
1469840 728
1469850 728
1469860 725
1469870 724
1469880 724
1469890 723
1469900 723
1469910 723
1469920 722
1469930 721
1469940 721
1469950 721
1469960 721
1469970 721
1469980 721
1469990 721
1470000 721
1470010 721
1470020 722
1470030 722
1470040 723
1470050 723
1470060 723
1470070 724
1470080 724
1470090 724
1470100 723
1470110 724
1470120 726
1470130 726
1470140 729
1470150 732
1470160 732
1470170 734
1470180 736
1470190 736
1470200 736
1470210 735
1470220 735
1470230 735
1470240 735
1470250 735
1470260 735
1470270 736
1470280 736
1470290 737
1470300 738
1470310 738
1470320 739
1470330 739
1470340 739
1470350 739
1470360 738
1470370 738
1470380 735
1470390 732
1470400 732
1470410 729
1470420 726
1470430 723
1470440 723
1470450 718
1470460 714
1470470 714
1470480 710
1470490 707
1470500 707
1470510 706
1470520 699
1470530 699
1470540 688
1470550 679
1470560 679
1470570 674
1470580 669
1470590 669
1470600 663
1470610 656
1470620 656
1470630 650
1470640 645
1470650 645
1470660 640
1470670 635
1470680 635
1470690 631
1470700 626
1470710 626
1470720 622
1470730 619
1470740 616
1470750 616
1470760 613
1470770 609
1470780 609
1470790 606
1470800 595
1470810 595
1470820 592
1470830 587
1470840 587
1470850 579
1470860 579
1470870 579
1470880 578
1470890 571
1470900 571
1470910 562
1470920 556
1470930 556
1470940 552
1470950 552
1470960 552
1470970 551
1470980 549
1470990 549
1471000 547
1471010 546
1471020 545
1471030 545
1471040 545
1471050 545
1471060 545
1471070 545
1471080 545
1471090 545
1471100 545
1471110 545
1471120 545
1471130 545
1471140 545
1471150 545
1471160 545
1471170 545
1471180 545
1471190 545
1471200 545
1471210 545
1471220 545
1471230 545
1471240 545
1471250 546
1471260 546
1471270 546
1471280 546
1471290 546
1471300 546
1471310 546
1471320 546
1471330 546
1471340 546
1471350 546
1471360 547
1471370 547
1471380 547
1471390 547
1471400 547
1471410 547
1471420 547
1471430 547
1471440 546
1471450 546
1471460 546
1471470 546
1471480 546
1471490 546
1471500 546
1471510 546
1471520 546
1471530 545
1471540 545
1471550 545
1471560 545
1471570 545
1471580 545
1471590 545
1471600 545
1471610 545
1471620 547
1471630 548
1471640 548
1471650 548
1471660 549
1471670 547
1471680 547
1471690 546
1471700 545
1471710 545
1471720 545
1471730 545
1471740 545
1471750 545
1471760 545
1471770 545
1471780 545
1471790 545
1471800 545
1471810 545
1471820 545
1471830 545
1471840 545
1471850 547
1471860 547
1471870 549
1471880 553
1471890 553
1471900 554
1471910 550
1471920 546
1471930 546
1471940 543
1471950 544
1471960 544
1471970 544
1471980 544
1471990 544
1472000 544
1472010 544
1472020 544
1472030 544
1472040 544
1472050 544
1472060 544
1472070 544
1472080 544
1472090 545
1472100 547
1472110 547
1472120 551
1472130 556
1472140 556
1472150 562
1472160 567
1472170 567
1472180 572
1472190 579
1472200 579
1472210 583
1472220 583
1472230 583
1472240 583
1472250 585
1472260 589
1472270 589
1472280 593
1472290 597
1472300 597
1472310 602
1472320 606
1472330 606
1472340 611
1472350 617
1472360 617
1472370 622
1472380 627
1472390 627
1472400 633
1472410 638
1472420 638
1472430 641
1472440 645
1472450 645
1472460 650
1472470 656
1472480 656
1472490 662
1472500 667
1472510 667
1472520 672
1472530 676
1472540 680
1472550 680
1472560 683
1472570 687
1472580 687
1472590 691
1472600 695
1472610 695
1472620 700
1472630 704
1472640 704
1472650 708
1472660 711
1472670 711
1472680 713
1472690 714
1472700 714
1472710 715
1472720 715
1472730 715
1472740 715
1472750 716
1472760 716
1472770 720
1472780 726
1472790 726
1472800 732
1472810 736
1472820 740
1472830 740
1472840 743
1472850 745
1472860 745
1472870 747
1472880 750
1472890 750
1472900 752
1472910 752
1472920 752
1472930 753
1472940 754
1472950 754
1472960 756
1472970 757
1472980 757
1472990 759
1473000 761
1473010 761
1473020 763
1473030 764
1473040 764
1473050 766
1473060 768
1473070 768
1473080 771
1473090 772
1473100 772
1473110 775
1473120 777
1473130 779
1473140 779
1473150 780
1473160 783
1473170 783
1473180 785
1473190 787
1473200 787
1473210 790
1473220 792
1473230 792
1473240 796
1473250 799
1473260 799
1473270 801
1473280 803
1473290 803
1473300 803
1473310 803
1473320 803
1473330 805
1473340 807
1473350 807
1473360 809
1473370 811
1473380 811
1473390 814
1473400 817
1473410 820
1473420 820
1473430 823
1473440 826
1473450 826
1473460 829
1473470 830
1473480 830
1473490 831
1473500 834
1473510 834
1473520 837
1473530 840
1473540 840
1473550 843
1473560 847
1473570 847
1473580 851
1473590 855
1473600 855
1473610 859
1473620 862
1473630 862
1473640 866
1473650 870
1473660 870
1473670 875
1473680 877
1473690 877
1473700 881
1473710 884
1473720 887
1473730 887
1473740 890
1473750 894
1473760 894
1473770 898
1473780 902
1473790 902
1473800 906
1473810 909
1473820 909
1473830 914
1473840 918
1473850 918
1473860 923
1473870 930
1473880 930
1473890 934
1473900 940
1473910 940
1473920 946
1473930 952
1473940 952
1473950 956
1473960 961
1473970 961
1473980 965
1473990 971
1474000 971
1474010 975
1474020 979
1474030 984
1474040 984
1474050 988
1474060 993
1474070 993
1474080 998
1474090 1002
1474100 1002
1474110 1006
1474120 1010
1474130 1010
1474140 1012
1474150 1015
1474160 1015
1474170 1018
1474180 1021
1474190 1021
1474200 1022
1474210 1025
1474220 1025
1474230 1028
1474240 1031
1474250 1031
1474260 1035
1474270 1040
1474280 1040
1474290 1044
1474300 1048
1474310 1051
1474320 1051
1474330 1054
1474340 1057
1474350 1057
1474360 1059
1474370 1062
1474380 1062
1474390 1065
1474400 1068
1474410 1068
1474420 1072
1474430 1076
1474440 1076
1474450 1081
1474460 1087
1474470 1087
1474480 1093
1474490 1099
1474500 1099
1474510 1105
1474520 1111
1474530 1111
1474540 1117
1474550 1119
1474560 1119
1474570 1121
1474580 1124
1474590 1124
1474600 1129
1474610 1135
1474620 1141
1474630 1141
1474640 1142
1474650 1141
1474660 1141
1474670 1142
1474680 1138
1474690 1138
1474700 1137
1474710 1134
1474720 1134
1474730 1131
1474740 1128
1474750 1128
1474760 1128
1474770 1129
1474780 1129
1474790 1127
1474800 1124
1474810 1124
1474820 1118
1474830 1112
1474840 1112
1474850 1105
1474860 1098
1474870 1098
1474880 1092
1474890 1086
1474900 1086
1474910 1082
1474920 1078
1474930 1074
1474940 1074
1474950 1070
1474960 1064
1474970 1064
1474980 1059
1474990 1053
1475000 1053
1475010 1048
1475020 1042
1475030 1042
1475040 1038
1475050 1031
1475060 1031
1475070 1025
1475080 1018
1475090 1018
1475100 1011
1475110 1003
1475120 1003
1475130 995
1475140 985
1475150 985
1475160 977
1475170 975
1475180 975
1475190 976
1475200 978
1475210 985
1475220 985
1475230 991
1475240 996
1475250 996
1475260 1001
1475270 1006
1475280 1006
1475290 1011
1475300 1016
1475310 1016
1475320 1020
1475330 1026
1475340 1026
1475350 1031
1475360 1035
1475370 1035
1475380 1040
1475390 1045
1475400 1045
1475410 1050
1475420 1055
1475430 1055
1475440 1058
1475450 1062
1475460 1062
1475470 1065
1475480 1069
1475490 1069
1475500 1073
1475510 1076
1475520 1081
1475530 1081
1475540 1085
1475550 1089
1475560 1089
1475570 1092
1475580 1096
1475590 1096
1475600 1100
1475610 1103
1475620 1103
1475630 1107
1475640 1111
1475650 1111
1475660 1114
1475670 1118
1475680 1118
1475690 1123
1475700 1129
1475710 1129
1475720 1134
1475730 1138
1475740 1138
1475750 1142
1475760 1145
1475770 1145
1475780 1149
1475790 1153
1475800 1153
1475810 1156
1475820 1159
1475830 1163
1475840 1163
1475850 1168
1475860 1173
1475870 1173
1475880 1176
1475890 1179
1475900 1179
1475910 1182
1475920 1184
1475930 1184
1475940 1187
1475950 1190
1475960 1190
1475970 1192
1475980 1194
1475990 1194
1476000 1197
1476010 1200
1476020 1200
1476030 1204
1476040 1207
1476050 1207
1476060 1209
1476070 1209
1476080 1209
1476090 1210
1476100 1209
1476110 1207
1476120 1207
1476130 1204
1476140 1203
1476150 1203
1476160 1202
1476170 1203
1476180 1203
1476190 1205
1476200 1206
1476210 1206
1476220 1207
1476230 1209
1476240 1209
1476250 1208
1476260 1207
1476270 1207
1476280 1208
1476290 1212
1476300 1212
1476310 1215
1476320 1218
1476330 1218
1476340 1221
1476350 1222
1476360 1222
1476370 1222
1476380 1221
1476390 1221
1476400 1222
1476410 1225
1476420 1227
1476430 1227
1476440 1230
1476450 1231
1476460 1231
1476470 1233
1476480 1234
1476490 1234
1476500 1234
1476510 1234
1476520 1234
1476530 1235
1476540 1238
1476550 1238
1476560 1241
1476570 1243
1476580 1243
1476590 1245
1476600 1247
1476610 1247
1476620 1248
1476630 1249
1476640 1249
1476650 1254
1476660 1258
1476670 1258
1476680 1261
1476690 1263
1476700 1263
1476710 1265
1476720 1266
1476730 1266
1476740 1266
1476750 1267
1476760 1266
1476770 1266
1476780 1269
1476790 1272
1476800 1272
1476810 1275
1476820 1279
1476830 1279
1476840 1282
1476850 1284
1476860 1284
1476870 1286
1476880 1288
1476890 1288
1476900 1290
1476910 1293
1476920 1293
1476930 1295
1476940 1297
1476950 1297
1476960 1299
1476970 1300
1476980 1300
1476990 1301
1477000 1303
1477010 1304
1477020 1304
1477030 1305
1477040 1307
1477050 1307
1477060 1307
1477070 1307
1477080 1307
1477090 1305
1477100 1301
1477110 1301
1477120 1295
1477130 1292
1477140 1292
1477150 1289
1477160 1285
1477170 1285
1477180 1288
1477190 1295
1477200 1295
1477210 1298
1477220 1307
1477230 1307
1477240 1313
1477250 1317
1477260 1317
1477270 1323
1477280 1327
1477290 1327
1477300 1329
1477310 1331
1477320 1330
1477330 1330
1477340 1330
1477350 1333
1477360 1333
1477370 1332
1477380 1330
1477390 1330
1477400 1333
1477410 1339
1477420 1339
1477430 1343
1477440 1344
1477450 1344
1477460 1345
1477470 1347
1477480 1347
1477490 1348
1477500 1349
1477510 1349
1477520 1349
1477530 1349
1477540 1349
1477550 1348
1477560 1349
1477570 1349
1477580 1350
1477590 1352
1477600 1352
1477610 1350
1477620 1351
1477630 1355
1477640 1355
1477650 1358
1477660 1360
1477670 1360
1477680 1362
1477690 1365
1477700 1365
1477710 1366
1477720 1367
1477730 1367
1477740 1369
1477750 1372
1477760 1372
1477770 1374
1477780 1376
1477790 1376
1477800 1377
1477810 1378
1477820 1378
1477830 1380
1477840 1380
1477850 1380
1477860 1381
1477870 1383
1477880 1383
1477890 1386
1477900 1389
1477910 1392
1477920 1392
1477930 1395
1477940 1397
1477950 1397
1477960 1399
1477970 1400
1477980 1400
1477990 1402
1478000 1403
1478010 1403
1478020 1403
1478030 1404
1478040 1404
1478050 1404
1478060 1404
1478070 1404
1478080 1405
1478090 1405
1478100 1405
1478110 1406
1478120 1407
1478130 1407
1478140 1407
1478150 1406
1478160 1406
1478170 1406
1478180 1407
1478190 1407
1478200 1406
1478210 1406
1478220 1405
1478230 1405
1478240 1404
1478250 1406
1478260 1406
1478270 1407
1478280 1406
1478290 1406
1478300 1405
1478310 1404
1478320 1404
1478330 1403
1478340 1402
1478350 1402
1478360 1400
1478370 1398
1478380 1398
1478390 1398
1478400 1397
1478410 1397
1478420 1395
1478430 1394
1478440 1394
1478450 1391
1478460 1389
1478470 1389
1478480 1386
1478490 1383
1478500 1383
1478510 1379
1478520 1376
1478530 1372
1478540 1372
1478550 1367
1478560 1363
1478570 1363
1478580 1357
1478590 1354
1478600 1354
1478610 1348
1478620 1346
1478630 1346
1478640 1344
1478650 1340
1478660 1340
1478670 1335
1478680 1332
1478690 1332
1478700 1330
1478710 1327
1478720 1327
1478730 1323
1478740 1321
1478750 1321
1478760 1316
1478770 1310
1478780 1310
1478790 1304
1478800 1299
1478810 1293
1478820 1293
1478830 1291
1478840 1294
1478850 1294
1478860 1297
1478870 1300
1478880 1300
1478890 1300
1478900 1300
1478910 1300
1478920 1299
1478930 1298
1478940 1298
1478950 1297
1478960 1296
1478970 1296
1478980 1295
1478990 1294
1479000 1294
1479010 1291
1479020 1289
1479030 1289
1479040 1288
1479050 1287
1479060 1287
1479070 1287
1479080 1285
1479090 1285
1479100 1283
1479110 1279
1479120 1276
1479130 1276
1479140 1273
1479150 1269
1479160 1269
1479170 1267
1479180 1267
1479190 1267
1479200 1268
1479210 1267
1479220 1267
1479230 1264
1479240 1263
1479250 1263
1479260 1263
1479270 1261
1479280 1261
1479290 1263
1479300 1263
1479310 1263
1479320 1262
1479330 1260
1479340 1260
1479350 1255
1479360 1250
1479370 1250
1479380 1247
1479390 1247
1479400 1249
1479410 1249
1479420 1251
1479430 1252
1479440 1252
1479450 1252
1479460 1251
1479470 1251
1479480 1248
1479490 1247
1479500 1247
1479510 1246
1479520 1245
1479530 1245
1479540 1243
1479550 1240
1479560 1240
1479570 1238
1479580 1236
1479590 1236
1479600 1233
1479610 1228
1479620 1228
1479630 1226
1479640 1224
1479650 1224
1479660 1221
1479670 1219
1479680 1219
1479690 1218
1479700 1217
1479710 1216
1479720 1216
1479730 1214
1479740 1213
1479750 1213
1479760 1212
1479770 1211
1479780 1211
1479790 1210
1479800 1208
1479810 1208
1479820 1205
1479830 1202
1479840 1202
1479850 1201
1479860 1200
1479870 1200
1479880 1199
1479890 1198
1479900 1198
1479910 1198
1479920 1197
1479930 1197
1479940 1197
1479950 1196
1479960 1196
1479970 1194
1479980 1192
1479990 1192
