1460000 2247
1460010 2247
1460020 2237
1460030 2219
1460040 2219
1460050 2200
1460060 2193
1460070 2193
1460080 2189
1460090 2180
1460100 2180
1460110 2164
1460120 2160
1460130 2160
1460140 2157
1460150 2157
1460160 2157
1460170 2158
1460180 2159
1460190 2159
1460200 2159
1460210 2158
1460220 2158
1460230 2157
1460240 2155
1460250 2153
1460260 2153
1460270 2153
1460280 2152
1460290 2152
1460300 2148
1460310 2144
1460320 2144
1460330 2140
1460340 2135
1460350 2135
1460360 2130
1460370 2126
1460380 2126
1460390 2120
1460400 2114
1460410 2114
1460420 2111
1460430 2107
1460440 2107
1460450 2101
1460460 2098
1460470 2098
1460480 2093
1460490 2087
1460500 2087
1460510 2080
1460520 2071
1460530 2071
1460540 2055
1460550 2048
1460560 2046
1460570 2046
1460580 2039
1460590 2032
1460600 2032
1460610 2027
1460620 2022
1460630 2022
1460640 2018
1460650 2014
1460660 2014
1460670 2011
1460680 2009
1460690 2009
1460700 2008
1460710 2007
1460720 2007
1460730 2004
1460740 2000
1460750 2000
1460760 1996
1460770 1993
1460780 1993
1460790 1989
1460800 1986
1460810 1986
1460820 1988
1460830 1990
1460840 1990
1460850 1991
1460860 1989
1460870 1987
1460880 1987
1460890 1986
1460900 1982
1460910 1982
1460920 1978
1460930 1973
1460940 1973
1460950 1970
1460960 1966
1460970 1966
1460980 1963
1460990 1960
1461000 1960
1461010 1956
1461020 1952
1461030 1952
1461040 1946
1461050 1940
1461060 1940
1461070 1935
1461080 1934
1461090 1934
1461100 1934
1461110 1932
1461120 1932
1461130 1931
1461140 1925
1461150 1925
1461160 1919
1461170 1914
1461180 1910
1461190 1910
1461200 1905
1461210 1900
1461220 1900
1461230 1894
1461240 1888
1461250 1888
1461260 1883
1461270 1882
1461280 1882
1461290 1880
1461300 1875
1461310 1875
1461320 1870
1461330 1863
1461340 1863
1461350 1855
1461360 1850
1461370 1850
1461380 1847
1461390 1846
1461400 1846
1461410 1846
1461420 1848
1461430 1848
1461440 1847
1461450 1846
1461460 1846
1461470 1845
1461480 1846
1461490 1847
1461500 1847
1461510 1850
1461520 1854
1461530 1854
1461540 1859
1461550 1864
1461560 1864
1461570 1868
1461580 1873
1461590 1873
1461600 1879
1461610 1885
1461620 1885
1461630 1892
1461640 1899
1461650 1899
1461660 1906
1461670 1916
1461680 1916
1461690 1925
1461700 1931
1461710 1931
1461720 1938
1461730 1945
1461740 1945
1461750 1952
1461760 1958
1461770 1958
1461780 1964
1461790 1971
1461800 1977
1461810 1977
1461820 1982
1461830 1988
1461840 1988
1461850 1992
1461860 1996
1461870 1996
1461880 1997
1461890 1994
1461900 1994
1461910 1990
1461920 1987
1461930 1987
1461940 1984
1461950 1975
1461960 1975
1461970 1964
1461980 1963
1461990 1963
1462000 1954
1462010 1949
1462020 1949
1462030 1945
1462040 1942
1462050 1942
1462060 1932
1462070 1906
1462080 1906
1462090 1900
1462100 1891
1462110 1879
1462120 1879
1462130 1857
1462140 1828
1462150 1828
1462160 1812
1462170 1801
1462180 1801
1462190 1794
1462200 1797
1462210 1797
1462220 1796
1462230 1787
1462240 1787
1462250 1779
1462260 1787
1462270 1787
1462280 1784
1462290 1770
1462300 1770
1462310 1759
1462320 1747
1462330 1747
1462340 1725
1462350 1714
1462360 1714
1462370 1715
1462380 1708
1462390 1708
1462400 1703
1462410 1694
1462420 1679
1462430 1679
1462440 1664
1462450 1648
1462460 1648
1462470 1633
1462480 1623
1462490 1623
1462500 1615
1462510 1608
1462520 1608
1462530 1608
1462540 1606
1462550 1606
1462560 1598
1462570 1588
1462580 1588
1462590 1579
1462600 1568
1462610 1568
1462620 1562
1462630 1560
1462640 1560
1462650 1555
1462660 1547
1462670 1547
1462680 1539
1462690 1528
1462700 1528
1462710 1523
1462720 1533
1462730 1548
1462740 1548
1462750 1548
1462760 1544
1462770 1544
1462780 1538
1462790 1535
1462800 1535
1462810 1535
1462820 1532
1462830 1532
1462840 1527
1462850 1522
1462860 1522
1462870 1519
1462880 1515
1462890 1515
1462900 1511
1462910 1512
1462920 1512
1462930 1509
1462940 1502
1462950 1502
1462960 1499
1462970 1491
1462980 1491
1462990 1483
1463000 1483
1463010 1483
1463020 1487
1463030 1487
1463040 1482
1463050 1482
1463060 1476
1463070 1470
1463080 1470
1463090 1465
1463100 1462
1463110 1462
1463120 1459
1463130 1456
1463140 1456
1463150 1455
1463160 1454
1463170 1454
1463180 1452
1463190 1451
1463200 1451
1463210 1449
1463220 1447
1463230 1447
1463240 1447
1463250 1447
1463260 1447
1463270 1446
1463280 1446
1463290 1446
1463300 1445
1463310 1444
1463320 1444
1463330 1444
1463340 1443
1463350 1442
1463360 1442
1463370 1440
1463380 1437
1463390 1437
1463400 1434
1463410 1431
1463420 1431
1463430 1427
1463440 1424
1463450 1424
1463460 1420
1463470 1412
1463480 1412
1463490 1409
1463500 1406
1463510 1406
1463520 1403
1463530 1401
1463540 1401
1463550 1399
1463560 1398
1463570 1398
1463580 1397
1463590 1396
1463600 1396
1463610 1394
1463620 1393
1463630 1393
1463640 1391
1463650 1389
1463660 1387
1463670 1387
1463680 1386
1463690 1384
1463700 1384
1463710 1383
1463720 1381
1463730 1381
1463740 1379
1463750 1377
1463760 1377
1463770 1375
1463780 1374
1463790 1374
1463800 1372
1463810 1369
1463820 1369
1463830 1366
1463840 1364
1463850 1364
1463860 1362
1463870 1361
1463880 1361
1463890 1359
1463900 1357
1463910 1357
1463920 1355
1463930 1354
1463940 1354
1463950 1354
1463960 1353
1463970 1354
1463980 1354
1463990 1356
1464000 1361
1464010 1361
1464020 1364
1464030 1368
1464040 1368
1464050 1371
1464060 1374
1464070 1374
1464080 1376
1464090 1379
1464100 1379
1464110 1381
1464120 1383
1464130 1383
1464140 1384
1464150 1386
1464160 1386
1464170 1388
1464180 1389
1464190 1389
1464200 1389
1464210 1388
1464220 1388
1464230 1386
1464240 1385
1464250 1385
1464260 1384
1464270 1384
1464280 1383
1464290 1383
1464300 1381
1464310 1379
1464320 1379
1464330 1376
1464340 1373
1464350 1373
1464360 1369
1464370 1365
1464380 1365
1464390 1364
1464400 1365
1464410 1365
1464420 1365
1464430 1367
1464440 1367
1464450 1370
1464460 1372
1464470 1372
1464480 1373
1464490 1375
1464500 1375
1464510 1377
1464520 1380
1464530 1380
1464540 1382
1464550 1384
1464560 1384
1464570 1385
1464580 1387
1464590 1389
1464600 1389
1464610 1391
1464620 1393
1464630 1393
1464640 1395
1464650 1397
1464660 1397
1464670 1398
1464680 1398
1464690 1398
1464700 1397
1464710 1399
1464720 1399
1464730 1403
1464740 1408
1464750 1408
1464760 1412
1464770 1416
1464780 1416
1464790 1418
1464800 1418
1464810 1418
1464820 1418
1464830 1419
1464840 1419
1464850 1420
1464860 1420
1464870 1420
1464880 1421
1464890 1423
1464900 1423
1464910 1423
1464920 1422
1464930 1420
1464940 1420
1464950 1421
1464960 1422
1464970 1422
1464980 1423
1464990 1425
1465000 1425
1465010 1426
1465020 1426
1465030 1426
1465040 1425
1465050 1424
1465060 1424
1465070 1424
1465080 1425
1465090 1425
1465100 1425
1465110 1425
1465120 1425
1465130 1426
1465140 1426
1465150 1426
1465160 1425
1465170 1424
1465180 1424
1465190 1423
1465200 1422
1465210 1422
1465220 1421
1465230 1420
1465240 1417
1465250 1417
1465260 1414
1465270 1411
1465280 1411
1465290 1410
1465300 1407
1465310 1407
1465320 1405
1465330 1402
1465340 1402
1465350 1399
1465360 1396
1465370 1396
1465380 1393
1465390 1389
1465400 1389
1465410 1386
1465420 1383
1465430 1383
1465440 1380
1465450 1377
1465460 1377
1465470 1373
1465480 1369
1465490 1369
1465500 1364
1465510 1361
1465520 1361
1465530 1359
1465540 1357
1465550 1354
1465560 1354
1465570 1352
1465580 1349
1465590 1349
1465600 1346
1465610 1343
1465620 1343
1465630 1340
1465640 1338
1465650 1338
1465660 1336
1465670 1333
1465680 1333
1465690 1331
1465700 1329
1465710 1329
1465720 1326
1465730 1324
1465740 1324
1465750 1321
1465760 1317
1465770 1317
1465780 1314
1465790 1313
1465800 1313
1465810 1313
1465820 1312
1465830 1312
1465840 1311
1465850 1311
1465860 1310
1465870 1310
1465880 1308
1465890 1303
1465900 1303
1465910 1301
1465920 1299
1465930 1299
1465940 1298
1465950 1290
1465960 1290
1465970 1283
1465980 1280
1465990 1280
1466000 1276
1466010 1271
1466020 1271
1466030 1262
1466040 1256
1466050 1256
1466060 1252
1466070 1247
1466080 1247
1466090 1242
1466100 1237
1466110 1237
1466120 1232
1466130 1228
1466140 1228
1466150 1224
1466160 1220
1466170 1216
1466180 1216
1466190 1212
1466200 1209
1466210 1209
1466220 1207
1466230 1205
1466240 1205
1466250 1203
1466260 1199
1466270 1199
1466280 1192
1466290 1187
1466300 1187
1466310 1183
1466320 1180
1466330 1180
1466340 1178
1466350 1175
1466360 1175
1466370 1172
1466380 1169
1466390 1169
1466400 1167
1466410 1164
1466420 1164
1466430 1162
1466440 1157
1466450 1157
1466460 1152
1466470 1147
1466480 1143
1466490 1143
1466500 1139
1466510 1136
1466520 1136
1466530 1134
1466540 1133
1466550 1133
1466560 1131
1466570 1125
1466580 1125
1466590 1118
1466600 1111
1466610 1111
1466620 1104
1466630 1097
1466640 1097
1466650 1091
1466660 1085
1466670 1085
1466680 1078
1466690 1071
1466700 1071
1466710 1065
1466720 1060
1466730 1060
1466740 1055
1466750 1048
1466760 1048
1466770 1041
1466780 1034
1466790 1027
1466800 1027
1466810 1021
1466820 1017
1466830 1017
1466840 1012
1466850 1006
1466860 1006
1466870 1000
1466880 994
1466890 994
1466900 989
1466910 982
1466920 982
1466930 975
1466940 967
1466950 967
1466960 963
1466970 957
1466980 957
1466990 951
1467000 945
1467010 945
1467020 939
1467030 932
1467040 932
1467050 927
1467060 923
1467070 923
1467080 918
1467090 914
1467100 910
1467110 910
1467120 907
1467130 904
1467140 904
1467150 900
1467160 897
1467170 897
1467180 893
1467190 889
1467200 889
1467210 885
1467220 882
1467230 882
1467240 880
1467250 876
1467260 876
1467270 871
1467280 867
1467290 867
1467300 863
1467310 860
1467320 860
1467330 856
1467340 854
1467350 854
1467360 851
1467370 848
1467380 848
1467390 844
1467400 841
1467410 838
1467420 838
1467430 836
1467440 835
1467450 835
1467460 834
1467470 832
1467480 832
1467490 830
1467500 828
1467510 828
1467520 827
1467530 828
1467540 828
1467550 830
1467560 828
1467570 828
1467580 820
1467590 813
1467600 813
1467610 810
1467620 807
1467630 807
1467640 813
1467650 822
1467660 822
1467670 830
1467680 836
1467690 836
1467700 839
1467710 842
1467720 845
1467730 845
1467740 849
1467750 853
1467760 853
1467770 856
1467780 858
1467790 858
1467800 860
1467810 863
1467820 863
1467830 865
1467840 868
1467850 868
1467860 872
1467870 877
1467880 877
1467890 882
1467900 885
1467910 885
1467920 889
1467930 891
1467940 891
1467950 893
1467960 895
1467970 895
1467980 899
1467990 903
1468000 903
1468010 908
1468020 914
1468030 920
1468040 920
1468050 925
1468060 928
1468070 928
1468080 931
1468090 935
1468100 935
1468110 940
1468120 946
1468130 946
1468140 952
1468150 957
1468160 957
1468170 959
1468180 961
1468190 961
1468200 964
1468210 968
1468220 968
1468230 972
1468240 977
1468250 977
1468260 983
1468270 988
1468280 988
1468290 992
1468300 997
1468310 997
1468320 1004
1468330 1012
1468340 1019
1468350 1019
1468360 1026
1468370 1032
1468380 1032
1468390 1039
1468400 1044
1468410 1044
1468420 1050
1468430 1057
1468440 1057
1468450 1061
1468460 1068
1468470 1068
1468480 1074
1468490 1082
1468500 1082
1468510 1089
1468520 1096
1468530 1096
1468540 1104
1468550 1111
1468560 1111
1468570 1118
1468580 1125
1468590 1125
1468600 1132
1468610 1139
1468620 1139
1468630 1146
1468640 1152
1468650 1160
1468660 1160
1468670 1171
1468680 1180
1468690 1180
1468700 1187
1468710 1188
1468720 1188
1468730 1185
1468740 1182
1468750 1182
1468760 1180
1468770 1178
1468780 1178
1468790 1179
1468800 1181
1468810 1181
1468820 1183
1468830 1182
1468840 1182
1468850 1179
1468860 1176
1468870 1176
1468880 1172
1468890 1164
1468900 1164
1468910 1153
1468920 1144
1468930 1144
1468940 1137
1468950 1131
1468960 1120
1468970 1120
1468980 1111
1468990 1103
1469000 1103
1469010 1095
1469020 1089
1469030 1089
1469040 1082
1469050 1077
1469060 1077
1469070 1072
1469080 1068
1469090 1068
1469100 1063
1469110 1059
1469120 1059
1469130 1055
1469140 1049
1469150 1049
1469160 1041
1469170 1035
1469180 1035
1469190 1029
1469200 1025
1469210 1025
1469220 1017
1469230 1008
1469240 1008
1469250 999
1469260 991
1469270 983
1469280 983
1469290 975
1469300 968
1469310 968
1469320 961
1469330 953
1469340 953
1469350 948
1469360 942
1469370 942
1469380 936
1469390 930
1469400 930
1469410 927
1469420 923
1469430 923
1469440 920
1469450 917
1469460 917
1469470 914
1469480 910
1469490 910
1469500 907
1469510 903
1469520 903
1469530 899
1469540 895
1469550 895
1469560 891
1469570 885
1469580 879
1469590 879
1469600 874
1469610 869
1469620 869
1469630 863
1469640 857
1469650 857
1469660 852
1469670 844
1469680 844
1469690 837
1469700 831
1469710 831
1469720 823
1469730 816
1469740 816
1469750 810
1469760 805
1469770 805
1469780 802
1469790 799
1469800 799
1469810 792
1469820 784
1469830 784
1469840 777
1469850 770
1469860 770
1469870 764
1469880 758
1469890 752
1469900 752
1469910 746
1469920 743
1469930 743
1469940 739
1469950 733
1469960 733
1469970 726
1469980 718
1469990 718
1470000 711
1470010 703
1470020 703
1470030 695
1470040 687
1470050 687
1470060 679
1470070 670
1470080 670
1470090 660
1470100 649
1470110 649
1470120 640
1470130 633
1470140 633
1470150 625
1470160 617
1470170 617
1470180 610
1470190 604
1470200 596
1470210 596
1470220 590
1470230 578
1470240 578
1470250 565
1470260 557
1470270 557
1470280 553
1470290 544
1470300 544
1470310 538
1470320 536
1470330 536
1470340 536
1470350 536
1470360 536
1470370 536
1470380 537
1470390 537
1470400 543
1470410 553
1470420 553
1470430 557
1470440 551
1470450 551
1470460 544
1470470 537
1470480 537
1470490 532
1470500 532
1470510 533
1470520 533
1470530 533
1470540 536
1470550 536
1470560 537
1470570 537
1470580 537
1470590 537
1470600 537
1470610 537
1470620 537
1470630 537
1470640 537
1470650 537
1470660 537
1470670 537
1470680 537
1470690 537
1470700 537
1470710 539
1470720 539
1470730 539
1470740 538
1470750 538
1470760 538
1470770 538
1470780 538
1470790 538
1470800 538
1470810 538
1470820 539
1470830 539
1470840 539
1470850 539
1470860 539
1470870 539
1470880 539
1470890 539
1470900 540
1470910 540
1470920 540
1470930 540
1470940 540
1470950 540
1470960 540
1470970 541
1470980 541
1470990 541
1471000 540
1471010 540
1471020 541
1471030 541
1471040 541
1471050 541
1471060 541
1471070 541
1471080 541
1471090 542
1471100 542
1471110 543
1471120 543
1471130 544
1471140 544
1471150 545
1471160 546
1471170 546
1471180 548
1471190 549
1471200 549
1471210 553
1471220 558
1471230 558
1471240 562
1471250 563
1471260 563
1471270 564
1471280 565
1471290 565
1471300 566
1471310 569
1471320 569
1471330 575
1471340 583
1471350 583
1471360 589
1471370 595
1471380 595
1471390 600
1471400 602
1471410 602
1471420 605
1471430 606
1471440 606
1471450 606
1471460 608
1471470 612
1471480 612
1471490 615
1471500 616
1471510 616
1471520 617
1471530 619
1471540 619
1471550 621
1471560 624
1471570 624
1471580 629
1471590 633
1471600 633
1471610 636
1471620 637
1471630 637
1471640 639
1471650 639
1471660 639
1471670 640
1471680 641
1471690 641
1471700 642
1471710 643
1471720 643
1471730 643
1471740 644
1471750 645
1471760 645
1471770 646
1471780 646
1471790 646
1471800 647
1471810 648
1471820 648
1471830 649
1471840 650
1471850 650
1471860 652
1471870 653
1471880 653
1471890 654
1471900 654
1471910 654
1471920 653
1471930 652
1471940 652
1471950 651
1471960 652
1471970 652
1471980 652
1471990 652
1472000 652
1472010 656
1472020 661
1472030 661
1472040 663
1472050 663
1472060 663
1472070 663
1472080 663
1472090 663
1472100 663
1472110 664
1472120 665
1472130 665
1472140 666
1472150 666
1472160 666
1472170 668
1472180 670
1472190 670
1472200 670
1472210 671
1472220 671
1472230 671
1472240 671
1472250 671
1472260 672
1472270 672
1472280 672
1472290 673
1472300 674
1472310 674
1472320 675
1472330 676
1472340 676
1472350 677
1472360 677
1472370 678
1472380 678
1472390 679
1472400 680
1472410 680
1472420 680
1472430 681
1472440 681
1472450 682
1472460 682
1472470 682
1472480 683
1472490 683
1472500 683
1472510 684
1472520 685
1472530 685
1472540 686
1472550 687
1472560 687
1472570 688
1472580 690
1472590 690
1472600 692
1472610 694
1472620 694
1472630 696
1472640 698
1472650 698
1472660 700
1472670 702
1472680 704
1472690 704
1472700 705
1472710 706
1472720 706
1472730 707
1472740 707
1472750 707
1472760 707
1472770 708
1472780 708
1472790 708
1472800 708
1472810 708
1472820 709
1472830 709
1472840 709
1472850 709
1472860 710
1472870 710
1472880 710
1472890 710
1472900 710
1472910 710
1472920 711
1472930 711
1472940 711
1472950 712
1472960 712
1472970 712
1472980 712
1472990 713
1473000 713
1473010 713
1473020 713
1473030 713
1473040 713
1473050 714
1473060 714
1473070 714
1473080 715
1473090 715
1473100 715
1473110 715
1473120 715
1473130 715
1473140 715
1473150 715
1473160 715
1473170 714
1473180 714
1473190 714
1473200 714
1473210 714
1473220 713
1473230 713
1473240 713
1473250 713
1473260 712
1473270 712
1473280 712
1473290 712
1473300 714
1473310 714
1473320 716
1473330 717
1473340 717
1473350 717
1473360 718
1473370 718
1473380 719
1473390 719
1473400 719
1473410 720
1473420 720
1473430 720
1473440 720
1473450 719
1473460 719
1473470 719
1473480 719
1473490 719
1473500 718
1473510 718
1473520 718
1473530 718
1473540 718
1473550 718
1473560 718
1473570 718
1473580 718
1473590 718
1473600 719
1473610 720
1473620 720
1473630 720
1473640 721
1473650 721
1473660 722
1473670 724
1473680 724
1473690 725
1473700 726
1473710 726
1473720 727
1473730 728
1473740 728
1473750 729
1473760 729
1473770 729
1473780 730
1473790 730
1473800 730
1473810 731
1473820 731
1473830 731
1473840 731
1473850 732
1473860 732
1473870 732
1473880 733
1473890 733
1473900 733
1473910 733
1473920 733
1473930 733
1473940 733
1473950 735
1473960 735
1473970 735
1473980 738
1473990 738
1474000 741
1474010 742
1474020 742
1474030 742
1474040 742
1474050 742
1474060 742
1474070 743
1474080 743
1474090 743
1474100 745
1474110 745
1474120 745
1474130 743
1474140 743
1474150 743
1474160 744
1474170 744
1474180 745
1474190 745
1474200 745
1474210 746
1474220 746
1474230 747
1474240 747
1474250 748
1474260 749
1474270 749
1474280 750
1474290 751
1474300 751
1474310 754
1474320 759
1474330 759
1474340 766
1474350 770
1474360 770
1474370 771
1474380 772
1474390 772
1474400 773
1474410 773
1474420 773
1474430 774
1474440 776
1474450 776
1474460 778
1474470 780
1474480 780
1474490 781
1474500 783
1474510 783
1474520 784
1474530 787
1474540 789
1474550 789
1474560 791
1474570 793
1474580 793
1474590 793
1474600 794
1474610 794
1474620 794
1474630 794
1474640 794
1474650 795
1474660 796
1474670 796
1474680 796
1474690 796
1474700 796
1474710 796
1474720 796
1474730 796
1474740 795
1474750 795
1474760 795
1474770 794
1474780 794
1474790 794
1474800 794
1474810 794
1474820 794
1474830 794
1474840 794
1474850 794
1474860 794
1474870 794
1474880 794
1474890 794
1474900 794
1474910 794
1474920 794
1474930 794
1474940 794
1474950 794
1474960 794
1474970 794
1474980 794
1474990 794
1475000 794
1475010 794
1475020 793
1475030 793
1475040 793
1475050 793
1475060 794
1475070 794
1475080 794
1475090 795
1475100 795
1475110 795
1475120 795
1475130 795
1475140 796
1475150 796
1475160 797
1475170 797
1475180 797
1475190 798
1475200 798
1475210 799
1475220 800
1475230 800
1475240 801
1475250 803
1475260 803
1475270 805
1475280 806
1475290 806
1475300 806
1475310 807
1475320 807
1475330 808
1475340 809
1475350 809
1475360 809
1475370 810
1475380 810
1475390 812
1475400 813
1475410 813
1475420 814
1475430 815
1475440 815
1475450 816
1475460 817
1475470 817
1475480 818
1475490 819
1475500 819
1475510 819
1475520 820
1475530 821
1475540 821
1475550 824
1475560 827
1475570 827
1475580 830
1475590 833
1475600 833
1475610 837
1475620 841
1475630 841
1475640 845
1475650 848
1475660 848
1475670 850
1475680 852
1475690 852
1475700 854
1475710 857
1475720 857
1475730 860
1475740 862
1475750 862
1475760 863
1475770 862
1475780 862
1475790 860
1475800 858
1475810 857
1475820 857
1475830 857
1475840 857
1475850 857
1475860 856
1475870 856
1475880 856
1475890 856
1475900 856
1475910 856
1475920 858
1475930 858
1475940 858
1475950 859
1475960 860
1475970 860
1475980 861
1475990 861
1476000 861
1476010 861
1476020 859
1476030 859
1476040 859
1476050 859
1476060 859
1476070 859
1476080 858
1476090 858
1476100 858
1476110 857
1476120 857
1476130 857
1476140 856
1476150 855
1476160 855
1476170 854
1476180 852
1476190 852
1476200 851
1476210 851
1476220 851
1476230 850
1476240 850
1476250 850
1476260 849
1476270 849
1476280 849
1476290 849
1476300 849
1476310 849
1476320 849
1476330 849
1476340 849
1476350 849
1476360 849
1476370 849
1476380 850
1476390 852
1476400 852
1476410 855
1476420 860
1476430 867
1476440 867
1476450 870
1476460 872
1476470 872
1476480 874
1476490 875
1476500 875
1476510 877
1476520 880
1476530 880
1476540 882
1476550 885
1476560 885
1476570 887
1476580 890
1476590 890
1476600 891
1476610 894
1476620 894
1476630 895
1476640 896
1476650 896
1476660 896
1476670 897
1476680 897
1476690 897
1476700 897
1476710 897
1476720 897
1476730 897
1476740 898
1476750 898
1476760 899
1476770 900
1476780 900
1476790 901
1476800 901
1476810 901
1476820 903
1476830 908
1476840 908
1476850 911
1476860 913
1476870 913
1476880 914
1476890 916
1476900 916
1476910 918
1476920 921
1476930 921
1476940 923
1476950 926
1476960 926
1476970 930
1476980 932
1476990 932
1477000 935
1477010 938
1477020 938
1477030 940
1477040 942
1477050 944
1477060 944
1477070 945
1477080 946
1477090 946
1477100 947
1477110 947
1477120 947
1477130 947
1477140 945
1477150 945
1477160 943
1477170 938
1477180 938
1477190 932
1477200 928
1477210 928
1477220 926
1477230 924
1477240 924
1477250 921
1477260 920
1477270 920
1477280 915
1477290 910
1477300 910
1477310 905
1477320 899
1477330 899
1477340 886
1477350 880
1477360 889
1477370 889
1477380 896
1477390 898
1477400 898
1477410 903
1477420 910
1477430 910
1477440 916
1477450 922
1477460 922
1477470 928
1477480 935
1477490 935
1477500 943
1477510 950
1477520 950
1477530 957
1477540 963
1477550 963
1477560 969
1477570 976
1477580 976
1477590 983
1477600 990
1477610 990
1477620 998
1477630 1005
1477640 1005
1477650 1012
1477660 1019
1477670 1027
1477680 1027
1477690 1034
1477700 1042
1477710 1042
1477720 1051
1477730 1059
1477740 1059
1477750 1068
1477760 1076
1477770 1076
1477780 1086
1477790 1093
1477800 1093
1477810 1101
1477820 1107
1477830 1107
1477840 1114
1477850 1120
1477860 1120
1477870 1126
1477880 1132
1477890 1132
1477900 1138
1477910 1144
1477920 1144
1477930 1151
1477940 1157
1477950 1157
1477960 1163
1477970 1167
1477980 1172
1477990 1172
1478000 1175
1478010 1177
1478020 1177
1478030 1183
1478040 1187
1478050 1187
1478060 1191
1478070 1193
1478080 1193
1478090 1194
1478100 1194
1478110 1194
1478120 1195
1478130 1197
1478140 1197
1478150 1199
1478160 1201
1478170 1201
1478180 1203
1478190 1204
1478200 1204
1478210 1205
1478220 1207
1478230 1207
1478240 1208
1478250 1209
1478260 1209
1478270 1210
1478280 1212
1478290 1214
1478300 1214
1478310 1217
1478320 1221
1478330 1221
1478340 1223
1478350 1226
1478360 1226
1478370 1228
1478380 1231
1478390 1231
1478400 1233
1478410 1235
1478420 1235
1478430 1237
1478440 1238
1478450 1238
1478460 1238
1478470 1239
1478480 1239
1478490 1240
1478500 1242
1478510 1242
1478520 1245
1478530 1248
1478540 1248
1478550 1252
1478560 1256
1478570 1256
1478580 1261
1478590 1265
1478600 1270
1478610 1270
1478620 1274
1478630 1278
1478640 1278
1478650 1282
1478660 1285
1478670 1285
1478680 1288
1478690 1291
1478700 1291
1478710 1294
1478720 1296
1478730 1296
1478740 1297
1478750 1296
1478760 1296
1478770 1294
1478780 1292
1478790 1292
1478800 1290
1478810 1290
1478820 1290
1478830 1289
1478840 1289
1478850 1289
1478860 1293
1478870 1298
1478880 1298
1478890 1304
1478900 1309
1478910 1314
1478920 1314
1478930 1316
1478940 1320
1478950 1320
1478960 1325
1478970 1331
1478980 1331
1478990 1336
1479000 1341
1479010 1341
1479020 1345
1479030 1347
1479040 1347
1479050 1349
1479060 1350
1479070 1350
1479080 1351
1479090 1352
1479100 1352
1479110 1353
1479120 1354
1479130 1354
1479140 1354
1479150 1354
1479160 1354
1479170 1353
1479180 1352
1479190 1352
1479200 1349
1479210 1346
1479220 1343
1479230 1343
1479240 1340
1479250 1337
1479260 1337
1479270 1334
1479280 1329
1479290 1329
1479300 1323
1479310 1318
1479320 1318
1479330 1313
1479340 1308
1479350 1308
1479360 1303
1479370 1297
1479380 1297
1479390 1290
1479400 1283
1479410 1283
1479420 1278
1479430 1277
1479440 1277
1479450 1276
1479460 1274
1479470 1274
1479480 1273
1479490 1271
1479500 1271
1479510 1268
1479520 1265
1479530 1262
1479540 1262
1479550 1259
1479560 1254
1479570 1254
1479580 1249
1479590 1244
1479600 1244
1479610 1237
1479620 1230
1479630 1230
1479640 1225
1479650 1221
1479660 1221
1479670 1216
1479680 1209
1479690 1209
1479700 1204
1479710 1200
1479720 1200
1479730 1194
1479740 1189
1479750 1189
1479760 1184
1479770 1179
1479780 1179
1479790 1174
1479800 1169
1479810 1169
1479820 1164
1479830 1158
1479840 1152
1479850 1152
1479860 1147
1479870 1141
1479880 1141
1479890 1134
1479900 1129
1479910 1129
1479920 1125
1479930 1121
1479940 1121
1479950 1117
1479960 1111
1479970 1111
1479980 1103
1479990 1097
