1460000 2095
1460010 2095
1460020 2092
1460030 2089
1460040 2089
1460050 2087
1460060 2085
1460070 2085
1460080 2084
1460090 2082
1460100 2082
1460110 2080
1460120 2079
1460130 2079
1460140 2079
1460150 2078
1460160 2075
1460170 2075
1460180 2071
1460190 2068
1460200 2068
1460210 2066
1460220 2064
1460230 2064
1460240 2063
1460250 2060
1460260 2060
1460270 2057
1460280 2056
1460290 2056
1460300 2054
1460310 2052
1460320 2052
1460330 2049
1460340 2046
1460350 2046
1460360 2043
1460370 2041
1460380 2041
1460390 2040
1460400 2039
1460410 2039
1460420 2036
1460430 2034
1460440 2031
1460450 2031
1460460 2027
1460470 2024
1460480 2024
1460490 2021
1460500 2017
1460510 2017
1460520 2012
1460530 2008
1460540 2008
1460550 2003
1460560 1999
1460570 1999
1460580 1994
1460590 1987
1460600 1987
1460610 1978
1460620 1971
1460630 1971
1460640 1971
1460650 1973
1460660 1973
1460670 1979
1460680 1982
1460690 1982
1460700 1978
1460710 1973
1460720 1973
1460730 1968
1460740 1962
1460750 1954
1460760 1954
1460770 1930
1460780 1901
1460790 1901
1460800 1872
1460810 1848
1460820 1848
1460830 1832
1460840 1816
1460850 1816
1460860 1800
1460870 1785
1460880 1785
1460890 1770
1460900 1744
1460910 1744
1460920 1741
1460930 1750
1460940 1750
1460950 1756
1460960 1758
1460970 1758
1460980 1761
1460990 1764
1461000 1764
1461010 1763
1461020 1760
1461030 1760
1461040 1758
1461050 1754
1461060 1746
1461070 1746
1461080 1746
1461090 1749
1461100 1749
1461110 1752
1461120 1755
1461130 1755
1461140 1761
1461150 1769
1461160 1769
1461170 1776
1461180 1784
1461190 1784
1461200 1791
1461210 1798
1461220 1798
1461230 1802
1461240 1804
1461250 1804
1461260 1803
1461270 1785
1461280 1785
1461290 1767
1461300 1756
1461310 1756
1461320 1739
1461330 1729
1461340 1729
1461350 1719
1461360 1708
1461370 1698
1461380 1698
1461390 1688
1461400 1675
1461410 1675
1461420 1662
1461430 1646
1461440 1646
1461450 1632
1461460 1622
1461470 1622
1461480 1613
1461490 1606
1461500 1606
1461510 1598
1461520 1590
1461530 1590
1461540 1583
1461550 1577
1461560 1577
1461570 1572
1461580 1560
1461590 1560
1461600 1540
1461610 1509
1461620 1509
1461630 1501
1461640 1503
1461650 1503
1461660 1501
1461670 1502
1461680 1508
1461690 1508
1461700 1513
1461710 1517
1461720 1517
1461730 1520
1461740 1524
1461750 1524
1461760 1527
1461770 1531
1461780 1531
1461790 1534
1461800 1537
1461810 1537
1461820 1540
1461830 1543
1461840 1543
1461850 1545
1461860 1547
1461870 1547
1461880 1547
1461890 1549
1461900 1549
1461910 1550
1461920 1551
1461930 1551
1461940 1555
1461950 1558
1461960 1558
1461970 1561
1461980 1562
1461990 1565
1462000 1565
1462010 1568
1462020 1567
1462030 1567
1462040 1571
1462050 1579
1462060 1579
1462070 1578
1462080 1575
1462090 1575
1462100 1582
1462110 1594
1462120 1594
1462130 1608
1462140 1623
1462150 1623
1462160 1634
1462170 1645
1462180 1645
1462190 1652
1462200 1655
1462210 1655
1462220 1656
1462230 1659
1462240 1659
1462250 1663
1462260 1666
1462270 1666
1462280 1670
1462290 1675
1462300 1681
1462310 1681
1462320 1691
1462330 1699
1462340 1699
1462350 1702
1462360 1710
1462370 1710
1462380 1717
1462390 1720
1462400 1720
1462410 1727
1462420 1733
1462430 1733
1462440 1732
1462450 1730
1462460 1730
1462470 1729
1462480 1726
1462490 1726
1462500 1726
1462510 1727
1462520 1727
1462530 1724
1462540 1721
1462550 1721
1462560 1720
1462570 1720
1462580 1720
1462590 1720
1462600 1720
1462610 1720
1462620 1720
1462630 1718
1462640 1718
1462650 1718
1462660 1717
1462670 1719
1462680 1719
1462690 1721
1462700 1724
1462710 1724
1462720 1724
1462730 1725
1462740 1725
1462750 1725
1462760 1726
1462770 1726
1462780 1728
1462790 1729
1462800 1729
1462810 1730
1462820 1731
1462830 1731
1462840 1733
1462850 1733
1462860 1733
1462870 1732
1462880 1733
1462890 1733
1462900 1737
1462910 1739
1462920 1738
1462930 1738
1462940 1738
1462950 1738
1462960 1738
1462970 1740
1462980 1743
1462990 1743
1463000 1748
1463010 1754
1463020 1754
1463030 1757
1463040 1759
1463050 1759
1463060 1761
1463070 1761
1463080 1761
1463090 1762
1463100 1762
1463110 1762
1463120 1761
1463130 1759
1463140 1759
1463150 1757
1463160 1754
1463170 1754
1463180 1751
1463190 1749
1463200 1749
1463210 1747
1463220 1744
1463230 1741
1463240 1741
1463250 1738
1463260 1734
1463270 1734
1463280 1731
1463290 1730
1463300 1730
1463310 1728
1463320 1721
1463330 1721
1463340 1714
1463350 1709
1463360 1709
1463370 1705
1463380 1701
1463390 1701
1463400 1698
1463410 1694
1463420 1694
1463430 1691
1463440 1687
1463450 1687
1463460 1684
1463470 1681
1463480 1681
1463490 1678
1463500 1674
1463510 1674
1463520 1670
1463530 1665
1463540 1665
1463550 1660
1463560 1656
1463570 1653
1463580 1653
1463590 1650
1463600 1646
1463610 1646
1463620 1643
1463630 1639
1463640 1639
1463650 1635
1463660 1630
1463670 1630
1463680 1625
1463690 1623
1463700 1623
1463710 1621
1463720 1618
1463730 1618
1463740 1616
1463750 1613
1463760 1613
1463770 1611
1463780 1608
1463790 1608
1463800 1605
1463810 1603
1463820 1603
1463830 1600
1463840 1595
1463850 1595
1463860 1590
1463870 1585
1463880 1580
1463890 1580
1463900 1575
1463910 1571
1463920 1571
1463930 1568
1463940 1568
1463950 1568
1463960 1567
1463970 1565
1463980 1565
1463990 1563
1464000 1560
1464010 1560
1464020 1558
1464030 1555
1464040 1555
1464050 1553
1464060 1550
1464070 1550
1464080 1545
1464090 1540
1464100 1540
1464110 1536
1464120 1532
1464130 1532
1464140 1529
1464150 1527
1464160 1527
1464170 1525
1464180 1523
1464190 1522
1464200 1522
1464210 1521
1464220 1520
1464230 1520
1464240 1519
1464250 1517
1464260 1517
1464270 1515
1464280 1512
1464290 1512
1464300 1507
1464310 1504
1464320 1504
1464330 1503
1464340 1503
1464350 1503
1464360 1506
1464370 1507
1464380 1507
1464390 1506
1464400 1499
1464410 1499
1464420 1492
1464430 1484
1464440 1484
1464450 1477
1464460 1472
1464470 1472
1464480 1469
1464490 1469
1464500 1469
1464510 1469
1464520 1463
1464530 1460
1464540 1460
1464550 1458
1464560 1453
1464570 1453
1464580 1448
1464590 1445
1464600 1445
1464610 1444
1464620 1441
1464630 1441
1464640 1441
1464650 1441
1464660 1441
1464670 1440
1464680 1440
1464690 1440
1464700 1437
1464710 1432
1464720 1432
1464730 1431
1464740 1431
1464750 1431
1464760 1428
1464770 1427
1464780 1427
1464790 1426
1464800 1424
1464810 1420
1464820 1420
1464830 1417
1464840 1415
1464850 1415
1464860 1419
1464870 1420
1464880 1420
1464890 1422
1464900 1426
1464910 1426
1464920 1430
1464930 1434
1464940 1434
1464950 1438
1464960 1440
1464970 1440
1464980 1439
1464990 1437
1465000 1437
1465010 1436
1465020 1433
1465030 1433
1465040 1430
1465050 1427
1465060 1427
1465070 1424
1465080 1422
1465090 1422
1465100 1421
1465110 1418
1465120 1415
1465130 1415
1465140 1412
1465150 1408
1465160 1408
1465170 1406
1465180 1404
1465190 1404
1465200 1402
1465210 1400
1465220 1400
1465230 1400
1465240 1401
1465250 1401
1465260 1400
1465270 1400
1465280 1400
1465290 1399
1465300 1399
1465310 1399
1465320 1399
1465330 1397
1465340 1397
1465350 1395
1465360 1393
1465370 1393
1465380 1390
1465390 1387
1465400 1387
1465410 1384
1465420 1383
1465430 1382
1465440 1382
1465450 1382
1465460 1380
1465470 1380
1465480 1377
1465490 1374
1465500 1374
1465510 1371
1465520 1369
1465530 1369
1465540 1370
1465550 1370
1465560 1370
1465570 1369
1465580 1368
1465590 1368
1465600 1365
1465610 1360
1465620 1360
1465630 1354
1465640 1349
1465650 1349
1465660 1345
1465670 1341
1465680 1341
1465690 1336
1465700 1329
1465710 1329
1465720 1324
1465730 1321
1465740 1316
1465750 1316
1465760 1313
1465770 1309
1465780 1309
1465790 1305
1465800 1301
1465810 1301
1465820 1298
1465830 1293
1465840 1293
1465850 1289
1465860 1286
1465870 1286
1465880 1281
1465890 1277
1465900 1277
1465910 1271
1465920 1266
1465930 1266
1465940 1260
1465950 1252
1465960 1252
1465970 1243
1465980 1237
1465990 1237
1466000 1232
1466010 1228
1466020 1228
1466030 1225
1466040 1223
1466050 1222
1466060 1222
1466070 1222
1466080 1223
1466090 1223
1466100 1223
1466110 1223
1466120 1223
1466130 1223
1466140 1224
1466150 1224
1466160 1224
1466170 1222
1466180 1222
1466190 1221
1466200 1220
1466210 1220
1466220 1218
1466230 1214
1466240 1214
1466250 1210
1466260 1208
1466270 1208
1466280 1205
1466290 1202
1466300 1202
1466310 1199
1466320 1195
1466330 1195
1466340 1191
1466350 1192
1466360 1195
1466370 1195
1466380 1198
1466390 1199
1466400 1199
1466410 1201
1466420 1202
1466430 1202
1466440 1198
1466450 1197
1466460 1197
1466470 1196
1466480 1192
1466490 1192
1466500 1189
1466510 1187
1466520 1187
1466530 1187
1466540 1184
1466550 1184
1466560 1178
1466570 1174
1466580 1174
1466590 1172
1466600 1170
1466610 1170
1466620 1172
1466630 1173
1466640 1173
1466650 1172
1466660 1170
1466670 1167
1466680 1167
1466690 1164
1466700 1161
1466710 1161
1466720 1156
1466730 1150
1466740 1150
1466750 1144
1466760 1138
1466770 1138
1466780 1131
1466790 1125
1466800 1125
1466810 1119
1466820 1113
1466830 1113
1466840 1108
1466850 1103
1466860 1103
1466870 1098
1466880 1094
1466890 1094
1466900 1089
1466910 1088
1466920 1088
1466930 1089
1466940 1087
1466950 1087
1466960 1085
1466970 1082
1466980 1079
1466990 1079
1467000 1075
1467010 1070
1467020 1070
1467030 1067
1467040 1065
1467050 1065
1467060 1059
1467070 1051
1467080 1051
1467090 1044
1467100 1037
1467110 1037
1467120 1032
1467130 1027
1467140 1027
1467150 1022
1467160 1015
1467170 1015
1467180 1006
1467190 999
1467200 999
1467210 992
1467220 987
1467230 987
1467240 982
1467250 977
1467260 977
1467270 973
1467280 968
1467290 968
1467300 964
1467310 960
1467320 955
1467330 955
1467340 949
1467350 941
1467360 941
1467370 933
1467380 926
1467390 926
1467400 920
1467410 914
1467420 914
1467430 908
1467440 902
1467450 902
1467460 897
1467470 892
1467480 892
1467490 888
1467500 881
1467510 881
1467520 873
1467530 865
1467540 865
1467550 858
1467560 851
1467570 851
1467580 845
1467590 839
1467600 839
1467610 832
1467620 825
1467630 818
1467640 818
1467650 812
1467660 806
1467670 806
1467680 802
1467690 797
1467700 797
1467710 793
1467720 790
1467730 790
1467740 788
1467750 786
1467760 786
1467770 783
1467780 781
1467790 781
1467800 780
1467810 778
1467820 778
1467830 776
1467840 775
1467850 775
1467860 771
1467870 768
1467880 768
1467890 764
1467900 766
1467910 766
1467920 770
1467930 775
1467940 780
1467950 780
1467960 786
1467970 794
1467980 794
1467990 800
1468000 802
1468010 802
1468020 804
1468030 806
1468040 806
1468050 809
1468060 812
1468070 812
1468080 814
1468090 818
1468100 818
1468110 822
1468120 826
1468130 826
1468140 830
1468150 831
1468160 831
1468170 832
1468180 835
1468190 835
1468200 838
1468210 844
1468220 844
1468230 849
1468240 855
1468250 861
1468260 861
1468270 867
1468280 874
1468290 874
1468300 881
1468310 888
1468320 888
1468330 894
1468340 902
1468350 902
1468360 909
1468370 917
1468380 917
1468390 925
1468400 933
1468410 933
1468420 941
1468430 947
1468440 947
1468450 954
1468460 960
1468470 960
1468480 967
1468490 973
1468500 973
1468510 979
1468520 985
1468530 985
1468540 991
1468550 997
1468560 1004
1468570 1004
1468580 1011
1468590 1018
1468600 1018
1468610 1025
1468620 1033
1468630 1033
1468640 1040
1468650 1048
1468660 1048
1468670 1057
1468680 1067
1468690 1067
1468700 1072
1468710 1074
1468720 1074
1468730 1077
1468740 1080
1468750 1080
1468760 1082
1468770 1085
1468780 1085
1468790 1087
1468800 1089
1468810 1089
1468820 1092
1468830 1096
1468840 1096
1468850 1098
1468860 1099
1468870 1097
1468880 1097
1468890 1094
1468900 1089
1468910 1089
1468920 1087
1468930 1082
1468940 1082
1468950 1069
1468960 1052
1468970 1052
1468980 1039
1468990 1022
1469000 1022
1469010 1013
1469020 1006
1469030 1006
1469040 998
1469050 990
1469060 990
1469070 982
1469080 974
1469090 974
1469100 966
1469110 959
1469120 959
1469130 953
1469140 947
1469150 947
1469160 940
1469170 933
1469180 927
1469190 927
1469200 921
1469210 915
1469220 915
1469230 909
1469240 902
1469250 902
1469260 896
1469270 890
1469280 890
1469290 884
1469300 878
1469310 878
1469320 872
1469330 866
1469340 866
1469350 861
1469360 855
1469370 855
1469380 849
1469390 844
1469400 844
1469410 839
1469420 834
1469430 834
1469440 828
1469450 822
1469460 822
1469470 817
1469480 811
1469490 805
1469500 805
1469510 800
1469520 795
1469530 795
1469540 791
1469550 787
1469560 787
1469570 783
1469580 778
1469590 778
1469600 774
1469610 770
1469620 770
1469630 767
1469640 764
1469650 764
1469660 760
1469670 756
1469680 756
1469690 751
1469700 746
1469710 746
1469720 740
1469730 735
1469740 735
1469750 729
1469760 724
1469770 724
1469780 719
1469790 714
1469800 710
1469810 710
1469820 707
1469830 705
1469840 705
1469850 703
1469860 700
1469870 700
1469880 697
1469890 693
1469900 693
1469910 689
1469920 685
1469930 685
1469940 680
1469950 676
1469960 676
1469970 672
1469980 668
1469990 668
1470000 665
1470010 662
1470020 662
1470030 659
1470040 656
1470050 656
1470060 652
1470070 649
1470080 649
1470090 647
1470100 643
1470110 640
1470120 640
1470130 637
1470140 635
1470150 635
1470160 632
1470170 629
1470180 629
1470190 624
1470200 618
1470210 618
1470220 613
1470230 608
1470240 608
1470250 603
1470260 599
1470270 599
1470280 597
1470290 595
1470300 595
1470310 593
1470320 592
1470330 592
1470340 589
1470350 587
1470360 587
1470370 584
1470380 582
1470390 582
1470400 580
1470410 578
1470420 575
1470430 575
1470440 571
1470450 565
1470460 565
1470470 560
1470480 554
1470490 554
1470500 553
1470510 549
1470520 549
1470530 547
1470540 541
1470550 541
1470560 535
1470570 534
1470580 534
1470590 529
1470600 527
1470610 527
1470620 527
1470630 527
1470640 527
1470650 527
1470660 527
1470670 527
1470680 527
1470690 527
1470700 527
1470710 530
1470720 528
1470730 528
1470740 527
1470750 528
1470760 532
1470770 532
1470780 534
1470790 535
1470800 535
1470810 535
1470820 535
1470830 535
1470840 536
1470850 536
1470860 536
1470870 536
1470880 535
1470890 535
1470900 534
1470910 535
1470920 535
1470930 535
1470940 538
1470950 538
1470960 539
1470970 539
1470980 539
1470990 540
1471000 540
1471010 540
1471020 540
1471030 542
1471040 542
1471050 546
1471060 553
1471070 560
1471080 560
1471090 568
1471100 576
1471110 576
1471120 583
1471130 589
1471140 589
1471150 595
1471160 596
1471170 596
1471180 599
1471190 601
1471200 601
1471210 604
1471220 608
1471230 608
1471240 613
1471250 619
1471260 619
1471270 625
1471280 628
1471290 628
1471300 632
1471310 635
1471320 635
1471330 637
1471340 638
1471350 638
1471360 639
1471370 640
1471380 641
1471390 641
1471400 642
1471410 642
1471420 642
1471430 643
1471440 644
1471450 644
1471460 648
1471470 650
1471480 650
1471490 652
1471500 655
1471510 655
1471520 659
1471530 664
1471540 664
1471550 667
1471560 673
1471570 673
1471580 674
1471590 674
1471600 674
1471610 674
1471620 675
1471630 675
1471640 679
1471650 679
1471660 679
1471670 679
1471680 682
1471690 688
1471700 688
1471710 694
1471720 700
1471730 700
1471740 706
1471750 711
1471760 711
1471770 715
1471780 718
1471790 718
1471800 721
1471810 723
1471820 723
1471830 727
1471840 732
1471850 732
1471860 737
1471870 742
1471880 742
1471890 748
1471900 753
1471910 753
1471920 757
1471930 761
1471940 761
1471950 765
1471960 770
1471970 770
1471980 775
1471990 780
1472000 786
1472010 786
1472020 790
1472030 792
1472040 792
1472050 794
1472060 795
1472070 795
1472080 797
1472090 799
1472100 799
1472110 801
1472120 803
1472130 803
1472140 806
1472150 809
1472160 809
1472170 813
1472180 816
1472190 816
1472200 819
1472210 822
1472220 822
1472230 824
1472240 824
1472250 824
1472260 824
1472270 825
1472280 825
1472290 825
1472300 823
1472310 819
1472320 819
1472330 814
1472340 808
1472350 808
1472360 804
1472370 803
1472380 803
1472390 801
1472400 800
1472410 800
1472420 798
1472430 797
1472440 797
1472450 797
1472460 797
1472470 797
1472480 798
1472490 800
1472500 800
1472510 802
1472520 803
1472530 803
1472540 804
1472550 805
1472560 805
1472570 807
1472580 808
1472590 808
1472600 810
1472610 811
1472620 812
1472630 812
1472640 813
1472650 813
1472660 813
1472670 813
1472680 813
1472690 813
1472700 813
1472710 813
1472720 813
1472730 813
1472740 812
1472750 812
1472760 811
1472770 809
1472780 809
1472790 806
1472800 803
1472810 803
1472820 800
1472830 796
1472840 796
1472850 793
1472860 790
1472870 790
1472880 788
1472890 785
1472900 785
1472910 782
1472920 780
1472930 778
1472940 778
1472950 777
1472960 776
1472970 776
1472980 775
1472990 774
1473000 774
1473010 773
1473020 772
1473030 772
1473040 772
1473050 771
1473060 771
1473070 771
1473080 771
1473090 771
1473100 772
1473110 773
1473120 773
1473130 774
1473140 777
1473150 777
1473160 782
1473170 788
1473180 788
1473190 792
1473200 795
1473210 795
1473220 798
1473230 800
1473240 802
1473250 802
1473260 804
1473270 806
1473280 806
1473290 808
1473300 810
1473310 810
1473320 811
1473330 813
1473340 813
1473350 815
1473360 816
1473370 816
1473380 818
1473390 819
1473400 819
1473410 819
1473420 820
1473430 820
1473440 820
1473450 821
1473460 821
1473470 821
1473480 820
1473490 820
1473500 820
1473510 820
1473520 820
1473530 821
1473540 821
1473550 822
1473560 822
1473570 823
1473580 824
1473590 824
1473600 825
1473610 825
1473620 825
1473630 826
1473640 825
1473650 825
1473660 824
1473670 821
1473680 821
1473690 817
1473700 813
1473710 813
1473720 809
1473730 806
1473740 806
1473750 803
1473760 799
1473770 799
1473780 796
1473790 795
1473800 795
1473810 794
1473820 794
1473830 794
1473840 793
1473850 792
1473860 792
1473870 792
1473880 792
1473890 792
1473900 792
1473910 792
1473920 792
1473930 792
1473940 793
1473950 794
1473960 794
1473970 796
1473980 797
1473990 797
1474000 799
1474010 802
1474020 802
1474030 804
1474040 807
1474050 807
1474060 810
1474070 811
1474080 811
1474090 812
1474100 813
1474110 813
1474120 813
1474130 814
1474140 814
1474150 814
1474160 814
1474170 814
1474180 814
1474190 814
1474200 812
1474210 812
1474220 810
1474230 808
1474240 808
1474250 807
1474260 806
1474270 806
1474280 805
1474290 804
1474300 804
1474310 803
1474320 802
1474330 802
1474340 800
1474350 799
1474360 799
1474370 799
1474380 799
1474390 799
1474400 799
1474410 800
1474420 800
1474430 801
1474440 803
1474450 803
1474460 804
1474470 807
1474480 807
1474490 809
1474500 812
1474510 815
1474520 815
1474530 817
1474540 821
1474550 821
1474560 826
1474570 832
1474580 832
1474590 837
1474600 842
1474610 842
1474620 844
1474630 844
1474640 844
1474650 844
1474660 845
1474670 845
1474680 847
1474690 849
1474700 849
1474710 850
1474720 849
1474730 849
1474740 846
1474750 846
1474760 846
1474770 848
1474780 852
1474790 852
1474800 857
1474810 862
1474820 864
1474830 864
1474840 865
1474850 866
1474860 866
1474870 867
1474880 868
1474890 868
1474900 869
1474910 869
1474920 869
1474930 870
1474940 871
1474950 871
1474960 871
1474970 871
1474980 871
1474990 870
1475000 868
1475010 868
1475020 868
1475030 868
1475040 868
1475050 868
1475060 868
1475070 868
1475080 869
1475090 868
1475100 868
1475110 868
1475120 867
1475130 867
1475140 867
1475150 867
1475160 868
1475170 868
1475180 868
1475190 871
1475200 871
1475210 875
1475220 878
1475230 878
1475240 878
1475250 878
1475260 878
1475270 877
1475280 874
1475290 874
1475300 872
1475310 870
1475320 870
1475330 869
1475340 868
1475350 868
1475360 867
1475370 866
1475380 866
1475390 865
1475400 865
1475410 865
1475420 867
1475430 869
1475440 872
1475450 872
1475460 876
1475470 879
1475480 879
1475490 884
1475500 889
1475510 889
1475520 890
1475530 887
1475540 887
1475550 881
1475560 876
1475570 876
1475580 870
1475590 866
1475600 866
1475610 861
1475620 856
1475630 856
1475640 852
1475650 849
1475660 849
1475670 847
1475680 847
1475690 847
1475700 846
1475710 846
1475720 846
1475730 846
1475740 846
1475750 847
1475760 847
1475770 848
1475780 848
1475790 848
1475800 849
1475810 851
1475820 851
1475830 856
1475840 861
1475850 861
1475860 867
1475870 872
1475880 872
1475890 875
1475900 877
1475910 877
1475920 879
1475930 880
1475940 880
1475950 882
1475960 883
1475970 883
1475980 884
1475990 886
1476000 886
1476010 890
1476020 894
1476030 894
1476040 897
1476050 900
1476060 904
1476070 904
1476080 907
1476090 910
1476100 910
1476110 913
1476120 917
1476130 917
1476140 921
1476150 926
1476160 926
1476170 930
1476180 933
1476190 933
1476200 935
1476210 937
1476220 937
1476230 939
1476240 940
1476250 940
1476260 940
1476270 941
1476280 941
1476290 943
1476300 945
1476310 945
1476320 946
1476330 948
1476340 948
1476350 950
1476360 953
1476370 955
1476380 955
1476390 958
1476400 960
1476410 960
1476420 961
1476430 962
1476440 962
1476450 962
1476460 961
1476470 961
1476480 959
1476490 957
1476500 957
1476510 958
1476520 960
1476530 960
1476540 962
1476550 965
1476560 965
1476570 968
1476580 970
1476590 970
1476600 973
1476610 975
1476620 975
1476630 978
1476640 980
1476650 980
1476660 982
1476670 984
1476680 987
1476690 987
1476700 988
1476710 988
1476720 988
1476730 988
1476740 988
1476750 988
1476760 987
1476770 989
1476780 989
1476790 993
1476800 994
1476810 994
1476820 995
1476830 996
1476840 996
1476850 998
1476860 1000
1476870 1000
1476880 1002
1476890 1004
1476900 1004
1476910 1005
1476920 1009
1476930 1009
1476940 1012
1476950 1016
1476960 1016
1476970 1018
1476980 1019
1476990 1021
1477000 1021
1477010 1022
1477020 1023
1477030 1023
1477040 1024
1477050 1025
1477060 1025
1477070 1026
1477080 1027
1477090 1027
1477100 1028
1477110 1030
1477120 1030
1477130 1032
1477140 1035
1477150 1035
1477160 1037
1477170 1038
1477180 1038
1477190 1041
1477200 1043
1477210 1043
1477220 1046
1477230 1046
1477240 1046
1477250 1048
1477260 1051
1477270 1051
1477280 1056
1477290 1060
1477300 1064
1477310 1064
1477320 1067
1477330 1070
1477340 1070
1477350 1073
1477360 1075
1477370 1075
1477380 1078
1477390 1080
1477400 1080
1477410 1082
1477420 1083
1477430 1083
1477440 1085
1477450 1087
1477460 1087
1477470 1089
1477480 1091
1477490 1091
1477500 1093
1477510 1095
1477520 1095
1477530 1098
1477540 1099
1477550 1099
1477560 1095
1477570 1090
1477580 1090
1477590 1086
1477600 1089
1477610 1095
1477620 1095
1477630 1100
1477640 1103
1477650 1103
1477660 1105
1477670 1109
1477680 1109
1477690 1113
1477700 1115
1477710 1115
1477720 1119
1477730 1123
1477740 1123
1477750 1129
1477760 1131
1477770 1131
1477780 1137
1477790 1140
1477800 1140
1477810 1144
1477820 1148
1477830 1148
1477840 1150
1477850 1147
1477860 1147
1477870 1144
1477880 1148
1477890 1148
1477900 1158
1477910 1168
1477920 1168
1477930 1175
1477940 1183
1477950 1191
1477960 1191
1477970 1199
1477980 1204
1477990 1204
1478000 1210
1478010 1215
1478020 1215
1478030 1219
1478040 1225
1478050 1225
1478060 1231
1478070 1237
1478080 1237
1478090 1243
1478100 1249
1478110 1249
1478120 1255
1478130 1260
1478140 1260
1478150 1265
1478160 1269
1478170 1269
1478180 1274
1478190 1278
1478200 1278
1478210 1283
1478220 1287
1478230 1287
1478240 1290
1478250 1294
1478260 1298
1478270 1298
1478280 1301
1478290 1304
1478300 1304
1478310 1307
1478320 1310
1478330 1310
1478340 1313
1478350 1315
1478360 1315
1478370 1315
1478380 1316
1478390 1316
1478400 1317
1478410 1322
1478420 1322
1478430 1326
1478440 1331
1478450 1331
1478460 1335
1478470 1338
1478480 1338
1478490 1342
1478500 1345
1478510 1345
1478520 1350
1478530 1354
1478540 1354
1478550 1359
1478560 1364
1478570 1368
1478580 1368
1478590 1372
1478600 1377
1478610 1377
1478620 1381
1478630 1386
1478640 1386
1478650 1390
1478660 1396
1478670 1396
1478680 1400
1478690 1405
1478700 1405
1478710 1411
1478720 1415
1478730 1415
1478740 1421
1478750 1426
1478760 1426
1478770 1431
1478780 1437
1478790 1437
1478800 1443
1478810 1448
1478820 1448
1478830 1454
1478840 1459
1478850 1459
1478860 1464
1478870 1468
1478880 1472
1478890 1472
1478900 1476
1478910 1479
1478920 1479
1478930 1482
1478940 1485
1478950 1485
1478960 1488
1478970 1490
1478980 1490
1478990 1492
1479000 1494
1479010 1494
1479020 1496
1479030 1497
1479040 1497
1479050 1498
1479060 1498
1479070 1498
1479080 1498
1479090 1498
1479100 1498
1479110 1497
1479120 1495
1479130 1495
1479140 1492
1479150 1490
1479160 1490
1479170 1487
1479180 1482
1479190 1477
1479200 1477
1479210 1471
1479220 1465
1479230 1465
1479240 1460
1479250 1455
1479260 1455
1479270 1450
1479280 1446
1479290 1446
1479300 1441
1479310 1436
1479320 1436
1479330 1431
1479340 1427
1479350 1427
1479360 1421
1479370 1416
1479380 1416
1479390 1412
1479400 1407
1479410 1407
1479420 1402
1479430 1396
1479440 1396
1479450 1390
1479460 1384
1479470 1384
1479480 1377
1479490 1370
1479500 1363
1479510 1363
1479520 1355
1479530 1349
1479540 1349
1479550 1341
1479560 1332
1479570 1332
1479580 1324
1479590 1316
1479600 1316
1479610 1308
1479620 1299
1479630 1299
1479640 1292
1479650 1285
1479660 1285
1479670 1279
1479680 1272
1479690 1272
1479700 1266
1479710 1264
1479720 1264
1479730 1262
1479740 1259
1479750 1259
1479760 1256
1479770 1251
1479780 1251
1479790 1252
1479800 1256
1479810 1259
1479820 1259
1479830 1261
1479840 1260
1479850 1260
1479860 1256
1479870 1257
1479880 1257
1479890 1257
1479900 1261
1479910 1261
1479920 1265
1479930 1268
1479940 1268
1479950 1270
1479960 1270
1479970 1270
1479980 1269
1479990 1266
