1460000 1372
1460010 1377
1460020 1388
1460030 1388
1460040 1398
1460050 1397
1460060 1397
1460070 1397
1460080 1400
1460090 1400
1460100 1400
1460110 1399
1460120 1399
1460130 1397
1460140 1395
1460150 1395
1460160 1390
1460170 1386
1460180 1386
1460190 1384
1460200 1381
1460210 1381
1460220 1375
1460230 1370
1460240 1370
1460250 1366
1460260 1362
1460270 1362
1460280 1358
1460290 1359
1460300 1358
1460310 1358
1460320 1354
1460330 1349
1460340 1349
1460350 1343
1460360 1332
1460370 1332
1460380 1329
1460390 1335
1460400 1335
1460410 1341
1460420 1341
1460430 1341
1460440 1341
1460450 1336
1460460 1336
1460470 1331
1460480 1327
1460490 1327
1460500 1319
1460510 1317
1460520 1317
1460530 1328
1460540 1341
1460550 1341
1460560 1345
1460570 1345
1460580 1345
1460590 1352
1460600 1351
1460610 1351
1460620 1344
1460630 1337
1460640 1329
1460650 1329
1460660 1322
1460670 1315
1460680 1315
1460690 1308
1460700 1302
1460710 1302
1460720 1297
1460730 1289
1460740 1289
1460750 1284
1460760 1279
1460770 1279
1460780 1272
1460790 1262
1460800 1262
1460810 1251
1460820 1241
1460830 1241
1460840 1238
1460850 1235
1460860 1235
1460870 1226
1460880 1219
1460890 1219
1460900 1211
1460910 1210
1460920 1210
1460930 1216
1460940 1218
1460950 1218
1460960 1214
1460970 1211
1460980 1208
1460990 1208
1461000 1209
1461010 1215
1461020 1215
1461030 1224
1461040 1233
1461050 1233
1461060 1242
1461070 1252
1461080 1252
1461090 1259
1461100 1269
1461110 1269
1461120 1276
1461130 1279
1461140 1279
1461150 1277
1461160 1275
1461170 1275
1461180 1268
1461190 1259
1461200 1259
1461210 1251
1461220 1244
1461230 1244
1461240 1239
1461250 1234
1461260 1234
1461270 1233
1461280 1220
1461290 1219
1461300 1219
1461310 1216
1461320 1214
1461330 1214
1461340 1224
1461350 1238
1461360 1238
1461370 1251
1461380 1261
1461390 1261
1461400 1276
1461410 1308
1461420 1308
1461430 1328
1461440 1324
1461450 1324
1461460 1318
1461470 1316
1461480 1316
1461490 1316
1461500 1321
1461510 1321
1461520 1327
1461530 1327
1461540 1327
1461550 1323
1461560 1319
1461570 1319
1461580 1316
1461590 1310
1461600 1310
1461610 1322
1461620 1330
1461630 1335
1461640 1335
1461650 1340
1461660 1345
1461670 1345
1461680 1362
1461690 1377
1461700 1377
1461710 1392
1461720 1401
1461730 1401
1461740 1406
1461750 1408
1461760 1408
1461770 1412
1461780 1415
1461790 1415
1461800 1420
1461810 1422
1461820 1422
1461830 1426
1461840 1429
1461850 1429
1461860 1428
1461870 1426
1461880 1426
1461890 1426
1461900 1425
1461910 1425
1461920 1425
1461930 1428
1461940 1428
1461950 1432
1461960 1436
1461970 1439
1461980 1439
1461990 1441
1462000 1441
1462010 1441
1462020 1440
1462030 1440
1462040 1440
1462050 1438
1462060 1436
1462070 1436
1462080 1434
1462090 1433
1462100 1433
1462110 1432
1462120 1430
1462130 1430
1462140 1428
1462150 1427
1462160 1427
1462170 1426
1462180 1424
1462190 1424
1462200 1421
1462210 1418
1462220 1418
1462230 1414
1462240 1410
1462250 1410
1462260 1404
1462270 1398
1462280 1398
1462290 1391
1462300 1383
1462310 1376
1462320 1376
1462330 1370
1462340 1364
1462350 1364
1462360 1357
1462370 1350
1462380 1350
1462390 1343
1462400 1336
1462410 1336
1462420 1328
1462430 1321
1462440 1321
1462450 1313
1462460 1306
1462470 1306
1462480 1298
1462490 1290
1462500 1290
1462510 1283
1462520 1276
1462530 1276
1462540 1269
1462550 1263
1462560 1263
1462570 1256
1462580 1250
1462590 1250
1462600 1242
1462610 1234
1462620 1227
1462630 1227
1462640 1219
1462650 1211
1462660 1211
1462670 1204
1462680 1196
1462690 1196
1462700 1189
1462710 1183
1462720 1183
1462730 1175
1462740 1168
1462750 1168
1462760 1161
1462770 1151
1462780 1151
1462790 1147
1462800 1139
1462810 1139
1462820 1130
1462830 1121
1462840 1121
1462850 1113
1462860 1106
1462870 1106
1462880 1101
1462890 1095
1462900 1095
1462910 1088
1462920 1080
1462930 1080
1462940 1073
1462950 1066
1462960 1059
1462970 1059
1462980 1052
1462990 1044
1463000 1044
1463010 1036
1463020 1030
1463030 1030
1463040 1026
1463050 1019
1463060 1019
1463070 1012
1463080 1005
1463090 1005
1463100 997
1463110 987
1463120 987
1463130 977
1463140 970
1463150 970
1463160 966
1463170 967
1463180 967
1463190 971
1463200 968
1463210 968
1463220 960
1463230 954
1463240 954
1463250 950
1463260 946
1463270 946
1463280 946
1463290 942
1463300 937
1463310 937
1463320 929
1463330 921
1463340 921
1463350 918
1463360 914
1463370 914
1463380 909
1463390 903
1463400 903
1463410 897
1463420 892
1463430 892
1463440 889
1463450 886
1463460 886
1463470 882
1463480 880
1463490 880
1463500 877
1463510 870
1463520 870
1463530 860
1463540 853
1463550 853
1463560 854
1463570 860
1463580 860
1463590 864
1463600 862
1463610 860
1463620 860
1463630 856
1463640 852
1463650 852
1463660 849
1463670 848
1463680 848
1463690 845
1463700 839
1463710 839
1463720 832
1463730 827
1463740 827
1463750 822
1463760 820
1463770 820
1463780 819
1463790 816
1463800 816
1463810 816
1463820 817
1463830 817
1463840 818
1463850 818
1463860 818
1463870 819
1463880 817
1463890 817
1463900 816
1463910 815
1463920 815
1463930 816
1463940 819
1463950 822
1463960 822
1463970 825
1463980 825
1463990 825
1464000 824
1464010 822
1464020 822
1464030 818
1464040 815
1464050 815
1464060 813
1464070 809
1464080 809
1464090 805
1464100 804
1464110 804
1464120 805
1464130 807
1464140 807
1464150 806
1464160 807
1464170 807
1464180 808
1464190 805
1464200 805
1464210 801
1464220 796
1464230 796
1464240 791
1464250 789
1464260 789
1464270 786
1464280 782
1464290 778
1464300 778
1464310 773
1464320 769
1464330 769
1464340 764
1464350 758
1464360 758
1464370 754
1464380 750
1464390 750
1464400 746
1464410 743
1464420 743
1464430 742
1464440 739
1464450 739
1464460 736
1464470 732
1464480 732
1464490 729
1464500 726
1464510 726
1464520 722
1464530 719
1464540 719
1464550 717
1464560 714
1464570 714
1464580 710
1464590 707
1464600 707
1464610 704
1464620 699
1464630 694
1464640 694
1464650 689
1464660 684
1464670 684
1464680 681
1464690 680
1464700 680
1464710 678
1464720 677
1464730 677
1464740 675
1464750 671
1464760 671
1464770 667
1464780 663
1464790 663
1464800 661
1464810 661
1464820 661
1464830 660
1464840 659
1464850 659
1464860 658
1464870 657
1464880 657
1464890 656
1464900 657
1464910 657
1464920 658
1464930 655
1464940 649
1464950 649
1464960 646
1464970 642
1464980 642
1464990 636
1465000 629
1465010 629
1465020 622
1465030 618
1465040 618
1465050 614
1465060 610
1465070 610
1465080 607
1465090 605
1465100 605
1465110 601
1465120 594
1465130 594
1465140 588
1465150 583
1465160 583
1465170 579
1465180 575
1465190 575
1465200 572
1465210 573
1465220 573
1465230 575
1465240 576
1465250 576
1465260 577
1465270 577
1465280 572
1465290 572
1465300 567
1465310 563
1465320 563
1465330 559
1465340 556
1465350 556
1465360 556
1465370 555
1465380 555
1465390 555
1465400 555
1465410 555
1465420 554
1465430 554
1465440 554
1465450 554
1465460 553
1465470 553
1465480 553
1465490 552
1465500 552
1465510 551
1465520 551
1465530 551
1465540 550
1465550 550
1465560 550
1465570 551
1465580 554
1465590 554
1465600 558
1465610 560
1465620 562
1465630 562
1465640 561
1465650 561
1465660 561
1465670 559
1465680 558
1465690 558
1465700 556
1465710 555
1465720 555
1465730 554
1465740 552
1465750 552
1465760 549
1465770 544
1465780 544
1465790 543
1465800 541
1465810 541
1465820 540
1465830 538
1465840 538
1465850 538
1465860 540
1465870 540
1465880 541
1465890 544
1465900 544
1465910 551
1465920 557
1465930 561
1465940 561
1465950 566
1465960 569
1465970 569
1465980 571
1465990 572
1466000 572
1466010 571
1466020 571
1466030 571
1466040 572
1466050 574
1466060 574
1466070 576
1466080 578
1466090 578
1466100 581
1466110 582
1466120 582
1466130 584
1466140 587
1466150 587
1466160 587
1466170 587
1466180 587
1466190 587
1466200 587
1466210 587
1466220 587
1466230 587
1466240 587
1466250 586
1466260 584
1466270 581
1466280 581
1466290 578
1466300 577
1466310 577
1466320 577
1466330 576
1466340 576
1466350 576
1466360 577
1466370 577
1466380 577
1466390 577
1466400 577
1466410 575
1466420 573
1466430 573
1466440 573
1466450 573
1466460 573
1466470 571
1466480 571
1466490 571
1466500 571
1466510 570
1466520 570
1466530 570
1466540 570
1466550 570
1466560 571
1466570 572
1466580 572
1466590 573
1466600 574
1466610 573
1466620 573
1466630 570
1466640 572
1466650 572
1466660 577
1466670 583
1466680 583
1466690 587
1466700 590
1466710 590
1466720 589
1466730 587
1466740 587
1466750 583
1466760 580
1466770 580
1466780 577
1466790 573
1466800 573
1466810 569
1466820 565
1466830 565
1466840 561
1466850 558
1466860 558
1466870 555
1466880 554
1466890 554
1466900 553
1466910 552
1466920 551
1466930 551
1466940 549
1466950 547
1466960 547
1466970 546
1466980 545
1466990 545
1467000 545
1467010 545
1467020 545
1467030 545
1467040 546
1467050 546
1467060 547
1467070 549
1467080 549
1467090 551
1467100 548
1467110 548
1467120 546
1467130 542
1467140 542
1467150 538
1467160 536
1467170 536
1467180 535
1467190 533
1467200 533
1467210 530
1467220 526
1467230 526
1467240 522
1467250 519
1467260 515
1467270 515
1467280 512
1467290 512
1467300 512
1467310 512
1467320 512
1467330 512
1467340 512
1467350 512
1467360 512
1467370 512
1467380 512
1467390 512
1467400 512
1467410 513
1467420 513
1467430 516
1467440 518
1467450 518
1467460 519
1467470 520
1467480 520
1467490 522
1467500 526
1467510 526
1467520 531
1467530 543
1467540 543
1467550 551
1467560 552
1467570 552
1467580 552
1467590 557
1467600 563
1467610 563
1467620 570
1467630 576
1467640 576
1467650 583
1467660 592
1467670 592
1467680 599
1467690 607
1467700 607
1467710 615
1467720 622
1467730 622
1467740 625
1467750 628
1467760 628
1467770 632
1467780 636
1467790 636
1467800 639
1467810 640
1467820 640
1467830 639
1467840 635
1467850 635
1467860 630
1467870 626
1467880 626
1467890 623
1467900 620
1467910 620
1467920 618
1467930 616
1467940 614
1467950 614
1467960 611
1467970 607
1467980 607
1467990 602
1468000 598
1468010 598
1468020 596
1468030 595
1468040 595
1468050 594
1468060 594
1468070 594
1468080 594
1468090 593
1468100 593
1468110 593
1468120 593
1468130 593
1468140 594
1468150 595
1468160 595
1468170 594
1468180 595
1468190 595
1468200 595
1468210 596
1468220 596
1468230 597
1468240 597
1468250 599
1468260 599
1468270 601
1468280 603
1468290 603
1468300 605
1468310 607
1468320 607
1468330 609
1468340 611
1468350 611
1468360 613
1468370 615
1468380 615
1468390 617
1468400 619
1468410 619
1468420 620
1468430 622
1468440 622
1468450 625
1468460 627
1468470 627
1468480 629
1468490 631
1468500 631
1468510 634
1468520 636
1468530 636
1468540 638
1468550 641
1468560 641
1468570 643
1468580 645
1468590 647
1468600 647
1468610 649
1468620 648
1468630 648
1468640 646
1468650 646
1468660 646
1468670 644
1468680 643
1468690 643
1468700 645
1468710 653
1468720 653
1468730 663
1468740 671
1468750 671
1468760 678
1468770 684
1468780 684
1468790 691
1468800 697
1468810 697
1468820 703
1468830 710
1468840 710
1468850 716
1468860 721
1468870 721
1468880 730
1468890 738
1468900 738
1468910 745
1468920 752
1468930 759
1468940 759
1468950 766
1468960 773
1468970 773
1468980 780
1468990 786
1469000 786
1469010 793
1469020 799
1469030 799
1469040 806
1469050 811
1469060 811
1469070 816
1469080 819
1469090 819
1469100 821
1469110 821
1469120 821
1469130 823
1469140 826
1469150 826
1469160 828
1469170 834
1469180 834
1469190 839
1469200 843
1469210 843
1469220 848
1469230 853
1469240 855
1469250 855
1469260 856
1469270 859
1469280 859
1469290 864
1469300 866
1469310 866
1469320 868
1469330 870
1469340 870
1469350 873
1469360 875
1469370 875
1469380 877
1469390 878
1469400 878
1469410 880
1469420 883
1469430 883
1469440 885
1469450 887
1469460 887
1469470 889
1469480 890
1469490 890
1469500 892
1469510 893
1469520 893
1469530 894
1469540 895
1469550 895
1469560 896
1469570 896
1469580 895
1469590 895
1469600 895
1469610 894
1469620 894
1469630 894
1469640 894
1469650 894
1469660 895
1469670 895
1469680 895
1469690 895
1469700 897
1469710 897
1469720 899
1469730 901
1469740 901
1469750 904
1469760 907
1469770 907
1469780 911
1469790 914
1469800 914
1469810 918
1469820 922
1469830 922
1469840 925
1469850 926
1469860 926
1469870 926
1469880 924
1469890 924
1469900 920
1469910 913
1469920 910
1469930 910
1469940 905
1469950 909
1469960 909
1469970 911
1469980 903
1469990 903
1470000 897
1470010 895
1470020 895
1470030 896
1470040 899
1470050 899
1470060 902
1470070 901
1470080 901
1470090 900
1470100 903
1470110 903
1470120 903
1470130 902
1470140 902
1470150 904
1470160 903
1470170 903
1470180 902
1470190 902
1470200 902
1470210 901
1470220 899
1470230 899
1470240 898
1470250 896
1470260 892
1470270 892
1470280 888
1470290 885
1470300 885
1470310 886
1470320 891
1470330 891
1470340 900
1470350 909
1470360 909
1470370 919
1470380 929
1470390 929
1470400 941
1470410 953
1470420 953
1470430 967
1470440 976
1470450 976
1470460 983
1470470 993
1470480 993
1470490 1003
1470500 1011
1470510 1011
1470520 1018
1470530 1025
1470540 1025
1470550 1032
1470560 1038
1470570 1045
1470580 1045
1470590 1052
1470600 1058
1470610 1058
1470620 1063
1470630 1069
1470640 1069
1470650 1073
1470660 1078
1470670 1078
1470680 1084
1470690 1090
1470700 1090
1470710 1091
1470720 1094
1470730 1094
1470740 1097
1470750 1100
1470760 1100
1470770 1108
1470780 1119
1470790 1119
1470800 1126
1470810 1131
1470820 1131
1470830 1132
1470840 1134
1470850 1134
1470860 1137
1470870 1140
1470880 1140
1470890 1144
1470900 1150
1470910 1155
1470920 1155
1470930 1162
1470940 1168
1470950 1168
1470960 1174
1470970 1181
1470980 1181
1470990 1193
1471000 1209
1471010 1209
1471020 1219
1471030 1228
1471040 1228
1471050 1234
1471060 1239
1471070 1239
1471080 1244
1471090 1250
1471100 1250
1471110 1255
1471120 1259
1471130 1259
1471140 1261
1471150 1261
1471160 1261
1471170 1262
1471180 1265
1471190 1265
1471200 1264
1471210 1259
1471220 1259
1471230 1253
1471240 1254
1471250 1258
1471260 1258
1471270 1263
1471280 1268
1471290 1268
1471300 1273
1471310 1278
1471320 1278
1471330 1282
1471340 1288
1471350 1288
1471360 1290
1471370 1300
1471380 1300
1471390 1312
1471400 1329
1471410 1329
1471420 1336
1471430 1342
1471440 1342
1471450 1341
1471460 1346
1471470 1346
1471480 1352
1471490 1356
1471500 1356
1471510 1360
1471520 1371
1471530 1371
1471540 1384
1471550 1401
1471560 1410
1471570 1410
1471580 1404
1471590 1399
1471600 1399
1471610 1403
1471620 1412
1471630 1412
1471640 1418
1471650 1417
1471660 1417
1471670 1418
1471680 1420
1471690 1420
1471700 1421
1471710 1419
1471720 1419
1471730 1420
1471740 1425
1471750 1425
1471760 1430
1471770 1440
1471780 1440
1471790 1448
1471800 1451
1471810 1451
1471820 1455
1471830 1459
1471840 1459
1471850 1463
1471860 1467
1471870 1467
1471880 1469
1471890 1467
1471900 1472
1471910 1472
1471920 1476
1471930 1481
1471940 1481
1471950 1486
1471960 1490
1471970 1490
1471980 1494
1471990 1497
1472000 1497
1472010 1500
1472020 1502
1472030 1502
1472040 1503
1472050 1503
1472060 1503
1472070 1501
1472080 1502
1472090 1502
1472100 1503
1472110 1505
1472120 1505
1472130 1507
1472140 1509
1472150 1509
1472160 1510
1472170 1511
1472180 1511
1472190 1512
1472200 1510
1472210 1510
1472220 1509
1472230 1509
1472240 1507
1472250 1507
1472260 1505
1472270 1502
1472280 1502
1472290 1499
1472300 1498
1472310 1498
1472320 1498
1472330 1497
1472340 1497
1472350 1498
1472360 1501
1472370 1501
1472380 1503
1472390 1507
1472400 1507
1472410 1510
1472420 1513
1472430 1513
1472440 1516
1472450 1517
1472460 1517
1472470 1519
1472480 1520
1472490 1520
1472500 1521
1472510 1523
1472520 1523
1472530 1525
1472540 1527
1472550 1527
1472560 1528
1472570 1531
1472580 1532
1472590 1532
1472600 1533
1472610 1535
1472620 1535
1472630 1534
1472640 1536
1472650 1536
1472660 1538
1472670 1541
1472680 1541
1472690 1544
1472700 1547
1472710 1547
1472720 1551
1472730 1554
1472740 1554
1472750 1557
1472760 1559
1472770 1559
1472780 1563
1472790 1566
1472800 1566
1472810 1570
1472820 1573
1472830 1573
1472840 1576
1472850 1580
1472860 1580
1472870 1582
1472880 1583
1472890 1586
1472900 1586
1472910 1589
1472920 1594
1472930 1594
1472940 1597
1472950 1599
1472960 1599
1472970 1602
1472980 1606
1472990 1606
1473000 1612
1473010 1618
1473020 1618
1473030 1624
1473040 1630
1473050 1630
1473060 1637
1473070 1643
1473080 1643
1473090 1650
1473100 1657
1473110 1657
1473120 1663
1473130 1670
1473140 1670
1473150 1676
1473160 1682
1473170 1682
1473180 1688
1473190 1694
1473200 1694
1473210 1699
1473220 1704
1473230 1708
1473240 1708
1473250 1711
1473260 1715
1473270 1715
1473280 1718
1473290 1722
1473300 1722
1473310 1726
1473320 1730
1473330 1730
1473340 1735
1473350 1739
1473360 1739
1473370 1744
1473380 1749
1473390 1749
1473400 1753
1473410 1758
1473420 1758
1473430 1763
1473440 1768
1473450 1768
1473460 1773
1473470 1778
1473480 1778
1473490 1783
1473500 1788
1473510 1788
1473520 1794
1473530 1800
1473540 1800
1473550 1805
1473560 1811
1473570 1817
1473580 1817
1473590 1822
1473600 1826
1473610 1826
1473620 1831
1473630 1835
1473640 1835
1473650 1839
1473660 1844
1473670 1844
1473680 1850
1473690 1857
1473700 1857
1473710 1863
1473720 1869
1473730 1869
1473740 1873
1473750 1876
1473760 1876
1473770 1881
1473780 1886
1473790 1886
1473800 1891
1473810 1898
1473820 1898
1473830 1903
1473840 1907
1473850 1907
1473860 1911
1473870 1914
1473880 1916
1473890 1916
1473900 1918
1473910 1919
1473920 1919
1473930 1918
1473940 1925
1473950 1925
1473960 1934
1473970 1941
1473980 1941
1473990 1947
1474000 1954
1474010 1954
1474020 1961
1474030 1971
1474040 1971
1474050 1976
1474060 1979
1474070 1979
1474080 1983
1474090 1989
1474100 1989
1474110 1995
1474120 2003
1474130 2003
1474140 2015
1474150 2026
1474160 2026
1474170 2026
1474180 2030
1474190 2030
1474200 2038
1474210 2041
1474220 2048
1474230 2048
1474240 2060
1474250 2074
1474260 2074
1474270 2082
1474280 2100
1474290 2100
1474300 2094
1474310 2077
1474320 2077
1474330 2062
1474340 2045
1474350 2045
1474360 2029
1474370 2010
1474380 2010
1474390 1990
1474400 1976
1474410 1976
1474420 1965
1474430 1954
1474440 1954
1474450 1941
1474460 1917
1474470 1917
1474480 1904
1474490 1893
1474500 1893
1474510 1881
1474520 1869
1474530 1869
1474540 1859
1474550 1849
1474560 1838
1474570 1838
1474580 1829
1474590 1822
1474600 1822
1474610 1814
1474620 1808
1474630 1808
1474640 1802
1474650 1795
1474660 1795
1474670 1790
1474680 1787
1474690 1787
1474700 1781
1474710 1774
1474720 1774
1474730 1767
1474740 1761
1474750 1761
1474760 1756
1474770 1755
1474780 1755
1474790 1752
1474800 1747
1474810 1747
1474820 1742
1474830 1738
1474840 1738
1474850 1734
1474860 1731
1474870 1731
1474880 1728
1474890 1716
1474900 1705
1474910 1705
1474920 1698
1474930 1689
1474940 1689
1474950 1678
1474960 1670
1474970 1670
1474980 1661
1474990 1654
1475000 1654
1475010 1650
1475020 1644
1475030 1644
1475040 1638
1475050 1633
1475060 1633
1475070 1628
1475080 1623
1475090 1623
1475100 1618
1475110 1613
1475120 1613
1475130 1607
1475140 1601
1475150 1601
1475160 1596
1475170 1590
1475180 1590
1475190 1586
1475200 1583
1475210 1580
1475220 1580
1475230 1577
1475240 1574
1475250 1574
1475260 1573
1475270 1572
1475280 1572
1475290 1570
1475300 1566
1475310 1566
1475320 1565
1475330 1560
1475340 1560
1475350 1550
1475360 1542
1475370 1542
1475380 1533
1475390 1527
1475400 1527
1475410 1524
1475420 1526
1475430 1526
1475440 1525
1475450 1521
1475460 1521
1475470 1516
1475480 1508
1475490 1508
1475500 1499
1475510 1491
1475520 1491
1475530 1483
1475540 1479
1475550 1474
1475560 1474
1475570 1469
1475580 1467
1475590 1467
1475600 1464
1475610 1458
1475620 1458
1475630 1454
1475640 1447
1475650 1447
1475660 1439
1475670 1434
1475680 1434
1475690 1431
1475700 1429
1475710 1429
1475720 1425
1475730 1420
1475740 1420
1475750 1413
1475760 1411
1475770 1411
1475780 1410
1475790 1408
1475800 1408
1475810 1407
1475820 1404
1475830 1404
1475840 1398
1475850 1392
1475860 1392
1475870 1387
1475880 1383
1475890 1379
1475900 1379
1475910 1376
1475920 1373
1475930 1373
1475940 1369
1475950 1366
1475960 1366
1475970 1364
1475980 1356
1475990 1356
1476000 1351
1476010 1341
1476020 1341
1476030 1333
1476040 1325
1476050 1325
1476060 1316
1476070 1309
1476080 1309
1476090 1302
1476100 1294
1476110 1294
1476120 1287
1476130 1281
1476140 1281
1476150 1269
1476160 1246
1476170 1246
1476180 1239
1476190 1237
1476200 1236
1476210 1236
1476220 1233
1476230 1227
1476240 1227
1476250 1219
1476260 1211
1476270 1211
1476280 1204
1476290 1198
1476300 1198
1476310 1192
1476320 1188
1476330 1188
1476340 1182
1476350 1174
1476360 1174
1476370 1167
1476380 1161
1476390 1161
1476400 1152
1476410 1120
1476420 1120
1476430 1096
1476440 1092
1476450 1092
1476460 1090
1476470 1091
1476480 1091
1476490 1091
1476500 1090
1476510 1090
1476520 1090
1476530 1088
1476540 1087
1476550 1087
1476560 1086
1476570 1085
1476580 1085
1476590 1084
1476600 1083
1476610 1083
1476620 1081
1476630 1079
1476640 1079
1476650 1081
1476660 1084
1476670 1084
1476680 1085
1476690 1086
1476700 1086
1476710 1088
1476720 1089
1476730 1089
1476740 1090
1476750 1090
1476760 1090
1476770 1091
1476780 1091
1476790 1091
1476800 1091
1476810 1091
1476820 1091
1476830 1092
1476840 1092
1476850 1092
1476860 1094
1476870 1095
1476880 1096
1476890 1096
1476900 1097
1476910 1097
1476920 1097
1476930 1098
1476940 1099
1476950 1099
1476960 1100
1476970 1102
1476980 1102
1476990 1106
1477000 1111
1477010 1111
1477020 1116
1477030 1121
1477040 1121
1477050 1127
1477060 1135
1477070 1135
1477080 1144
1477090 1152
1477100 1152
1477110 1160
1477120 1168
1477130 1168
1477140 1176
1477150 1184
1477160 1184
1477170 1194
1477180 1211
1477190 1211
1477200 1228
1477210 1246
1477220 1259
1477230 1259
1477240 1264
1477250 1270
1477260 1270
1477270 1275
1477280 1282
1477290 1282
1477300 1287
1477310 1285
1477320 1285
1477330 1283
1477340 1284
1477350 1284
1477360 1307
1477370 1330
1477380 1330
1477390 1334
1477400 1349
1477410 1349
1477420 1353
1477430 1355
1477440 1355
1477450 1352
1477460 1348
1477470 1348
1477480 1342
1477490 1336
1477500 1336
1477510 1345
1477520 1346
1477530 1353
1477540 1353
1477550 1361
1477560 1366
1477570 1366
1477580 1371
1477590 1373
1477600 1373
1477610 1372
1477620 1377
1477630 1377
1477640 1389
1477650 1399
1477660 1399
1477670 1404
1477680 1409
1477690 1409
1477700 1415
1477710 1421
1477720 1421
1477730 1429
1477740 1437
1477750 1437
1477760 1446
1477770 1453
1477780 1453
1477790 1461
1477800 1470
1477810 1470
1477820 1477
1477830 1483
1477840 1483
1477850 1484
1477860 1488
1477870 1495
1477880 1495
1477890 1502
1477900 1506
1477910 1506
1477920 1513
1477930 1523
1477940 1523
1477950 1532
1477960 1531
1477970 1531
1477980 1529
1477990 1526
1478000 1526
1478010 1521
1478020 1524
1478030 1524
1478040 1532
1478050 1540
1478060 1540
1478070 1547
1478080 1554
1478090 1554
1478100 1561
1478110 1565
1478120 1565
1478130 1571
1478140 1576
1478150 1576
1478160 1575
1478170 1571
1478180 1571
1478190 1569
1478200 1569
1478210 1567
1478220 1567
1478230 1559
1478240 1551
1478250 1551
1478260 1560
1478270 1562
1478280 1562
1478290 1554
1478300 1565
1478310 1565
1478320 1584
1478330 1597
1478340 1597
1478350 1604
1478360 1608
1478370 1608
1478380 1612
1478390 1623
1478400 1623
1478410 1644
1478420 1656
1478430 1656
1478440 1665
1478450 1675
1478460 1675
1478470 1683
1478480 1693
1478490 1693
1478500 1709
1478510 1720
1478520 1728
1478530 1728
1478540 1735
1478550 1743
1478560 1743
1478570 1750
1478580 1754
1478590 1754
1478600 1752
1478610 1749
1478620 1749
1478630 1749
1478640 1748
1478650 1748
1478660 1748
1478670 1750
1478680 1750
1478690 1751
1478700 1743
1478710 1743
1478720 1742
1478730 1737
1478740 1737
1478750 1735
1478760 1736
1478770 1736
1478780 1734
1478790 1733
1478800 1733
1478810 1741
1478820 1749
1478830 1749
1478840 1757
1478850 1764
1478860 1771
1478870 1771
1478880 1778
1478890 1786
1478900 1786
1478910 1792
1478920 1794
1478930 1794
1478940 1794
1478950 1789
1478960 1789
1478970 1782
1478980 1769
1478990 1769
1479000 1760
1479010 1759
1479020 1759
1479030 1759
1479040 1759
1479050 1759
1479060 1762
1479070 1766
1479080 1766
1479090 1774
1479100 1781
1479110 1781
1479120 1789
1479130 1792
1479140 1792
1479150 1789
1479160 1785
1479170 1785
1479180 1781
1479190 1776
1479200 1783
1479210 1783
1479220 1811
1479230 1826
1479240 1826
1479250 1830
1479260 1831
1479270 1831
1479280 1832
1479290 1830
1479300 1830
1479310 1829
1479320 1827
1479330 1827
1479340 1824
1479350 1821
1479360 1821
1479370 1819
1479380 1816
1479390 1816
1479400 1812
1479410 1805
1479420 1805
1479430 1799
1479440 1792
1479450 1792
1479460 1788
1479470 1787
1479480 1787
1479490 1791
1479500 1793
1479510 1794
1479520 1794
1479530 1800
1479540 1813
1479550 1813
1479560 1826
1479570 1834
1479580 1834
1479590 1843
1479600 1873
1479610 1873
1479620 1901
1479630 1914
1479640 1914
1479650 1920
1479660 1922
1479670 1922
1479680 1922
1479690 1928
1479700 1928
1479710 1937
1479720 1944
1479730 1944
1479740 1957
1479750 1967
1479760 1967
1479770 1976
1479780 1981
1479790 1981
1479800 1985
1479810 1980
1479820 1980
1479830 1972
1479840 1964
1479850 1955
1479860 1955
1479870 1943
1479880 1931
1479890 1931
1479900 1925
1479910 1920
1479920 1920
1479930 1912
1479940 1904
1479950 1904
1479960 1898
1479970 1893
1479980 1893
1479990 1889
