1460000 1635
1460010 1634
1460020 1635
1460030 1635
1460040 1635
1460050 1635
1460060 1635
1460070 1640
1460080 1646
1460090 1646
1460100 1652
1460110 1658
1460120 1658
1460130 1660
1460140 1663
1460150 1663
1460160 1665
1460170 1665
1460180 1665
1460190 1663
1460200 1660
1460210 1655
1460220 1655
1460230 1653
1460240 1652
1460250 1652
1460260 1652
1460270 1651
1460280 1651
1460290 1648
1460300 1642
1460310 1642
1460320 1636
1460330 1629
1460340 1629
1460350 1624
1460360 1619
1460370 1619
1460380 1616
1460390 1611
1460400 1611
1460410 1601
1460420 1608
1460430 1608
1460440 1618
1460450 1623
1460460 1623
1460470 1627
1460480 1631
1460490 1631
1460500 1636
1460510 1642
1460520 1642
1460530 1646
1460540 1643
1460550 1637
1460560 1637
1460570 1629
1460580 1624
1460590 1615
1460600 1611
1460610 1605
1460620 1605
1460630 1597
1460640 1591
1460650 1591
1460660 1584
1460670 1566
1460680 1566
1460690 1553
1460700 1549
1460710 1549
1460720 1548
1460730 1547
1460740 1547
1460750 1547
1460760 1540
1460770 1540
1460780 1517
1460790 1531
1460800 1531
1460810 1575
1460820 1592
1460830 1592
1460840 1604
1460850 1608
1460860 1608
1460870 1608
1460880 1609
1460890 1607
1460900 1607
1460910 1600
1460920 1585
1460930 1585
1460940 1583
1460950 1585
1460960 1585
1460970 1589
1460980 1593
1460990 1593
1461000 1590
1461010 1586
1461020 1586
1461030 1581
1461040 1563
1461050 1563
1461060 1546
1461070 1534
1461080 1534
1461090 1532
1461100 1529
1461110 1529
1461120 1516
1461130 1517
1461140 1517
1461150 1523
1461160 1530
1461170 1530
1461180 1544
1461190 1541
1461200 1552
1461210 1552
1461220 1558
1461230 1560
1461240 1560
1461250 1559
1461260 1553
1461270 1553
1461280 1547
1461290 1543
1461300 1543
1461310 1537
1461320 1533
1461330 1533
1461340 1528
1461350 1519
1461360 1519
1461370 1510
1461380 1504
1461390 1504
1461400 1503
1461410 1497
1461420 1497
1461430 1491
1461440 1492
1461450 1492
1461460 1486
1461470 1489
1461480 1489
1461490 1512
1461500 1535
1461510 1535
1461520 1552
1461530 1561
1461540 1573
1461550 1573
1461560 1587
1461570 1610
1461580 1610
1461590 1627
1461600 1637
1461610 1637
1461620 1639
1461630 1639
1461640 1639
1461650 1638
1461660 1638
1461670 1638
1461680 1636
1461690 1635
1461700 1635
1461710 1635
1461720 1636
1461730 1636
1461740 1637
1461750 1635
1461760 1635
1461770 1633
1461780 1633
1461790 1633
1461800 1634
1461810 1637
1461820 1637
1461830 1640
1461840 1641
1461850 1641
1461860 1641
1461870 1641
1461880 1640
1461890 1640
1461900 1637
1461910 1630
1461920 1630
1461930 1624
1461940 1616
1461950 1616
1461960 1605
1461970 1592
1461980 1592
1461990 1577
1462000 1565
1462010 1565
1462020 1556
1462030 1545
1462040 1545
1462050 1536
1462060 1527
1462070 1527
1462080 1519
1462090 1511
1462100 1511
1462110 1502
1462120 1494
1462130 1494
1462140 1485
1462150 1477
1462160 1477
1462170 1469
1462180 1463
1462190 1456
1462200 1456
1462210 1449
1462220 1442
1462230 1442
1462240 1435
1462250 1427
1462260 1427
1462270 1420
1462280 1413
1462290 1413
1462300 1406
1462310 1398
1462320 1398
1462330 1391
1462340 1385
1462350 1385
1462360 1380
1462370 1381
1462380 1381
1462390 1375
1462400 1369
1462410 1369
1462420 1360
1462430 1353
1462440 1353
1462450 1345
1462460 1335
1462470 1335
1462480 1328
1462490 1320
1462500 1320
1462510 1312
1462520 1303
1462530 1294
1462540 1294
1462550 1284
1462560 1270
1462570 1270
1462580 1258
1462590 1248
1462600 1248
1462610 1238
1462620 1231
1462630 1231
1462640 1226
1462650 1223
1462660 1223
1462670 1214
1462680 1203
1462690 1203
1462700 1194
1462710 1195
1462720 1195
1462730 1188
1462740 1180
1462750 1180
1462760 1167
1462770 1149
1462780 1149
1462790 1135
1462800 1125
1462810 1125
1462820 1113
1462830 1100
1462840 1100
1462850 1090
1462860 1082
1462870 1074
1462880 1074
1462890 1065
1462900 1056
1462910 1056
1462920 1047
1462930 1039
1462940 1039
1462950 1031
1462960 1024
1462970 1024
1462980 1016
1462990 1008
1463000 1008
1463010 1002
1463020 998
1463030 998
1463040 994
1463050 988
1463060 988
1463070 983
1463080 976
1463090 976
1463100 969
1463110 961
1463120 961
1463130 954
1463140 947
1463150 947
1463160 945
1463170 948
1463180 948
1463190 949
1463200 951
1463210 954
1463220 954
1463230 955
1463240 955
1463250 955
1463260 956
1463270 960
1463280 960
1463290 965
1463300 968
1463310 968
1463320 969
1463330 969
1463340 969
1463350 970
1463360 972
1463370 972
1463380 974
1463390 976
1463400 976
1463410 975
1463420 970
1463430 970
1463440 966
1463450 967
1463460 967
1463470 967
1463480 969
1463490 969
1463500 969
1463510 967
1463520 965
1463530 965
1463540 963
1463550 960
1463560 960
1463570 958
1463580 956
1463590 956
1463600 953
1463610 949
1463620 949
1463630 944
1463640 942
1463650 942
1463660 940
1463670 937
1463680 937
1463690 933
1463700 928
1463710 928
1463720 923
1463730 918
1463740 918
1463750 914
1463760 910
1463770 910
1463780 906
1463790 902
1463800 902
1463810 899
1463820 895
1463830 895
1463840 892
1463850 889
1463860 886
1463870 886
1463880 883
1463890 881
1463900 881
1463910 879
1463920 875
1463930 875
1463940 870
1463950 862
1463960 862
1463970 855
1463980 847
1463990 847
1464000 839
1464010 831
1464020 831
1464030 823
1464040 814
1464050 814
1464060 806
1464070 800
1464080 800
1464090 795
1464100 790
1464110 790
1464120 787
1464130 790
1464140 790
1464150 798
1464160 804
1464170 804
1464180 811
1464190 818
1464200 824
1464210 824
1464220 825
1464230 825
1464240 825
1464250 825
1464260 824
1464270 824
1464280 822
1464290 822
1464300 822
1464310 819
1464320 814
1464330 814
1464340 808
1464350 802
1464360 802
1464370 800
1464380 796
1464390 796
1464400 791
1464410 788
1464420 788
1464430 786
1464440 785
1464450 785
1464460 783
1464470 781
1464480 781
1464490 779
1464500 775
1464510 775
1464520 771
1464530 767
1464540 763
1464550 763
1464560 760
1464570 755
1464580 755
1464590 752
1464600 748
1464610 748
1464620 742
1464630 737
1464640 737
1464650 732
1464660 728
1464670 728
1464680 724
1464690 722
1464700 722
1464710 719
1464720 717
1464730 717
1464740 715
1464750 713
1464760 713
1464770 712
1464780 710
1464790 710
1464800 706
1464810 704
1464820 704
1464830 706
1464840 705
1464850 703
1464860 703
1464870 699
1464880 695
1464890 695
1464900 691
1464910 687
1464920 687
1464930 683
1464940 679
1464950 679
1464960 676
1464970 673
1464980 673
1464990 670
1465000 667
1465010 667
1465020 665
1465030 662
1465040 662
1465050 660
1465060 658
1465070 658
1465080 657
1465090 656
1465100 656
1465110 652
1465120 647
1465130 647
1465140 644
1465150 645
1465160 645
1465170 643
1465180 640
1465190 637
1465200 637
1465210 634
1465220 632
1465230 632
1465240 630
1465250 628
1465260 628
1465270 624
1465280 618
1465290 618
1465300 616
1465310 618
1465320 618
1465330 621
1465340 623
1465350 623
1465360 625
1465370 625
1465380 625
1465390 625
1465400 624
1465410 624
1465420 624
1465430 623
1465440 623
1465450 621
1465460 619
1465470 619
1465480 616
1465490 613
1465500 613
1465510 611
1465520 607
1465530 604
1465540 604
1465550 602
1465560 599
1465570 599
1465580 596
1465590 593
1465600 593
1465610 590
1465620 589
1465630 589
1465640 587
1465650 583
1465660 583
1465670 579
1465680 578
1465690 578
1465700 577
1465710 575
1465720 575
1465730 575
1465740 575
1465750 575
1465760 574
1465770 572
1465780 572
1465790 571
1465800 570
1465810 570
1465820 569
1465830 568
1465840 568
1465850 567
1465860 566
1465870 565
1465880 565
1465890 563
1465900 560
1465910 560
1465920 557
1465930 554
1465940 554
1465950 550
1465960 548
1465970 548
1465980 548
1465990 546
1466000 546
1466010 542
1466020 536
1466030 536
1466040 532
1466050 531
1466060 531
1466070 530
1466080 528
1466090 528
1466100 527
1466110 526
1466120 526
1466130 526
1466140 526
1466150 526
1466160 525
1466170 523
1466180 522
1466190 522
1466200 521
1466210 521
1466220 521
1466230 521
1466240 522
1466250 522
1466260 523
1466270 523
1466280 523
1466290 523
1466300 523
1466310 523
1466320 523
1466330 523
1466340 523
1466350 523
1466360 523
1466370 523
1466380 523
1466390 523
1466400 523
1466410 522
1466420 522
1466430 522
1466440 522
1466450 521
1466460 521
1466470 521
1466480 521
1466490 521
1466500 520
1466510 520
1466520 519
1466530 519
1466540 518
1466550 517
1466560 517
1466570 517
1466580 517
1466590 517
1466600 516
1466610 516
1466620 516
1466630 516
1466640 515
1466650 515
1466660 515
1466670 515
1466680 518
1466690 518
1466700 518
1466710 518
1466720 517
1466730 517
1466740 517
1466750 517
1466760 516
1466770 516
1466780 516
1466790 516
1466800 516
1466810 515
1466820 515
1466830 515
1466840 515
1466850 514
1466860 513
1466870 513
1466880 513
1466890 513
1466900 513
1466910 512
1466920 511
1466930 511
1466940 511
1466950 511
1466960 511
1466970 511
1466980 511
1466990 511
1467000 511
1467010 515
1467020 515
1467030 519
1467040 518
1467050 518
1467060 516
1467070 515
1467080 515
1467090 516
1467100 519
1467110 519
1467120 525
1467130 526
1467140 526
1467150 526
1467160 526
1467170 526
1467180 526
1467190 527
1467200 528
1467210 528
1467220 529
1467230 530
1467240 530
1467250 531
1467260 533
1467270 533
1467280 538
1467290 544
1467300 544
1467310 549
1467320 553
1467330 553
1467340 556
1467350 558
1467360 558
1467370 560
1467380 562
1467390 562
1467400 562
1467410 561
1467420 561
1467430 560
1467440 560
1467450 560
1467460 561
1467470 561
1467480 561
1467490 566
1467500 574
1467510 574
1467520 581
1467530 587
1467540 592
1467550 592
1467560 599
1467570 605
1467580 605
1467590 612
1467600 620
1467610 620
1467620 629
1467630 638
1467640 638
1467650 645
1467660 652
1467670 652
1467680 660
1467690 671
1467700 671
1467710 681
1467720 687
1467730 687
1467740 692
1467750 694
1467760 694
1467770 694
1467780 696
1467790 696
1467800 697
1467810 701
1467820 701
1467830 706
1467840 711
1467850 713
1467860 713
1467870 714
1467880 716
1467890 716
1467900 717
1467910 718
1467920 718
1467930 719
1467940 723
1467950 723
1467960 729
1467970 727
1467980 727
1467990 722
1468000 718
1468010 718
1468020 713
1468030 704
1468040 704
1468050 700
1468060 696
1468070 696
1468080 694
1468090 690
1468100 690
1468110 685
1468120 683
1468130 683
1468140 684
1468150 684
1468160 684
1468170 686
1468180 687
1468190 688
1468200 688
1468210 689
1468220 685
1468230 685
1468240 685
1468250 688
1468260 688
1468270 689
1468280 695
1468290 695
1468300 700
1468310 707
1468320 707
1468330 710
1468340 713
1468350 713
1468360 718
1468370 726
1468380 726
1468390 733
1468400 740
1468410 740
1468420 747
1468430 755
1468440 755
1468450 761
1468460 765
1468470 765
1468480 767
1468490 771
1468500 771
1468510 775
1468520 780
1468530 786
1468540 786
1468550 790
1468560 795
1468570 795
1468580 799
1468590 802
1468600 802
1468610 805
1468620 808
1468630 808
1468640 812
1468650 817
1468660 817
1468670 822
1468680 827
1468690 827
1468700 831
1468710 836
1468720 836
1468730 840
1468740 844
1468750 844
1468760 846
1468770 849
1468780 849
1468790 852
1468800 856
1468810 856
1468820 858
1468830 859
1468840 859
1468850 861
1468860 863
1468870 864
1468880 864
1468890 866
1468900 867
1468910 867
1468920 869
1468930 870
1468940 870
1468950 872
1468960 875
1468970 875
1468980 878
1468990 879
1469000 879
1469010 880
1469020 879
1469030 879
1469040 879
1469050 881
1469060 881
1469070 881
1469080 880
1469090 880
1469100 881
1469110 882
1469120 882
1469130 881
1469140 881
1469150 881
1469160 879
1469170 877
1469180 876
1469190 876
1469200 874
1469210 873
1469220 873
1469230 873
1469240 872
1469250 872
1469260 873
1469270 874
1469280 874
1469290 876
1469300 877
1469310 877
1469320 879
1469330 887
1469340 887
1469350 895
1469360 903
1469370 903
1469380 912
1469390 919
1469400 919
1469410 923
1469420 933
1469430 933
1469440 941
1469450 946
1469460 946
1469470 953
1469480 958
1469490 958
1469500 963
1469510 969
1469520 976
1469530 976
1469540 982
1469550 987
1469560 987
1469570 991
1469580 996
1469590 996
1469600 997
1469610 994
1469620 994
1469630 993
1469640 995
1469650 995
1469660 1001
1469670 1007
1469680 1007
1469690 1011
1469700 1015
1469710 1015
1469720 1018
1469730 1022
1469740 1022
1469750 1026
1469760 1032
1469770 1032
1469780 1037
1469790 1043
1469800 1043
1469810 1048
1469820 1054
1469830 1054
1469840 1060
1469850 1066
1469860 1070
1469870 1070
1469880 1075
1469890 1081
1469900 1081
1469910 1087
1469920 1092
1469930 1092
1469940 1095
1469950 1098
1469960 1098
1469970 1101
1469980 1104
1469990 1104
1470000 1107
1470010 1109
1470020 1109
1470030 1113
1470040 1116
1470050 1116
1470060 1119
1470070 1122
1470080 1122
1470090 1126
1470100 1130
1470110 1130
1470120 1132
1470130 1133
1470140 1133
1470150 1132
1470160 1130
1470170 1130
1470180 1128
1470190 1127
1470200 1125
1470210 1125
1470220 1122
1470230 1119
1470240 1119
1470250 1116
1470260 1112
1470270 1112
1470280 1108
1470290 1102
1470300 1102
1470310 1099
1470320 1097
1470330 1097
1470340 1095
1470350 1092
1470360 1092
1470370 1090
1470380 1090
1470390 1090
1470400 1092
1470410 1094
1470420 1094
1470430 1095
1470440 1094
1470450 1094
1470460 1096
1470470 1099
1470480 1099
1470490 1101
1470500 1105
1470510 1109
1470520 1109
1470530 1115
1470540 1121
1470550 1121
1470560 1128
1470570 1136
1470580 1136
1470590 1146
1470600 1153
1470610 1153
1470620 1160
1470630 1169
1470640 1169
1470650 1181
1470660 1194
1470670 1194
1470680 1203
1470690 1214
1470700 1214
1470710 1223
1470720 1230
1470730 1230
1470740 1236
1470750 1242
1470760 1242
1470770 1250
1470780 1257
1470790 1257
1470800 1265
1470810 1272
1470820 1272
1470830 1281
1470840 1303
1470850 1325
1470860 1325
1470870 1336
1470880 1343
1470890 1343
1470900 1358
1470910 1362
1470920 1362
1470930 1361
1470940 1372
1470950 1372
1470960 1391
1470970 1426
1470980 1426
1470990 1440
1471000 1455
1471010 1455
1471020 1489
1471030 1528
1471040 1528
1471050 1553
1471060 1567
1471070 1567
1471080 1577
1471090 1575
1471100 1575
1471110 1577
1471120 1572
1471130 1572
1471140 1573
1471150 1580
1471160 1580
1471170 1616
1471180 1653
1471190 1682
1471200 1682
1471210 1706
1471220 1723
1471230 1723
1471240 1739
1471250 1751
1471260 1751
1471270 1758
1471280 1759
1471290 1759
1471300 1762
1471310 1759
1471320 1759
1471330 1746
1471340 1736
1471350 1736
1471360 1727
1471370 1720
1471380 1720
1471390 1713
1471400 1704
1471410 1704
1471420 1698
1471430 1692
1471440 1692
1471450 1690
1471460 1690
1471470 1690
1471480 1699
1471490 1702
1471500 1702
1471510 1694
1471520 1685
1471530 1671
1471540 1671
1471550 1665
1471560 1655
1471570 1655
1471580 1654
1471590 1651
1471600 1651
1471610 1648
1471620 1637
1471630 1637
1471640 1634
1471650 1629
1471660 1629
1471670 1628
1471680 1623
1471690 1623
1471700 1625
1471710 1625
1471720 1625
1471730 1622
1471740 1625
1471750 1625
1471760 1646
1471770 1689
1471780 1689
1471790 1703
1471800 1698
1471810 1698
1471820 1704
1471830 1720
1471840 1752
1471850 1752
1471860 1785
1471870 1793
1471880 1793
1471890 1794
1471900 1798
1471910 1798
1471920 1810
1471930 1823
1471940 1823
1471950 1841
1471960 1883
1471970 1883
1471980 1889
1471990 1880
1472000 1880
1472010 1881
1472020 1891
1472030 1891
1472040 1896
1472050 1897
1472060 1897
1472070 1893
1472080 1889
1472090 1889
1472100 1888
1472110 1891
1472120 1891
1472130 1897
1472140 1915
1472150 1915
1472160 1923
1472170 1932
1472180 1947
1472190 1947
1472200 1954
1472210 1959
1472220 1959
1472230 1955
1472240 1956
1472250 1956
1472260 1953
1472270 1947
1472280 1947
1472290 1946
1472300 1943
1472310 1943
1472320 1934
1472330 1924
1472340 1924
1472350 1917
1472360 1903
1472370 1903
1472380 1877
1472390 1872
1472400 1872
1472410 1869
1472420 1868
1472430 1868
1472440 1864
1472450 1861
1472460 1861
1472470 1853
1472480 1845
1472490 1845
1472500 1836
1472510 1824
1472520 1807
1472530 1807
1472540 1790
1472550 1776
1472560 1776
1472570 1764
1472580 1753
1472590 1753
1472600 1742
1472610 1734
1472620 1734
1472630 1730
1472640 1728
1472650 1728
1472660 1727
1472670 1727
1472680 1727
1472690 1727
1472700 1726
1472710 1726
1472720 1728
1472730 1730
1472740 1730
1472750 1730
1472760 1732
1472770 1732
1472780 1734
1472790 1736
1472800 1736
1472810 1739
1472820 1744
1472830 1744
1472840 1744
1472850 1745
1472860 1747
1472870 1747
1472880 1750
1472890 1753
1472900 1753
1472910 1757
1472920 1762
1472930 1762
1472940 1767
1472950 1771
1472960 1771
1472970 1773
1472980 1777
1472990 1777
1473000 1780
1473010 1779
1473020 1779
1473030 1774
1473040 1769
1473050 1769
1473060 1766
1473070 1774
1473080 1774
1473090 1798
1473100 1823
1473110 1823
1473120 1840
1473130 1840
1473140 1840
1473150 1850
1473160 1868
1473170 1894
1473180 1894
1473190 1929
1473200 1943
1473210 1943
1473220 1968
1473230 2017
1473240 2017
1473250 2048
1473260 2046
1473270 2046
1473280 2049
1473290 2053
1473300 2053
1473310 2057
1473320 2062
1473330 2062
1473340 2075
1473350 2088
1473360 2088
1473370 2086
1473380 2080
1473390 2080
1473400 2081
1473410 2070
1473420 2070
1473430 2053
1473440 2035
1473450 2035
1473460 2027
1473470 2016
1473480 2016
1473490 2005
1473500 1991
1473510 1987
1473520 1987
1473530 1981
1473540 1977
1473550 1977
1473560 1976
1473570 1978
1473580 1978
1473590 1979
1473600 1979
1473610 1979
1473620 1975
1473630 1979
1473640 1979
1473650 1987
1473660 1995
1473670 1995
1473680 2002
1473690 2009
1473700 2009
1473710 2017
1473720 2026
1473730 2026
1473740 2039
1473750 2049
1473760 2049
1473770 2059
1473780 2064
1473790 2064
1473800 2068
1473810 2077
1473820 2077
1473830 2084
1473840 2088
1473850 2094
1473860 2094
1473870 2099
1473880 2105
1473890 2105
1473900 2112
1473910 2121
1473920 2121
1473930 2129
1473940 2142
1473950 2142
1473960 2158
1473970 2164
1473980 2164
1473990 2170
1474000 2177
1474010 2177
1474020 2186
1474030 2197
1474040 2197
1474050 2206
1474060 2217
1474070 2217
1474080 2227
1474090 2240
1474100 2240
1474110 2253
1474120 2260
1474130 2260
1474140 2270
1474150 2281
1474160 2281
1474170 2304
1474180 2321
1474190 2328
1474200 2328
1474210 2334
1474220 2343
1474230 2343
1474240 2337
1474250 2331
1474260 2331
1474270 2324
1474280 2307
1474290 2307
1474300 2295
1474310 2290
1474320 2290
1474330 2254
1474340 2233
1474350 2233
1474360 2220
1474370 2210
1474380 2210
1474390 2201
1474400 2191
1474410 2191
1474420 2183
1474430 2174
1474440 2174
1474450 2164
1474460 2156
1474470 2156
1474480 2143
1474490 2131
1474500 2116
1474510 2116
1474520 2104
1474530 2077
1474540 2077
1474550 2052
1474560 2039
1474570 2039
1474580 2024
1474590 1995
1474600 1995
1474610 1936
1474620 1932
1474630 1932
1474640 1927
1474650 1923
1474660 1923
1474670 1917
1474680 1912
1474690 1912
1474700 1909
1474710 1907
1474720 1907
1474730 1904
1474740 1900
1474750 1900
1474760 1897
1474770 1895
1474780 1895
1474790 1892
1474800 1889
1474810 1889
1474820 1887
1474830 1885
1474840 1881
1474850 1881
1474860 1875
1474870 1865
1474880 1865
1474890 1854
1474900 1846
1474910 1846
1474920 1840
1474930 1835
1474940 1835
1474950 1831
1474960 1829
1474970 1829
1474980 1822
1474990 1817
1475000 1817
1475010 1815
1475020 1812
1475030 1812
1475040 1809
1475050 1801
1475060 1801
1475070 1794
1475080 1787
1475090 1787
1475100 1780
1475110 1773
1475120 1773
1475130 1766
1475140 1760
1475150 1760
1475160 1755
1475170 1748
1475180 1741
1475190 1741
1475200 1734
1475210 1729
1475220 1729
1475230 1726
1475240 1724
1475250 1724
1475260 1714
1475270 1707
1475280 1707
1475290 1699
1475300 1691
1475310 1691
1475320 1685
1475330 1679
1475340 1679
1475350 1674
1475360 1669
1475370 1669
1475380 1658
1475390 1646
1475400 1646
1475410 1639
1475420 1632
1475430 1632
1475440 1626
1475450 1618
1475460 1618
1475470 1609
1475480 1601
1475490 1601
1475500 1594
1475510 1587
1475520 1580
1475530 1580
1475540 1573
1475550 1568
1475560 1568
1475570 1562
1475580 1556
1475590 1556
1475600 1549
1475610 1543
1475620 1543
1475630 1538
1475640 1531
1475650 1531
1475660 1525
1475670 1518
1475680 1518
1475690 1512
1475700 1506
1475710 1506
1475720 1500
1475730 1494
1475740 1494
1475750 1489
1475760 1483
1475770 1483
1475780 1477
1475790 1470
1475800 1470
1475810 1463
1475820 1456
1475830 1448
1475840 1448
1475850 1441
1475860 1434
1475870 1434
1475880 1429
1475890 1427
1475900 1427
1475910 1427
1475920 1424
1475930 1424
1475940 1421
1475950 1418
1475960 1418
1475970 1416
1475980 1413
1475990 1413
1476000 1409
1476010 1405
1476020 1405
1476030 1401
1476040 1398
1476050 1398
1476060 1395
1476070 1393
1476080 1393
1476090 1390
1476100 1388
1476110 1388
1476120 1385
1476130 1381
1476140 1381
1476150 1376
1476160 1372
1476170 1367
1476180 1367
1476190 1362
1476200 1355
1476210 1355
1476220 1349
1476230 1343
1476240 1343
1476250 1337
1476260 1330
1476270 1330
1476280 1322
1476290 1317
1476300 1317
1476310 1315
1476320 1314
1476330 1314
1476340 1313
1476350 1313
1476360 1313
1476370 1313
1476380 1312
1476390 1312
1476400 1307
1476410 1298
1476420 1298
1476430 1290
1476440 1282
1476450 1282
1476460 1271
1476470 1259
1476480 1259
1476490 1255
1476500 1251
1476510 1247
1476520 1247
1476530 1244
1476540 1227
1476550 1227
1476560 1219
1476570 1204
1476580 1204
1476590 1195
1476600 1190
1476610 1190
1476620 1187
1476630 1180
1476640 1180
1476650 1173
1476660 1169
1476670 1169
1476680 1164
1476690 1167
1476700 1167
1476710 1172
1476720 1172
1476730 1172
1476740 1172
1476750 1172
1476760 1172
1476770 1173
1476780 1173
1476790 1173
1476800 1175
1476810 1174
1476820 1174
1476830 1179
1476840 1184
1476850 1187
1476860 1187
1476870 1191
1476880 1195
1476890 1195
1476900 1198
1476910 1198
1476920 1198
1476930 1201
1476940 1206
1476950 1206
1476960 1213
1476970 1222
1476980 1222
1476990 1230
1477000 1261
1477010 1261
1477020 1271
1477030 1264
1477040 1264
1477050 1262
1477060 1262
1477070 1262
1477080 1267
1477090 1307
1477100 1307
1477110 1315
1477120 1307
1477130 1307
1477140 1294
1477150 1284
1477160 1265
1477170 1265
1477180 1243
1477190 1246
1477200 1246
1477210 1252
1477220 1252
1477230 1252
1477240 1255
1477250 1259
1477260 1259
1477270 1258
1477280 1259
1477290 1259
1477300 1272
1477310 1283
1477320 1283
1477330 1290
1477340 1291
1477350 1291
1477360 1299
1477370 1309
1477380 1309
1477390 1317
1477400 1359
1477410 1359
1477420 1389
1477430 1405
1477440 1405
1477450 1418
1477460 1424
1477470 1424
1477480 1432
1477490 1450
1477500 1475
1477510 1475
1477520 1487
1477530 1493
1477540 1493
1477550 1502
1477560 1514
1477570 1514
1477580 1537
1477590 1556
1477600 1556
1477610 1565
1477620 1574
1477630 1574
1477640 1584
1477650 1594
1477660 1594
1477670 1601
1477680 1608
1477690 1608
1477700 1616
1477710 1625
1477720 1625
1477730 1650
1477740 1669
1477750 1669
1477760 1680
1477770 1691
1477780 1691
1477790 1702
1477800 1714
1477810 1714
1477820 1726
1477830 1735
1477840 1754
1477850 1754
1477860 1781
1477870 1789
1477880 1789
1477890 1791
1477900 1790
1477910 1790
1477920 1794
1477930 1799
1477940 1799
1477950 1802
1477960 1806
1477970 1806
1477980 1810
1477990 1813
1478000 1813
1478010 1814
1478020 1815
1478030 1815
1478040 1815
1478050 1816
1478060 1816
1478070 1816
1478080 1817
1478090 1817
1478100 1819
1478110 1819
1478120 1819
1478130 1820
1478140 1820
1478150 1820
1478160 1822
1478170 1823
1478180 1824
1478190 1824
1478200 1826
1478210 1826
1478220 1826
1478230 1827
1478240 1832
1478250 1832
1478260 1835
1478270 1837
1478280 1837
1478290 1840
1478300 1844
1478310 1844
1478320 1849
1478330 1853
1478340 1853
1478350 1862
1478360 1879
1478370 1879
1478380 1890
1478390 1887
1478400 1887
1478410 1885
1478420 1891
1478430 1891
1478440 1902
1478450 1908
1478460 1908
1478470 1909
1478480 1911
1478490 1913
1478500 1913
1478510 1917
1478520 1919
1478530 1919
1478540 1923
1478550 1929
1478560 1929
1478570 1952
1478580 1997
1478590 1997
1478600 2014
1478610 2019
1478620 2019
1478630 2024
1478640 2031
1478650 2031
1478660 2037
1478670 2044
1478680 2044
1478690 2052
1478700 2055
1478710 2055
1478720 2066
1478730 2070
1478740 2070
1478750 2077
1478760 2089
1478770 2089
1478780 2099
1478790 2100
1478800 2100
1478810 2095
1478820 2078
1478830 2075
1478840 2075
1478850 2077
1478860 2070
1478870 2070
1478880 2052
1478890 2042
1478900 2042
1478910 2037
1478920 2033
1478930 2033
1478940 2029
1478950 2025
1478960 2025
1478970 2021
1478980 2017
1478990 2017
1479000 2014
1479010 2008
1479020 2008
1479030 1996
1479040 1987
1479050 1987
1479060 1979
1479070 1972
1479080 1972
1479090 1966
1479100 1960
1479110 1960
1479120 1957
1479130 1956
1479140 1956
1479150 1953
1479160 1949
1479170 1947
1479180 1947
1479190 1945
1479200 1945
1479210 1945
1479220 1947
1479230 1948
1479240 1948
1479250 1951
1479260 1957
1479270 1957
1479280 1964
1479290 1971
1479300 1971
1479310 1978
1479320 1985
1479330 1985
1479340 1991
1479350 1997
1479360 1997
1479370 2004
1479380 2011
1479390 2011
1479400 2019
1479410 2031
1479420 2031
1479430 2041
1479440 2057
1479450 2057
1479460 2083
1479470 2104
1479480 2104
1479490 2124
1479500 2125
1479510 2124
1479520 2124
1479530 2123
1479540 2122
1479550 2122
1479560 2120
1479570 2116
1479580 2116
1479590 2111
1479600 2106
1479610 2106
1479620 2102
1479630 2101
1479640 2101
1479650 2100
1479660 2099
1479670 2099
1479680 2099
1479690 2099
1479700 2099
1479710 2100
1479720 2102
1479730 2102
1479740 2106
1479750 2110
1479760 2110
1479770 2114
1479780 2118
1479790 2118
1479800 2122
1479810 2126
1479820 2127
1479830 2127
1479840 2129
1479850 2128
1479860 2128
1479870 2126
1479880 2122
1479890 2122
1479900 2110
1479910 2097
1479920 2097
1479930 2088
1479940 2079
1479950 2079
1479960 2069
1479970 2058
1479980 2058
1479990 2050
