1460000 1938
1460010 1945
1460020 1945
1460030 1950
1460040 1955
1460050 1955
1460060 1964
1460070 1972
1460080 1972
1460090 1979
1460100 1984
1460110 1984
1460120 1990
1460130 2000
1460140 2000
1460150 2006
1460160 2008
1460170 2008
1460180 2012
1460190 2016
1460200 2016
1460210 2016
1460220 2016
1460230 2016
1460240 2017
1460250 2021
1460260 2021
1460270 2028
1460280 2033
1460290 2033
1460300 2038
1460310 2044
1460320 2044
1460330 2047
1460340 2049
1460350 2053
1460360 2053
1460370 2056
1460380 2061
1460390 2061
1460400 2065
1460410 2070
1460420 2070
1460430 2078
1460440 2086
1460450 2086
1460460 2093
1460470 2098
1460480 2098
1460490 2102
1460500 2106
1460510 2106
1460520 2115
1460530 2123
1460540 2123
1460550 2129
1460560 2136
1460570 2136
1460580 2143
1460590 2151
1460600 2151
1460610 2158
1460620 2165
1460630 2165
1460640 2171
1460650 2176
1460660 2176
1460670 2177
1460680 2175
1460690 2174
1460700 2174
1460710 2174
1460720 2179
1460730 2179
1460740 2184
1460750 2189
1460760 2189
1460770 2194
1460780 2198
1460790 2198
1460800 2199
1460810 2200
1460820 2200
1460830 2200
1460840 2199
1460850 2199
1460860 2196
1460870 2191
1460880 2191
1460890 2185
1460900 2178
1460910 2178
1460920 2171
1460930 2164
1460940 2164
1460950 2162
1460960 2164
1460970 2164
1460980 2165
1460990 2166
1461000 2166
1461010 2165
1461020 2164
1461030 2165
1461040 2165
1461050 2168
1461060 2172
1461070 2172
1461080 2176
1461090 2180
1461100 2180
1461110 2185
1461120 2190
1461130 2190
1461140 2195
1461150 2200
1461160 2200
1461170 2206
1461180 2211
1461190 2211
1461200 2217
1461210 2224
1461220 2224
1461230 2232
1461240 2239
1461250 2239
1461260 2245
1461270 2248
1461280 2248
1461290 2251
1461300 2252
1461310 2252
1461320 2253
1461330 2252
1461340 2252
1461350 2248
1461360 2246
1461370 2242
1461380 2242
1461390 2236
1461400 2229
1461410 2229
1461420 2223
1461430 2217
1461440 2217
1461450 2209
1461460 2201
1461470 2201
1461480 2191
1461490 2184
1461500 2184
1461510 2174
1461520 2159
1461530 2159
1461540 2149
1461550 2140
1461560 2140
1461570 2130
1461580 2120
1461590 2120
1461600 2113
1461610 2106
1461620 2106
1461630 2098
1461640 2089
1461650 2089
1461660 2080
1461670 2071
1461680 2071
1461690 2063
1461700 2054
1461710 2046
1461720 2046
1461730 2039
1461740 2031
1461750 2031
1461760 2021
1461770 2004
1461780 2004
1461790 1988
1461800 1964
1461810 1964
1461820 1942
1461830 1922
1461840 1922
1461850 1910
1461860 1898
1461870 1898
1461880 1880
1461890 1847
1461900 1847
1461910 1834
1461920 1828
1461930 1828
1461940 1823
1461950 1819
1461960 1819
1461970 1817
1461980 1814
1461990 1814
1462000 1811
1462010 1807
1462020 1807
1462030 1806
1462040 1805
1462050 1805
1462060 1805
1462070 1804
1462080 1805
1462090 1805
1462100 1803
1462110 1801
1462120 1801
1462130 1799
1462140 1796
1462150 1796
1462160 1792
1462170 1789
1462180 1789
1462190 1785
1462200 1780
1462210 1780
1462220 1776
1462230 1772
1462240 1772
1462250 1766
1462260 1762
1462270 1762
1462280 1759
1462290 1753
1462300 1753
1462310 1746
1462320 1739
1462330 1739
1462340 1735
1462350 1733
1462360 1733
1462370 1729
1462380 1724
1462390 1719
1462400 1719
1462410 1713
1462420 1708
1462430 1708
1462440 1703
1462450 1697
1462460 1697
1462470 1689
1462480 1681
1462490 1681
1462500 1672
1462510 1665
1462520 1665
1462530 1659
1462540 1651
1462550 1651
1462560 1644
1462570 1639
1462580 1639
1462590 1635
1462600 1630
1462610 1630
1462620 1626
1462630 1620
1462640 1620
1462650 1613
1462660 1611
1462670 1611
1462680 1608
1462690 1602
1462700 1602
1462710 1594
1462720 1584
1462730 1575
1462740 1575
1462750 1568
1462760 1561
1462770 1561
1462780 1556
1462790 1552
1462800 1552
1462810 1549
1462820 1546
1462830 1546
1462840 1542
1462850 1534
1462860 1534
1462870 1530
1462880 1526
1462890 1526
1462900 1520
1462910 1514
1462920 1514
1462930 1506
1462940 1498
1462950 1498
1462960 1489
1462970 1478
1462980 1478
1462990 1467
1463000 1457
1463010 1457
1463020 1449
1463030 1442
1463040 1442
1463050 1434
1463060 1427
1463070 1422
1463080 1422
1463090 1417
1463100 1411
1463110 1411
1463120 1402
1463130 1390
1463140 1390
1463150 1379
1463160 1372
1463170 1372
1463180 1362
1463190 1353
1463200 1353
1463210 1346
1463220 1338
1463230 1338
1463240 1328
1463250 1317
1463260 1317
1463270 1308
1463280 1300
1463290 1300
1463300 1294
1463310 1288
1463320 1288
1463330 1283
1463340 1280
1463350 1280
1463360 1281
1463370 1281
1463380 1281
1463390 1279
1463400 1279
1463410 1284
1463420 1284
1463430 1285
1463440 1283
1463450 1283
1463460 1279
1463470 1271
1463480 1280
1463490 1277
1463500 1273
1463510 1273
1463520 1264
1463530 1252
1463540 1252
1463550 1239
1463560 1228
1463570 1228
1463580 1219
1463590 1211
1463600 1211
1463610 1202
1463620 1194
1463630 1194
1463640 1183
1463650 1173
1463660 1173
1463670 1161
1463680 1142
1463690 1142
1463700 1128
1463710 1117
1463720 1117
1463730 1107
1463740 1099
1463750 1092
1463760 1092
1463770 1086
1463780 1080
1463790 1080
1463800 1075
1463810 1070
1463820 1070
1463830 1056
1463840 1040
1463850 1040
1463860 1029
1463870 1014
1463880 1014
1463890 995
1463900 983
1463910 983
1463920 971
1463930 959
1463940 959
1463950 946
1463960 934
1463970 934
1463980 919
1463990 925
1464000 925
1464010 944
1464020 947
1464030 947
1464040 940
1464050 953
1464060 953
1464070 952
1464080 943
1464090 937
1464100 937
1464110 917
1464120 900
1464130 900
1464140 877
1464150 861
1464160 861
1464170 855
1464180 860
1464190 860
1464200 869
1464210 875
1464220 875
1464230 879
1464240 897
1464250 897
1464260 893
1464270 899
1464280 899
1464290 904
1464300 910
1464310 910
1464320 913
1464330 908
1464340 908
1464350 905
1464360 901
1464370 901
1464380 896
1464390 890
1464400 890
1464410 883
1464420 877
1464430 858
1464440 858
1464450 843
1464460 837
1464470 837
1464480 839
1464490 841
1464500 841
1464510 842
1464520 838
1464530 838
1464540 834
1464550 826
1464560 826
1464570 818
1464580 807
1464590 807
1464600 796
1464610 788
1464620 788
1464630 777
1464640 767
1464650 767
1464660 757
1464670 747
1464680 747
1464690 736
1464700 731
1464710 731
1464720 735
1464730 740
1464740 740
1464750 747
1464760 749
1464770 747
1464780 747
1464790 745
1464800 747
1464810 747
1464820 749
1464830 750
1464840 750
1464850 745
1464860 736
1464870 736
1464880 729
1464890 723
1464900 723
1464910 716
1464920 707
1464930 707
1464940 700
1464950 693
1464960 693
1464970 687
1464980 682
1464990 682
1465000 676
1465010 670
1465020 670
1465030 665
1465040 656
1465050 656
1465060 648
1465070 641
1465080 641
1465090 635
1465100 629
1465110 624
1465120 624
1465130 617
1465140 611
1465150 611
1465160 605
1465170 598
1465180 598
1465190 595
1465200 593
1465210 593
1465220 592
1465230 590
1465240 590
1465250 589
1465260 588
1465270 588
1465280 585
1465290 584
1465300 584
1465310 581
1465320 579
1465330 579
1465340 577
1465350 575
1465360 575
1465370 574
1465380 572
1465390 572
1465400 570
1465410 569
1465420 569
1465430 567
1465440 564
1465450 562
1465460 562
1465470 560
1465480 558
1465490 558
1465500 555
1465510 553
1465520 553
1465530 552
1465540 550
1465550 550
1465560 548
1465570 547
1465580 547
1465590 545
1465600 543
1465610 543
1465620 541
1465630 539
1465640 539
1465650 537
1465660 535
1465670 535
1465680 532
1465690 531
1465700 531
1465710 529
1465720 527
1465730 527
1465740 525
1465750 524
1465760 524
1465770 523
1465780 520
1465790 519
1465800 519
1465810 517
1465820 516
1465830 516
1465840 515
1465850 514
1465860 514
1465870 512
1465880 511
1465890 511
1465900 509
1465910 508
1465920 508
1465930 508
1465940 508
1465950 508
1465960 506
1465970 506
1465980 506
1465990 506
1466000 506
1466010 506
1466020 506
1466030 506
1466040 506
1466050 506
1466060 506
1466070 506
1466080 508
1466090 509
1466100 509
1466110 509
1466120 509
1466130 509
1466140 509
1466150 509
1466160 511
1466170 511
1466180 513
1466190 513
1466200 513
1466210 516
1466220 518
1466230 518
1466240 517
1466250 516
1466260 516
1466270 517
1466280 518
1466290 518
1466300 521
1466310 527
1466320 527
1466330 534
1466340 540
1466350 540
1466360 542
1466370 543
1466380 543
1466390 543
1466400 541
1466410 541
1466420 540
1466430 540
1466440 540
1466450 540
1466460 540
1466470 543
1466480 543
1466490 543
1466500 543
1466510 543
1466520 544
1466530 544
1466540 544
1466550 548
1466560 553
1466570 553
1466580 553
1466590 554
1466600 554
1466610 557
1466620 561
1466630 561
1466640 565
1466650 570
1466660 570
1466670 574
1466680 579
1466690 579
1466700 584
1466710 590
1466720 590
1466730 594
1466740 598
1466750 598
1466760 602
1466770 605
1466780 605
1466790 608
1466800 611
1466810 615
1466820 615
1466830 618
1466840 621
1466850 621
1466860 624
1466870 628
1466880 628
1466890 631
1466900 634
1466910 634
1466920 637
1466930 639
1466940 639
1466950 641
1466960 644
1466970 644
1466980 649
1466990 655
1467000 655
1467010 661
1467020 667
1467030 667
1467040 673
1467050 680
1467060 680
1467070 687
1467080 694
1467090 694
1467100 701
1467110 706
1467120 706
1467130 712
1467140 719
1467150 726
1467160 726
1467170 734
1467180 751
1467190 751
1467200 755
1467210 765
1467220 765
1467230 784
1467240 796
1467250 796
1467260 803
1467270 825
1467280 825
1467290 836
1467300 843
1467310 843
1467320 848
1467330 855
1467340 855
1467350 862
1467360 868
1467370 868
1467380 875
1467390 883
1467400 883
1467410 891
1467420 900
1467430 900
1467440 907
1467450 915
1467460 915
1467470 924
1467480 935
1467490 946
1467500 946
1467510 957
1467520 966
1467530 966
1467540 975
1467550 981
1467560 981
1467570 986
1467580 991
1467590 991
1467600 997
1467610 1005
1467620 1005
1467630 1016
1467640 1022
1467650 1022
1467660 1025
1467670 1025
1467680 1025
1467690 1033
1467700 1033
1467710 1033
1467720 1037
1467730 1046
1467740 1046
1467750 1049
1467760 1055
1467770 1055
1467780 1065
1467790 1075
1467800 1075
1467810 1083
1467820 1086
1467830 1087
1467840 1087
1467850 1089
1467860 1088
1467870 1088
1467880 1086
1467890 1082
1467900 1082
1467910 1086
1467920 1096
1467930 1096
1467940 1104
1467950 1114
1467960 1114
1467970 1131
1467980 1142
1467990 1142
1468000 1151
1468010 1154
1468020 1154
1468030 1176
1468040 1189
1468050 1189
1468060 1202
1468070 1211
1468080 1211
1468090 1219
1468100 1227
1468110 1227
1468120 1238
1468130 1251
1468140 1251
1468150 1264
1468160 1282
1468170 1293
1468180 1293
1468190 1303
1468200 1313
1468210 1313
1468220 1316
1468230 1320
1468240 1320
1468250 1326
1468260 1328
1468270 1328
1468280 1335
1468290 1346
1468300 1346
1468310 1358
1468320 1371
1468330 1371
1468340 1378
1468350 1378
1468360 1378
1468370 1378
1468380 1386
1468390 1386
1468400 1393
1468410 1402
1468420 1402
1468430 1411
1468440 1423
1468450 1423
1468460 1431
1468470 1438
1468480 1438
1468490 1446
1468500 1452
1468510 1461
1468520 1461
1468530 1471
1468540 1480
1468550 1480
1468560 1490
1468570 1504
1468580 1504
1468590 1519
1468600 1535
1468610 1535
1468620 1547
1468630 1558
1468640 1558
1468650 1566
1468660 1582
1468670 1582
1468680 1592
1468690 1600
1468700 1600
1468710 1604
1468720 1610
1468730 1610
1468740 1622
1468750 1637
1468760 1637
1468770 1649
1468780 1658
1468790 1658
1468800 1668
1468810 1676
1468820 1676
1468830 1685
1468840 1690
1468850 1694
1468860 1694
1468870 1702
1468880 1712
1468890 1712
1468900 1719
1468910 1725
1468920 1725
1468930 1733
1468940 1743
1468950 1743
1468960 1758
1468970 1769
1468980 1769
1468990 1773
1469000 1780
1469010 1780
1469020 1787
1469030 1805
1469040 1805
1469050 1815
1469060 1824
1469070 1824
1469080 1833
1469090 1839
1469100 1839
1469110 1842
1469120 1847
1469130 1847
1469140 1853
1469150 1864
1469160 1864
1469170 1886
1469180 1900
1469190 1909
1469200 1909
1469210 1918
1469220 1927
1469230 1927
1469240 1935
1469250 1941
1469260 1941
1469270 1948
1469280 1954
1469290 1954
1469300 1960
1469310 1966
1469320 1966
1469330 1973
1469340 1985
1469350 1985
1469360 1999
1469370 2004
1469380 2004
1469390 2019
1469400 2035
1469410 2035
1469420 2043
1469430 2044
1469440 2044
1469450 2049
1469460 2050
1469470 2050
1469480 2049
1469490 2066
1469500 2066
1469510 2069
1469520 2071
1469530 2076
1469540 2076
1469550 2081
1469560 2084
1469570 2084
1469580 2088
1469590 2088
1469600 2088
1469610 2089
1469620 2089
1469630 2089
1469640 2087
1469650 2088
1469660 2088
1469670 2085
1469680 2089
1469690 2089
1469700 2096
1469710 2094
1469720 2094
1469730 2079
1469740 2065
1469750 2065
1469760 2068
1469770 2067
1469780 2067
1469790 2071
1469800 2088
1469810 2088
1469820 2093
1469830 2089
1469840 2089
1469850 2091
1469860 2092
1469870 2100
1469880 2100
1469890 2110
1469900 2117
1469910 2117
1469920 2120
1469930 2122
1469940 2122
1469950 2125
1469960 2125
1469970 2125
1469980 2127
1469990 2131
1470000 2131
1470010 2133
1470020 2136
1470030 2136
1470040 2137
1470050 2139
1470060 2139
1470070 2148
1470080 2153
1470090 2153
1470100 2154
1470110 2160
1470120 2160
1470130 2167
1470140 2175
1470150 2175
1470160 2183
1470170 2189
1470180 2189
1470190 2196
1470200 2202
1470210 2210
1470220 2210
1470230 2219
1470240 2230
1470250 2230
1470260 2242
1470270 2255
1470280 2255
1470290 2263
1470300 2270
1470310 2270
1470320 2277
1470330 2285
1470340 2285
1470350 2294
1470360 2305
1470370 2305
1470380 2315
1470390 2322
1470400 2322
1470410 2325
1470420 2327
1470430 2327
1470440 2329
1470450 2329
1470460 2329
1470470 2328
1470480 2326
1470490 2326
1470500 2323
1470510 2323
1470520 2323
1470530 2325
1470540 2324
1470550 2327
1470560 2327
1470570 2329
1470580 2332
1470590 2332
1470600 2335
1470610 2339
1470620 2339
1470630 2345
1470640 2351
1470650 2351
1470660 2357
1470670 2360
1470680 2360
1470690 2363
1470700 2366
1470710 2366
1470720 2369
1470730 2373
1470740 2373
1470750 2376
1470760 2379
1470770 2379
1470780 2382
1470790 2381
1470800 2381
1470810 2379
1470820 2377
1470830 2386
1470840 2373
1470850 2358
1470860 2358
1470870 2355
1470880 2351
1470890 2348
1470900 2348
1470910 2344
1470920 2340
1470930 2340
1470940 2335
1470950 2330
1470960 2330
1470970 2328
1470980 2320
1470990 2320
1471000 2308
1471010 2298
1471020 2298
1471030 2291
1471040 2283
1471050 2283
1471060 2277
1471070 2270
1471080 2270
1471090 2263
1471100 2257
1471110 2257
1471120 2246
1471130 2239
1471140 2239
1471150 2237
1471160 2232
1471170 2232
1471180 2220
1471190 2209
1471200 2209
1471210 2202
1471220 2195
1471230 2186
1471240 2186
1471250 2178
1471260 2174
1471270 2174
1471280 2169
1471290 2166
1471300 2166
1471310 2162
1471320 2156
1471330 2156
1471340 2150
1471350 2142
1471360 2142
1471370 2136
1471380 2133
1471390 2133
1471400 2132
1471410 2132
1471420 2132
1471430 2137
1471440 2141
1471450 2141
1471460 2141
1471470 2141
1471480 2141
1471490 2142
1471500 2141
1471510 2141
1471520 2136
1471530 2133
1471540 2133
1471550 2132
1471560 2139
1471570 2145
1471580 2145
1471590 2150
1471600 2157
1471610 2157
1471620 2161
1471630 2159
1471640 2159
1471650 2159
1471660 2160
1471670 2160
1471680 2163
1471690 2167
1471700 2167
1471710 2170
1471720 2173
1471730 2173
1471740 2178
1471750 2184
1471760 2184
1471770 2192
1471780 2209
1471790 2209
1471800 2213
1471810 2212
1471820 2212
1471830 2216
1471840 2221
1471850 2221
1471860 2225
1471870 2229
1471880 2229
1471890 2238
1471900 2252
1471910 2257
1471920 2257
1471930 2259
1471940 2259
1471950 2259
1471960 2257
1471970 2249
1471980 2249
1471990 2245
1472000 2242
1472010 2242
1472020 2242
1472030 2241
1472040 2241
1472050 2236
1472060 2225
1472070 2225
1472080 2218
1472090 2212
1472100 2212
1472110 2209
1472120 2206
1472130 2206
1472140 2202
1472150 2198
1472160 2198
1472170 2201
1472180 2198
1472190 2198
1472200 2196
1472210 2192
1472220 2192
1472230 2186
1472240 2183
1472250 2183
1472260 2183
1472270 2183
1472280 2180
1472290 2180
1472300 2173
1472310 2165
1472320 2165
1472330 2164
1472340 2158
1472350 2158
1472360 2154
1472370 2148
1472380 2148
1472390 2142
1472400 2135
1472410 2135
1472420 2133
1472430 2132
1472440 2132
1472450 2135
1472460 2133
1472470 2133
1472480 2126
1472490 2123
1472500 2123
1472510 2122
1472520 2115
1472530 2115
1472540 2113
1472550 2111
1472560 2111
1472570 2109
1472580 2106
1472590 2101
1472600 2101
1472610 2099
1472620 2095
1472630 2095
1472640 2088
1472650 2082
1472660 2082
1472670 2077
1472680 2078
1472690 2078
1472700 2075
1472710 2069
1472720 2069
1472730 2066
1472740 2064
1472750 2064
1472760 2063
1472770 2062
1472780 2062
1472790 2060
1472800 2056
1472810 2056
1472820 2055
1472830 2053
1472840 2053
1472850 2047
1472860 2043
1472870 2043
1472880 2042
1472890 2033
1472900 2033
1472910 2028
1472920 2027
1472930 2026
1472940 2026
1472950 2025
1472960 2023
1472970 2023
1472980 2021
1472990 2017
1473000 2017
1473010 2017
1473020 2016
1473030 2016
1473040 2015
1473050 2017
1473060 2017
1473070 2019
1473080 2017
1473090 2017
1473100 2019
1473110 2020
1473120 2020
1473130 2020
1473140 2022
1473150 2022
1473160 2025
1473170 2026
1473180 2026
1473190 2030
1473200 2035
1473210 2035
1473220 2044
1473230 2051
1473240 2051
1473250 2052
1473260 2049
1473270 2047
1473280 2047
1473290 2047
1473300 2047
1473310 2047
1473320 2053
1473330 2059
1473340 2059
1473350 2061
1473360 2064
1473370 2064
1473380 2069
1473390 2075
1473400 2075
1473410 2081
1473420 2089
1473430 2089
1473440 2092
1473450 2098
1473460 2098
1473470 2101
1473480 2103
1473490 2103
1473500 2103
1473510 2105
1473520 2105
1473530 2111
1473540 2117
1473550 2117
1473560 2123
1473570 2126
1473580 2126
1473590 2129
1473600 2134
1473610 2136
1473620 2136
1473630 2133
1473640 2136
1473650 2136
1473660 2143
1473670 2147
1473680 2147
1473690 2149
1473700 2153
1473710 2153
1473720 2158
1473730 2161
1473740 2161
1473750 2163
1473760 2164
1473770 2164
1473780 2171
1473790 2177
1473800 2177
1473810 2186
1473820 2189
1473830 2189
1473840 2189
1473850 2198
1473860 2198
1473870 2204
1473880 2208
1473890 2208
1473900 2207
1473910 2205
1473920 2205
1473930 2204
1473940 2203
1473950 2204
1473960 2204
1473970 2203
1473980 2205
1473990 2205
1474000 2208
1474010 2202
1474020 2202
1474030 2192
1474040 2187
1474050 2187
1474060 2177
1474070 2172
1474080 2172
1474090 2167
1474100 2165
1474110 2165
1474120 2164
1474130 2164
1474140 2164
1474150 2172
1474160 2174
1474170 2174
1474180 2175
1474190 2176
1474200 2176
1474210 2183
1474220 2186
1474230 2186
1474240 2188
1474250 2187
1474260 2187
1474270 2183
1474280 2181
1474290 2177
1474300 2177
1474310 2178
1474320 2182
1474330 2182
1474340 2182
1474350 2182
1474360 2182
1474370 2184
1474380 2185
1474390 2185
1474400 2185
1474410 2184
1474420 2184
1474430 2186
1474440 2188
1474450 2188
1474460 2190
1474470 2192
1474480 2192
1474490 2197
1474500 2199
1474510 2199
1474520 2204
1474530 2209
1474540 2209
1474550 2213
1474560 2219
1474570 2219
1474580 2224
1474590 2231
1474600 2231
1474610 2237
1474620 2235
1474630 2230
1474640 2230
1474650 2227
1474660 2224
1474670 2224
1474680 2219
1474690 2215
1474700 2215
1474710 2210
1474720 2201
1474730 2201
1474740 2191
1474750 2179
1474760 2179
1474770 2165
1474780 2158
1474790 2158
1474800 2152
1474810 2148
1474820 2148
1474830 2145
1474840 2143
1474850 2143
1474860 2143
1474870 2142
1474880 2142
1474890 2143
1474900 2146
1474910 2146
1474920 2150
1474930 2151
1474940 2151
1474950 2148
1474960 2144
1474970 2140
1474980 2140
1474990 2137
1475000 2135
1475010 2135
1475020 2134
1475030 2127
1475040 2127
1475050 2125
1475060 2124
1475070 2124
1475080 2127
1475090 2128
1475100 2128
1475110 2123
1475120 2120
1475130 2120
1475140 2116
1475150 2110
1475160 2110
1475170 2103
1475180 2096
1475190 2096
1475200 2093
1475210 2088
1475220 2088
1475230 2086
1475240 2082
1475250 2082
1475260 2076
1475270 2070
1475280 2070
1475290 2066
1475300 2060
1475310 2054
1475320 2054
1475330 2051
1475340 2054
1475350 2054
1475360 2066
1475370 2069
1475380 2069
1475390 2070
1475400 2069
1475410 2069
1475420 2065
1475430 2057
1475440 2057
1475450 2063
1475460 2064
1475470 2064
1475480 2063
1475490 2062
1475500 2062
1475510 2057
1475520 2053
1475530 2053
1475540 2054
1475550 2060
1475560 2060
1475570 2063
1475580 2068
1475590 2068
1475600 2071
1475610 2073
1475620 2073
1475630 2084
1475640 2096
1475650 2098
1475660 2098
1475670 2098
1475680 2101
1475690 2101
1475700 2118
1475710 2124
1475720 2124
1475730 2133
1475740 2138
1475750 2138
1475760 2138
1475770 2138
1475780 2138
1475790 2138
1475800 2138
1475810 2138
1475820 2139
1475830 2139
1475840 2139
1475850 2140
1475860 2140
1475870 2140
1475880 2142
1475890 2144
1475900 2144
1475910 2145
1475920 2142
1475930 2142
1475940 2142
1475950 2142
1475960 2142
1475970 2143
1475980 2144
1475990 2146
1476000 2146
1476010 2147
1476020 2148
1476030 2148
1476040 2146
1476050 2145
1476060 2145
1476070 2142
1476080 2148
1476090 2148
1476100 2152
1476110 2161
1476120 2161
1476130 2170
1476140 2177
1476150 2177
1476160 2186
1476170 2192
1476180 2192
1476190 2194
1476200 2195
1476210 2195
1476220 2197
1476230 2194
1476240 2194
1476250 2192
1476260 2188
1476270 2188
1476280 2187
1476290 2192
1476300 2192
1476310 2200
1476320 2200
1476330 2198
1476340 2198
1476350 2197
1476360 2200
1476370 2200
1476380 2202
1476390 2200
1476400 2200
1476410 2195
1476420 2190
1476430 2190
1476440 2182
1476450 2178
1476460 2178
1476470 2181
1476480 2190
1476490 2190
1476500 2191
1476510 2190
1476520 2190
1476530 2186
1476540 2184
1476550 2184
1476560 2180
1476570 2175
1476580 2175
1476590 2168
1476600 2164
1476610 2164
1476620 2160
1476630 2151
1476640 2151
1476650 2147
1476660 2141
1476670 2136
1476680 2136
1476690 2134
1476700 2128
1476710 2128
1476720 2123
1476730 2114
1476740 2114
1476750 2114
1476760 2115
1476770 2115
1476780 2117
1476790 2116
1476800 2116
1476810 2118
1476820 2118
1476830 2118
1476840 2115
1476850 2114
1476860 2114
1476870 2114
1476880 2116
1476890 2116
1476900 2118
1476910 2118
1476920 2118
1476930 2120
1476940 2124
1476950 2124
1476960 2125
1476970 2124
1476980 2124
1476990 2119
1477000 2121
1477010 2126
1477020 2126
1477030 2127
1477040 2124
1477050 2124
1477060 2125
1477070 2125
1477080 2125
1477090 2126
1477100 2125
1477110 2125
1477120 2122
1477130 2122
1477140 2122
1477150 2125
1477160 2126
1477170 2126
1477180 2124
1477190 2124
1477200 2124
1477210 2127
1477220 2128
1477230 2128
1477240 2128
1477250 2129
1477260 2129
1477270 2127
1477280 2131
1477290 2131
1477300 2132
1477310 2129
1477320 2129
1477330 2128
1477340 2128
1477350 2130
1477360 2130
1477370 2126
1477380 2126
1477390 2126
1477400 2124
1477410 2124
1477420 2124
1477430 2129
1477440 2131
1477450 2131
1477460 2137
1477470 2141
1477480 2141
1477490 2140
1477500 2140
1477510 2140
1477520 2142
1477530 2143
1477540 2143
1477550 2145
1477560 2144
1477570 2144
1477580 2141
1477590 2142
1477600 2142
1477610 2142
1477620 2141
1477630 2141
1477640 2137
1477650 2137
1477660 2137
1477670 2135
1477680 2132
1477690 2134
1477700 2134
1477710 2134
1477720 2137
1477730 2137
1477740 2140
1477750 2145
1477760 2145
1477770 2150
1477780 2153
1477790 2153
1477800 2155
1477810 2157
1477820 2157
1477830 2158
1477840 2160
1477850 2160
1477860 2162
1477870 2163
1477880 2163
1477890 2162
1477900 2161
1477910 2161
1477920 2161
1477930 2166
1477940 2166
1477950 2171
1477960 2173
1477970 2173
1477980 2176
1477990 2178
1478000 2178
1478010 2182
1478020 2184
1478030 2185
1478040 2185
1478050 2188
1478060 2192
1478070 2192
1478080 2193
1478090 2195
1478100 2195
1478110 2199
1478120 2201
1478130 2201
1478140 2202
1478150 2205
1478160 2205
1478170 2207
1478180 2210
1478190 2210
1478200 2213
1478210 2214
1478220 2214
1478230 2214
1478240 2215
1478250 2215
1478260 2216
1478270 2218
1478280 2218
1478290 2219
1478300 2218
1478310 2218
1478320 2217
1478330 2217
1478340 2217
1478350 2216
1478360 2216
1478370 2215
1478380 2215
1478390 2216
1478400 2216
1478410 2216
1478420 2218
1478430 2220
1478440 2220
1478450 2220
1478460 2222
1478470 2222
1478480 2223
1478490 2225
1478500 2225
1478510 2227
1478520 2230
1478530 2230
1478540 2237
1478550 2240
1478560 2240
1478570 2243
1478580 2247
1478590 2247
1478600 2251
1478610 2253
1478620 2253
1478630 2254
1478640 2253
1478650 2253
1478660 2255
1478670 2257
1478680 2257
1478690 2257
1478700 2256
1478710 2253
1478720 2253
1478730 2254
1478740 2256
1478750 2256
1478760 2257
1478770 2259
1478780 2259
1478790 2262
1478800 2263
1478810 2263
1478820 2263
1478830 2266
1478840 2266
1478850 2267
1478860 2269
1478870 2269
1478880 2271
1478890 2271
1478900 2271
1478910 2270
1478920 2269
1478930 2269
1478940 2265
1478950 2263
1478960 2263
1478970 2261
1478980 2257
1478990 2257
1479000 2256
1479010 2252
1479020 2252
1479030 2251
1479040 2251
1479050 2250
1479060 2250
1479070 2248
1479080 2246
1479090 2246
1479100 2242
1479110 2239
1479120 2239
1479130 2239
1479140 2235
1479150 2235
1479160 2231
1479170 2231
1479180 2231
1479190 2229
1479200 2226
1479210 2226
1479220 2224
1479230 2223
1479240 2223
1479250 2219
1479260 2216
1479270 2216
1479280 2215
1479290 2214
1479300 2214
1479310 2214
1479320 2223
1479330 2223
1479340 2229
1479350 2232
1479360 2232
1479370 2234
1479380 2231
1479390 2233
1479400 2233
1479410 2235
1479420 2235
1479430 2235
1479440 2231
1479450 2233
1479460 2233
1479470 2235
1479480 2242
1479490 2242
1479500 2241
1479510 2240
1479520 2240
1479530 2240
1479540 2241
1479550 2241
1479560 2241
1479570 2244
1479580 2244
1479590 2247
1479600 2244
1479610 2244
1479620 2249
1479630 2248
1479640 2248
1479650 2243
1479660 2239
1479670 2239
1479680 2238
1479690 2238
1479700 2238
1479710 2239
1479720 2239
1479730 2241
1479740 2241
1479750 2243
1479760 2247
1479770 2247
1479780 2250
1479790 2248
1479800 2248
1479810 2245
1479820 2243
1479830 2243
1479840 2242
1479850 2242
1479860 2242
1479870 2239
1479880 2235
1479890 2235
1479900 2234
1479910 2233
1479920 2233
1479930 2233
1479940 2235
1479950 2235
1479960 2234
1479970 2233
1479980 2233
1479990 2229
