1460000 1799
1460010 1803
1460020 1803
1460030 1806
1460040 1812
1460050 1812
1460060 1817
1460070 1825
1460080 1833
1460090 1833
1460100 1841
1460110 1843
1460120 1843
1460130 1847
1460140 1851
1460150 1851
1460160 1857
1460170 1865
1460180 1865
1460190 1875
1460200 1883
1460210 1883
1460220 1888
1460230 1894
1460240 1894
1460250 1900
1460260 1902
1460270 1902
1460280 1906
1460290 1912
1460300 1912
1460310 1917
1460320 1922
1460330 1922
1460340 1927
1460350 1934
1460360 1934
1460370 1942
1460380 1950
1460390 1950
1460400 1955
1460410 1963
1460420 1970
1460430 1970
1460440 1977
1460450 1986
1460460 1986
1460470 1995
1460480 2003
1460490 2003
1460500 2011
1460510 2021
1460520 2021
1460530 2040
1460540 2055
1460550 2055
1460560 2065
1460570 2072
1460580 2072
1460590 2079
1460600 2086
1460610 2086
1460620 2093
1460630 2101
1460640 2101
1460650 2110
1460660 2116
1460670 2116
1460680 2121
1460690 2125
1460700 2125
1460710 2130
1460720 2138
1460730 2138
1460740 2145
1460750 2148
1460760 2149
1460770 2149
1460780 2150
1460790 2151
1460800 2151
1460810 2152
1460820 2152
1460830 2152
1460840 2152
1460850 2151
1460860 2151
1460870 2149
1460880 2148
1460890 2148
1460900 2148
1460910 2149
1460920 2149
1460930 2149
1460940 2150
1460950 2150
1460960 2149
1460970 2149
1460980 2149
1460990 2147
1461000 2143
1461010 2143
1461020 2136
1461030 2131
1461040 2131
1461050 2125
1461060 2122
1461070 2122
1461080 2120
1461090 2115
1461100 2109
1461110 2109
1461120 2104
1461130 2101
1461140 2101
1461150 2095
1461160 2088
1461170 2088
1461180 2085
1461190 2083
1461200 2083
1461210 2079
1461220 2076
1461230 2076
1461240 2074
1461250 2071
1461260 2071
1461270 2069
1461280 2067
1461290 2067
1461300 2068
1461310 2069
1461320 2069
1461330 2069
1461340 2071
1461350 2071
1461360 2073
1461370 2079
1461380 2079
1461390 2082
1461400 2084
1461410 2084
1461420 2083
1461430 2079
1461440 2072
1461450 2072
1461460 2064
1461470 2062
1461480 2062
1461490 2058
1461500 2060
1461510 2060
1461520 2064
1461530 2068
1461540 2068
1461550 2070
1461560 2074
1461570 2074
1461580 2080
1461590 2083
1461600 2083
1461610 2088
1461620 2093
1461630 2093
1461640 2098
1461650 2102
1461660 2102
1461670 2106
1461680 2109
1461690 2109
1461700 2110
1461710 2107
1461720 2107
1461730 2101
1461740 2096
1461750 2096
1461760 2090
1461770 2084
1461780 2079
1461790 2079
1461800 2073
1461810 2061
1461820 2061
1461830 2054
1461840 2048
1461850 2048
1461860 2043
1461870 2037
1461880 2037
1461890 2030
1461900 2021
1461910 2021
1461920 2013
1461930 2002
1461940 2002
1461950 1998
1461960 1997
1461970 1997
1461980 1986
1461990 1978
1462000 1978
1462010 1974
1462020 1965
1462030 1965
1462040 1951
1462050 1936
1462060 1936
1462070 1928
1462080 1922
1462090 1922
1462100 1914
1462110 1901
1462120 1889
1462130 1889
1462140 1877
1462150 1872
1462160 1872
1462170 1862
1462180 1855
1462190 1855
1462200 1847
1462210 1835
1462220 1835
1462230 1826
1462240 1819
1462250 1819
1462260 1813
1462270 1808
1462280 1808
1462290 1804
1462300 1798
1462310 1798
1462320 1789
1462330 1774
1462340 1774
1462350 1759
1462360 1747
1462370 1747
1462380 1742
1462390 1739
1462400 1739
1462410 1737
1462420 1732
1462430 1732
1462440 1728
1462450 1728
1462460 1728
1462470 1725
1462480 1721
1462490 1716
1462500 1716
1462510 1710
1462520 1698
1462530 1698
1462540 1688
1462550 1679
1462560 1679
1462570 1667
1462580 1659
1462590 1659
1462600 1643
1462610 1621
1462620 1621
1462630 1605
1462640 1586
1462650 1586
1462660 1568
1462670 1558
1462680 1558
1462690 1551
1462700 1546
1462710 1546
1462720 1543
1462730 1544
1462740 1544
1462750 1539
1462760 1529
1462770 1529
1462780 1519
1462790 1509
1462800 1509
1462810 1502
1462820 1496
1462830 1488
1462840 1488
1462850 1477
1462860 1473
1462870 1473
1462880 1471
1462890 1469
1462900 1469
1462910 1463
1462920 1457
1462930 1457
1462940 1452
1462950 1448
1462960 1448
1462970 1444
1462980 1438
1462990 1438
1463000 1434
1463010 1430
1463020 1430
1463030 1426
1463040 1421
1463050 1421
1463060 1416
1463070 1411
1463080 1411
1463090 1409
1463100 1409
1463110 1409
1463120 1407
1463130 1405
1463140 1405
1463150 1399
1463160 1387
1463170 1377
1463180 1377
1463190 1369
1463200 1362
1463210 1362
1463220 1353
1463230 1340
1463240 1340
1463250 1325
1463260 1315
1463270 1315
1463280 1308
1463290 1303
1463300 1303
1463310 1295
1463320 1287
1463330 1287
1463340 1277
1463350 1265
1463360 1265
1463370 1252
1463380 1238
1463390 1238
1463400 1226
1463410 1218
1463420 1218
1463430 1215
1463440 1214
1463450 1214
1463460 1216
1463470 1214
1463480 1214
1463490 1214
1463500 1207
1463510 1202
1463520 1202
1463530 1203
1463540 1200
1463550 1200
1463560 1195
1463570 1191
1463580 1191
1463590 1185
1463600 1180
1463610 1180
1463620 1173
1463630 1167
1463640 1167
1463650 1159
1463660 1149
1463670 1149
1463680 1142
1463690 1137
1463700 1137
1463710 1131
1463720 1125
1463730 1125
1463740 1119
1463750 1115
1463760 1115
1463770 1111
1463780 1100
1463790 1100
1463800 1091
1463810 1089
1463820 1089
1463830 1081
1463840 1074
1463850 1072
1463860 1072
1463870 1069
1463880 1065
1463890 1065
1463900 1060
1463910 1051
1463920 1051
1463930 1038
1463940 1027
1463950 1027
1463960 1021
1463970 1013
1463980 1010
1463990 1003
1464000 996
1464010 996
1464020 988
1464030 982
1464040 982
1464050 974
1464060 966
1464070 966
1464080 960
1464090 954
1464100 954
1464110 946
1464120 938
1464130 938
1464140 930
1464150 922
1464160 922
1464170 914
1464180 903
1464190 887
1464200 887
1464210 870
1464220 859
1464230 859
1464240 855
1464250 853
1464260 853
1464270 852
1464280 853
1464290 853
1464300 846
1464310 840
1464320 840
1464330 839
1464340 836
1464350 836
1464360 834
1464370 836
1464380 836
1464390 838
1464400 837
1464410 837
1464420 836
1464430 840
1464440 840
1464450 839
1464460 832
1464470 832
1464480 824
1464490 817
1464500 817
1464510 812
1464520 806
1464530 798
1464540 798
1464550 784
1464560 774
1464570 774
1464580 760
1464590 759
1464600 759
1464610 761
1464620 754
1464630 754
1464640 745
1464650 739
1464660 739
1464670 729
1464680 722
1464690 722
1464700 709
1464710 695
1464720 695
1464730 686
1464740 677
1464750 677
1464760 668
1464770 661
1464780 661
1464790 653
1464800 643
1464810 643
1464820 634
1464830 621
1464840 621
1464850 612
1464860 603
1464870 597
1464880 597
1464890 592
1464900 587
1464910 587
1464920 582
1464930 577
1464940 577
1464950 571
1464960 565
1464970 565
1464980 559
1464990 553
1465000 553
1465010 549
1465020 546
1465030 546
1465040 544
1465050 542
1465060 542
1465070 541
1465080 540
1465090 540
1465100 540
1465110 539
1465120 539
1465130 537
1465140 537
1465150 537
1465160 534
1465170 532
1465180 532
1465190 535
1465200 536
1465210 536
1465220 534
1465230 532
1465240 530
1465250 530
1465260 528
1465270 526
1465280 526
1465290 525
1465300 525
1465310 525
1465320 527
1465330 528
1465340 528
1465350 526
1465360 524
1465370 524
1465380 522
1465390 520
1465400 520
1465410 519
1465420 517
1465430 517
1465440 516
1465450 516
1465460 516
1465470 515
1465480 515
1465490 515
1465500 513
1465510 511
1465520 511
1465530 509
1465540 509
1465550 509
1465560 509
1465570 509
1465580 508
1465590 508
1465600 507
1465610 506
1465620 506
1465630 504
1465640 503
1465650 503
1465660 502
1465670 502
1465680 502
1465690 502
1465700 502
1465710 502
1465720 502
1465730 502
1465740 502
1465750 502
1465760 502
1465770 502
1465780 505
1465790 510
1465800 510
1465810 516
1465820 522
1465830 522
1465840 529
1465850 538
1465860 538
1465870 547
1465880 553
1465890 553
1465900 559
1465910 564
1465920 568
1465930 568
1465940 573
1465950 578
1465960 578
1465970 584
1465980 587
1465990 587
1466000 583
1466010 585
1466020 585
1466030 594
1466040 603
1466050 603
1466060 611
1466070 617
1466080 617
1466090 625
1466100 632
1466110 632
1466120 632
1466130 629
1466140 629
1466150 631
1466160 634
1466170 634
1466180 636
1466190 644
1466200 644
1466210 660
1466220 675
1466230 675
1466240 685
1466250 694
1466260 700
1466270 700
1466280 706
1466290 710
1466300 710
1466310 713
1466320 716
1466330 716
1466340 719
1466350 718
1466360 718
1466370 717
1466380 715
1466390 715
1466400 717
1466410 723
1466420 723
1466430 732
1466440 733
1466450 733
1466460 737
1466470 736
1466480 736
1466490 746
1466500 756
1466510 756
1466520 774
1466530 791
1466540 791
1466550 797
1466560 803
1466570 803
1466580 812
1466590 821
1466600 828
1466610 828
1466620 839
1466630 847
1466640 847
1466650 848
1466660 859
1466670 859
1466680 872
1466690 878
1466700 878
1466710 874
1466720 869
1466730 869
1466740 870
1466750 874
1466760 874
1466770 882
1466780 890
1466790 890
1466800 900
1466810 910
1466820 910
1466830 923
1466840 931
1466850 931
1466860 939
1466870 949
1466880 949
1466890 960
1466900 977
1466910 977
1466920 991
1466930 1001
1466940 1009
1466950 1009
1466960 1018
1466970 1026
1466980 1026
1466990 1031
1467000 1034
1467010 1034
1467020 1036
1467030 1039
1467040 1039
1467050 1041
1467060 1043
1467070 1043
1467080 1042
1467090 1038
1467100 1038
1467110 1037
1467120 1036
1467130 1036
1467140 1039
1467150 1046
1467160 1046
1467170 1057
1467180 1063
1467190 1063
1467200 1075
1467210 1085
1467220 1085
1467230 1088
1467240 1090
1467250 1090
1467260 1092
1467270 1094
1467280 1099
1467290 1099
1467300 1104
1467310 1108
1467320 1108
1467330 1115
1467340 1125
1467350 1125
1467360 1131
1467370 1130
1467380 1130
1467390 1129
1467400 1127
1467410 1127
1467420 1130
1467430 1140
1467440 1140
1467450 1149
1467460 1157
1467470 1157
1467480 1159
1467490 1161
1467500 1161
1467510 1165
1467520 1169
1467530 1169
1467540 1178
1467550 1187
1467560 1187
1467570 1194
1467580 1201
1467590 1201
1467600 1215
1467610 1231
1467620 1231
1467630 1248
1467640 1276
1467650 1284
1467660 1284
1467670 1288
1467680 1292
1467690 1292
1467700 1296
1467710 1299
1467720 1299
1467730 1300
1467740 1304
1467750 1304
1467760 1309
1467770 1313
1467780 1313
1467790 1316
1467800 1322
1467810 1322
1467820 1327
1467830 1325
1467840 1325
1467850 1325
1467860 1326
1467870 1326
1467880 1330
1467890 1340
1467900 1340
1467910 1355
1467920 1377
1467930 1377
1467940 1393
1467950 1399
1467960 1399
1467970 1405
1467980 1411
1467990 1417
1468000 1417
1468010 1420
1468020 1422
1468030 1422
1468040 1441
1468050 1456
1468060 1456
1468070 1472
1468080 1493
1468090 1493
1468100 1510
1468110 1533
1468120 1533
1468130 1546
1468140 1553
1468150 1553
1468160 1563
1468170 1576
1468180 1576
1468190 1583
1468200 1587
1468210 1587
1468220 1590
1468230 1602
1468240 1602
1468250 1640
1468260 1682
1468270 1682
1468280 1696
1468290 1724
1468300 1724
1468310 1759
1468320 1777
1468330 1803
1468340 1803
1468350 1857
1468360 1885
1468370 1885
1468380 1898
1468390 1916
1468400 1916
1468410 1929
1468420 1966
1468430 1966
1468440 1988
1468450 2006
1468460 2006
1468470 2022
1468480 2034
1468490 2034
1468500 2048
1468510 2081
1468520 2081
1468530 2099
1468540 2110
1468550 2110
1468560 2121
1468570 2130
1468580 2130
1468590 2138
1468600 2151
1468610 2151
1468620 2193
1468630 2213
1468640 2213
1468650 2223
1468660 2222
1468670 2224
1468680 2224
1468690 2234
1468700 2254
1468710 2254
1468720 2264
1468730 2272
1468740 2272
1468750 2270
1468760 2265
1468770 2265
1468780 2264
1468790 2264
1468800 2264
1468810 2264
1468820 2262
1468830 2262
1468840 2258
1468850 2253
1468860 2253
1468870 2248
1468880 2243
1468890 2243
1468900 2238
1468910 2234
1468920 2234
1468930 2230
1468940 2226
1468950 2226
1468960 2220
1468970 2216
1468980 2216
1468990 2212
1469000 2207
1469010 2202
1469020 2202
1469030 2199
1469040 2197
1469050 2197
1469060 2195
1469070 2194
1469080 2194
1469090 2189
1469100 2194
1469110 2194
1469120 2198
1469130 2199
1469140 2199
1469150 2201
1469160 2204
1469170 2204
1469180 2206
1469190 2208
1469200 2208
1469210 2209
1469220 2211
1469230 2211
1469240 2212
1469250 2213
1469260 2213
1469270 2219
1469280 2224
1469290 2224
1469300 2229
1469310 2232
1469320 2232
1469330 2236
1469340 2240
1469350 2243
1469360 2243
1469370 2247
1469380 2250
1469390 2250
1469400 2254
1469410 2257
1469420 2257
1469430 2255
1469440 2251
1469450 2251
1469460 2252
1469470 2255
1469480 2255
1469490 2257
1469500 2264
1469510 2264
1469520 2268
1469530 2271
1469540 2271
1469550 2271
1469560 2272
1469570 2272
1469580 2274
1469590 2277
1469600 2277
1469610 2281
1469620 2285
1469630 2285
1469640 2289
1469650 2293
1469660 2293
1469670 2296
1469680 2297
1469690 2300
1469700 2300
1469710 2302
1469720 2304
1469730 2304
1469740 2302
1469750 2297
1469760 2297
1469770 2294
1469780 2296
1469790 2296
1469800 2298
1469810 2296
1469820 2296
1469830 2292
1469840 2286
1469850 2286
1469860 2282
1469870 2276
1469880 2276
1469890 2270
1469900 2266
1469910 2266
1469920 2266
1469930 2264
1469940 2264
1469950 2261
1469960 2257
1469970 2257
1469980 2251
1469990 2245
1470000 2245
1470010 2241
1470020 2237
1470030 2236
1470040 2236
1470050 2236
1470060 2234
1470070 2234
1470080 2233
1470090 2230
1470100 2230
1470110 2233
1470120 2234
1470130 2234
1470140 2232
1470150 2230
1470160 2230
1470170 2225
1470180 2224
1470190 2224
1470200 2222
1470210 2219
1470220 2219
1470230 2217
1470240 2211
1470250 2211
1470260 2203
1470270 2199
1470280 2199
1470290 2197
1470300 2194
1470310 2194
1470320 2190
1470330 2189
1470340 2189
1470350 2182
1470360 2182
1470370 2182
1470380 2184
1470390 2188
1470400 2188
1470410 2188
1470420 2187
1470430 2187
1470440 2187
1470450 2189
1470460 2189
1470470 2189
1470480 2189
1470490 2188
1470500 2188
1470510 2191
1470520 2193
1470530 2193
1470540 2194
1470550 2197
1470560 2197
1470570 2198
1470580 2200
1470590 2200
1470600 2200
1470610 2197
1470620 2197
1470630 2197
1470640 2195
1470650 2195
1470660 2190
1470670 2182
1470680 2182
1470690 2177
1470700 2177
1470710 2177
1470720 2174
1470730 2171
1470740 2166
1470750 2166
1470760 2163
1470770 2160
1470780 2160
1470790 2161
1470800 2158
1470810 2158
1470820 2149
1470830 2140
1470840 2140
1470850 2129
1470860 2118
1470870 2118
1470880 2109
1470890 2099
1470900 2099
1470910 2090
1470920 2077
1470930 2077
1470940 2063
1470950 2054
1470960 2054
1470970 2047
1470980 2039
1470990 2039
1471000 2031
1471010 2019
1471020 2019
1471030 2008
1471040 1997
1471050 1997
1471060 1986
1471070 1974
1471080 1964
1471090 1964
1471100 1946
1471110 1928
1471120 1928
1471130 1918
1471140 1907
1471150 1907
1471160 1896
1471170 1883
1471180 1883
1471190 1873
1471200 1866
1471210 1866
1471220 1862
1471230 1861
1471240 1861
1471250 1858
1471260 1857
1471270 1857
1471280 1854
1471290 1853
1471300 1853
1471310 1853
1471320 1851
1471330 1851
1471340 1850
1471350 1850
1471360 1850
1471370 1846
1471380 1842
1471390 1842
1471400 1841
1471410 1841
1471420 1840
1471430 1840
1471440 1840
1471450 1839
1471460 1839
1471470 1837
1471480 1835
1471490 1835
1471500 1834
1471510 1833
1471520 1833
1471530 1832
1471540 1831
1471550 1831
1471560 1831
1471570 1830
1471580 1830
1471590 1829
1471600 1830
1471610 1830
1471620 1832
1471630 1833
1471640 1833
1471650 1834
1471660 1835
1471670 1835
1471680 1835
1471690 1836
1471700 1836
1471710 1836
1471720 1837
1471730 1837
1471740 1839
1471750 1840
1471760 1840
1471770 1840
1471780 1838
1471790 1840
1471800 1840
1471810 1845
1471820 1847
1471830 1847
1471840 1848
1471850 1848
1471860 1848
1471870 1850
1471880 1852
1471890 1852
1471900 1857
1471910 1861
1471920 1861
1471930 1862
1471940 1862
1471950 1862
1471960 1863
1471970 1863
1471980 1863
1471990 1865
1472000 1867
1472010 1867
1472020 1869
1472030 1874
1472040 1874
1472050 1877
1472060 1884
1472070 1884
1472080 1888
1472090 1888
1472100 1890
1472110 1890
1472120 1889
1472130 1886
1472140 1886
1472150 1884
1472160 1882
1472170 1882
1472180 1883
1472190 1884
1472200 1884
1472210 1884
1472220 1886
1472230 1886
1472240 1889
1472250 1891
1472260 1891
1472270 1892
1472280 1893
1472290 1893
1472300 1892
1472310 1890
1472320 1890
1472330 1885
1472340 1879
1472350 1879
1472360 1875
1472370 1874
1472380 1874
1472390 1871
1472400 1867
1472410 1867
1472420 1864
1472430 1862
1472440 1863
1472450 1863
1472460 1864
1472470 1864
1472480 1864
1472490 1863
1472500 1864
1472510 1864
1472520 1864
1472530 1866
1472540 1866
1472550 1867
1472560 1867
1472570 1867
1472580 1868
1472590 1866
1472600 1866
1472610 1865
1472620 1865
1472630 1865
1472640 1868
1472650 1870
1472660 1870
1472670 1872
1472680 1871
1472690 1871
1472700 1868
1472710 1869
1472720 1869
1472730 1873
1472740 1874
1472750 1874
1472760 1876
1472770 1877
1472780 1878
1472790 1878
1472800 1877
1472810 1877
1472820 1877
1472830 1874
1472840 1874
1472850 1874
1472860 1876
1472870 1877
1472880 1877
1472890 1879
1472900 1881
1472910 1881
1472920 1883
1472930 1886
1472940 1886
1472950 1891
1472960 1895
1472970 1895
1472980 1897
1472990 1903
1473000 1903
1473010 1908
1473020 1917
1473030 1917
1473040 1923
1473050 1921
1473060 1921
1473070 1922
1473080 1925
1473090 1925
1473100 1926
1473110 1928
1473120 1928
1473130 1932
1473140 1935
1473150 1942
1473160 1942
1473170 1948
1473180 1955
1473190 1955
1473200 1961
1473210 1967
1473220 1967
1473230 1975
1473240 1984
1473250 1984
1473260 1991
1473270 2000
1473280 2000
1473290 2016
1473300 2034
1473310 2034
1473320 2045
1473330 2053
1473340 2053
1473350 2060
1473360 2066
1473370 2066
1473380 2076
1473390 2085
1473400 2085
1473410 2093
1473420 2100
1473430 2100
1473440 2103
1473450 2103
1473460 2103
1473470 2108
1473480 2110
1473490 2108
1473500 2108
1473510 2109
1473520 2107
1473530 2107
1473540 2104
1473550 2101
1473560 2101
1473570 2100
1473580 2097
1473590 2097
1473600 2097
1473610 2100
1473620 2100
1473630 2101
1473640 2096
1473650 2096
1473660 2093
1473670 2095
1473680 2095
1473690 2098
1473700 2102
1473710 2102
1473720 2107
1473730 2112
1473740 2112
1473750 2116
1473760 2122
1473770 2122
1473780 2125
1473790 2128
1473800 2128
1473810 2133
1473820 2133
1473830 2135
1473840 2135
1473850 2139
1473860 2139
1473870 2139
1473880 2137
1473890 2136
1473900 2136
1473910 2133
1473920 2134
1473930 2134
1473940 2134
1473950 2132
1473960 2132
1473970 2128
1473980 2124
1473990 2124
1474000 2118
1474010 2114
1474020 2114
1474030 2108
1474040 2110
1474050 2110
1474060 2112
1474070 2112
1474080 2112
1474090 2116
1474100 2118
1474110 2118
1474120 2124
1474130 2126
1474140 2126
1474150 2128
1474160 2131
1474170 2130
1474180 2130
1474190 2131
1474200 2131
1474210 2131
1474220 2129
1474230 2127
1474240 2127
1474250 2123
1474260 2123
1474270 2123
1474280 2122
1474290 2120
1474300 2120
1474310 2118
1474320 2116
1474330 2116
1474340 2113
1474350 2111
1474360 2111
1474370 2109
1474380 2109
1474390 2109
1474400 2107
1474410 2105
1474420 2105
1474430 2102
1474440 2096
1474450 2096
1474460 2091
1474470 2088
1474480 2088
1474490 2086
1474500 2080
1474510 2077
1474520 2077
1474530 2073
1474540 2070
1474550 2070
1474560 2065
1474570 2062
1474580 2062
1474590 2061
1474600 2061
1474610 2061
1474620 2063
1474630 2063
1474640 2063
1474650 2062
1474660 2059
1474670 2059
1474680 2053
1474690 2049
1474700 2049
1474710 2046
1474720 2043
1474730 2043
1474740 2041
1474750 2042
1474760 2042
1474770 2044
1474780 2045
1474790 2045
1474800 2046
1474810 2046
1474820 2046
1474830 2047
1474840 2047
1474850 2043
1474860 2043
1474870 2041
1474880 2041
1474890 2041
1474900 2041
1474910 2041
1474920 2041
1474930 2042
1474940 2043
1474950 2043
1474960 2045
1474970 2048
1474980 2048
1474990 2051
1475000 2052
1475010 2052
1475020 2051
1475030 2052
1475040 2052
1475050 2053
1475060 2055
1475070 2055
1475080 2056
1475090 2057
1475100 2057
1475110 2059
1475120 2062
1475130 2062
1475140 2066
1475150 2070
1475160 2070
1475170 2073
1475180 2074
1475190 2075
1475200 2075
1475210 2077
1475220 2079
1475230 2079
1475240 2081
1475250 2085
1475260 2085
1475270 2091
1475280 2092
1475290 2092
1475300 2094
1475310 2098
1475320 2098
1475330 2105
1475340 2110
1475350 2110
1475360 2114
1475370 2116
1475380 2116
1475390 2118
1475400 2121
1475410 2121
1475420 2125
1475430 2128
1475440 2128
1475450 2132
1475460 2139
1475470 2139
1475480 2143
1475490 2145
1475500 2145
1475510 2149
1475520 2151
1475530 2149
1475540 2149
1475550 2148
1475560 2145
1475570 2145
1475580 2144
1475590 2142
1475600 2142
1475610 2141
1475620 2142
1475630 2142
1475640 2142
1475650 2142
1475660 2142
1475670 2145
1475680 2148
1475690 2148
1475700 2151
1475710 2155
1475720 2155
1475730 2158
1475740 2157
1475750 2157
1475760 2155
1475770 2157
1475780 2157
1475790 2163
1475800 2163
1475810 2163
1475820 2164
1475830 2168
1475840 2168
1475850 2170
1475860 2171
1475870 2171
1475880 2170
1475890 2167
1475900 2165
1475910 2165
1475920 2167
1475930 2164
1475940 2164
1475950 2159
1475960 2155
1475970 2155
1475980 2155
1475990 2157
1476000 2157
1476010 2160
1476020 2163
1476030 2163
1476040 2163
1476050 2165
1476060 2165
1476070 2168
1476080 2172
1476090 2172
1476100 2174
1476110 2178
1476120 2178
1476130 2183
1476140 2188
1476150 2188
1476160 2192
1476170 2194
1476180 2194
1476190 2197
1476200 2198
1476210 2198
1476220 2196
1476230 2194
1476240 2191
1476250 2191
1476260 2188
1476270 2184
1476280 2184
1476290 2181
1476300 2184
1476310 2184
1476320 2182
1476330 2178
1476340 2178
1476350 2175
1476360 2174
1476370 2174
1476380 2173
1476390 2173
1476400 2173
1476410 2170
1476420 2168
1476430 2168
1476440 2165
1476450 2166
1476460 2166
1476470 2165
1476480 2164
1476490 2164
1476500 2164
1476510 2167
1476520 2167
1476530 2167
1476540 2166
1476550 2166
1476560 2168
1476570 2173
1476580 2170
1476590 2170
1476600 2169
1476610 2168
1476620 2168
1476630 2167
1476640 2166
1476650 2166
1476660 2164
1476670 2160
1476680 2160
1476690 2158
1476700 2154
1476710 2154
1476720 2147
1476730 2145
1476740 2145
1476750 2144
1476760 2142
1476770 2142
1476780 2141
1476790 2138
1476800 2138
1476810 2141
1476820 2140
1476830 2140
1476840 2138
1476850 2135
1476860 2135
1476870 2130
1476880 2126
1476890 2126
1476900 2122
1476910 2116
1476920 2112
1476930 2112
1476940 2109
1476950 2106
1476960 2106
1476970 2102
1476980 2100
1476990 2100
1477000 2099
1477010 2097
1477020 2097
1477030 2097
1477040 2096
1477050 2096
1477060 2095
1477070 2093
1477080 2093
1477090 2091
1477100 2087
1477110 2087
1477120 2083
1477130 2080
1477140 2080
1477150 2077
1477160 2072
1477170 2072
1477180 2073
1477190 2070
1477200 2070
1477210 2066
1477220 2063
1477230 2063
1477240 2059
1477250 2055
1477260 2053
1477270 2053
1477280 2051
1477290 2050
1477300 2050
1477310 2051
1477320 2053
1477330 2053
1477340 2054
1477350 2054
1477360 2054
1477370 2053
1477380 2054
1477390 2054
1477400 2054
1477410 2054
1477420 2054
1477430 2055
1477440 2057
1477450 2057
1477460 2061
1477470 2066
1477480 2066
1477490 2068
1477500 2068
1477510 2068
1477520 2065
1477530 2063
1477540 2063
1477550 2062
1477560 2063
1477570 2063
1477580 2068
1477590 2069
1477600 2072
1477610 2072
1477620 2071
1477630 2071
1477640 2071
1477650 2073
1477660 2081
1477670 2081
1477680 2086
1477690 2085
1477700 2085
1477710 2081
1477720 2080
1477730 2080
1477740 2082
1477750 2081
1477760 2081
1477770 2080
1477780 2079
1477790 2079
1477800 2077
1477810 2081
1477820 2081
1477830 2080
1477840 2080
1477850 2080
1477860 2080
1477870 2083
1477880 2083
1477890 2083
1477900 2086
1477910 2086
1477920 2084
1477930 2084
1477940 2086
1477950 2086
1477960 2085
1477970 2088
1477980 2088
1477990 2091
1478000 2092
1478010 2092
1478020 2093
1478030 2094
1478040 2094
1478050 2096
1478060 2099
1478070 2099
1478080 2103
1478090 2107
1478100 2107
1478110 2110
1478120 2114
1478130 2114
1478140 2116
1478150 2119
1478160 2119
1478170 2122
1478180 2124
1478190 2124
1478200 2127
1478210 2130
1478220 2130
1478230 2132
1478240 2134
1478250 2134
1478260 2135
1478270 2136
1478280 2137
1478290 2137
1478300 2140
1478310 2139
1478320 2139
1478330 2133
1478340 2124
1478350 2124
1478360 2119
1478370 2118
1478380 2118
1478390 2117
1478400 2124
1478410 2124
1478420 2134
1478430 2137
1478440 2137
1478450 2139
1478460 2137
1478470 2137
1478480 2137
1478490 2137
1478500 2137
1478510 2140
1478520 2141
1478530 2141
1478540 2140
1478550 2138
1478560 2138
1478570 2133
1478580 2124
1478590 2124
1478600 2119
1478610 2122
1478620 2122
1478630 2123
1478640 2124
1478650 2124
1478660 2124
1478670 2121
1478680 2121
1478690 2121
1478700 2122
1478710 2124
1478720 2124
1478730 2126
1478740 2130
1478750 2130
1478760 2134
1478770 2136
1478780 2136
1478790 2138
1478800 2140
1478810 2140
1478820 2144
1478830 2150
1478840 2150
1478850 2154
1478860 2156
1478870 2156
1478880 2157
1478890 2158
1478900 2158
1478910 2159
1478920 2159
1478930 2159
1478940 2159
1478950 2160
1478960 2160
1478970 2162
1478980 2163
1478990 2165
1479000 2165
1479010 2165
1479020 2166
1479030 2166
1479040 2169
1479050 2170
1479060 2170
1479070 2176
1479080 2179
1479090 2179
1479100 2180
1479110 2182
1479120 2182
1479130 2184
1479140 2186
1479150 2186
1479160 2187
1479170 2183
1479180 2183
1479190 2184
1479200 2188
1479210 2188
1479220 2190
1479230 2190
1479240 2190
1479250 2187
1479260 2184
1479270 2184
1479280 2186
1479290 2185
1479300 2185
1479310 2188
1479320 2187
1479330 2183
1479340 2183
1479350 2182
1479360 2182
1479370 2182
1479380 2185
1479390 2183
1479400 2183
1479410 2184
1479420 2188
1479430 2188
1479440 2189
1479450 2191
1479460 2191
1479470 2191
1479480 2189
1479490 2189
1479500 2184
1479510 2182
1479520 2182
1479530 2181
1479540 2179
1479550 2179
1479560 2180
1479570 2179
1479580 2179
1479590 2175
1479600 2174
1479610 2174
1479620 2179
1479630 2183
1479640 2183
1479650 2184
1479660 2184
1479670 2184
1479680 2184
1479690 2185
1479700 2185
1479710 2185
1479720 2184
1479730 2182
1479740 2182
1479750 2186
1479760 2190
1479770 2190
1479780 2194
1479790 2197
1479800 2197
1479810 2200
1479820 2202
1479830 2202
1479840 2204
1479850 2207
1479860 2207
1479870 2207
1479880 2205
1479890 2205
1479900 2205
1479910 2205
1479920 2205
1479930 2204
1479940 2205
1479950 2205
1479960 2207
1479970 2208
1479980 2208
1479990 2207
