1460000 1546
1460010 1545
1460020 1545
1460030 1545
1460040 1543
1460050 1543
1460060 1542
1460070 1539
1460080 1539
1460090 1533
1460100 1528
1460110 1528
1460120 1523
1460130 1520
1460140 1520
1460150 1520
1460160 1519
1460170 1519
1460180 1515
1460190 1512
1460200 1512
1460210 1508
1460220 1501
1460230 1501
1460240 1495
1460250 1489
1460260 1485
1460270 1485
1460280 1484
1460290 1484
1460300 1484
1460310 1487
1460320 1489
1460330 1489
1460340 1493
1460350 1495
1460360 1495
1460370 1497
1460380 1499
1460390 1499
1460400 1502
1460410 1505
1460420 1505
1460430 1510
1460440 1516
1460450 1516
1460460 1519
1460470 1520
1460480 1520
1460490 1523
1460500 1526
1460510 1526
1460520 1530
1460530 1531
1460540 1531
1460550 1532
1460560 1533
1460570 1533
1460580 1533
1460590 1534
1460600 1538
1460610 1538
1460620 1540
1460630 1543
1460640 1543
1460650 1545
1460660 1547
1460670 1547
1460680 1549
1460690 1551
1460700 1551
1460710 1556
1460720 1564
1460730 1564
1460740 1572
1460750 1577
1460760 1577
1460770 1582
1460780 1585
1460790 1585
1460800 1588
1460810 1589
1460820 1589
1460830 1586
1460840 1584
1460850 1584
1460860 1583
1460870 1583
1460880 1583
1460890 1581
1460900 1580
1460910 1580
1460920 1581
1460930 1581
1460940 1581
1460950 1581
1460960 1581
1460970 1582
1460980 1582
1460990 1583
1461000 1587
1461010 1587
1461020 1588
1461030 1592
1461040 1592
1461050 1596
1461060 1600
1461070 1600
1461080 1602
1461090 1605
1461100 1605
1461110 1608
1461120 1609
1461130 1609
1461140 1611
1461150 1615
1461160 1615
1461170 1617
1461180 1618
1461190 1618
1461200 1620
1461210 1620
1461220 1620
1461230 1620
1461240 1619
1461250 1619
1461260 1616
1461270 1615
1461280 1615
1461290 1615
1461300 1617
1461310 1619
1461320 1619
1461330 1620
1461340 1621
1461350 1621
1461360 1624
1461370 1625
1461380 1625
1461390 1627
1461400 1629
1461410 1629
1461420 1630
1461430 1630
1461440 1630
1461450 1632
1461460 1634
1461470 1634
1461480 1637
1461490 1641
1461500 1641
1461510 1645
1461520 1649
1461530 1649
1461540 1654
1461550 1660
1461560 1660
1461570 1666
1461580 1674
1461590 1674
1461600 1685
1461610 1696
1461620 1696
1461630 1703
1461640 1711
1461650 1711
1461660 1719
1461670 1725
1461680 1732
1461690 1732
1461700 1743
1461710 1753
1461720 1753
1461730 1759
1461740 1765
1461750 1765
1461760 1769
1461770 1773
1461780 1773
1461790 1776
1461800 1780
1461810 1780
1461820 1784
1461830 1788
1461840 1788
1461850 1790
1461860 1793
1461870 1793
1461880 1796
1461890 1797
1461900 1797
1461910 1798
1461920 1796
1461930 1796
1461940 1793
1461950 1790
1461960 1790
1461970 1785
1461980 1781
1461990 1781
1462000 1779
1462010 1780
1462020 1780
1462030 1780
1462040 1781
1462050 1781
1462060 1781
1462070 1781
1462080 1781
1462090 1781
1462100 1781
1462110 1782
1462120 1782
1462130 1783
1462140 1785
1462150 1785
1462160 1787
1462170 1788
1462180 1788
1462190 1790
1462200 1791
1462210 1791
1462220 1792
1462230 1793
1462240 1793
1462250 1793
1462260 1792
1462270 1792
1462280 1791
1462290 1792
1462300 1792
1462310 1793
1462320 1797
1462330 1797
1462340 1800
1462350 1803
1462360 1803
1462370 1805
1462380 1805
1462390 1805
1462400 1805
1462410 1805
1462420 1807
1462430 1807
1462440 1809
1462450 1813
1462460 1813
1462470 1819
1462480 1822
1462490 1822
1462500 1824
1462510 1824
1462520 1824
1462530 1826
1462540 1827
1462550 1827
1462560 1829
1462570 1832
1462580 1832
1462590 1833
1462600 1831
1462610 1831
1462620 1832
1462630 1830
1462640 1830
1462650 1827
1462660 1825
1462670 1825
1462680 1822
1462690 1818
1462700 1818
1462710 1814
1462720 1811
1462730 1808
1462740 1808
1462750 1807
1462760 1807
1462770 1807
1462780 1806
1462790 1806
1462800 1806
1462810 1804
1462820 1803
1462830 1803
1462840 1801
1462850 1800
1462860 1800
1462870 1800
1462880 1799
1462890 1799
1462900 1800
1462910 1801
1462920 1801
1462930 1802
1462940 1803
1462950 1803
1462960 1805
1462970 1806
1462980 1806
1462990 1808
1463000 1808
1463010 1808
1463020 1808
1463030 1810
1463040 1810
1463050 1812
1463060 1818
1463070 1818
1463080 1827
1463090 1834
1463100 1840
1463110 1840
1463120 1844
1463130 1847
1463140 1847
1463150 1851
1463160 1853
1463170 1853
1463180 1855
1463190 1856
1463200 1856
1463210 1857
1463220 1859
1463230 1859
1463240 1861
1463250 1862
1463260 1862
1463270 1864
1463280 1864
1463290 1864
1463300 1866
1463310 1867
1463320 1867
1463330 1868
1463340 1868
1463350 1868
1463360 1870
1463370 1872
1463380 1872
1463390 1874
1463400 1874
1463410 1874
1463420 1872
1463430 1874
1463440 1874
1463450 1875
1463460 1875
1463470 1876
1463480 1876
1463490 1877
1463500 1877
1463510 1877
1463520 1873
1463530 1871
1463540 1871
1463550 1873
1463560 1874
1463570 1874
1463580 1874
1463590 1875
1463600 1875
1463610 1876
1463620 1875
1463630 1875
1463640 1872
1463650 1860
1463660 1860
1463670 1850
1463680 1839
1463690 1839
1463700 1822
1463710 1801
1463720 1801
1463730 1787
1463740 1775
1463750 1775
1463760 1766
1463770 1750
1463780 1750
1463790 1730
1463800 1722
1463810 1706
1463820 1706
1463830 1700
1463840 1693
1463850 1693
1463860 1683
1463870 1673
1463880 1673
1463890 1642
1463900 1631
1463910 1631
1463920 1620
1463930 1605
1463940 1605
1463950 1599
1463960 1596
1463970 1596
1463980 1593
1463990 1593
1464000 1593
1464010 1588
1464020 1583
1464030 1583
1464040 1577
1464050 1576
1464060 1576
1464070 1572
1464080 1561
1464090 1561
1464100 1551
1464110 1543
1464120 1543
1464130 1535
1464140 1527
1464150 1527
1464160 1521
1464170 1514
1464180 1510
1464190 1510
1464200 1509
1464210 1504
1464220 1504
1464230 1496
1464240 1483
1464250 1483
1464260 1470
1464270 1463
1464280 1463
1464290 1455
1464300 1444
1464310 1444
1464320 1430
1464330 1412
1464340 1412
1464350 1387
1464360 1374
1464370 1374
1464380 1357
1464390 1342
1464400 1342
1464410 1325
1464420 1314
1464430 1314
1464440 1302
1464450 1299
1464460 1299
1464470 1291
1464480 1281
1464490 1281
1464500 1269
1464510 1256
1464520 1242
1464530 1242
1464540 1229
1464550 1215
1464560 1215
1464570 1205
1464580 1195
1464590 1195
1464600 1188
1464610 1181
1464620 1181
1464630 1171
1464640 1160
1464650 1160
1464660 1141
1464670 1122
1464680 1122
1464690 1106
1464700 1099
1464710 1099
1464720 1093
1464730 1080
1464740 1080
1464750 1066
1464760 1056
1464770 1056
1464780 1047
1464790 1040
1464800 1040
1464810 1034
1464820 1029
1464830 1029
1464840 1024
1464850 1022
1464860 1022
1464870 1017
1464880 1012
1464890 1002
1464900 1002
1464910 989
1464920 979
1464930 979
1464940 972
1464950 965
1464960 965
1464970 957
1464980 950
1464990 950
1465000 942
1465010 933
1465020 933
1465030 917
1465040 897
1465050 897
1465060 882
1465070 865
1465080 865
1465090 850
1465100 836
1465110 836
1465120 824
1465130 812
1465140 812
1465150 796
1465160 777
1465170 777
1465180 759
1465190 739
1465200 739
1465210 713
1465220 691
1465230 682
1465240 682
1465250 675
1465260 668
1465270 668
1465280 662
1465290 655
1465300 655
1465310 648
1465320 642
1465330 642
1465340 635
1465350 629
1465360 629
1465370 622
1465380 616
1465390 617
1465400 610
1465410 603
1465420 603
1465430 596
1465440 589
1465450 589
1465460 582
1465470 575
1465480 575
1465490 569
1465500 562
1465510 562
1465520 557
1465530 551
1465540 551
1465550 545
1465560 539
1465570 539
1465580 534
1465590 530
1465600 527
1465610 527
1465620 524
1465630 520
1465640 520
1465650 515
1465660 512
1465670 512
1465680 509
1465690 506
1465700 506
1465710 505
1465720 504
1465730 504
1465740 504
1465750 506
1465760 506
1465770 507
1465780 506
1465790 506
1465800 506
1465810 505
1465820 505
1465830 504
1465840 504
1465850 504
1465860 502
1465870 497
1465880 497
1465890 496
1465900 496
1465910 496
1465920 496
1465930 496
1465940 495
1465950 495
1465960 495
1465970 495
1465980 495
1465990 495
1466000 495
1466010 495
1466020 495
1466030 495
1466040 495
1466050 495
1466060 495
1466070 495
1466080 495
1466090 495
1466100 495
1466110 498
1466120 500
1466130 500
1466140 501
1466150 501
1466160 501
1466170 505
1466180 507
1466190 507
1466200 509
1466210 511
1466220 511
1466230 511
1466240 512
1466250 512
1466260 512
1466270 512
1466280 512
1466290 512
1466300 511
1466310 512
1466320 512
1466330 512
1466340 512
1466350 512
1466360 513
1466370 514
1466380 514
1466390 517
1466400 520
1466410 520
1466420 523
1466430 523
1466440 523
1466450 524
1466460 524
1466470 524
1466480 524
1466490 524
1466500 524
1466510 524
1466520 525
1466530 525
1466540 525
1466550 526
1466560 526
1466570 525
1466580 525
1466590 525
1466600 526
1466610 527
1466620 527
1466630 531
1466640 532
1466650 533
1466660 533
1466670 535
1466680 536
1466690 536
1466700 536
1466710 536
1466720 536
1466730 538
1466740 540
1466750 540
1466760 543
1466770 546
1466780 546
1466790 547
1466800 549
1466810 549
1466820 551
1466830 552
1466840 552
1466850 554
1466860 556
1466870 556
1466880 557
1466890 558
1466900 558
1466910 558
1466920 558
1466930 558
1466940 561
1466950 561
1466960 561
1466970 557
1466980 554
1466990 554
1467000 554
1467010 555
1467020 557
1467030 557
1467040 559
1467050 561
1467060 561
1467070 565
1467080 569
1467090 569
1467100 574
1467110 580
1467120 580
1467130 587
1467140 594
1467150 594
1467160 603
1467170 611
1467180 611
1467190 620
1467200 633
1467210 633
1467220 653
1467230 661
1467240 661
1467250 668
1467260 673
1467270 673
1467280 677
1467290 681
1467300 681
1467310 685
1467320 688
1467330 688
1467340 693
1467350 699
1467360 699
1467370 704
1467380 708
1467390 713
1467400 713
1467410 718
1467420 722
1467430 722
1467440 724
1467450 726
1467460 726
1467470 731
1467480 738
1467490 738
1467500 743
1467510 749
1467520 749
1467530 758
1467540 771
1467550 771
1467560 781
1467570 789
1467580 789
1467590 795
1467600 801
1467610 801
1467620 808
1467630 818
1467640 818
1467650 835
1467660 863
1467670 863
1467680 892
1467690 909
1467700 909
1467710 918
1467720 918
1467730 919
1467740 919
1467750 934
1467760 950
1467770 950
1467780 957
1467790 962
1467800 962
1467810 968
1467820 975
1467830 975
1467840 985
1467850 992
1467860 992
1467870 997
1467880 1002
1467890 1002
1467900 1010
1467910 1017
1467920 1017
1467930 1027
1467940 1038
1467950 1038
1467960 1047
1467970 1057
1467980 1057
1467990 1068
1468000 1077
1468010 1077
1468020 1087
1468030 1096
1468040 1096
1468050 1104
1468060 1112
1468070 1112
1468080 1121
1468090 1129
1468100 1140
1468110 1140
1468120 1150
1468130 1161
1468140 1161
1468150 1170
1468160 1176
1468170 1176
1468180 1182
1468190 1188
1468200 1188
1468210 1191
1468220 1195
1468230 1195
1468240 1201
1468250 1205
1468260 1205
1468270 1209
1468280 1216
1468290 1216
1468300 1221
1468310 1226
1468320 1226
1468330 1236
1468340 1244
1468350 1244
1468360 1251
1468370 1257
1468380 1257
1468390 1262
1468400 1271
1468410 1271
1468420 1283
1468430 1299
1468440 1317
1468450 1317
1468460 1327
1468470 1332
1468480 1332
1468490 1334
1468500 1338
1468510 1338
1468520 1342
1468530 1345
1468540 1345
1468550 1347
1468560 1349
1468570 1349
1468580 1349
1468590 1351
1468600 1351
1468610 1351
1468620 1350
1468630 1350
1468640 1348
1468650 1343
1468660 1343
1468670 1335
1468680 1327
1468690 1327
1468700 1325
1468710 1328
1468720 1328
1468730 1330
1468740 1334
1468750 1334
1468760 1335
1468770 1335
1468780 1335
1468790 1333
1468800 1331
1468810 1330
1468820 1330
1468830 1327
1468840 1314
1468850 1314
1468860 1309
1468870 1315
1468880 1315
1468890 1312
1468900 1299
1468910 1299
1468920 1280
1468930 1273
1468940 1273
1468950 1271
1468960 1271
1468970 1271
1468980 1270
1468990 1270
1469000 1270
1469010 1271
1469020 1274
1469030 1274
1469040 1277
1469050 1280
1469060 1280
1469070 1282
1469080 1285
1469090 1285
1469100 1287
1469110 1288
1469120 1288
1469130 1291
1469140 1292
1469150 1294
1469160 1294
1469170 1296
1469180 1299
1469190 1299
1469200 1299
1469210 1299
1469220 1299
1469230 1300
1469240 1297
1469250 1297
1469260 1290
1469270 1276
1469280 1276
1469290 1264
1469300 1259
1469310 1259
1469320 1258
1469330 1254
1469340 1254
1469350 1257
1469360 1259
1469370 1259
1469380 1261
1469390 1263
1469400 1263
1469410 1264
1469420 1266
1469430 1266
1469440 1269
1469450 1273
1469460 1273
1469470 1278
1469480 1285
1469490 1285
1469500 1292
1469510 1309
1469520 1328
1469530 1328
1469540 1342
1469550 1352
1469560 1352
1469570 1364
1469580 1379
1469590 1379
1469600 1388
1469610 1399
1469620 1399
1469630 1408
1469640 1416
1469650 1416
1469660 1422
1469670 1424
1469680 1424
1469690 1427
1469700 1428
1469710 1428
1469720 1433
1469730 1437
1469740 1437
1469750 1440
1469760 1446
1469770 1446
1469780 1452
1469790 1463
1469800 1463
1469810 1476
1469820 1486
1469830 1486
1469840 1492
1469850 1499
1469860 1503
1469870 1503
1469880 1507
1469890 1510
1469900 1510
1469910 1513
1469920 1516
1469930 1516
1469940 1521
1469950 1524
1469960 1524
1469970 1529
1469980 1535
1469990 1535
1470000 1541
1470010 1547
1470020 1547
1470030 1550
1470040 1554
1470050 1554
1470060 1556
1470070 1559
1470080 1559
1470090 1563
1470100 1566
1470110 1566
1470120 1572
1470130 1577
1470140 1577
1470150 1581
1470160 1585
1470170 1585
1470180 1589
1470190 1593
1470200 1593
1470210 1598
1470220 1605
1470230 1612
1470240 1612
1470250 1628
1470260 1644
1470270 1644
1470280 1654
1470290 1658
1470300 1658
1470310 1663
1470320 1669
1470330 1669
1470340 1675
1470350 1688
1470360 1688
1470370 1715
1470380 1739
1470390 1739
1470400 1749
1470410 1762
1470420 1762
1470430 1771
1470440 1774
1470450 1774
1470460 1779
1470470 1786
1470480 1786
1470490 1794
1470500 1798
1470510 1798
1470520 1800
1470530 1805
1470540 1805
1470550 1807
1470560 1808
1470570 1813
1470580 1813
1470590 1816
1470600 1821
1470610 1821
1470620 1826
1470630 1831
1470640 1831
1470650 1838
1470660 1843
1470670 1843
1470680 1849
1470690 1854
1470700 1854
1470710 1859
1470720 1861
1470730 1861
1470740 1866
1470750 1872
1470760 1872
1470770 1877
1470780 1882
1470790 1882
1470800 1885
1470810 1891
1470820 1891
1470830 1897
1470840 1904
1470850 1904
1470860 1910
1470870 1911
1470880 1911
1470890 1915
1470900 1921
1470910 1921
1470920 1925
1470930 1930
1470940 1935
1470950 1935
1470960 1940
1470970 1944
1470980 1944
1470990 1947
1471000 1951
1471010 1951
1471020 1956
1471030 1963
1471040 1963
1471050 1970
1471060 1977
1471070 1977
1471080 1981
1471090 1983
1471100 1983
1471110 1989
1471120 1999
1471130 1999
1471140 2013
1471150 2015
1471160 2015
1471170 2017
1471180 2022
1471190 2022
1471200 2027
1471210 2035
1471220 2035
1471230 2039
1471240 2043
1471250 2043
1471260 2048
1471270 2052
1471280 2052
1471290 2056
1471300 2059
1471310 2061
1471320 2061
1471330 2066
1471340 2062
1471350 2062
1471360 2058
1471370 2060
1471380 2060
1471390 2063
1471400 2065
1471410 2065
1471420 2066
1471430 2068
1471440 2068
1471450 2070
1471460 2071
1471470 2071
1471480 2073
1471490 2076
1471500 2076
1471510 2077
1471520 2069
1471530 2069
1471540 2062
1471550 2059
1471560 2059
1471570 2057
1471580 2054
1471590 2054
1471600 2052
1471610 2051
1471620 2051
1471630 2049
1471640 2048
1471650 2047
1471660 2047
1471670 2044
1471680 2043
1471690 2043
1471700 2040
1471710 2035
1471720 2035
1471730 2031
1471740 2029
1471750 2029
1471760 2028
1471770 2025
1471780 2025
1471790 2024
1471800 2025
1471810 2025
1471820 2026
1471830 2026
1471840 2026
1471850 2024
1471860 2018
1471870 2018
1471880 2015
1471890 2013
1471900 2013
1471910 2011
1471920 2010
1471930 2010
1471940 2009
1471950 2011
1471960 2011
1471970 2012
1471980 2014
1471990 2014
1472000 2018
1472010 2021
1472020 2022
1472030 2022
1472040 2024
1472050 2025
1472060 2025
1472070 2021
1472080 2022
1472090 2022
1472100 2022
1472110 2022
1472120 2022
1472130 2023
1472140 2022
1472150 2022
1472160 2019
1472170 2017
1472180 2017
1472190 2016
1472200 2015
1472210 2015
1472220 2015
1472230 2016
1472240 2016
1472250 2014
1472260 2013
1472270 2013
1472280 2010
1472290 2006
1472300 2006
1472310 2003
1472320 2000
1472330 2000
1472340 1997
1472350 1995
1472360 1993
1472370 1993
1472380 1991
1472390 1987
1472400 1987
1472410 1985
1472420 1983
1472430 1983
1472440 1981
1472450 1979
1472460 1979
1472470 1978
1472480 1978
1472490 1978
1472500 1978
1472510 1978
1472520 1978
1472530 1978
1472540 1977
1472550 1977
1472560 1977
1472570 1979
1472580 1979
1472590 1980
1472600 1982
1472610 1982
1472620 1986
1472630 1992
1472640 1992
1472650 1999
1472660 2004
1472670 2004
1472680 2008
1472690 2012
1472700 2012
1472710 2018
1472720 2024
1472730 2030
1472740 2030
1472750 2036
1472760 2042
1472770 2042
1472780 2055
1472790 2065
1472800 2065
1472810 2077
1472820 2112
1472830 2112
1472840 2131
1472850 2147
1472860 2147
1472870 2165
1472880 2177
1472890 2177
1472900 2190
1472910 2206
1472920 2206
1472930 2219
1472940 2228
1472950 2228
1472960 2230
1472970 2222
1472980 2222
1472990 2212
1473000 2203
1473010 2203
1473020 2194
1473030 2185
1473040 2185
1473050 2175
1473060 2162
1473070 2152
1473080 2152
1473090 2125
1473100 2091
1473110 2091
1473120 2078
1473130 2063
1473140 2063
1473150 2045
1473160 2021
1473170 2021
1473180 1993
1473190 1986
1473200 1986
1473210 1952
1473220 1931
1473230 1931
1473240 1928
1473250 1927
1473260 1927
1473270 1925
1473280 1923
1473290 1923
1473300 1923
1473310 1924
1473320 1924
1473330 1924
1473340 1922
1473350 1922
1473360 1916
1473370 1917
1473380 1917
1473390 1919
1473400 1922
1473410 1922
1473420 1924
1473430 1926
1473440 1922
1473450 1922
1473460 1922
1473470 1925
1473480 1925
1473490 1931
1473500 1936
1473510 1936
1473520 1937
1473530 1939
1473540 1939
1473550 1943
1473560 1946
1473570 1946
1473580 1950
1473590 1952
1473600 1952
1473610 1952
1473620 1954
1473630 1954
1473640 1953
1473650 1950
1473660 1950
1473670 1949
1473680 1944
1473690 1944
1473700 1944
1473710 1948
1473720 1948
1473730 1951
1473740 1954
1473750 1954
1473760 1955
1473770 1954
1473780 1956
1473790 1956
1473800 1959
1473810 1963
1473820 1963
1473830 1967
1473840 1971
1473850 1971
1473860 1973
1473870 1975
1473880 1975
1473890 1977
1473900 1980
1473910 1980
1473920 1982
1473930 1984
1473940 1984
1473950 1984
1473960 1985
1473970 1985
1473980 1987
1473990 1989
1474000 1989
1474010 1990
1474020 1992
1474030 1992
1474040 1992
1474050 2003
1474060 2003
1474070 2005
1474080 2004
1474090 2004
1474100 2002
1474110 2006
1474120 2006
1474130 2008
1474140 2011
1474150 2012
1474160 2012
1474170 2008
1474180 2012
1474190 2012
1474200 2014
1474210 2012
1474220 2012
1474230 2013
1474240 2012
1474250 2012
1474260 2017
1474270 2021
1474280 2021
1474290 2022
1474300 2024
1474310 2024
1474320 2025
1474330 2029
1474340 2029
1474350 2034
1474360 2038
1474370 2038
1474380 2042
1474390 2041
1474400 2041
1474410 2039
1474420 2034
1474430 2034
1474440 2030
1474450 2027
1474460 2027
1474470 2025
1474480 2026
1474490 2022
1474500 2022
1474510 2018
1474520 2014
1474530 2014
1474540 2010
1474550 2005
1474560 2005
1474570 2004
1474580 2002
1474590 2002
1474600 1997
1474610 1994
1474620 1994
1474630 1990
1474640 1987
1474650 1987
1474660 1982
1474670 1976
1474680 1976
1474690 1970
1474700 1965
1474710 1965
1474720 1962
1474730 1964
1474740 1964
1474750 1962
1474760 1957
1474770 1957
1474780 1955
1474790 1951
1474800 1951
1474810 1946
1474820 1945
1474830 1945
1474840 1943
1474850 1940
1474860 1938
1474870 1938
1474880 1934
1474890 1930
1474900 1930
1474910 1925
1474920 1923
1474930 1923
1474940 1914
1474950 1911
1474960 1911
1474970 1906
1474980 1902
1474990 1902
1475000 1900
1475010 1895
1475020 1895
1475030 1888
1475040 1885
1475050 1885
1475060 1882
1475070 1877
1475080 1877
1475090 1867
1475100 1864
1475110 1864
1475120 1864
1475130 1865
1475140 1865
1475150 1862
1475160 1859
1475170 1859
1475180 1858
1475190 1859
1475200 1861
1475210 1861
1475220 1856
1475230 1854
1475240 1854
1475250 1851
1475260 1854
1475270 1854
1475280 1855
1475290 1857
1475300 1857
1475310 1854
1475320 1853
1475330 1853
1475340 1849
1475350 1847
1475360 1847
1475370 1844
1475380 1843
1475390 1843
1475400 1843
1475410 1829
1475420 1829
1475430 1824
1475440 1822
1475450 1822
1475460 1822
1475470 1822
1475480 1822
1475490 1822
1475500 1821
1475510 1821
1475520 1820
1475530 1819
1475540 1819
1475550 1820
1475560 1823
1475570 1824
1475580 1824
1475590 1818
1475600 1817
1475610 1817
1475620 1827
1475630 1834
1475640 1834
1475650 1838
1475660 1843
1475670 1843
1475680 1847
1475690 1853
1475700 1853
1475710 1862
1475720 1875
1475730 1875
1475740 1885
1475750 1887
1475760 1887
1475770 1890
1475780 1891
1475790 1891
1475800 1894
1475810 1893
1475820 1893
1475830 1898
1475840 1904
1475850 1904
1475860 1904
1475870 1905
1475880 1905
1475890 1902
1475900 1899
1475910 1896
1475920 1896
1475930 1893
1475940 1889
1475950 1889
1475960 1885
1475970 1886
1475980 1886
1475990 1887
1476000 1884
1476010 1884
1476020 1886
1476030 1884
1476040 1884
1476050 1882
1476060 1879
1476070 1879
1476080 1877
1476090 1875
1476100 1875
1476110 1871
1476120 1869
1476130 1869
1476140 1865
1476150 1861
1476160 1861
1476170 1858
1476180 1853
1476190 1853
1476200 1846
1476210 1842
1476220 1842
1476230 1837
1476240 1832
1476250 1832
1476260 1828
1476270 1826
1476280 1823
1476290 1823
1476300 1821
1476310 1820
1476320 1820
1476330 1821
1476340 1820
1476350 1820
1476360 1821
1476370 1823
1476380 1823
1476390 1823
1476400 1820
1476410 1820
1476420 1817
1476430 1820
1476440 1820
1476450 1823
1476460 1825
1476470 1825
1476480 1826
1476490 1829
1476500 1829
1476510 1832
1476520 1831
1476530 1831
1476540 1830
1476550 1828
1476560 1828
1476570 1825
1476580 1822
1476590 1822
1476600 1819
1476610 1816
1476620 1816
1476630 1814
1476640 1811
1476650 1807
1476660 1807
1476670 1802
1476680 1797
1476690 1797
1476700 1792
1476710 1787
1476720 1787
1476730 1784
1476740 1782
1476750 1782
1476760 1781
1476770 1780
1476780 1780
1476790 1783
1476800 1783
1476810 1783
1476820 1788
1476830 1793
1476840 1793
1476850 1802
1476860 1805
1476870 1805
1476880 1805
1476890 1806
1476900 1806
1476910 1804
1476920 1802
1476930 1802
1476940 1797
1476950 1794
1476960 1794
1476970 1791
1476980 1789
1476990 1788
1477000 1788
1477010 1788
1477020 1786
1477030 1786
1477040 1785
1477050 1783
1477060 1783
1477070 1782
1477080 1781
1477090 1781
1477100 1780
1477110 1779
1477120 1779
1477130 1778
1477140 1779
1477150 1779
1477160 1778
1477170 1779
1477180 1779
1477190 1779
1477200 1781
1477210 1781
1477220 1783
1477230 1787
1477240 1787
1477250 1799
1477260 1846
1477270 1846
1477280 1880
1477290 1887
1477300 1887
1477310 1889
1477320 1892
1477330 1892
1477340 1890
1477350 1896
1477360 1907
1477370 1907
1477380 1914
1477390 1922
1477400 1922
1477410 1943
1477420 1972
1477430 1972
1477440 1980
1477450 1975
1477460 1975
1477470 1958
1477480 1945
1477490 1945
1477500 1930
1477510 1921
1477520 1921
1477530 1915
1477540 1909
1477550 1909
1477560 1903
1477570 1897
1477580 1897
1477590 1891
1477600 1886
1477610 1886
1477620 1881
1477630 1876
1477640 1876
1477650 1872
1477660 1871
1477670 1871
1477680 1866
1477690 1861
1477700 1858
1477710 1858
1477720 1857
1477730 1854
1477740 1854
1477750 1851
1477760 1849
1477770 1849
1477780 1847
1477790 1844
1477800 1844
1477810 1838
1477820 1838
1477830 1838
1477840 1843
1477850 1839
1477860 1839
1477870 1833
1477880 1834
1477890 1834
1477900 1839
1477910 1837
1477920 1837
1477930 1827
1477940 1818
1477950 1818
1477960 1804
1477970 1797
1477980 1797
1477990 1792
1478000 1789
1478010 1789
1478020 1788
1478030 1789
1478040 1789
1478050 1788
1478060 1791
1478070 1797
1478080 1797
1478090 1806
1478100 1806
1478110 1806
1478120 1808
1478130 1808
1478140 1808
1478150 1807
1478160 1800
1478170 1800
1478180 1794
1478190 1791
1478200 1791
1478210 1789
1478220 1788
1478230 1788
1478240 1786
1478250 1785
1478260 1785
1478270 1784
1478280 1787
1478290 1787
1478300 1787
1478310 1790
1478320 1790
1478330 1799
1478340 1805
1478350 1805
1478360 1808
1478370 1811
1478380 1811
1478390 1817
1478400 1833
1478410 1843
1478420 1843
1478430 1864
1478440 1865
1478450 1865
1478460 1878
1478470 1885
1478480 1885
1478490 1889
1478500 1894
1478510 1894
1478520 1902
1478530 1935
1478540 1935
1478550 1952
1478560 1962
1478570 1962
1478580 1971
1478590 1980
1478600 1980
1478610 1990
1478620 1980
1478630 1980
1478640 1960
1478650 1953
1478660 1953
1478670 1944
1478680 1930
1478690 1930
1478700 1916
1478710 1902
1478720 1902
1478730 1874
1478740 1850
1478750 1850
1478760 1835
1478770 1829
1478780 1819
1478790 1819
1478800 1812
1478810 1806
1478820 1806
1478830 1800
1478840 1794
1478850 1794
1478860 1788
1478870 1781
1478880 1781
1478890 1775
1478900 1769
1478910 1769
1478920 1763
1478930 1757
1478940 1757
1478950 1752
1478960 1747
1478970 1747
1478980 1741
1478990 1736
1479000 1736
1479010 1731
1479020 1727
1479030 1727
1479040 1722
1479050 1717
1479060 1717
1479070 1712
1479080 1708
1479090 1708
1479100 1705
1479110 1702
1479120 1697
1479130 1697
1479140 1692
1479150 1685
1479160 1685
1479170 1679
1479180 1675
1479190 1675
1479200 1673
1479210 1675
1479220 1675
1479230 1675
1479240 1672
1479250 1672
1479260 1672
1479270 1671
1479280 1671
1479290 1670
1479300 1669
1479310 1669
1479320 1667
1479330 1664
1479340 1664
1479350 1662
1479360 1658
1479370 1658
1479380 1659
1479390 1657
1479400 1657
1479410 1652
1479420 1650
1479430 1650
1479440 1650
1479450 1652
1479460 1652
1479470 1654
1479480 1654
1479490 1655
1479500 1655
1479510 1657
1479520 1663
1479530 1663
1479540 1669
1479550 1674
1479560 1674
1479570 1683
1479580 1719
1479590 1719
1479600 1765
1479610 1790
1479620 1790
1479630 1823
1479640 1844
1479650 1844
1479660 1856
1479670 1884
1479680 1884
1479690 1901
1479700 1880
1479710 1880
1479720 1866
1479730 1823
1479740 1823
1479750 1792
1479760 1764
1479770 1764
1479780 1735
1479790 1719
1479800 1719
1479810 1713
1479820 1706
1479830 1700
1479840 1700
1479850 1695
1479860 1690
1479870 1690
1479880 1687
1479890 1684
1479900 1684
1479910 1682
1479920 1680
1479930 1680
1479940 1677
1479950 1673
1479960 1673
1479970 1669
1479980 1670
1479990 1670
