1460000 761
1460010 757
1460020 754
1460030 754
1460040 752
1460050 750
1460060 750
1460070 749
1460080 748
1460090 746
1460100 746
1460110 744
1460120 743
1460130 743
1460140 743
1460150 755
1460160 755
1460170 766
1460180 772
1460190 772
1460200 777
1460210 784
1460220 784
1460230 797
1460240 808
1460250 808
1460260 816
1460270 819
1460280 819
1460290 820
1460300 820
1460310 820
1460320 826
1460330 840
1460340 840
1460350 851
1460360 866
1460370 866
1460380 884
1460390 903
1460400 903
1460410 922
1460420 944
1460430 944
1460440 951
1460450 960
1460460 969
1460470 969
1460480 982
1460490 1018
1460500 1018
1460510 1039
1460520 1050
1460530 1050
1460540 1056
1460550 1068
1460560 1068
1460570 1096
1460580 1106
1460590 1106
1460600 1116
1460610 1147
1460620 1147
1460630 1181
1460640 1203
1460650 1203
1460660 1254
1460670 1312
1460680 1312
1460690 1328
1460700 1348
1460710 1348
1460720 1353
1460730 1351
1460740 1351
1460750 1350
1460760 1349
1460770 1349
1460780 1347
1460790 1345
1460800 1346
1460810 1346
1460820 1347
1460830 1348
1460840 1348
1460850 1350
1460860 1353
1460870 1353
1460880 1355
1460890 1357
1460900 1357
1460910 1359
1460920 1360
1460930 1360
1460940 1362
1460950 1363
1460960 1363
1460970 1365
1460980 1366
1460990 1366
1461000 1367
1461010 1369
1461020 1369
1461030 1370
1461040 1371
1461050 1371
1461060 1373
1461070 1376
1461080 1376
1461090 1379
1461100 1382
1461110 1382
1461120 1385
1461130 1388
1461140 1388
1461150 1391
1461160 1392
1461170 1395
1461180 1395
1461190 1398
1461200 1404
1461210 1404
1461220 1413
1461230 1426
1461240 1426
1461250 1461
1461260 1474
1461270 1474
1461280 1478
1461290 1482
1461300 1482
1461310 1485
1461320 1486
1461330 1486
1461340 1488
1461350 1489
1461360 1489
1461370 1489
1461380 1489
1461390 1489
1461400 1489
1461410 1489
1461420 1489
1461430 1490
1461440 1490
1461450 1490
1461460 1490
1461470 1491
1461480 1491
1461490 1493
1461500 1493
1461510 1493
1461520 1493
1461530 1491
1461540 1490
1461550 1490
1461560 1490
1461570 1488
1461580 1488
1461590 1485
1461600 1483
1461610 1483
1461620 1481
1461630 1480
1461640 1480
1461650 1480
1461660 1480
1461670 1480
1461680 1479
1461690 1478
1461700 1478
1461710 1477
1461720 1477
1461730 1477
1461740 1477
1461750 1476
1461760 1476
1461770 1476
1461780 1476
1461790 1476
1461800 1475
1461810 1475
1461820 1475
1461830 1476
1461840 1478
1461850 1478
1461860 1479
1461870 1479
1461880 1479
1461890 1480
1461900 1482
1461910 1485
1461920 1485
1461930 1488
1461940 1492
1461950 1492
1461960 1496
1461970 1498
1461980 1498
1461990 1500
1462000 1501
1462010 1501
1462020 1502
1462030 1502
1462040 1502
1462050 1503
1462060 1504
1462070 1504
1462080 1505
1462090 1506
1462100 1506
1462110 1505
1462120 1505
1462130 1505
1462140 1506
1462150 1508
1462160 1508
1462170 1509
1462180 1510
1462190 1510
1462200 1512
1462210 1514
1462220 1514
1462230 1516
1462240 1519
1462250 1519
1462260 1521
1462270 1519
1462280 1517
1462290 1517
1462300 1519
1462310 1519
1462320 1519
1462330 1520
1462340 1520
1462350 1520
1462360 1523
1462370 1525
1462380 1525
1462390 1527
1462400 1530
1462410 1530
1462420 1532
1462430 1534
1462440 1534
1462450 1534
1462460 1536
1462470 1536
1462480 1536
1462490 1537
1462500 1537
1462510 1537
1462520 1541
1462530 1541
1462540 1544
1462550 1548
1462560 1548
1462570 1552
1462580 1556
1462590 1556
1462600 1560
1462610 1563
1462620 1566
1462630 1566
1462640 1569
1462650 1572
1462660 1572
1462670 1575
1462680 1580
1462690 1580
1462700 1584
1462710 1589
1462720 1589
1462730 1595
1462740 1599
1462750 1599
1462760 1602
1462770 1606
1462780 1606
1462790 1610
1462800 1611
1462810 1611
1462820 1613
1462830 1615
1462840 1615
1462850 1618
1462860 1623
1462870 1623
1462880 1628
1462890 1633
1462900 1633
1462910 1638
1462920 1641
1462930 1641
1462940 1643
1462950 1643
1462960 1643
1462970 1644
1462980 1646
1462990 1650
1463000 1650
1463010 1657
1463020 1666
1463030 1666
1463040 1672
1463050 1675
1463060 1675
1463070 1677
1463080 1681
1463090 1681
1463100 1686
1463110 1691
1463120 1691
1463130 1695
1463140 1699
1463150 1699
1463160 1702
1463170 1705
1463180 1705
1463190 1710
1463200 1716
1463210 1716
1463220 1721
1463230 1726
1463240 1726
1463250 1731
1463260 1736
1463270 1736
1463280 1740
1463290 1743
1463300 1743
1463310 1746
1463320 1750
1463330 1750
1463340 1753
1463350 1756
1463360 1758
1463370 1758
1463380 1756
1463390 1759
1463400 1759
1463410 1763
1463420 1767
1463430 1767
1463440 1771
1463450 1772
1463460 1772
1463470 1773
1463480 1771
1463490 1771
1463500 1770
1463510 1769
1463520 1769
1463530 1769
1463540 1766
1463550 1766
1463560 1763
1463570 1753
1463580 1753
1463590 1739
1463600 1733
1463610 1733
1463620 1725
1463630 1713
1463640 1713
1463650 1704
1463660 1693
1463670 1693
1463680 1686
1463690 1680
1463700 1680
1463710 1672
1463720 1666
1463730 1659
1463740 1659
1463750 1650
1463760 1642
1463770 1642
1463780 1634
1463790 1623
1463800 1623
1463810 1612
1463820 1596
1463830 1596
1463840 1578
1463850 1567
1463860 1567
1463870 1557
1463880 1540
1463890 1540
1463900 1517
1463910 1501
1463920 1501
1463930 1485
1463940 1475
1463950 1475
1463960 1466
1463970 1457
1463980 1457
1463990 1439
1464000 1426
1464010 1426
1464020 1414
1464030 1406
1464040 1406
1464050 1396
1464060 1385
1464070 1385
1464080 1378
1464090 1371
1464100 1356
1464110 1356
1464120 1327
1464130 1319
1464140 1319
1464150 1312
1464160 1290
1464170 1290
1464180 1270
1464190 1261
1464200 1261
1464210 1252
1464220 1239
1464230 1239
1464240 1217
1464250 1203
1464260 1203
1464270 1195
1464280 1187
1464290 1187
1464300 1178
1464310 1167
1464320 1167
1464330 1157
1464340 1144
1464350 1144
1464360 1136
1464370 1123
1464380 1123
1464390 1108
1464400 1095
1464410 1095
1464420 1079
1464430 1067
1464440 1053
1464450 1053
1464460 1037
1464470 1024
1464480 1024
1464490 1009
1464500 995
1464510 995
1464520 987
1464530 979
1464540 979
1464550 970
1464560 961
1464570 961
1464580 950
1464590 940
1464600 940
1464610 930
1464620 923
1464630 923
1464640 915
1464650 909
1464660 909
1464670 901
1464680 894
1464690 894
1464700 888
1464710 881
1464720 881
1464730 873
1464740 866
1464750 866
1464760 859
1464770 851
1464780 851
1464790 839
1464800 829
1464810 822
1464820 822
1464830 816
1464840 810
1464850 810
1464860 804
1464870 799
1464880 799
1464890 795
1464900 790
1464910 790
1464920 784
1464930 778
1464940 778
1464950 771
1464960 764
1464970 764
1464980 758
1464990 754
1465000 754
1465010 748
1465020 739
1465030 739
1465040 731
1465050 725
1465060 725
1465070 719
1465080 713
1465090 713
1465100 706
1465110 698
1465120 698
1465130 692
1465140 686
1465150 686
1465160 680
1465170 672
1465180 665
1465190 665
1465200 658
1465210 652
1465220 652
1465230 646
1465240 636
1465250 636
1465260 627
1465270 616
1465280 616
1465290 588
1465300 570
1465310 570
1465320 558
1465330 545
1465340 545
1465350 538
1465360 533
1465370 533
1465380 530
1465390 527
1465400 527
1465410 526
1465420 524
1465430 524
1465440 521
1465450 518
1465460 518
1465470 515
1465480 511
1465490 511
1465500 509
1465510 506
1465520 506
1465530 503
1465540 500
1465550 495
1465560 495
1465570 490
1465580 490
1465590 490
1465600 490
1465610 490
1465620 490
1465630 490
1465640 494
1465650 494
1465660 496
1465670 501
1465680 501
1465690 509
1465700 517
1465710 517
1465720 524
1465730 531
1465740 531
1465750 537
1465760 543
1465770 543
1465780 558
1465790 590
1465800 590
1465810 612
1465820 624
1465830 624
1465840 646
1465850 662
1465860 662
1465870 672
1465880 688
1465890 688
1465900 718
1465910 738
1465920 756
1465930 756
1465940 775
1465950 790
1465960 790
1465970 798
1465980 803
1465990 803
1466000 811
1466010 820
1466020 820
1466030 847
1466040 866
1466050 866
1466060 877
1466070 882
1466080 882
1466090 884
1466100 890
1466110 890
1466120 899
1466130 902
1466140 902
1466150 903
1466160 904
1466170 904
1466180 904
1466190 903
1466200 903
1466210 902
1466220 901
1466230 901
1466240 906
1466250 908
1466260 906
1466270 906
1466280 906
1466290 907
1466300 907
1466310 912
1466320 917
1466330 917
1466340 919
1466350 926
1466360 926
1466370 930
1466380 930
1466390 930
1466400 931
1466410 933
1466420 933
1466430 935
1466440 936
1466450 936
1466460 936
1466470 947
1466480 947
1466490 960
1466500 962
1466510 962
1466520 968
1466530 972
1466540 972
1466550 977
1466560 986
1466570 986
1466580 993
1466590 1001
1466600 1001
1466610 1009
1466620 1012
1466630 1017
1466640 1017
1466650 1037
1466660 1052
1466670 1052
1466680 1065
1466690 1076
1466700 1076
1466710 1088
1466720 1091
1466730 1091
1466740 1095
1466750 1098
1466760 1098
1466770 1096
1466780 1094
1466790 1094
1466800 1092
1466810 1089
1466820 1089
1466830 1090
1466840 1091
1466850 1091
1466860 1093
1466870 1095
1466880 1095
1466890 1098
1466900 1119
1466910 1119
1466920 1139
1466930 1161
1466940 1161
1466950 1169
1466960 1174
1466970 1174
1466980 1176
1466990 1177
1467000 1182
1467010 1182
1467020 1191
1467030 1204
1467040 1204
1467050 1230
1467060 1241
1467070 1241
1467080 1240
1467090 1241
1467100 1241
1467110 1244
1467120 1245
1467130 1245
1467140 1241
1467150 1238
1467160 1238
1467170 1250
1467180 1258
1467190 1258
1467200 1257
1467210 1257
1467220 1257
1467230 1258
1467240 1259
1467250 1259
1467260 1258
1467270 1258
1467280 1258
1467290 1274
1467300 1281
1467310 1281
1467320 1279
1467330 1276
1467340 1276
1467350 1274
1467360 1275
1467370 1286
1467380 1286
1467390 1292
1467400 1291
1467410 1291
1467420 1290
1467430 1288
1467440 1288
1467450 1285
1467460 1283
1467470 1283
1467480 1282
1467490 1282
1467500 1282
1467510 1284
1467520 1290
1467530 1290
1467540 1293
1467550 1293
1467560 1293
1467570 1295
1467580 1294
1467590 1294
1467600 1310
1467610 1333
1467620 1333
1467630 1352
1467640 1369
1467650 1369
1467660 1404
1467670 1422
1467680 1422
1467690 1431
1467700 1438
1467710 1438
1467720 1439
1467730 1437
1467740 1433
1467750 1433
1467760 1427
1467770 1421
1467780 1421
1467790 1418
1467800 1415
1467810 1415
1467820 1412
1467830 1408
1467840 1408
1467850 1403
1467860 1399
1467870 1399
1467880 1396
1467890 1394
1467900 1394
1467910 1391
1467920 1389
1467930 1389
1467940 1386
1467950 1380
1467960 1380
1467970 1376
1467980 1370
1467990 1370
1468000 1366
1468010 1360
1468020 1360
1468030 1355
1468040 1352
1468050 1352
1468060 1350
1468070 1347
1468080 1344
1468090 1344
1468100 1338
1468110 1331
1468120 1331
1468130 1327
1468140 1323
1468150 1323
1468160 1318
1468170 1312
1468180 1312
1468190 1305
1468200 1300
1468210 1300
1468220 1295
1468230 1289
1468240 1289
1468250 1285
1468260 1280
1468270 1280
1468280 1277
1468290 1274
1468300 1274
1468310 1272
1468320 1269
1468330 1269
1468340 1266
1468350 1264
1468360 1264
1468370 1261
1468380 1257
1468390 1257
1468400 1255
1468410 1254
1468420 1254
1468430 1254
1468440 1254
1468450 1252
1468460 1252
1468470 1250
1468480 1249
1468490 1249
1468500 1248
1468510 1247
1468520 1247
1468530 1245
1468540 1242
1468550 1242
1468560 1245
1468570 1256
1468580 1256
1468590 1265
1468600 1267
1468610 1267
1468620 1265
1468630 1262
1468640 1262
1468650 1258
1468660 1254
1468670 1254
1468680 1251
1468690 1248
1468700 1248
1468710 1245
1468720 1243
1468730 1243
1468740 1237
1468750 1232
1468760 1232
1468770 1225
1468780 1215
1468790 1215
1468800 1208
1468810 1201
1468820 1197
1468830 1197
1468840 1194
1468850 1195
1468860 1195
1468870 1198
1468880 1201
1468890 1201
1468900 1201
1468910 1199
1468920 1199
1468930 1195
1468940 1194
1468950 1194
1468960 1199
1468970 1201
1468980 1201
1468990 1203
1469000 1203
1469010 1203
1469020 1202
1469030 1200
1469040 1200
1469050 1198
1469060 1197
1469070 1197
1469080 1196
1469090 1196
1469100 1196
1469110 1196
1469120 1196
1469130 1196
1469140 1197
1469150 1196
1469160 1196
1469170 1194
1469180 1194
1469190 1193
1469200 1193
1469210 1191
1469220 1188
1469230 1188
1469240 1190
1469250 1195
1469260 1195
1469270 1195
1469280 1196
1469290 1196
1469300 1197
1469310 1195
1469320 1195
1469330 1193
1469340 1191
1469350 1191
1469360 1191
1469370 1191
1469380 1191
1469390 1190
1469400 1189
1469410 1189
1469420 1187
1469430 1185
1469440 1185
1469450 1184
1469460 1183
1469470 1183
1469480 1181
1469490 1180
1469500 1180
1469510 1179
1469520 1179
1469530 1179
1469540 1181
1469550 1182
1469560 1182
1469570 1182
1469580 1179
1469590 1178
1469600 1178
1469610 1182
1469620 1187
1469630 1187
1469640 1197
1469650 1212
1469660 1212
1469670 1238
1469680 1251
1469690 1251
1469700 1262
1469710 1276
1469720 1276
1469730 1284
1469740 1293
1469750 1293
1469760 1305
1469770 1310
1469780 1310
1469790 1311
1469800 1311
1469810 1311
1469820 1312
1469830 1312
1469840 1312
1469850 1313
1469860 1314
1469870 1314
1469880 1313
1469890 1315
1469900 1314
1469910 1314
1469920 1313
1469930 1313
1469940 1313
1469950 1314
1469960 1320
1469970 1320
1469980 1324
1469990 1323
1470000 1323
1470010 1328
1470020 1328
1470030 1328
1470040 1334
1470050 1340
1470060 1340
1470070 1343
1470080 1343
1470090 1343
1470100 1347
1470110 1349
1470120 1349
1470130 1352
1470140 1353
1470150 1353
1470160 1354
1470170 1356
1470180 1356
1470190 1362
1470200 1367
1470210 1367
1470220 1374
1470230 1391
1470240 1391
1470250 1409
1470260 1410
1470270 1403
1470280 1403
1470290 1401
1470300 1400
1470310 1400
1470320 1399
1470330 1398
1470340 1398
1470350 1396
1470360 1393
1470370 1393
1470380 1389
1470390 1384
1470400 1384
1470410 1381
1470420 1380
1470430 1380
1470440 1380
1470450 1379
1470460 1379
1470470 1379
1470480 1379
1470490 1379
1470500 1377
1470510 1377
1470520 1377
1470530 1374
1470540 1371
1470550 1371
1470560 1371
1470570 1368
1470580 1368
1470590 1366
1470600 1364
1470610 1364
1470620 1360
1470630 1357
1470640 1354
1470650 1354
1470660 1350
1470670 1348
1470680 1348
1470690 1345
1470700 1344
1470710 1344
1470720 1343
1470730 1343
1470740 1343
1470750 1339
1470760 1341
1470770 1341
1470780 1345
1470790 1346
1470800 1346
1470810 1342
1470820 1341
1470830 1341
1470840 1340
1470850 1339
1470860 1339
1470870 1339
1470880 1339
1470890 1339
1470900 1338
1470910 1336
1470920 1336
1470930 1338
1470940 1340
1470950 1340
1470960 1339
1470970 1338
1470980 1338
1470990 1338
1471000 1339
1471010 1340
1471020 1340
1471030 1339
1471040 1339
1471050 1339
1471060 1337
1471070 1336
1471080 1336
1471090 1335
1471100 1336
1471110 1336
1471120 1336
1471130 1336
1471140 1336
1471150 1336
1471160 1336
1471170 1336
1471180 1336
1471190 1334
1471200 1334
1471210 1336
1471220 1339
1471230 1339
1471240 1339
1471250 1339
1471260 1339
1471270 1336
1471280 1337
1471290 1337
1471300 1339
1471310 1342
1471320 1342
1471330 1343
1471340 1345
1471350 1345
1471360 1345
1471370 1341
1471380 1338
1471390 1338
1471400 1337
1471410 1337
1471420 1337
1471430 1339
1471440 1348
1471450 1348
1471460 1352
1471470 1357
1471480 1357
1471490 1364
1471500 1376
1471510 1376
1471520 1398
1471530 1422
1471540 1422
1471550 1439
1471560 1452
1471570 1452
1471580 1470
1471590 1485
1471600 1485
1471610 1512
1471620 1535
1471630 1535
1471640 1558
1471650 1572
1471660 1572
1471670 1577
1471680 1570
1471690 1570
1471700 1563
1471710 1561
1471720 1558
1471730 1558
1471740 1559
1471750 1560
1471760 1560
1471770 1563
1471780 1568
1471790 1568
1471800 1573
1471810 1576
1471820 1576
1471830 1578
1471840 1581
1471850 1581
1471860 1584
1471870 1591
1471880 1591
1471890 1599
1471900 1603
1471910 1603
1471920 1608
1471930 1613
1471940 1613
1471950 1621
1471960 1632
1471970 1632
1471980 1643
1471990 1658
1472000 1658
1472010 1674
1472020 1695
1472030 1695
1472040 1716
1472050 1733
1472060 1733
1472070 1744
1472080 1751
1472090 1757
1472100 1757
1472110 1762
1472120 1768
1472130 1768
1472140 1771
1472150 1773
1472160 1773
1472170 1775
1472180 1772
1472190 1772
1472200 1784
1472210 1787
1472220 1787
1472230 1786
1472240 1782
1472250 1782
1472260 1785
1472270 1784
1472280 1784
1472290 1783
1472300 1780
1472310 1780
1472320 1777
1472330 1776
1472340 1776
1472350 1774
1472360 1770
1472370 1770
1472380 1758
1472390 1746
1472400 1746
1472410 1726
1472420 1706
1472430 1706
1472440 1699
1472450 1683
1472460 1666
1472470 1666
1472480 1627
1472490 1598
1472500 1598
1472510 1579
1472520 1547
1472530 1547
1472540 1558
1472550 1562
1472560 1562
1472570 1549
1472580 1523
1472590 1523
1472600 1497
1472610 1458
1472620 1458
1472630 1447
1472640 1422
1472650 1422
1472660 1374
1472670 1356
1472680 1356
1472690 1326
1472700 1315
1472710 1315
1472720 1310
1472730 1307
1472740 1307
1472750 1302
1472760 1297
1472770 1297
1472780 1291
1472790 1286
1472800 1286
1472810 1279
1472820 1272
1472830 1265
1472840 1265
1472850 1258
1472860 1253
1472870 1253
1472880 1247
1472890 1238
1472900 1238
1472910 1232
1472920 1226
1472930 1226
1472940 1221
1472950 1217
1472960 1217
1472970 1212
1472980 1208
1472990 1208
1473000 1204
1473010 1200
1473020 1200
1473030 1197
1473040 1195
1473050 1195
1473060 1191
1473070 1188
1473080 1188
1473090 1184
1473100 1180
1473110 1180
1473120 1177
1473130 1175
1473140 1175
1473150 1171
1473160 1167
1473170 1167
1473180 1170
1473190 1173
1473200 1171
1473210 1171
1473220 1166
1473230 1162
1473240 1162
1473250 1161
1473260 1162
1473270 1162
1473280 1165
1473290 1169
1473300 1169
1473310 1168
1473320 1169
1473330 1169
1473340 1169
1473350 1164
1473360 1164
1473370 1157
1473380 1153
1473390 1153
1473400 1154
1473410 1155
1473420 1155
1473430 1152
1473440 1151
1473450 1151
1473460 1151
1473470 1148
1473480 1148
1473490 1144
1473500 1139
1473510 1139
1473520 1134
1473530 1129
1473540 1123
1473550 1123
1473560 1118
1473570 1113
1473580 1113
1473590 1111
1473600 1122
1473610 1122
1473620 1122
1473630 1123
1473640 1123
1473650 1125
1473660 1130
1473670 1130
1473680 1134
1473690 1128
1473700 1128
1473710 1118
1473720 1110
1473730 1110
1473740 1106
1473750 1100
1473760 1100
1473770 1095
1473780 1094
1473790 1094
1473800 1096
1473810 1095
1473820 1095
1473830 1088
1473840 1089
1473850 1089
1473860 1093
1473870 1098
1473880 1098
1473890 1103
1473900 1110
1473910 1116
1473920 1116
1473930 1125
1473940 1135
1473950 1135
1473960 1146
1473970 1160
1473980 1160
1473990 1180
1474000 1195
1474010 1195
1474020 1207
1474030 1221
1474040 1221
1474050 1237
1474060 1251
1474070 1251
1474080 1265
1474090 1270
1474100 1270
1474110 1268
1474120 1268
1474130 1268
1474140 1265
1474150 1260
1474160 1260
1474170 1260
1474180 1261
1474190 1261
1474200 1263
1474210 1267
1474220 1267
1474230 1271
1474240 1275
1474250 1275
1474260 1279
1474270 1282
1474280 1284
1474290 1284
1474300 1287
1474310 1290
1474320 1290
1474330 1293
1474340 1296
1474350 1296
1474360 1301
1474370 1305
1474380 1305
1474390 1306
1474400 1307
1474410 1307
1474420 1315
1474430 1324
1474440 1324
1474450 1328
1474460 1333
1474470 1333
1474480 1337
1474490 1338
1474500 1338
1474510 1340
1474520 1344
1474530 1344
1474540 1346
1474550 1345
1474560 1345
1474570 1341
1474580 1338
1474590 1338
1474600 1332
1474610 1322
1474620 1322
1474630 1311
1474640 1299
1474650 1279
1474660 1279
1474670 1269
1474680 1262
1474690 1262
1474700 1253
1474710 1245
1474720 1245
1474730 1237
1474740 1233
1474750 1233
1474760 1227
1474770 1217
1474780 1217
1474790 1209
1474800 1202
1474810 1202
1474820 1194
1474830 1187
1474840 1187
1474850 1181
1474860 1178
1474870 1178
1474880 1175
1474890 1174
1474900 1174
1474910 1178
1474920 1187
1474930 1187
1474940 1195
1474950 1195
1474960 1195
1474970 1194
1474980 1193
1474990 1193
1475000 1192
1475010 1192
1475020 1189
1475030 1189
1475040 1179
1475050 1174
1475060 1174
1475070 1170
1475080 1166
1475090 1166
1475100 1163
1475110 1157
1475120 1157
1475130 1153
1475140 1149
1475150 1149
1475160 1145
1475170 1140
1475180 1140
1475190 1134
1475200 1131
1475210 1131
1475220 1131
1475230 1129
1475240 1129
1475250 1126
1475260 1124
1475270 1124
1475280 1123
1475290 1123
1475300 1123
1475310 1124
1475320 1128
1475330 1128
1475340 1132
1475350 1137
1475360 1143
1475370 1143
1475380 1149
1475390 1155
1475400 1155
1475410 1161
1475420 1167
1475430 1167
1475440 1172
1475450 1177
1475460 1177
1475470 1180
1475480 1190
1475490 1190
1475500 1204
1475510 1219
1475520 1219
1475530 1243
1475540 1267
1475550 1267
1475560 1291
1475570 1319
1475580 1319
1475590 1377
1475600 1402
1475610 1402
1475620 1429
1475630 1468
1475640 1468
1475650 1487
1475660 1492
1475670 1492
1475680 1498
1475690 1514
1475700 1514
1475710 1533
1475720 1540
1475730 1540
1475740 1540
1475750 1539
1475760 1542
1475770 1542
1475780 1544
1475790 1546
1475800 1546
1475810 1551
1475820 1551
1475830 1551
1475840 1545
1475850 1539
1475860 1539
1475870 1534
1475880 1528
1475890 1528
1475900 1522
1475910 1515
1475920 1515
1475930 1509
1475940 1503
1475950 1503
1475960 1497
1475970 1489
1475980 1489
1475990 1483
1476000 1478
1476010 1478
1476020 1473
1476030 1470
1476040 1470
1476050 1463
1476060 1458
1476070 1458
1476080 1456
1476090 1454
1476100 1450
1476110 1450
1476120 1442
1476130 1429
1476140 1429
1476150 1421
1476160 1414
1476170 1414
1476180 1408
1476190 1402
1476200 1402
1476210 1395
1476220 1388
1476230 1388
1476240 1384
1476250 1379
1476260 1379
1476270 1373
1476280 1369
1476290 1369
1476300 1365
1476310 1357
1476320 1357
1476330 1350
1476340 1344
1476350 1344
1476360 1340
1476370 1335
1476380 1335
1476390 1329
1476400 1323
1476410 1323
1476420 1320
1476430 1313
1476440 1313
1476450 1304
1476460 1298
1476470 1296
1476480 1296
1476490 1293
1476500 1290
1476510 1290
1476520 1284
1476530 1274
1476540 1274
1476550 1268
1476560 1260
1476570 1260
1476580 1253
1476590 1247
1476600 1247
1476610 1241
1476620 1234
1476630 1234
1476640 1225
1476650 1213
1476660 1213
1476670 1200
1476680 1168
1476690 1168
1476700 1148
1476710 1143
1476720 1143
1476730 1137
1476740 1134
1476750 1134
1476760 1129
1476770 1125
1476780 1125
1476790 1121
1476800 1116
1476810 1110
1476820 1110
1476830 1104
1476840 1100
1476850 1100
1476860 1097
1476870 1093
1476880 1093
1476890 1092
1476900 1088
1476910 1088
1476920 1082
1476930 1072
1476940 1072
1476950 1062
1476960 1057
1476970 1057
1476980 1053
1476990 1050
1477000 1050
1477010 1047
1477020 1047
1477030 1047
1477040 1049
1477050 1051
1477060 1051
1477070 1049
1477080 1045
1477090 1045
1477100 1043
1477110 1042
1477120 1042
1477130 1039
1477140 1039
1477150 1039
1477160 1039
1477170 1038
1477180 1038
1477190 1038
1477200 1042
1477210 1043
1477220 1043
1477230 1040
1477240 1038
1477250 1038
1477260 1036
1477270 1034
1477280 1034
1477290 1035
1477300 1036
1477310 1036
1477320 1037
1477330 1039
1477340 1039
1477350 1042
1477360 1046
1477370 1046
1477380 1051
1477390 1053
1477400 1053
1477410 1054
1477420 1054
1477430 1054
1477440 1048
1477450 1041
1477460 1041
1477470 1035
1477480 1031
1477490 1031
1477500 1030
1477510 1033
1477520 1033
1477530 1047
1477540 1050
1477550 1044
1477560 1044
1477570 1036
1477580 1028
1477590 1028
1477600 1021
1477610 1015
1477620 1015
1477630 1008
1477640 1002
1477650 1002
1477660 996
1477670 994
1477680 994
1477690 991
1477700 988
1477710 988
1477720 980
1477730 972
1477740 972
1477750 973
1477760 974
1477770 974
1477780 979
1477790 985
1477800 985
1477810 986
1477820 986
1477830 986
1477840 984
1477850 981
1477860 981
1477870 976
1477880 969
1477890 969
1477900 963
1477910 959
1477920 958
1477930 958
1477940 961
1477950 959
1477960 959
1477970 956
1477980 950
1477990 950
1478000 944
1478010 946
1478020 946
1478030 950
1478040 945
1478050 945
1478060 938
1478070 934
1478080 934
1478090 935
1478100 935
1478110 935
1478120 933
1478130 932
1478140 932
1478150 929
1478160 927
1478170 927
1478180 924
1478190 922
1478200 922
1478210 921
1478220 922
1478230 922
1478240 923
1478250 924
1478260 924
1478270 927
1478280 929
1478290 930
1478300 930
1478310 938
1478320 962
1478330 962
1478340 990
1478350 1026
1478360 1026
1478370 1041
1478380 1048
1478390 1048
1478400 1054
1478410 1058
1478420 1058
1478430 1057
1478440 1055
1478450 1055
1478460 1053
1478470 1052
1478480 1052
1478490 1052
1478500 1055
1478510 1055
1478520 1054
1478530 1049
1478540 1049
1478550 1046
1478560 1045
1478570 1045
1478580 1044
1478590 1044
1478600 1044
1478610 1044
1478620 1043
1478630 1042
1478640 1042
1478650 1039
1478660 1036
1478670 1036
1478680 1032
1478690 1028
1478700 1028
1478710 1026
1478720 1022
1478730 1022
1478740 1018
1478750 1013
1478760 1013
1478770 1006
1478780 999
1478790 999
1478800 993
1478810 985
1478820 985
1478830 976
1478840 967
1478850 967
1478860 956
1478870 946
1478880 946
1478890 940
1478900 935
1478910 935
1478920 929
1478930 922
1478940 922
1478950 919
1478960 912
1478970 912
1478980 904
1478990 896
1479000 889
1479010 889
1479020 881
1479030 864
1479040 864
1479050 849
1479060 840
1479070 840
1479080 830
1479090 821
1479100 821
1479110 819
1479120 827
1479130 827
1479140 834
1479150 843
1479160 843
1479170 849
1479180 854
1479190 854
1479200 858
1479210 862
1479220 862
1479230 876
1479240 882
1479250 882
1479260 884
1479270 885
1479280 885
1479290 880
1479300 869
1479310 869
1479320 863
1479330 859
1479340 859
1479350 858
1479360 858
1479370 858
1479380 858
1479390 856
1479400 854
1479410 854
1479420 854
1479430 852
1479440 852
1479450 849
1479460 845
1479470 845
1479480 840
1479490 834
1479500 834
1479510 831
1479520 830
1479530 830
1479540 827
1479550 820
1479560 820
1479570 812
1479580 804
1479590 804
1479600 798
1479610 794
1479620 794
1479630 791
1479640 786
1479650 786
1479660 782
1479670 780
1479680 780
1479690 781
1479700 784
1479710 784
1479720 789
1479730 794
1479740 794
1479750 794
1479760 793
1479770 792
1479780 792
1479790 791
1479800 788
1479810 788
1479820 785
1479830 785
1479840 785
1479850 786
1479860 786
1479870 786
1479880 786
1479890 785
1479900 785
1479910 785
1479920 787
1479930 787
1479940 787
1479950 786
1479960 786
1479970 786
1479980 784
1479990 784
