1460000 662
1460010 662
1460020 661
1460030 660
1460040 660
1460050 660
1460060 659
1460070 659
1460080 660
1460090 659
1460100 659
1460110 658
1460120 657
1460130 657
1460140 657
1460150 657
1460160 659
1460170 658
1460180 660
1460190 660
1460200 663
1460210 664
1460220 664
1460230 665
1460240 665
1460250 665
1460260 668
1460270 672
1460280 672
1460290 677
1460300 683
1460310 683
1460320 689
1460330 695
1460340 695
1460350 703
1460360 713
1460370 722
1460380 722
1460390 731
1460400 741
1460410 741
1460420 763
1460430 779
1460440 779
1460450 792
1460460 804
1460470 804
1460480 815
1460490 825
1460500 825
1460510 834
1460520 845
1460530 845
1460540 859
1460550 872
1460560 872
1460570 888
1460580 905
1460590 905
1460600 932
1460610 950
1460620 950
1460630 959
1460640 970
1460650 970
1460660 980
1460670 988
1460680 988
1460690 997
1460700 1005
1460710 1005
1460720 1011
1460730 1019
1460740 1030
1460750 1030
1460760 1043
1460770 1051
1460780 1051
1460790 1061
1460800 1068
1460810 1068
1460820 1075
1460830 1083
1460840 1083
1460850 1089
1460860 1095
1460870 1095
1460880 1098
1460890 1102
1460900 1102
1460910 1109
1460920 1114
1460930 1114
1460940 1120
1460950 1125
1460960 1125
1460970 1130
1460980 1139
1460990 1139
1461000 1146
1461010 1151
1461020 1151
1461030 1157
1461040 1162
1461050 1162
1461060 1166
1461070 1175
1461080 1175
1461090 1190
1461100 1195
1461110 1196
1461120 1196
1461130 1195
1461140 1193
1461150 1193
1461160 1192
1461170 1191
1461180 1191
1461190 1192
1461200 1194
1461210 1194
1461220 1198
1461230 1200
1461240 1200
1461250 1202
1461260 1213
1461270 1213
1461280 1218
1461290 1223
1461300 1223
1461310 1227
1461320 1230
1461330 1230
1461340 1231
1461350 1235
1461360 1235
1461370 1240
1461380 1244
1461390 1244
1461400 1246
1461410 1248
1461420 1248
1461430 1254
1461440 1265
1461450 1271
1461460 1271
1461470 1272
1461480 1273
1461490 1273
1461500 1275
1461510 1277
1461520 1277
1461530 1279
1461540 1283
1461550 1283
1461560 1286
1461570 1290
1461580 1290
1461590 1293
1461600 1293
1461610 1293
1461620 1295
1461630 1298
1461640 1298
1461650 1301
1461660 1304
1461670 1304
1461680 1309
1461690 1314
1461700 1314
1461710 1317
1461720 1319
1461730 1319
1461740 1321
1461750 1323
1461760 1323
1461770 1324
1461780 1326
1461790 1326
1461800 1334
1461810 1346
1461820 1361
1461830 1361
1461840 1378
1461850 1402
1461860 1402
1461870 1409
1461880 1412
1461890 1412
1461900 1414
1461910 1417
1461920 1417
1461930 1421
1461940 1427
1461950 1427
1461960 1434
1461970 1436
1461980 1436
1461990 1443
1462000 1445
1462010 1445
1462020 1449
1462030 1454
1462040 1454
1462050 1457
1462060 1460
1462070 1460
1462080 1463
1462090 1468
1462100 1468
1462110 1474
1462120 1478
1462130 1478
1462140 1480
1462150 1482
1462160 1482
1462170 1485
1462180 1487
1462190 1488
1462200 1488
1462210 1489
1462220 1488
1462230 1488
1462240 1487
1462250 1486
1462260 1486
1462270 1483
1462280 1477
1462290 1477
1462300 1473
1462310 1470
1462320 1470
1462330 1468
1462340 1469
1462350 1469
1462360 1470
1462370 1471
1462380 1471
1462390 1474
1462400 1475
1462410 1475
1462420 1477
1462430 1479
1462440 1479
1462450 1483
1462460 1486
1462470 1486
1462480 1490
1462490 1494
1462500 1494
1462510 1497
1462520 1501
1462530 1501
1462540 1506
1462550 1510
1462560 1514
1462570 1514
1462580 1518
1462590 1522
1462600 1522
1462610 1526
1462620 1530
1462630 1530
1462640 1534
1462650 1539
1462660 1539
1462670 1545
1462680 1549
1462690 1549
1462700 1554
1462710 1556
1462720 1556
1462730 1554
1462740 1550
1462750 1550
1462760 1544
1462770 1543
1462780 1543
1462790 1548
1462800 1551
1462810 1551
1462820 1554
1462830 1556
1462840 1556
1462850 1559
1462860 1562
1462870 1562
1462880 1566
1462890 1570
1462900 1570
1462910 1573
1462920 1573
1462930 1575
1462940 1575
1462950 1578
1462960 1580
1462970 1580
1462980 1582
1462990 1584
1463000 1584
1463010 1585
1463020 1587
1463030 1587
1463040 1588
1463050 1590
1463060 1590
1463070 1591
1463080 1592
1463090 1592
1463100 1593
1463110 1592
1463120 1592
1463130 1590
1463140 1588
1463150 1588
1463160 1585
1463170 1587
1463180 1587
1463190 1588
1463200 1586
1463210 1586
1463220 1583
1463230 1576
1463240 1576
1463250 1571
1463260 1567
1463270 1567
1463280 1562
1463290 1554
1463300 1551
1463310 1551
1463320 1546
1463330 1537
1463340 1537
1463350 1537
1463360 1540
1463370 1540
1463380 1540
1463390 1540
1463400 1540
1463410 1541
1463420 1544
1463430 1544
1463440 1548
1463450 1551
1463460 1551
1463470 1558
1463480 1571
1463490 1571
1463500 1578
1463510 1582
1463520 1582
1463530 1590
1463540 1599
1463550 1599
1463560 1612
1463570 1625
1463580 1625
1463590 1642
1463600 1666
1463610 1666
1463620 1671
1463630 1675
1463640 1690
1463650 1690
1463660 1717
1463670 1726
1463680 1726
1463690 1717
1463700 1701
1463710 1701
1463720 1692
1463730 1682
1463740 1682
1463750 1667
1463760 1658
1463770 1658
1463780 1651
1463790 1645
1463800 1645
1463810 1637
1463820 1627
1463830 1627
1463840 1617
1463850 1606
1463860 1606
1463870 1596
1463880 1588
1463890 1588
1463900 1587
1463910 1590
1463920 1590
1463930 1589
1463940 1579
1463950 1579
1463960 1569
1463970 1560
1463980 1560
1463990 1550
1464000 1542
1464010 1539
1464020 1539
1464030 1541
1464040 1541
1464050 1541
1464060 1538
1464070 1531
1464080 1531
1464090 1524
1464100 1520
1464110 1520
1464120 1520
1464130 1521
1464140 1521
1464150 1522
1464160 1515
1464170 1515
1464180 1506
1464190 1500
1464200 1500
1464210 1489
1464220 1472
1464230 1472
1464240 1457
1464250 1449
1464260 1449
1464270 1434
1464280 1404
1464290 1404
1464300 1386
1464310 1368
1464320 1368
1464330 1353
1464340 1344
1464350 1344
1464360 1336
1464370 1325
1464380 1316
1464390 1316
1464400 1295
1464410 1281
1464420 1281
1464430 1271
1464440 1259
1464450 1259
1464460 1249
1464470 1240
1464480 1240
1464490 1227
1464500 1214
1464510 1214
1464520 1205
1464530 1197
1464540 1197
1464550 1186
1464560 1178
1464570 1178
1464580 1160
1464590 1147
1464600 1147
1464610 1135
1464620 1125
1464630 1125
1464640 1117
1464650 1108
1464660 1108
1464670 1099
1464680 1091
1464690 1091
1464700 1084
1464710 1076
1464720 1076
1464730 1066
1464740 1056
1464750 1048
1464760 1048
1464770 1040
1464780 1033
1464790 1033
1464800 1023
1464810 1013
1464820 1013
1464830 1005
1464840 996
1464850 996
1464860 986
1464870 978
1464880 978
1464890 971
1464900 965
1464910 965
1464920 959
1464930 955
1464940 955
1464950 949
1464960 943
1464970 943
1464980 938
1464990 933
1465000 933
1465010 925
1465020 918
1465030 918
1465040 908
1465050 898
1465060 898
1465070 887
1465080 879
1465090 879
1465100 871
1465110 860
1465120 852
1465130 852
1465140 843
1465150 831
1465160 831
1465170 821
1465180 811
1465190 811
1465200 803
1465210 796
1465220 796
1465230 786
1465240 773
1465250 773
1465260 755
1465270 730
1465280 730
1465290 704
1465300 677
1465310 677
1465320 659
1465330 642
1465340 642
1465350 628
1465360 617
1465370 617
1465380 602
1465390 585
1465400 585
1465410 575
1465420 567
1465430 567
1465440 560
1465450 553
1465460 553
1465470 547
1465480 540
1465490 534
1465500 534
1465510 528
1465520 522
1465530 522
1465540 516
1465550 510
1465560 510
1465570 505
1465580 501
1465590 501
1465600 498
1465610 491
1465620 491
1465630 489
1465640 489
1465650 489
1465660 489
1465670 489
1465680 489
1465690 490
1465700 493
1465710 493
1465720 494
1465730 497
1465740 497
1465750 503
1465760 509
1465770 509
1465780 516
1465790 535
1465800 535
1465810 547
1465820 561
1465830 561
1465840 580
1465850 594
1465860 622
1465870 622
1465880 635
1465890 639
1465900 639
1465910 642
1465920 647
1465930 647
1465940 652
1465950 655
1465960 655
1465970 658
1465980 665
1465990 665
1466000 676
1466010 683
1466020 683
1466030 688
1466040 692
1466050 692
1466060 696
1466070 701
1466080 701
1466090 705
1466100 708
1466110 708
1466120 709
1466130 712
1466140 717
1466150 718
1466160 719
1466170 719
1466180 721
1466190 722
1466200 723
1466210 723
1466220 729
1466230 734
1466240 734
1466250 737
1466260 737
1466270 737
1466280 735
1466290 732
1466300 732
1466310 733
1466320 733
1466330 733
1466340 730
1466350 727
1466360 727
1466370 725
1466380 724
1466390 724
1466400 723
1466410 721
1466420 721
1466430 720
1466440 721
1466450 721
1466460 722
1466470 723
1466480 723
1466490 724
1466500 726
1466510 726
1466520 726
1466530 726
1466540 726
1466550 729
1466560 732
1466570 733
1466580 733
1466590 739
1466600 744
1466610 744
1466620 748
1466630 752
1466640 752
1466650 752
1466660 752
1466670 752
1466680 752
1466690 753
1466700 753
1466710 754
1466720 757
1466730 757
1466740 758
1466750 759
1466760 759
1466770 760
1466780 761
1466790 761
1466800 762
1466810 762
1466820 762
1466830 763
1466840 763
1466850 763
1466860 762
1466870 761
1466880 761
1466890 760
1466900 759
1466910 759
1466920 778
1466930 789
1466940 789
1466950 789
1466960 791
1466970 792
1466980 792
1466990 794
1467000 796
1467010 796
1467020 805
1467030 817
1467040 817
1467050 819
1467060 820
1467070 820
1467080 822
1467090 828
1467100 828
1467110 870
1467120 929
1467130 929
1467140 960
1467150 965
1467160 965
1467170 964
1467180 962
1467190 962
1467200 960
1467210 958
1467220 958
1467230 956
1467240 956
1467250 956
1467260 957
1467270 960
1467280 960
1467290 960
1467300 958
1467310 958
1467320 958
1467330 960
1467340 963
1467350 963
1467360 965
1467370 966
1467380 966
1467390 970
1467400 976
1467410 976
1467420 980
1467430 981
1467440 981
1467450 981
1467460 983
1467470 983
1467480 988
1467490 990
1467500 990
1467510 988
1467520 986
1467530 986
1467540 987
1467550 988
1467560 988
1467570 992
1467580 999
1467590 999
1467600 1012
1467610 1030
1467620 1030
1467630 1047
1467640 1070
1467650 1070
1467660 1097
1467670 1135
1467680 1162
1467690 1162
1467700 1180
1467710 1192
1467720 1192
1467730 1202
1467740 1202
1467750 1202
1467760 1201
1467770 1203
1467780 1203
1467790 1207
1467800 1210
1467810 1210
1467820 1215
1467830 1225
1467840 1225
1467850 1233
1467860 1243
1467870 1243
1467880 1245
1467890 1244
1467900 1244
1467910 1242
1467920 1242
1467930 1242
1467940 1249
1467950 1260
1467960 1260
1467970 1258
1467980 1254
1467990 1254
1468000 1251
1468010 1247
1468020 1247
1468030 1245
1468040 1243
1468050 1244
1468060 1244
1468070 1245
1468080 1242
1468090 1242
1468100 1238
1468110 1237
1468120 1237
1468130 1236
1468140 1233
1468150 1233
1468160 1231
1468170 1229
1468180 1229
1468190 1227
1468200 1221
1468210 1221
1468220 1215
1468230 1211
1468240 1211
1468250 1208
1468260 1206
1468270 1206
1468280 1203
1468290 1201
1468300 1201
1468310 1197
1468320 1190
1468330 1190
1468340 1185
1468350 1182
1468360 1182
1468370 1180
1468380 1177
1468390 1174
1468400 1174
1468410 1170
1468420 1167
1468430 1167
1468440 1163
1468450 1160
1468460 1160
1468470 1157
1468480 1155
1468490 1155
1468500 1154
1468510 1149
1468520 1149
1468530 1148
1468540 1149
1468550 1149
1468560 1150
1468570 1149
1468580 1149
1468590 1146
1468600 1143
1468610 1143
1468620 1140
1468630 1137
1468640 1137
1468650 1131
1468660 1126
1468670 1126
1468680 1120
1468690 1115
1468700 1115
1468710 1111
1468720 1108
1468730 1108
1468740 1106
1468750 1106
1468760 1104
1468770 1104
1468780 1103
1468790 1102
1468800 1102
1468810 1100
1468820 1096
1468830 1096
1468840 1092
1468850 1091
1468860 1091
1468870 1090
1468880 1088
1468890 1088
1468900 1085
1468910 1083
1468920 1083
1468930 1088
1468940 1096
1468950 1096
1468960 1097
1468970 1098
1468980 1098
1468990 1095
1469000 1091
1469010 1091
1469020 1088
1469030 1085
1469040 1085
1469050 1078
1469060 1067
1469070 1067
1469080 1065
1469090 1064
1469100 1064
1469110 1064
1469120 1062
1469130 1060
1469140 1060
1469150 1059
1469160 1058
1469170 1058
1469180 1059
1469190 1061
1469200 1061
1469210 1061
1469220 1063
1469230 1063
1469240 1065
1469250 1068
1469260 1068
1469270 1069
1469280 1072
1469290 1072
1469300 1076
1469310 1077
1469320 1077
1469330 1076
1469340 1074
1469350 1074
1469360 1073
1469370 1072
1469380 1072
1469390 1072
1469400 1072
1469410 1072
1469420 1070
1469430 1072
1469440 1072
1469450 1072
1469460 1070
1469470 1070
1469480 1068
1469490 1068
1469500 1069
1469510 1069
1469520 1069
1469530 1070
1469540 1070
1469550 1073
1469560 1078
1469570 1078
1469580 1084
1469590 1095
1469600 1095
1469610 1108
1469620 1122
1469630 1122
1469640 1136
1469650 1145
1469660 1145
1469670 1157
1469680 1164
1469690 1164
1469700 1170
1469710 1173
1469720 1173
1469730 1181
1469740 1186
1469750 1186
1469760 1193
1469770 1199
1469780 1199
1469790 1202
1469800 1205
1469810 1205
1469820 1209
1469830 1213
1469840 1213
1469850 1216
1469860 1217
1469870 1219
1469880 1219
1469890 1221
1469900 1221
1469910 1221
1469920 1227
1469930 1237
1469940 1237
1469950 1245
1469960 1250
1469970 1250
1469980 1255
1469990 1257
1470000 1257
1470010 1260
1470020 1262
1470030 1262
1470040 1266
1470050 1272
1470060 1272
1470070 1275
1470080 1277
1470090 1277
1470100 1279
1470110 1284
1470120 1284
1470130 1307
1470140 1322
1470150 1322
1470160 1349
1470170 1365
1470180 1365
1470190 1375
1470200 1392
1470210 1392
1470220 1410
1470230 1426
1470240 1440
1470250 1440
1470260 1455
1470270 1462
1470280 1462
1470290 1468
1470300 1469
1470310 1469
1470320 1464
1470330 1455
1470340 1455
1470350 1441
1470360 1429
1470370 1429
1470380 1416
1470390 1400
1470400 1400
1470410 1382
1470420 1355
1470430 1355
1470440 1338
1470450 1318
1470460 1318
1470470 1307
1470480 1300
1470490 1300
1470500 1293
1470510 1287
1470520 1287
1470530 1283
1470540 1281
1470550 1281
1470560 1279
1470570 1274
1470580 1267
1470590 1267
1470600 1257
1470610 1254
1470620 1254
1470630 1251
1470640 1248
1470650 1248
1470660 1248
1470670 1248
1470680 1248
1470690 1249
1470700 1248
1470710 1248
1470720 1245
1470730 1243
1470740 1243
1470750 1243
1470760 1237
1470770 1237
1470780 1232
1470790 1231
1470800 1231
1470810 1231
1470820 1233
1470830 1233
1470840 1233
1470850 1232
1470860 1232
1470870 1232
1470880 1233
1470890 1233
1470900 1236
1470910 1238
1470920 1238
1470930 1239
1470940 1238
1470950 1239
1470960 1239
1470970 1240
1470980 1241
1470990 1241
1471000 1239
1471010 1236
1471020 1236
1471030 1236
1471040 1239
1471050 1239
1471060 1243
1471070 1244
1471080 1244
1471090 1243
1471100 1241
1471110 1241
1471120 1240
1471130 1240
1471140 1240
1471150 1241
1471160 1241
1471170 1241
1471180 1236
1471190 1236
1471200 1236
1471210 1240
1471220 1242
1471230 1242
1471240 1242
1471250 1244
1471260 1244
1471270 1247
1471280 1250
1471290 1250
1471300 1250
1471310 1248
1471320 1247
1471330 1247
1471340 1249
1471350 1252
1471360 1252
1471370 1253
1471380 1256
1471390 1256
1471400 1255
1471410 1254
1471420 1254
1471430 1255
1471440 1266
1471450 1266
1471460 1305
1471470 1310
1471480 1310
1471490 1313
1471500 1317
1471510 1317
1471520 1323
1471530 1333
1471540 1333
1471550 1348
1471560 1359
1471570 1359
1471580 1367
1471590 1381
1471600 1381
1471610 1405
1471620 1428
1471630 1428
1471640 1453
1471650 1465
1471660 1465
1471670 1486
1471680 1500
1471690 1513
1471700 1513
1471710 1526
1471720 1537
1471730 1537
1471740 1545
1471750 1553
1471760 1553
1471770 1560
1471780 1568
1471790 1568
1471800 1580
1471810 1589
1471820 1589
1471830 1597
1471840 1604
1471850 1604
1471860 1614
1471870 1632
1471880 1632
1471890 1642
1471900 1648
1471910 1648
1471920 1651
1471930 1653
1471940 1653
1471950 1658
1471960 1662
1471970 1662
1471980 1666
1471990 1670
1472000 1670
1472010 1673
1472020 1676
1472030 1676
1472040 1678
1472050 1676
1472060 1672
1472070 1672
1472080 1670
1472090 1669
1472100 1669
1472110 1666
1472120 1660
1472130 1660
1472140 1657
1472150 1656
1472160 1656
1472170 1662
1472180 1662
1472190 1662
1472200 1662
1472210 1662
1472220 1662
1472230 1659
1472240 1654
1472250 1654
1472260 1649
1472270 1641
1472280 1641
1472290 1638
1472300 1634
1472310 1634
1472320 1628
1472330 1622
1472340 1622
1472350 1620
1472360 1617
1472370 1617
1472380 1614
1472390 1610
1472400 1610
1472410 1606
1472420 1603
1472430 1599
1472440 1599
1472450 1592
1472460 1569
1472470 1569
1472480 1526
1472490 1493
1472500 1493
1472510 1482
1472520 1473
1472530 1473
1472540 1465
1472550 1456
1472560 1456
1472570 1444
1472580 1438
1472590 1438
1472600 1429
1472610 1421
1472620 1421
1472630 1409
1472640 1395
1472650 1395
1472660 1385
1472670 1376
1472680 1376
1472690 1365
1472700 1356
1472710 1356
1472720 1350
1472730 1346
1472740 1346
1472750 1338
1472760 1331
1472770 1320
1472780 1320
1472790 1310
1472800 1301
1472810 1301
1472820 1287
1472830 1276
1472840 1276
1472850 1267
1472860 1259
1472870 1259
1472880 1248
1472890 1210
1472900 1210
1472910 1172
1472920 1159
1472930 1159
1472940 1153
1472950 1125
1472960 1125
1472970 1100
1472980 1096
1472990 1096
1473000 1091
1473010 1086
1473020 1086
1473030 1082
1473040 1079
1473050 1079
1473060 1076
1473070 1072
1473080 1072
1473090 1069
1473100 1065
1473110 1065
1473120 1062
1473130 1059
1473140 1056
1473150 1056
1473160 1054
1473170 1051
1473180 1051
1473190 1048
1473200 1045
1473210 1045
1473220 1041
1473230 1037
1473240 1037
1473250 1033
1473260 1030
1473270 1030
1473280 1026
1473290 1024
1473300 1024
1473310 1020
1473320 1016
1473330 1016
1473340 1012
1473350 1009
1473360 1009
1473370 1012
1473380 1015
1473390 1015
1473400 1014
1473410 1011
1473420 1011
1473430 1008
1473440 1004
1473450 1004
1473460 998
1473470 989
1473480 989
1473490 982
1473500 975
1473510 972
1473520 972
1473530 971
1473540 966
1473550 966
1473560 957
1473570 950
1473580 950
1473590 947
1473600 944
1473610 944
1473620 941
1473630 942
1473640 942
1473650 941
1473660 937
1473670 937
1473680 934
1473690 931
1473700 931
1473710 931
1473720 930
1473730 930
1473740 929
1473750 927
1473760 927
1473770 925
1473780 925
1473790 925
1473800 924
1473810 924
1473820 924
1473830 924
1473840 923
1473850 923
1473860 920
1473870 914
1473880 911
1473890 911
1473900 921
1473910 931
1473920 931
1473930 933
1473940 936
1473950 936
1473960 939
1473970 948
1473980 948
1473990 953
1474000 952
1474010 952
1474020 958
1474030 966
1474040 966
1474050 970
1474060 976
1474070 976
1474080 979
1474090 982
1474100 982
1474110 982
1474120 982
1474130 982
1474140 983
1474150 984
1474160 984
1474170 983
1474180 983
1474190 983
1474200 983
1474210 991
1474220 991
1474230 1000
1474240 1018
1474250 1037
1474260 1037
1474270 1045
1474280 1059
1474290 1059
1474300 1086
1474310 1113
1474320 1113
1474330 1145
1474340 1174
1474350 1174
1474360 1185
1474370 1191
1474380 1191
1474390 1197
1474400 1207
1474410 1207
1474420 1208
1474430 1209
1474440 1209
1474450 1215
1474460 1216
1474470 1216
1474480 1221
1474490 1229
1474500 1229
1474510 1234
1474520 1232
1474530 1232
1474540 1230
1474550 1228
1474560 1228
1474570 1220
1474580 1208
1474590 1208
1474600 1191
1474610 1172
1474620 1155
1474630 1155
1474640 1146
1474650 1149
1474660 1149
1474670 1125
1474680 1112
1474690 1112
1474700 1094
1474710 1081
1474720 1081
1474730 1067
1474740 1050
1474750 1050
1474760 1047
1474770 1045
1474780 1045
1474790 1034
1474800 1018
1474810 1018
1474820 1008
1474830 998
1474840 998
1474850 990
1474860 982
1474870 982
1474880 974
1474890 968
1474900 968
1474910 964
1474920 960
1474930 960
1474940 955
1474950 949
1474960 943
1474970 943
1474980 937
1474990 930
1475000 930
1475010 924
1475020 919
1475030 919
1475040 914
1475050 909
1475060 909
1475070 901
1475080 896
1475090 896
1475100 893
1475110 891
1475120 891
1475130 888
1475140 884
1475150 884
1475160 879
1475170 878
1475180 878
1475190 878
1475200 876
1475210 876
1475220 874
1475230 875
1475240 875
1475250 875
1475260 875
1475270 875
1475280 875
1475290 876
1475300 876
1475310 876
1475320 875
1475330 875
1475340 875
1475350 873
1475360 871
1475370 871
1475380 870
1475390 867
1475400 867
1475410 869
1475420 870
1475430 870
1475440 869
1475450 868
1475460 868
1475470 865
1475480 863
1475490 863
1475500 863
1475510 876
1475520 876
1475530 960
1475540 971
1475550 971
1475560 978
1475570 987
1475580 987
1475590 991
1475600 990
1475610 990
1475620 986
1475630 986
1475640 986
1475650 993
1475660 998
1475670 998
1475680 998
1475690 994
1475700 996
1475710 996
1475720 999
1475730 1006
1475740 1006
1475750 1013
1475760 1029
1475770 1029
1475780 1040
1475790 1042
1475800 1042
1475810 1044
1475820 1051
1475830 1051
1475840 1056
1475850 1064
1475860 1064
1475870 1073
1475880 1075
1475890 1075
1475900 1081
1475910 1086
1475920 1086
1475930 1096
1475940 1118
1475950 1118
1475960 1135
1475970 1143
1475980 1143
1475990 1136
1476000 1143
1476010 1143
1476020 1147
1476030 1155
1476040 1155
1476050 1159
1476060 1165
1476070 1172
1476080 1172
1476090 1175
1476100 1186
1476110 1186
1476120 1199
1476130 1208
1476140 1208
1476150 1219
1476160 1230
1476170 1230
1476180 1236
1476190 1242
1476200 1242
1476210 1255
1476220 1258
1476230 1258
1476240 1254
1476250 1251
1476260 1251
1476270 1244
1476280 1237
1476290 1237
1476300 1231
1476310 1226
1476320 1226
1476330 1221
1476340 1216
1476350 1216
1476360 1211
1476370 1204
1476380 1204
1476390 1198
1476400 1192
1476410 1192
1476420 1183
1476430 1178
1476440 1172
1476450 1172
1476460 1167
1476470 1161
1476480 1161
1476490 1157
1476500 1152
1476510 1152
1476520 1146
1476530 1141
1476540 1141
1476550 1138
1476560 1135
1476570 1135
1476580 1131
1476590 1130
1476600 1130
1476610 1127
1476620 1123
1476630 1123
1476640 1126
1476650 1127
1476660 1127
1476670 1124
1476680 1120
1476690 1120
1476700 1118
1476710 1115
1476720 1115
1476730 1115
1476740 1111
1476750 1111
1476760 1107
1476770 1106
1476780 1106
1476790 1104
1476800 1100
1476810 1095
1476820 1095
1476830 1091
1476840 1086
1476850 1086
1476860 1080
1476870 1073
1476880 1073
1476890 1068
1476900 1063
1476910 1063
1476920 1056
1476930 1042
1476940 1042
1476950 1010
1476960 988
1476970 988
1476980 977
1476990 959
1477000 959
1477010 957
1477020 957
1477030 957
1477040 958
1477050 958
1477060 958
1477070 956
1477080 955
1477090 955
1477100 956
1477110 956
1477120 956
1477130 952
1477140 949
1477150 946
1477160 946
1477170 944
1477180 943
1477190 943
1477200 945
1477210 951
1477220 951
1477230 954
1477240 958
1477250 958
1477260 959
1477270 957
1477280 957
1477290 957
1477300 959
1477310 959
1477320 957
1477330 952
1477340 952
1477350 951
1477360 952
1477370 952
1477380 950
1477390 947
1477400 947
1477410 943
1477420 938
1477430 938
1477440 936
1477450 936
1477460 936
1477470 933
1477480 928
1477490 928
1477500 923
1477510 919
1477520 915
1477530 915
1477540 910
1477550 904
1477560 904
1477570 898
1477580 891
1477590 891
1477600 884
1477610 880
1477620 880
1477630 876
1477640 873
1477650 873
1477660 878
1477670 883
1477680 883
1477690 886
1477700 881
1477710 881
1477720 875
1477730 870
1477740 870
1477750 865
1477760 861
1477770 861
1477780 856
1477790 852
1477800 852
1477810 849
1477820 848
1477830 848
1477840 847
1477850 843
1477860 843
1477870 840
1477880 838
1477890 837
1477900 837
1477910 835
1477920 837
1477930 837
1477940 839
1477950 841
1477960 841
1477970 841
1477980 844
1477990 844
1478000 847
1478010 849
1478020 849
1478030 849
1478040 848
1478050 848
1478060 847
1478070 845
1478080 845
1478090 838
1478100 830
1478110 830
1478120 824
1478130 825
1478140 825
1478150 828
1478160 828
1478170 828
1478180 820
1478190 808
1478200 808
1478210 801
1478220 798
1478230 798
1478240 799
1478250 802
1478260 801
1478270 801
1478280 799
1478290 797
1478300 797
1478310 794
1478320 790
1478330 790
1478340 789
1478350 788
1478360 788
1478370 789
1478380 793
1478390 793
1478400 805
1478410 812
1478420 812
1478430 819
1478440 823
1478450 823
1478460 826
1478470 831
1478480 831
1478490 837
1478500 840
1478510 840
1478520 840
1478530 839
1478540 839
1478550 836
1478560 834
1478570 834
1478580 833
1478590 830
1478600 830
1478610 827
1478620 821
1478630 819
1478640 819
1478650 826
1478660 828
1478670 828
1478680 826
1478690 823
1478700 823
1478710 821
1478720 819
1478730 819
1478740 816
1478750 813
1478760 813
1478770 811
1478780 809
1478790 809
1478800 805
1478810 802
1478820 802
1478830 799
1478840 795
1478850 795
1478860 790
1478870 784
1478880 784
1478890 778
1478900 773
1478910 773
1478920 770
1478930 765
1478940 765
1478950 758
1478960 753
1478970 753
1478980 748
1478990 742
1479000 736
1479010 736
1479020 731
1479030 727
1479040 727
1479050 723
1479060 720
1479070 720
1479080 717
1479090 716
1479100 716
1479110 719
1479120 725
1479130 725
1479140 726
1479150 725
1479160 725
1479170 722
1479180 719
1479190 719
1479200 718
1479210 716
1479220 716
1479230 715
1479240 716
1479250 716
1479260 715
1479270 716
1479280 716
1479290 716
1479300 717
1479310 717
1479320 719
1479330 723
1479340 724
1479350 724
1479360 722
1479370 721
1479380 721
1479390 718
1479400 717
1479410 717
1479420 718
1479430 721
1479440 721
1479450 724
1479460 727
1479470 727
1479480 731
1479490 735
1479500 735
1479510 737
1479520 738
1479530 738
1479540 738
1479550 737
1479560 737
1479570 737
1479580 735
1479590 735
1479600 732
1479610 731
1479620 731
1479630 731
1479640 730
1479650 730
1479660 726
1479670 723
1479680 723
1479690 725
1479700 728
1479710 731
1479720 731
1479730 732
1479740 733
1479750 733
1479760 736
1479770 740
1479780 740
1479790 743
1479800 746
1479810 746
1479820 752
1479830 757
1479840 757
1479850 763
1479860 768
1479870 768
1479880 774
1479890 780
1479900 780
1479910 787
1479920 792
1479930 792
1479940 798
1479950 804
1479960 804
1479970 810
1479980 814
1479990 814
