1460000 885
1460010 885
1460020 885
1460030 871
1460040 870
1460050 870
1460060 874
1460070 877
1460080 877
1460090 879
1460100 880
1460110 880
1460120 883
1460130 884
1460140 884
1460150 883
1460160 881
1460170 881
1460180 871
1460190 826
1460200 826
1460210 790
1460220 784
1460230 784
1460240 768
1460250 755
1460260 751
1460270 751
1460280 744
1460290 740
1460300 740
1460310 745
1460320 758
1460330 758
1460340 755
1460350 744
1460360 744
1460370 734
1460380 730
1460390 730
1460400 724
1460410 714
1460420 714
1460430 704
1460440 700
1460450 700
1460460 696
1460470 693
1460480 693
1460490 689
1460500 685
1460510 685
1460520 679
1460530 674
1460540 674
1460550 670
1460560 666
1460570 666
1460580 661
1460590 656
1460600 656
1460610 650
1460620 645
1460630 642
1460640 642
1460650 640
1460660 638
1460670 638
1460680 635
1460690 632
1460700 632
1460710 629
1460720 627
1460730 627
1460740 626
1460750 626
1460760 626
1460770 625
1460780 623
1460790 623
1460800 621
1460810 618
1460820 618
1460830 616
1460840 613
1460850 613
1460860 611
1460870 609
1460880 609
1460890 606
1460900 604
1460910 604
1460920 601
1460930 598
1460940 598
1460950 595
1460960 591
1460970 591
1460980 588
1460990 584
1461000 580
1461010 580
1461020 576
1461030 573
1461040 573
1461050 571
1461060 570
1461070 570
1461080 570
1461090 568
1461100 568
1461110 567
1461120 566
1461130 566
1461140 564
1461150 562
1461160 562
1461170 560
1461180 558
1461190 558
1461200 556
1461210 555
1461220 555
1461230 553
1461240 552
1461250 552
1461260 550
1461270 549
1461280 549
1461290 548
1461300 548
1461310 548
1461320 546
1461330 545
1461340 545
1461350 543
1461360 542
1461370 540
1461380 540
1461390 537
1461400 534
1461410 534
1461420 531
1461430 529
1461440 529
1461450 528
1461460 527
1461470 527
1461480 524
1461490 522
1461500 522
1461510 520
1461520 517
1461530 517
1461540 515
1461550 513
1461560 513
1461570 512
1461580 511
1461590 511
1461600 508
1461610 506
1461620 506
1461630 503
1461640 499
1461650 499
1461660 496
1461670 495
1461680 495
1461690 495
1461700 495
1461710 495
1461720 494
1461730 493
1461740 494
1461750 494
1461760 494
1461770 495
1461780 495
1461790 495
1461800 494
1461810 494
1461820 494
1461830 494
1461840 494
1461850 495
1461860 496
1461870 496
1461880 498
1461890 495
1461900 495
1461910 496
1461920 497
1461930 497
1461940 496
1461950 496
1461960 496
1461970 495
1461980 495
1461990 495
1462000 495
1462010 496
1462020 496
1462030 498
1462040 497
1462050 497
1462060 498
1462070 499
1462080 499
1462090 498
1462100 497
1462110 497
1462120 497
1462130 496
1462140 496
1462150 496
1462160 496
1462170 496
1462180 496
1462190 495
1462200 493
1462210 493
1462220 493
1462230 492
1462240 492
1462250 492
1462260 491
1462270 491
1462280 492
1462290 494
1462300 494
1462310 495
1462320 494
1462330 494
1462340 492
1462350 490
1462360 490
1462370 491
1462380 490
1462390 490
1462400 490
1462410 489
1462420 489
1462430 488
1462440 487
1462450 487
1462460 487
1462470 486
1462480 486
1462490 486
1462500 486
1462510 486
1462520 486
1462530 485
1462540 485
1462550 485
1462560 485
1462570 485
1462580 485
1462590 485
1462600 485
1462610 485
1462620 485
1462630 485
1462640 485
1462650 485
1462660 485
1462670 485
1462680 485
1462690 486
1462700 486
1462710 489
1462720 490
1462730 490
1462740 490
1462750 490
1462760 490
1462770 490
1462780 490
1462790 490
1462800 490
1462810 490
1462820 490
1462830 490
1462840 489
1462850 489
1462860 489
1462870 489
1462880 489
1462890 489
1462900 489
1462910 489
1462920 489
1462930 489
1462940 489
1462950 489
1462960 491
1462970 493
1462980 493
1462990 496
1463000 499
1463010 499
1463020 502
1463030 504
1463040 504
1463050 507
1463060 509
1463070 509
1463080 512
1463090 514
1463100 514
1463110 516
1463120 516
1463130 516
1463140 517
1463150 519
1463160 519
1463170 520
1463180 522
1463190 522
1463200 526
1463210 528
1463220 532
1463230 532
1463240 536
1463250 540
1463260 540
1463270 543
1463280 547
1463290 547
1463300 551
1463310 554
1463320 554
1463330 559
1463340 564
1463350 564
1463360 568
1463370 572
1463380 572
1463390 576
1463400 580
1463410 580
1463420 584
1463430 587
1463440 587
1463450 590
1463460 598
1463470 598
1463480 607
1463490 615
1463500 615
1463510 630
1463520 656
1463530 656
1463540 675
1463550 695
1463560 695
1463570 709
1463580 723
1463590 733
1463600 733
1463610 758
1463620 772
1463630 772
1463640 783
1463650 798
1463660 798
1463670 815
1463680 825
1463690 825
1463700 832
1463710 836
1463720 836
1463730 836
1463740 835
1463750 835
1463760 834
1463770 834
1463780 834
1463790 832
1463800 830
1463810 830
1463820 828
1463830 825
1463840 825
1463850 823
1463860 821
1463870 821
1463880 819
1463890 819
1463900 819
1463910 819
1463920 819
1463930 819
1463940 817
1463950 814
1463960 814
1463970 810
1463980 806
1463990 804
1464000 804
1464010 801
1464020 798
1464030 798
1464040 795
1464050 793
1464060 793
1464070 789
1464080 785
1464090 785
1464100 780
1464110 775
1464120 775
1464130 771
1464140 767
1464150 767
1464160 763
1464170 760
1464180 760
1464190 757
1464200 755
1464210 755
1464220 754
1464230 754
1464240 754
1464250 755
1464260 754
1464270 754
1464280 753
1464290 751
1464300 751
1464310 748
1464320 744
1464330 744
1464340 740
1464350 733
1464360 726
1464370 726
1464380 720
1464390 714
1464400 714
1464410 707
1464420 700
1464430 700
1464440 692
1464450 685
1464460 685
1464470 679
1464480 671
1464490 671
1464500 663
1464510 657
1464520 657
1464530 651
1464540 644
1464550 644
1464560 636
1464570 628
1464580 628
1464590 622
1464600 617
1464610 617
1464620 611
1464630 603
1464640 603
1464650 596
1464660 591
1464670 591
1464680 586
1464690 581
1464700 581
1464710 574
1464720 565
1464730 559
1464740 559
1464750 554
1464760 552
1464770 552
1464780 549
1464790 546
1464800 546
1464810 544
1464820 541
1464830 541
1464840 538
1464850 536
1464860 536
1464870 534
1464880 531
1464890 531
1464900 529
1464910 527
1464920 527
1464930 524
1464940 522
1464950 522
1464960 519
1464970 517
1464980 517
1464990 516
1465000 514
1465010 514
1465020 512
1465030 509
1465040 509
1465050 508
1465060 506
1465070 506
1465080 505
1465090 504
1465100 503
1465110 503
1465120 504
1465130 506
1465140 506
1465150 507
1465160 508
1465170 508
1465180 509
1465190 509
1465200 509
1465210 511
1465220 512
1465230 512
1465240 513
1465250 514
1465260 514
1465270 510
1465280 506
1465290 506
1465300 506
1465310 511
1465320 511
1465330 516
1465340 524
1465350 524
1465360 534
1465370 540
1465380 540
1465390 544
1465400 563
1465410 563
1465420 584
1465430 593
1465440 593
1465450 602
1465460 613
1465470 625
1465480 625
1465490 641
1465500 651
1465510 651
1465520 661
1465530 678
1465540 678
1465550 702
1465560 717
1465570 717
1465580 728
1465590 734
1465600 734
1465610 740
1465620 746
1465630 746
1465640 751
1465650 752
1465660 752
1465670 750
1465680 753
1465690 753
1465700 754
1465710 754
1465720 754
1465730 759
1465740 761
1465750 761
1465760 759
1465770 757
1465780 757
1465790 755
1465800 755
1465810 755
1465820 753
1465830 752
1465840 749
1465850 749
1465860 747
1465870 749
1465880 749
1465890 747
1465900 745
1465910 745
1465920 742
1465930 740
1465940 740
1465950 738
1465960 736
1465970 736
1465980 736
1465990 734
1466000 734
1466010 732
1466020 730
1466030 730
1466040 727
1466050 724
1466060 724
1466070 722
1466080 720
1466090 720
1466100 718
1466110 716
1466120 716
1466130 712
1466140 709
1466150 709
1466160 707
1466170 705
1466180 705
1466190 703
1466200 694
1466210 687
1466220 687
1466230 674
1466240 663
1466250 663
1466260 657
1466270 651
1466280 651
1466290 648
1466300 644
1466310 644
1466320 641
1466330 637
1466340 637
1466350 633
1466360 631
1466370 631
1466380 629
1466390 624
1466400 624
1466410 618
1466420 615
1466430 615
1466440 612
1466450 608
1466460 608
1466470 604
1466480 599
1466490 599
1466500 590
1466510 586
1466520 586
1466530 583
1466540 581
1466550 581
1466560 579
1466570 577
1466580 574
1466590 574
1466600 572
1466610 568
1466620 568
1466630 560
1466640 553
1466650 553
1466660 547
1466670 539
1466680 539
1466690 538
1466700 531
1466710 531
1466720 512
1466730 510
1466740 510
1466750 509
1466760 507
1466770 507
1466780 506
1466790 503
1466800 503
1466810 502
1466820 502
1466830 502
1466840 502
1466850 502
1466860 502
1466870 502
1466880 501
1466890 501
1466900 501
1466910 501
1466920 501
1466930 501
1466940 500
1466950 498
1466960 498
1466970 498
1466980 499
1466990 499
1467000 500
1467010 500
1467020 500
1467030 500
1467040 498
1467050 498
1467060 497
1467070 500
1467080 500
1467090 500
1467100 498
1467110 498
1467120 493
1467130 488
1467140 488
1467150 486
1467160 491
1467170 491
1467180 495
1467190 499
1467200 499
1467210 497
1467220 493
1467230 493
1467240 491
1467250 491
1467260 491
1467270 491
1467280 491
1467290 491
1467300 493
1467310 495
1467320 494
1467330 494
1467340 493
1467350 494
1467360 494
1467370 495
1467380 492
1467390 492
1467400 491
1467410 492
1467420 492
1467430 492
1467440 492
1467450 492
1467460 492
1467470 492
1467480 492
1467490 493
1467500 495
1467510 495
1467520 498
1467530 499
1467540 499
1467550 505
1467560 520
1467570 520
1467580 539
1467590 558
1467600 558
1467610 578
1467620 597
1467630 597
1467640 616
1467650 636
1467660 636
1467670 643
1467680 641
1467690 639
1467700 639
1467710 638
1467720 639
1467730 639
1467740 644
1467750 651
1467760 651
1467770 654
1467780 654
1467790 654
1467800 652
1467810 649
1467820 649
1467830 645
1467840 645
1467850 645
1467860 647
1467870 645
1467880 645
1467890 640
1467900 639
1467910 639
1467920 636
1467930 633
1467940 633
1467950 630
1467960 628
1467970 628
1467980 626
1467990 623
1468000 623
1468010 620
1468020 618
1468030 618
1468040 615
1468050 611
1468060 608
1468070 608
1468080 605
1468090 603
1468100 603
1468110 600
1468120 597
1468130 597
1468140 592
1468150 588
1468160 588
1468170 583
1468180 580
1468190 580
1468200 577
1468210 575
1468220 575
1468230 573
1468240 570
1468250 570
1468260 568
1468270 567
1468280 567
1468290 566
1468300 566
1468310 566
1468320 567
1468330 567
1468340 567
1468350 567
1468360 563
1468370 563
1468380 559
1468390 559
1468400 559
1468410 546
1468420 536
1468430 536
1468440 532
1468450 529
1468460 526
1468470 526
1468480 523
1468490 519
1468500 519
1468510 515
1468520 512
1468530 512
1468540 507
1468550 491
1468560 491
1468570 479
1468580 479
1468590 479
1468600 500
1468610 520
1468620 520
1468630 535
1468640 545
1468650 545
1468660 551
1468670 560
1468680 560
1468690 567
1468700 571
1468710 571
1468720 573
1468730 574
1468740 574
1468750 576
1468760 577
1468770 577
1468780 578
1468790 578
1468800 578
1468810 577
1468820 577
1468830 574
1468840 574
1468850 570
1468860 569
1468870 569
1468880 571
1468890 571
1468900 571
1468910 570
1468920 569
1468930 569
1468940 566
1468950 565
1468960 565
1468970 565
1468980 570
1468990 570
1469000 577
1469010 592
1469020 592
1469030 597
1469040 600
1469050 600
1469060 601
1469070 602
1469080 602
1469090 605
1469100 608
1469110 608
1469120 612
1469130 616
1469140 616
1469150 622
1469160 628
1469170 628
1469180 634
1469190 638
1469200 641
1469210 641
1469220 647
1469230 650
1469240 650
1469250 654
1469260 661
1469270 661
1469280 666
1469290 672
1469300 672
1469310 677
1469320 681
1469330 681
1469340 686
1469350 691
1469360 691
1469370 696
1469380 701
1469390 701
1469400 706
1469410 712
1469420 712
1469430 717
1469440 722
1469450 722
1469460 727
1469470 730
1469480 730
1469490 733
1469500 735
1469510 735
1469520 737
1469530 740
1469540 740
1469550 742
1469560 744
1469570 744
1469580 744
1469590 744
1469600 743
1469610 743
1469620 742
1469630 742
1469640 742
1469650 745
1469660 747
1469670 747
1469680 751
1469690 756
1469700 756
1469710 761
1469720 765
1469730 765
1469740 767
1469750 767
1469760 767
1469770 767
1469780 767
1469790 767
1469800 768
1469810 768
1469820 768
1469830 768
1469840 768
1469850 768
1469860 769
1469870 768
1469880 768
1469890 766
1469900 763
1469910 763
1469920 760
1469930 759
1469940 757
1469950 757
1469960 756
1469970 755
1469980 755
1469990 754
1470000 752
1470010 752
1470020 751
1470030 750
1470040 750
1470050 749
1470060 748
1470070 748
1470080 747
1470090 745
1470100 745
1470110 744
1470120 743
1470130 743
1470140 741
1470150 740
1470160 740
1470170 738
1470180 737
1470190 737
1470200 736
1470210 734
1470220 734
1470230 734
1470240 733
1470250 733
1470260 732
1470270 731
1470280 731
1470290 730
1470300 726
1470310 722
1470320 722
1470330 720
1470340 718
1470350 718
1470360 716
1470370 714
1470380 714
1470390 713
1470400 712
1470410 712
1470420 709
1470430 707
1470440 707
1470450 706
1470460 705
1470470 705
1470480 705
1470490 706
1470500 706
1470510 705
1470520 705
1470530 705
1470540 705
1470550 705
1470560 705
1470570 705
1470580 705
1470590 705
1470600 705
1470610 705
1470620 705
1470630 704
1470640 704
1470650 704
1470660 704
1470670 704
1470680 704
1470690 704
1470700 706
1470710 707
1470720 707
1470730 707
1470740 705
1470750 705
1470760 705
1470770 707
1470780 707
1470790 709
1470800 709
1470810 709
1470820 709
1470830 711
1470840 711
1470850 713
1470860 712
1470870 712
1470880 709
1470890 706
1470900 706
1470910 703
1470920 701
1470930 701
1470940 698
1470950 696
1470960 696
1470970 693
1470980 691
1470990 691
1471000 689
1471010 688
1471020 688
1471030 687
1471040 686
1471050 685
1471060 685
1471070 684
1471080 684
1471090 684
1471100 682
1471110 681
1471120 681
1471130 680
1471140 679
1471150 679
1471160 677
1471170 675
1471180 675
1471190 673
1471200 670
1471210 670
1471220 667
1471230 663
1471240 663
1471250 660
1471260 656
1471270 656
1471280 652
1471290 649
1471300 649
1471310 646
1471320 644
1471330 644
1471340 642
1471350 641
1471360 641
1471370 640
1471380 639
1471390 639
1471400 637
1471410 635
1471420 632
1471430 632
1471440 630
1471450 628
1471460 628
1471470 626
1471480 624
1471490 624
1471500 622
1471510 620
1471520 620
1471530 619
1471540 617
1471550 617
1471560 614
1471570 612
1471580 612
1471590 612
1471600 611
1471610 611
1471620 610
1471630 609
1471640 609
1471650 608
1471660 606
1471670 606
1471680 604
1471690 602
1471700 602
1471710 599
1471720 596
1471730 596
1471740 593
1471750 591
1471760 591
1471770 591
1471780 590
1471790 590
1471800 590
1471810 589
1471820 592
1471830 592
1471840 596
1471850 597
1471860 597
1471870 599
1471880 601
1471890 601
1471900 602
1471910 603
1471920 603
1471930 605
1471940 606
1471950 606
1471960 609
1471970 610
1471980 610
1471990 611
1472000 612
1472010 612
1472020 613
1472030 613
1472040 613
1472050 615
1472060 617
1472070 617
1472080 619
1472090 621
1472100 621
1472110 623
1472120 626
1472130 626
1472140 629
1472150 633
1472160 637
1472170 637
1472180 639
1472190 640
1472200 640
1472210 638
1472220 638
1472230 638
1472240 640
1472250 641
1472260 641
1472270 637
1472280 639
1472290 639
1472300 645
1472310 653
1472320 653
1472330 667
1472340 671
1472350 671
1472360 672
1472370 671
1472380 671
1472390 670
1472400 669
1472410 669
1472420 668
1472430 666
1472440 666
1472450 663
1472460 661
1472470 661
1472480 660
1472490 662
1472500 662
1472510 660
1472520 657
1472530 656
1472540 656
1472550 658
1472560 662
1472570 662
1472580 667
1472590 674
1472600 674
1472610 680
1472620 685
1472630 685
1472640 687
1472650 687
1472660 687
1472670 686
1472680 683
1472690 683
1472700 679
1472710 675
1472720 675
1472730 672
1472740 668
1472750 668
1472760 664
1472770 663
1472780 663
1472790 662
1472800 662
1472810 662
1472820 659
1472830 661
1472840 661
1472850 665
1472860 668
1472870 668
1472880 670
1472890 673
1472900 673
1472910 675
1472920 677
1472930 679
1472940 679
1472950 680
1472960 683
1472970 683
1472980 689
1472990 695
1473000 695
1473010 701
1473020 708
1473030 708
1473040 716
1473050 723
1473060 723
1473070 730
1473080 738
1473090 738
1473100 752
1473110 759
1473120 759
1473130 763
1473140 768
1473150 768
1473160 773
1473170 779
1473180 779
1473190 789
1473200 795
1473210 795
1473220 805
1473230 817
1473240 817
1473250 837
1473260 843
1473270 843
1473280 852
1473290 858
1473300 862
1473310 862
1473320 866
1473330 867
1473340 867
1473350 863
1473360 858
1473370 858
1473380 853
1473390 848
1473400 848
1473410 842
1473420 834
1473430 834
1473440 799
1473450 779
1473460 779
1473470 765
1473480 759
1473490 759
1473500 753
1473510 761
1473520 761
1473530 763
1473540 764
1473550 764
1473560 767
1473570 770
1473580 770
1473590 769
1473600 771
1473610 771
1473620 780
1473630 784
1473640 784
1473650 785
1473660 785
1473670 784
1473680 784
1473690 785
1473700 789
1473710 789
1473720 791
1473730 790
1473740 790
1473750 786
1473760 781
1473770 781
1473780 778
1473790 776
1473800 776
1473810 772
1473820 768
1473830 768
1473840 765
1473850 763
1473860 763
1473870 760
1473880 756
1473890 756
1473900 753
1473910 750
1473920 750
1473930 746
1473940 741
1473950 741
1473960 736
1473970 732
1473980 732
1473990 730
1474000 724
1474010 724
1474020 717
1474030 710
1474040 705
1474050 705
1474060 700
1474070 697
1474080 697
1474090 691
1474100 679
1474110 679
1474120 667
1474130 657
1474140 657
1474150 648
1474160 640
1474170 640
1474180 631
1474190 624
1474200 624
1474210 619
1474220 612
1474230 612
1474240 606
1474250 600
1474260 600
1474270 594
1474280 586
1474290 586
1474300 577
1474310 570
1474320 570
1474330 566
1474340 564
1474350 564
1474360 561
1474370 559
1474380 559
1474390 557
1474400 554
1474410 552
1474420 552
1474430 549
1474440 543
1474450 543
1474460 534
1474470 531
1474480 531
1474490 530
1474500 529
1474510 529
1474520 528
1474530 527
1474540 527
1474550 527
1474560 526
1474570 526
1474580 526
1474590 525
1474600 525
1474610 525
1474620 524
1474630 524
1474640 524
1474650 523
1474660 523
1474670 523
1474680 523
1474690 523
1474700 523
1474710 523
1474720 523
1474730 523
1474740 524
1474750 524
1474760 524
1474770 524
1474780 524
1474790 524
1474800 524
1474810 524
1474820 524
1474830 524
1474840 524
1474850 524
1474860 524
1474870 525
1474880 525
1474890 525
1474900 525
1474910 525
1474920 525
1474930 525
1474940 525
1474950 525
1474960 526
1474970 526
1474980 526
1474990 526
1475000 526
1475010 526
1475020 526
1475030 526
1475040 526
1475050 526
1475060 526
1475070 527
1475080 527
1475090 527
1475100 527
1475110 527
1475120 527
1475130 527
1475140 527
1475150 527
1475160 527
1475170 527
1475180 527
1475190 527
1475200 527
1475210 527
1475220 527
1475230 527
1475240 527
1475250 527
1475260 527
1475270 527
1475280 527
1475290 527
1475300 528
1475310 528
1475320 528
1475330 528
1475340 528
1475350 528
1475360 528
1475370 528
1475380 528
1475390 528
1475400 528
1475410 528
1475420 528
1475430 528
1475440 528
1475450 528
1475460 528
1475470 527
1475480 523
1475490 523
1475500 519
1475510 515
1475520 512
1475530 512
1475540 509
1475550 506
1475560 506
1475570 504
1475580 503
1475590 503
1475600 504
1475610 504
1475620 504
1475630 505
1475640 505
1475650 505
1475660 506
1475670 507
1475680 507
1475690 507
1475700 507
1475710 507
1475720 506
1475730 506
1475740 506
1475750 506
1475760 506
1475770 506
1475780 505
1475790 505
1475800 505
1475810 504
1475820 504
1475830 504
1475840 503
1475850 503
1475860 503
1475870 502
1475880 502
1475890 501
1475900 501
1475910 501
1475920 501
1475930 501
1475940 501
1475950 501
1475960 501
1475970 501
1475980 501
1475990 501
1476000 502
1476010 502
1476020 502
1476030 502
1476040 502
1476050 502
1476060 501
1476070 502
1476080 502
1476090 502
1476100 502
1476110 502
1476120 502
1476130 503
1476140 503
1476150 503
1476160 503
1476170 503
1476180 504
1476190 504
1476200 504
1476210 504
1476220 504
1476230 504
1476240 504
1476250 504
1476260 504
1476270 504
1476280 505
1476290 505
1476300 505
1476310 504
1476320 505
1476330 505
1476340 505
1476350 505
1476360 505
1476370 505
1476380 505
1476390 505
1476400 505
1476410 505
1476420 505
1476430 505
1476440 505
1476450 505
1476460 506
1476470 506
1476480 506
1476490 506
1476500 505
1476510 505
1476520 505
1476530 505
1476540 505
1476550 506
1476560 506
1476570 506
1476580 506
1476590 506
1476600 506
1476610 506
1476620 506
1476630 506
1476640 506
1476650 505
1476660 503
1476670 503
1476680 502
1476690 502
1476700 502
1476710 502
1476720 502
1476730 502
1476740 502
1476750 503
1476760 503
1476770 503
1476780 503
1476790 503
1476800 503
1476810 503
1476820 503
1476830 504
1476840 504
1476850 504
1476860 504
1476870 504
1476880 504
1476890 504
1476900 504
1476910 504
1476920 504
1476930 504
1476940 504
1476950 504
1476960 504
1476970 504
1476980 504
1476990 504
1477000 504
1477010 504
1477020 504
1477030 506
1477040 506
1477050 509
1477060 524
1477070 524
1477080 530
1477090 532
1477100 532
1477110 532
1477120 532
1477130 532
1477140 532
1477150 532
1477160 532
1477170 532
1477180 532
1477190 532
1477200 533
1477210 533
1477220 533
1477230 533
1477240 533
1477250 533
1477260 533
1477270 534
1477280 534
1477290 535
1477300 536
1477310 536
1477320 537
1477330 538
1477340 538
1477350 540
1477360 542
1477370 543
1477380 543
1477390 545
1477400 549
1477410 549
1477420 553
1477430 558
1477440 558
1477450 563
1477460 568
1477470 568
1477480 573
1477490 578
1477500 578
1477510 584
1477520 589
1477530 589
1477540 594
1477550 599
1477560 599
1477570 605
1477580 610
1477590 610
1477600 615
1477610 620
1477620 620
1477630 623
1477640 626
1477650 626
1477660 629
1477670 632
1477680 632
1477690 634
1477700 637
1477710 637
1477720 641
1477730 647
1477740 655
1477750 655
1477760 662
1477770 668
1477780 668
1477790 672
1477800 672
1477810 672
1477820 672
1477830 673
1477840 673
1477850 676
1477860 680
1477870 680
1477880 685
1477890 689
1477900 689
1477910 692
1477920 696
1477930 696
1477940 700
1477950 705
1477960 705
1477970 710
1477980 715
1477990 715
1478000 720
1478010 724
1478020 724
1478030 730
1478040 738
1478050 738
1478060 750
1478070 765
1478080 765
1478090 775
1478100 783
1478110 783
1478120 790
1478130 797
1478140 804
1478150 804
1478160 811
1478170 819
1478180 819
1478190 828
1478200 835
1478210 835
1478220 842
1478230 849
1478240 849
1478250 857
1478260 865
1478270 865
1478280 873
1478290 881
1478300 881
1478310 889
1478320 898
1478330 898
1478340 906
1478350 920
1478360 920
1478370 936
1478380 946
1478390 946
1478400 958
1478410 967
1478420 967
1478430 975
1478440 984
1478450 984
1478460 991
1478470 997
1478480 997
1478490 1005
1478500 1019
1478510 1031
1478520 1031
1478530 1040
1478540 1055
1478550 1055
1478560 1068
1478570 1075
1478580 1075
1478590 1079
1478600 1084
1478610 1084
1478620 1091
1478630 1103
1478640 1103
1478650 1109
1478660 1113
1478670 1113
1478680 1114
1478690 1115
1478700 1115
1478710 1118
1478720 1122
1478730 1122
1478740 1125
1478750 1129
1478760 1129
1478770 1134
1478780 1140
1478790 1140
1478800 1145
1478810 1151
1478820 1151
1478830 1155
1478840 1159
1478850 1159
1478860 1160
1478870 1159
1478880 1161
1478890 1161
1478900 1165
1478910 1169
1478920 1169
1478930 1174
1478940 1177
1478950 1177
1478960 1178
1478970 1178
1478980 1178
1478990 1179
1479000 1180
1479010 1180
1479020 1184
1479030 1189
1479040 1189
1479050 1194
1479060 1200
1479070 1200
1479080 1207
1479090 1216
1479100 1216
1479110 1222
1479120 1214
1479130 1214
1479140 1207
1479150 1206
1479160 1206
1479170 1207
1479180 1206
1479190 1206
1479200 1205
1479210 1204
1479220 1204
1479230 1203
1479240 1200
1479250 1196
1479260 1196
1479270 1191
1479280 1186
1479290 1186
1479300 1184
1479310 1182
1479320 1182
1479330 1181
1479340 1182
1479350 1182
1479360 1179
1479370 1168
1479380 1168
1479390 1160
1479400 1156
1479410 1156
1479420 1154
1479430 1156
1479440 1156
1479450 1163
1479460 1165
1479470 1165
1479480 1162
1479490 1157
1479500 1157
1479510 1148
1479520 1141
1479530 1141
1479540 1130
1479550 1120
1479560 1120
1479570 1113
1479580 1104
1479590 1104
1479600 1095
1479610 1091
1479620 1088
1479630 1088
1479640 1087
1479650 1088
1479660 1088
1479670 1086
1479680 1079
1479690 1079
1479700 1071
1479710 1066
1479720 1066
1479730 1061
1479740 1056
1479750 1056
1479760 1053
1479770 1056
1479780 1056
1479790 1057
1479800 1043
1479810 1043
1479820 1027
1479830 1013
1479840 1013
1479850 1008
1479860 1011
1479870 1011
1479880 1013
1479890 1014
1479900 1014
1479910 1009
1479920 1000
1479930 1000
1479940 986
1479950 977
1479960 977
1479970 968
1479980 967
1479990 966
