1460000 1838
1460010 1832
1460020 1819
1460030 1819
1460040 1813
1460050 1810
1460060 1810
1460070 1803
1460080 1792
1460090 1792
1460100 1777
1460110 1766
1460120 1766
1460130 1756
1460140 1748
1460150 1748
1460160 1735
1460170 1730
1460180 1730
1460190 1723
1460200 1717
1460210 1716
1460220 1716
1460230 1718
1460240 1717
1460250 1717
1460260 1716
1460270 1716
1460280 1716
1460290 1717
1460300 1714
1460310 1714
1460320 1716
1460330 1716
1460340 1716
1460350 1717
1460360 1716
1460370 1716
1460380 1717
1460390 1711
1460400 1711
1460410 1713
1460420 1710
1460430 1710
1460440 1706
1460450 1705
1460460 1705
1460470 1703
1460480 1704
1460490 1704
1460500 1701
1460510 1699
1460520 1699
1460530 1696
1460540 1696
1460550 1696
1460560 1697
1460570 1694
1460580 1694
1460590 1690
1460600 1688
1460610 1690
1460620 1690
1460630 1689
1460640 1685
1460650 1685
1460660 1683
1460670 1678
1460680 1678
1460690 1679
1460700 1696
1460710 1696
1460720 1701
1460730 1697
1460740 1697
1460750 1694
1460760 1691
1460770 1691
1460780 1690
1460790 1686
1460800 1686
1460810 1686
1460820 1687
1460830 1687
1460840 1690
1460850 1694
1460860 1694
1460870 1694
1460880 1694
1460890 1694
1460900 1694
1460910 1696
1460920 1696
1460930 1697
1460940 1701
1460950 1701
1460960 1711
1460970 1727
1460980 1736
1460990 1736
1461000 1741
1461010 1739
1461020 1739
1461030 1744
1461040 1745
1461050 1745
1461060 1745
1461070 1747
1461080 1747
1461090 1742
1461100 1735
1461110 1735
1461120 1730
1461130 1729
1461140 1729
1461150 1726
1461160 1718
1461170 1718
1461180 1699
1461190 1693
1461200 1693
1461210 1688
1461220 1684
1461230 1684
1461240 1679
1461250 1664
1461260 1664
1461270 1648
1461280 1640
1461290 1640
1461300 1634
1461310 1629
1461320 1629
1461330 1623
1461340 1619
1461350 1617
1461360 1617
1461370 1611
1461380 1605
1461390 1605
1461400 1602
1461410 1600
1461420 1600
1461430 1597
1461440 1595
1461450 1595
1461460 1596
1461470 1595
1461480 1595
1461490 1592
1461500 1589
1461510 1589
1461520 1587
1461530 1587
1461540 1587
1461550 1586
1461560 1585
1461570 1585
1461580 1584
1461590 1583
1461600 1583
1461610 1583
1461620 1581
1461630 1581
1461640 1579
1461650 1576
1461660 1576
1461670 1572
1461680 1568
1461690 1568
1461700 1566
1461710 1563
1461720 1563
1461730 1557
1461740 1551
1461750 1545
1461760 1545
1461770 1538
1461780 1531
1461790 1531
1461800 1524
1461810 1517
1461820 1517
1461830 1508
1461840 1498
1461850 1498
1461860 1491
1461870 1486
1461880 1486
1461890 1481
1461900 1475
1461910 1475
1461920 1469
1461930 1463
1461940 1463
1461950 1460
1461960 1459
1461970 1459
1461980 1456
1461990 1454
1462000 1454
1462010 1457
1462020 1461
1462030 1461
1462040 1463
1462050 1467
1462060 1467
1462070 1475
1462080 1478
1462090 1478
1462100 1479
1462110 1481
1462120 1480
1462130 1480
1462140 1481
1462150 1484
1462160 1484
1462170 1485
1462180 1485
1462190 1485
1462200 1484
1462210 1480
1462220 1480
1462230 1477
1462240 1461
1462250 1461
1462260 1440
1462270 1431
1462280 1431
1462290 1423
1462300 1411
1462310 1411
1462320 1390
1462330 1372
1462340 1372
1462350 1361
1462360 1348
1462370 1348
1462380 1329
1462390 1314
1462400 1314
1462410 1303
1462420 1295
1462430 1295
1462440 1287
1462450 1281
1462460 1281
1462470 1274
1462480 1267
1462490 1261
1462500 1261
1462510 1254
1462520 1248
1462530 1248
1462540 1241
1462550 1235
1462560 1235
1462570 1228
1462580 1221
1462590 1221
1462600 1213
1462610 1206
1462620 1206
1462630 1200
1462640 1194
1462650 1194
1462660 1187
1462670 1180
1462680 1180
1462690 1171
1462700 1162
1462710 1162
1462720 1147
1462730 1132
1462740 1132
1462750 1119
1462760 1115
1462770 1115
1462780 1114
1462790 1112
1462800 1112
1462810 1108
1462820 1101
1462830 1101
1462840 1094
1462850 1088
1462860 1088
1462870 1077
1462880 1062
1462890 1050
1462900 1050
1462910 1040
1462920 1027
1462930 1027
1462940 1015
1462950 1006
1462960 1006
1462970 994
1462980 983
1462990 983
1463000 969
1463010 951
1463020 951
1463030 936
1463040 919
1463050 919
1463060 897
1463070 865
1463080 865
1463090 845
1463100 837
1463110 837
1463120 829
1463130 822
1463140 822
1463150 814
1463160 806
1463170 806
1463180 799
1463190 791
1463200 791
1463210 781
1463220 766
1463230 766
1463240 746
1463250 719
1463260 685
1463270 685
1463280 667
1463290 659
1463300 659
1463310 652
1463320 645
1463330 645
1463340 639
1463350 633
1463360 633
1463370 628
1463380 622
1463390 622
1463400 615
1463410 611
1463420 611
1463430 609
1463440 606
1463450 606
1463460 603
1463470 598
1463480 598
1463490 594
1463500 590
1463510 590
1463520 586
1463530 585
1463540 585
1463550 584
1463560 584
1463570 584
1463580 584
1463590 582
1463600 582
1463610 580
1463620 578
1463630 577
1463640 577
1463650 575
1463660 572
1463670 572
1463680 571
1463690 569
1463700 569
1463710 564
1463720 557
1463730 557
1463740 550
1463750 543
1463760 543
1463770 537
1463780 530
1463790 530
1463800 523
1463810 517
1463820 517
1463830 510
1463840 504
1463850 504
1463860 498
1463870 493
1463880 493
1463890 488
1463900 485
1463910 485
1463920 483
1463930 482
1463940 482
1463950 482
1463960 481
1463970 481
1463980 481
1463990 480
1464000 479
1464010 479
1464020 479
1464030 478
1464040 478
1464050 476
1464060 474
1464070 474
1464080 474
1464090 474
1464100 474
1464110 474
1464120 475
1464130 475
1464140 475
1464150 475
1464160 475
1464170 474
1464180 474
1464190 474
1464200 475
1464210 475
1464220 475
1464230 475
1464240 475
1464250 475
1464260 475
1464270 475
1464280 475
1464290 475
1464300 475
1464310 475
1464320 475
1464330 476
1464340 476
1464350 479
1464360 480
1464370 480
1464380 480
1464390 480
1464400 477
1464410 477
1464420 475
1464430 475
1464440 475
1464450 475
1464460 475
1464470 475
1464480 475
1464490 475
1464500 475
1464510 475
1464520 476
1464530 476
1464540 480
1464550 481
1464560 481
1464570 481
1464580 481
1464590 481
1464600 482
1464610 482
1464620 482
1464630 483
1464640 484
1464650 484
1464660 485
1464670 485
1464680 485
1464690 486
1464700 486
1464710 486
1464720 486
1464730 485
1464740 485
1464750 485
1464760 485
1464770 485
1464780 485
1464790 485
1464800 485
1464810 485
1464820 481
1464830 479
1464840 479
1464850 478
1464860 479
1464870 479
1464880 479
1464890 479
1464900 479
1464910 478
1464920 478
1464930 478
1464940 478
1464950 478
1464960 478
1464970 477
1464980 477
1464990 477
1465000 476
1465010 476
1465020 476
1465030 476
1465040 475
1465050 475
1465060 470
1465070 468
1465080 468
1465090 468
1465100 468
1465110 468
1465120 467
1465130 467
1465140 467
1465150 467
1465160 466
1465170 465
1465180 465
1465190 465
1465200 465
1465210 465
1465220 465
1465230 465
1465240 465
1465250 465
1465260 465
1465270 465
1465280 466
1465290 467
1465300 467
1465310 469
1465320 469
1465330 469
1465340 469
1465350 469
1465360 469
1465370 469
1465380 469
1465390 469
1465400 469
1465410 469
1465420 469
1465430 470
1465440 470
1465450 470
1465460 470
1465470 470
1465480 470
1465490 470
1465500 470
1465510 470
1465520 471
1465530 471
1465540 471
1465550 471
1465560 471
1465570 472
1465580 472
1465590 472
1465600 471
1465610 471
1465620 471
1465630 471
1465640 471
1465650 471
1465660 471
1465670 471
1465680 472
1465690 472
1465700 472
1465710 472
1465720 473
1465730 473
1465740 473
1465750 473
1465760 473
1465770 473
1465780 474
1465790 474
1465800 476
1465810 476
1465820 476
1465830 476
1465840 476
1465850 476
1465860 476
1465870 476
1465880 476
1465890 475
1465900 474
1465910 473
1465920 473
1465930 472
1465940 472
1465950 472
1465960 472
1465970 472
1465980 472
1465990 472
1466000 472
1466010 472
1466020 472
1466030 472
1466040 472
1466050 472
1466060 473
1466070 473
1466080 473
1466090 473
1466100 473
1466110 473
1466120 472
1466130 472
1466140 472
1466150 472
1466160 472
1466170 472
1466180 472
1466190 472
1466200 472
1466210 472
1466220 472
1466230 472
1466240 472
1466250 472
1466260 473
1466270 473
1466280 472
1466290 472
1466300 472
1466310 472
1466320 472
1466330 472
1466340 472
1466350 472
1466360 472
1466370 473
1466380 473
1466390 473
1466400 473
1466410 473
1466420 473
1466430 473
1466440 473
1466450 473
1466460 473
1466470 473
1466480 473
1466490 473
1466500 473
1466510 473
1466520 473
1466530 473
1466540 474
1466550 474
1466560 474
1466570 474
1466580 474
1466590 474
1466600 474
1466610 474
1466620 474
1466630 474
1466640 474
1466650 474
1466660 474
1466670 474
1466680 474
1466690 474
1466700 474
1466710 474
1466720 474
1466730 475
1466740 476
1466750 476
1466760 475
1466770 475
1466780 475
1466790 474
1466800 474
1466810 474
1466820 474
1466830 474
1466840 474
1466850 474
1466860 474
1466870 474
1466880 474
1466890 474
1466900 474
1466910 475
1466920 475
1466930 475
1466940 475
1466950 475
1466960 475
1466970 475
1466980 474
1466990 474
1467000 474
1467010 475
1467020 475
1467030 476
1467040 476
1467050 477
1467060 477
1467070 477
1467080 478
1467090 478
1467100 477
1467110 477
1467120 477
1467130 478
1467140 483
1467150 483
1467160 485
1467170 485
1467180 485
1467190 485
1467200 484
1467210 484
1467220 485
1467230 485
1467240 485
1467250 485
1467260 485
1467270 485
1467280 485
1467290 485
1467300 485
1467310 485
1467320 485
1467330 485
1467340 485
1467350 485
1467360 485
1467370 485
1467380 485
1467390 485
1467400 485
1467410 485
1467420 486
1467430 486
1467440 485
1467450 485
1467460 485
1467470 485
1467480 482
1467490 482
1467500 478
1467510 477
1467520 477
1467530 477
1467540 477
1467550 477
1467560 477
1467570 478
1467580 478
1467590 478
1467600 478
1467610 478
1467620 478
1467630 477
1467640 477
1467650 478
1467660 478
1467670 478
1467680 478
1467690 478
1467700 478
1467710 478
1467720 478
1467730 478
1467740 478
1467750 478
1467760 478
1467770 478
1467780 478
1467790 478
1467800 478
1467810 478
1467820 479
1467830 479
1467840 478
1467850 476
1467860 476
1467870 476
1467880 476
1467890 476
1467900 477
1467910 477
1467920 477
1467930 477
1467940 478
1467950 478
1467960 479
1467970 480
1467980 480
1467990 482
1468000 483
1468010 483
1468020 484
1468030 486
1468040 486
1468050 487
1468060 489
1468070 489
1468080 494
1468090 498
1468100 498
1468110 502
1468120 504
1468130 504
1468140 506
1468150 509
1468160 509
1468170 512
1468180 515
1468190 518
1468200 518
1468210 522
1468220 527
1468230 527
1468240 530
1468250 535
1468260 535
1468270 539
1468280 542
1468290 542
1468300 543
1468310 544
1468320 544
1468330 544
1468340 542
1468350 542
1468360 537
1468370 532
1468380 532
1468390 527
1468400 524
1468410 524
1468420 523
1468430 524
1468440 524
1468450 523
1468460 524
1468470 524
1468480 525
1468490 525
1468500 525
1468510 526
1468520 526
1468530 526
1468540 526
1468550 526
1468560 528
1468570 528
1468580 528
1468590 528
1468600 528
1468610 529
1468620 529
1468630 529
1468640 530
1468650 532
1468660 532
1468670 534
1468680 535
1468690 535
1468700 537
1468710 541
1468720 541
1468730 543
1468740 545
1468750 545
1468760 548
1468770 550
1468780 550
1468790 551
1468800 553
1468810 553
1468820 554
1468830 555
1468840 555
1468850 555
1468860 556
1468870 556
1468880 557
1468890 557
1468900 557
1468910 558
1468920 559
1468930 561
1468940 561
1468950 565
1468960 573
1468970 573
1468980 579
1468990 583
1469000 583
1469010 586
1469020 589
1469030 589
1469040 591
1469050 588
1469060 588
1469070 585
1469080 581
1469090 581
1469100 578
1469110 574
1469120 574
1469130 568
1469140 563
1469150 563
1469160 557
1469170 552
1469180 552
1469190 548
1469200 544
1469210 544
1469220 540
1469230 536
1469240 536
1469250 534
1469260 531
1469270 531
1469280 530
1469290 529
1469300 529
1469310 528
1469320 528
1469330 528
1469340 528
1469350 526
1469360 524
1469370 524
1469380 520
1469390 519
1469400 519
1469410 519
1469420 518
1469430 518
1469440 516
1469450 514
1469460 514
1469470 513
1469480 510
1469490 510
1469500 507
1469510 503
1469520 503
1469530 500
1469540 496
1469550 496
1469560 493
1469570 489
1469580 489
1469590 488
1469600 488
1469610 488
1469620 487
1469630 486
1469640 486
1469650 485
1469660 485
1469670 485
1469680 485
1469690 486
1469700 487
1469710 487
1469720 488
1469730 488
1469740 488
1469750 489
1469760 488
1469770 488
1469780 486
1469790 485
1469800 485
1469810 485
1469820 487
1469830 487
1469840 491
1469850 491
1469860 491
1469870 489
1469880 494
1469890 494
1469900 495
1469910 495
1469920 495
1469930 495
1469940 496
1469950 496
1469960 497
1469970 497
1469980 497
1469990 497
1470000 498
1470010 498
1470020 501
1470030 507
1470040 507
1470050 514
1470060 521
1470070 528
1470080 528
1470090 534
1470100 535
1470110 535
1470120 534
1470130 531
1470140 531
1470150 528
1470160 526
1470170 526
1470180 526
1470190 526
1470200 526
1470210 527
1470220 528
1470230 528
1470240 527
1470250 526
1470260 526
1470270 524
1470280 512
1470290 512
1470300 499
1470310 489
1470320 489
1470330 484
1470340 484
1470350 484
1470360 484
1470370 484
1470380 484
1470390 484
1470400 484
1470410 484
1470420 485
1470430 485
1470440 485
1470450 485
1470460 485
1470470 485
1470480 485
1470490 485
1470500 485
1470510 485
1470520 485
1470530 485
1470540 485
1470550 485
1470560 484
1470570 484
1470580 484
1470590 483
1470600 483
1470610 483
1470620 483
1470630 483
1470640 483
1470650 483
1470660 483
1470670 483
1470680 484
1470690 484
1470700 484
1470710 484
1470720 484
1470730 485
1470740 485
1470750 485
1470760 486
1470770 486
1470780 486
1470790 487
1470800 487
1470810 487
1470820 487
1470830 487
1470840 486
1470850 486
1470860 486
1470870 486
1470880 486
1470890 486
1470900 486
1470910 486
1470920 486
1470930 486
1470940 486
1470950 486
1470960 485
1470970 485
1470980 485
1470990 486
1471000 486
1471010 486
1471020 486
1471030 486
1471040 486
1471050 486
1471060 486
1471070 486
1471080 486
1471090 486
1471100 486
1471110 486
1471120 486
1471130 486
1471140 486
1471150 486
1471160 486
1471170 487
1471180 487
1471190 487
1471200 487
1471210 487
1471220 487
1471230 487
1471240 487
1471250 487
1471260 487
1471270 487
1471280 487
1471290 487
1471300 487
1471310 487
1471320 487
1471330 487
1471340 487
1471350 487
1471360 487
1471370 487
1471380 487
1471390 487
1471400 487
1471410 487
1471420 487
1471430 487
1471440 487
1471450 487
1471460 487
1471470 487
1471480 487
1471490 487
1471500 487
1471510 487
1471520 487
1471530 487
1471540 487
1471550 487
1471560 488
1471570 488
1471580 488
1471590 488
1471600 488
1471610 489
1471620 489
1471630 489
1471640 490
1471650 490
1471660 490
1471670 491
1471680 491
1471690 490
1471700 489
1471710 489
1471720 489
1471730 488
1471740 488
1471750 489
1471760 489
1471770 489
1471780 489
1471790 489
1471800 489
1471810 489
1471820 489
1471830 489
1471840 489
1471850 490
1471860 490
1471870 490
1471880 490
1471890 490
1471900 490
1471910 490
1471920 490
1471930 490
1471940 490
1471950 490
1471960 490
1471970 491
1471980 491
1471990 491
1472000 491
1472010 491
1472020 491
1472030 491
1472040 492
1472050 492
1472060 492
1472070 493
1472080 493
1472090 493
1472100 495
1472110 495
1472120 495
1472130 495
1472140 495
1472150 497
1472160 498
1472170 498
1472180 502
1472190 505
1472200 505
1472210 508
1472220 509
1472230 509
1472240 509
1472250 509
1472260 509
1472270 510
1472280 511
1472290 511
1472300 510
1472310 511
1472320 511
1472330 515
1472340 519
1472350 522
1472360 522
1472370 524
1472380 526
1472390 526
1472400 529
1472410 535
1472420 535
1472430 541
1472440 543
1472450 543
1472460 546
1472470 551
1472480 551
1472490 553
1472500 554
1472510 554
1472520 556
1472530 558
1472540 558
1472550 560
1472560 561
1472570 561
1472580 560
1472590 559
1472600 559
1472610 559
1472620 560
1472630 560
1472640 562
1472650 565
1472660 565
1472670 566
1472680 569
1472690 569
1472700 571
1472710 573
1472720 574
1472730 574
1472740 574
1472750 575
1472760 575
1472770 576
1472780 577
1472790 577
1472800 578
1472810 580
1472820 580
1472830 582
1472840 584
1472850 584
1472860 586
1472870 591
1472880 591
1472890 595
1472900 601
1472910 601
1472920 605
1472930 609
1472940 609
1472950 611
1472960 612
1472970 612
1472980 612
1472990 615
1473000 615
1473010 617
1473020 619
1473030 619
1473040 619
1473050 619
1473060 619
1473070 618
1473080 618
1473090 618
1473100 618
1473110 619
1473120 620
1473130 620
1473140 622
1473150 625
1473160 625
1473170 624
1473180 623
1473190 623
1473200 621
1473210 620
1473220 620
1473230 620
1473240 620
1473250 620
1473260 619
1473270 620
1473280 620
1473290 620
1473300 620
1473310 620
1473320 620
1473330 620
1473340 620
1473350 620
1473360 620
1473370 620
1473380 619
1473390 617
1473400 617
1473410 615
1473420 614
1473430 614
1473440 611
1473450 607
1473460 607
1473470 605
1473480 603
1473490 600
1473500 600
1473510 597
1473520 596
1473530 596
1473540 595
1473550 593
1473560 593
1473570 591
1473580 589
1473590 589
1473600 587
1473610 583
1473620 583
1473630 580
1473640 576
1473650 576
1473660 571
1473670 565
1473680 565
1473690 564
1473700 567
1473710 567
1473720 571
1473730 576
1473740 576
1473750 582
1473760 587
1473770 587
1473780 589
1473790 591
1473800 591
1473810 592
1473820 592
1473830 592
1473840 591
1473850 590
1473860 587
1473870 587
1473880 583
1473890 578
1473900 578
1473910 574
1473920 571
1473930 571
1473940 571
1473950 574
1473960 574
1473970 575
1473980 576
1473990 576
1474000 577
1474010 576
1474020 576
1474030 578
1474040 580
1474050 580
1474060 581
1474070 584
1474080 584
1474090 586
1474100 589
1474110 589
1474120 591
1474130 595
1474140 595
1474150 600
1474160 603
1474170 603
1474180 607
1474190 612
1474200 612
1474210 617
1474220 629
1474230 637
1474240 637
1474250 654
1474260 672
1474270 672
1474280 675
1474290 680
1474300 680
1474310 691
1474320 698
1474330 698
1474340 699
1474350 696
1474360 696
1474370 696
1474380 700
1474390 700
1474400 705
1474410 710
1474420 710
1474430 717
1474440 726
1474450 726
1474460 729
1474470 732
1474480 732
1474490 739
1474500 744
1474510 744
1474520 749
1474530 752
1474540 752
1474550 752
1474560 756
1474570 756
1474580 763
1474590 768
1474600 776
1474610 776
1474620 783
1474630 788
1474640 788
1474650 791
1474660 793
1474670 793
1474680 798
1474690 808
1474700 808
1474710 819
1474720 836
1474730 836
1474740 848
1474750 858
1474760 858
1474770 864
1474780 872
1474790 872
1474800 882
1474810 888
1474820 888
1474830 895
1474840 912
1474850 912
1474860 933
1474870 945
1474880 945
1474890 954
1474900 960
1474910 960
1474920 969
1474930 977
1474940 977
1474950 988
1474960 995
1474970 995
1474980 1003
1474990 1011
1475000 1019
1475010 1019
1475020 1026
1475030 1033
1475040 1033
1475050 1039
1475060 1041
1475070 1041
1475080 1042
1475090 1044
1475100 1044
1475110 1045
1475120 1045
1475130 1045
1475140 1044
1475150 1040
1475160 1040
1475170 1034
1475180 1030
1475190 1030
1475200 1027
1475210 1026
1475220 1026
1475230 1032
1475240 1035
1475250 1035
1475260 1036
1475270 1038
1475280 1038
1475290 1036
1475300 1037
1475310 1037
1475320 1038
1475330 1036
1475340 1036
1475350 1032
1475360 1027
1475370 1022
1475380 1022
1475390 1017
1475400 1014
1475410 1014
1475420 1011
1475430 1008
1475440 1008
1475450 1002
1475460 995
1475470 995
1475480 989
1475490 983
1475500 983
1475510 972
1475520 961
1475530 961
1475540 953
1475550 945
1475560 945
1475570 938
1475580 931
1475590 931
1475600 924
1475610 917
1475620 917
1475630 910
1475640 903
1475650 903
1475660 899
1475670 901
1475680 901
1475690 904
1475700 906
1475710 906
1475720 905
1475730 902
1475740 899
1475750 899
1475760 897
1475770 894
1475780 894
1475790 890
1475800 887
1475810 887
1475820 888
1475830 892
1475840 892
1475850 896
1475860 901
1475870 901
1475880 905
1475890 907
1475900 907
1475910 907
1475920 905
1475930 905
1475940 905
1475950 909
1475960 909
1475970 916
1475980 921
1475990 921
1476000 925
1476010 933
1476020 933
1476030 939
1476040 945
1476050 945
1476060 950
1476070 958
1476080 958
1476090 964
1476100 965
1476110 965
1476120 962
1476130 954
1476140 949
1476150 949
1476160 946
1476170 942
1476180 942
1476190 931
1476200 922
1476210 922
1476220 913
1476230 904
1476240 904
1476250 895
1476260 887
1476270 887
1476280 879
1476290 872
1476300 872
1476310 864
1476320 857
1476330 857
1476340 831
1476350 820
1476360 820
1476370 816
1476380 812
1476390 812
1476400 800
1476410 787
1476420 787
1476430 783
1476440 781
1476450 781
1476460 776
1476470 770
1476480 770
1476490 763
1476500 756
1476510 749
1476520 749
1476530 742
1476540 734
1476550 734
1476560 725
1476570 720
1476580 720
1476590 717
1476600 713
1476610 713
1476620 704
1476630 681
1476640 681
1476650 658
1476660 649
1476670 649
1476680 640
1476690 634
1476700 634
1476710 631
1476720 628
1476730 628
1476740 621
1476750 615
1476760 615
1476770 606
1476780 597
1476790 597
1476800 588
1476810 579
1476820 579
1476830 571
1476840 563
1476850 563
1476860 555
1476870 550
1476880 549
1476890 549
1476900 548
1476910 549
1476920 549
1476930 551
1476940 553
1476950 553
1476960 552
1476970 549
1476980 549
1476990 548
1477000 547
1477010 547
1477020 548
1477030 547
1477040 547
1477050 545
1477060 541
1477070 541
1477080 536
1477090 525
1477100 525
1477110 527
1477120 548
1477130 548
1477140 553
1477150 556
1477160 556
1477170 557
1477180 559
1477190 559
1477200 560
1477210 560
1477220 560
1477230 560
1477240 562
1477250 566
1477260 566
1477270 570
1477280 574
1477290 574
1477300 577
1477310 581
1477320 581
1477330 585
1477340 590
1477350 590
1477360 594
1477370 598
1477380 598
1477390 602
1477400 607
1477410 607
1477420 611
1477430 615
1477440 615
1477450 620
1477460 626
1477470 626
1477480 630
1477490 636
1477500 636
1477510 643
1477520 648
1477530 648
1477540 653
1477550 655
1477560 655
1477570 658
1477580 663
1477590 663
1477600 662
1477610 658
1477620 658
1477630 655
1477640 653
1477650 650
1477660 650
1477670 647
1477680 644
1477690 644
1477700 641
1477710 637
1477720 637
1477730 635
1477740 633
1477750 633
1477760 632
1477770 630
1477780 630
1477790 628
1477800 625
1477810 625
1477820 623
1477830 621
1477840 621
1477850 619
1477860 617
1477870 617
1477880 615
1477890 613
1477900 613
1477910 611
1477920 608
1477930 608
1477940 606
1477950 605
1477960 605
1477970 603
1477980 601
1477990 601
1478000 600
1478010 598
1478020 596
1478030 596
1478040 595
1478050 594
1478060 594
1478070 593
1478080 592
1478090 592
1478100 589
1478110 588
1478120 588
1478130 588
1478140 587
1478150 587
1478160 586
1478170 584
1478180 584
1478190 583
1478200 582
1478210 582
1478220 582
1478230 582
1478240 582
1478250 583
1478260 583
1478270 583
1478280 582
1478290 581
1478300 581
1478310 580
1478320 578
1478330 578
1478340 578
1478350 578
1478360 578
1478370 578
1478380 577
1478390 576
1478400 576
1478410 576
1478420 576
1478430 576
1478440 577
1478450 579
1478460 579
1478470 577
1478480 577
1478490 577
1478500 578
1478510 578
1478520 578
1478530 580
1478540 577
1478550 577
1478560 575
1478570 575
1478580 575
1478590 576
1478600 575
1478610 575
1478620 575
1478630 575
1478640 575
1478650 575
1478660 575
1478670 575
1478680 575
1478690 572
1478700 572
1478710 561
1478720 552
1478730 552
1478740 547
1478750 545
1478760 545
1478770 541
1478780 539
1478790 537
1478800 537
1478810 537
1478820 537
1478830 537
1478840 539
1478850 540
1478860 540
1478870 540
1478880 542
1478890 542
1478900 544
1478910 544
1478920 544
1478930 544
1478940 544
1478950 544
1478960 544
1478970 543
1478980 543
1478990 540
1479000 539
1479010 539
1479020 539
1479030 538
1479040 538
1479050 539
1479060 539
1479070 539
1479080 540
1479090 542
1479100 542
1479110 544
1479120 546
1479130 546
1479140 547
1479150 548
1479160 550
1479170 550
1479180 553
1479190 556
1479200 556
1479210 559
1479220 561
1479230 561
1479240 561
1479250 563
1479260 563
1479270 568
1479280 574
1479290 574
1479300 581
1479310 587
1479320 587
1479330 589
1479340 590
1479350 590
1479360 590
1479370 590
1479380 590
1479390 590
1479400 590
1479410 590
1479420 590
1479430 590
1479440 590
1479450 590
1479460 589
1479470 589
1479480 590
1479490 590
1479500 590
1479510 591
1479520 592
1479530 593
1479540 593
1479550 590
1479560 581
1479570 581
1479580 577
1479590 577
1479600 577
1479610 579
1479620 580
1479630 580
1479640 582
1479650 584
1479660 584
1479670 587
1479680 589
1479690 589
1479700 592
1479710 595
1479720 595
1479730 599
1479740 603
1479750 603
1479760 607
1479770 613
1479780 613
1479790 619
1479800 625
1479810 625
1479820 631
1479830 636
1479840 636
1479850 642
1479860 647
1479870 647
1479880 653
1479890 658
1479900 664
1479910 664
1479920 669
1479930 673
1479940 673
1479950 679
1479960 684
1479970 684
1479980 689
1479990 694
