1460000 1258
1460010 1258
1460020 1249
1460030 1243
1460040 1243
1460050 1240
1460060 1237
1460070 1237
1460080 1233
1460090 1231
1460100 1231
1460110 1230
1460120 1229
1460130 1229
1460140 1226
1460150 1225
1460160 1225
1460170 1223
1460180 1222
1460190 1222
1460200 1223
1460210 1234
1460220 1234
1460230 1273
1460240 1285
1460250 1285
1460260 1291
1460270 1299
1460280 1299
1460290 1298
1460300 1290
1460310 1298
1460320 1298
1460330 1302
1460340 1305
1460350 1305
1460360 1311
1460370 1318
1460380 1318
1460390 1329
1460400 1333
1460410 1333
1460420 1334
1460430 1334
1460440 1334
1460450 1333
1460460 1345
1460470 1345
1460480 1346
1460490 1346
1460500 1346
1460510 1346
1460520 1344
1460530 1344
1460540 1336
1460550 1328
1460560 1328
1460570 1324
1460580 1322
1460590 1322
1460600 1321
1460610 1320
1460620 1320
1460630 1310
1460640 1296
1460650 1296
1460660 1290
1460670 1285
1460680 1285
1460690 1276
1460700 1265
1460710 1246
1460720 1246
1460730 1233
1460740 1232
1460750 1232
1460760 1215
1460770 1209
1460780 1209
1460790 1207
1460800 1205
1460810 1205
1460820 1207
1460830 1209
1460840 1209
1460850 1209
1460860 1209
1460870 1209
1460880 1210
1460890 1212
1460900 1212
1460910 1214
1460920 1215
1460930 1215
1460940 1215
1460950 1214
1460960 1214
1460970 1213
1460980 1215
1460990 1215
1461000 1228
1461010 1244
1461020 1244
1461030 1253
1461040 1260
1461050 1260
1461060 1264
1461070 1266
1461080 1272
1461090 1272
1461100 1279
1461110 1280
1461120 1280
1461130 1282
1461140 1290
1461150 1290
1461160 1300
1461170 1321
1461180 1321
1461190 1325
1461200 1325
1461210 1325
1461220 1331
1461230 1340
1461240 1340
1461250 1344
1461260 1345
1461270 1345
1461280 1345
1461290 1344
1461300 1344
1461310 1341
1461320 1337
1461330 1337
1461340 1334
1461350 1331
1461360 1331
1461370 1329
1461380 1328
1461390 1328
1461400 1327
1461410 1325
1461420 1325
1461430 1323
1461440 1320
1461450 1320
1461460 1317
1461470 1314
1461480 1311
1461490 1311
1461500 1308
1461510 1305
1461520 1305
1461530 1302
1461540 1298
1461550 1298
1461560 1294
1461570 1289
1461580 1289
1461590 1285
1461600 1289
1461610 1289
1461620 1292
1461630 1289
1461640 1289
1461650 1280
1461660 1275
1461670 1275
1461680 1263
1461690 1247
1461700 1247
1461710 1225
1461720 1215
1461730 1215
1461740 1211
1461750 1207
1461760 1207
1461770 1204
1461780 1201
1461790 1201
1461800 1197
1461810 1190
1461820 1190
1461830 1184
1461840 1180
1461850 1178
1461860 1178
1461870 1175
1461880 1170
1461890 1170
1461900 1166
1461910 1164
1461920 1164
1461930 1163
1461940 1161
1461950 1161
1461960 1159
1461970 1157
1461980 1157
1461990 1155
1462000 1151
1462010 1151
1462020 1142
1462030 1128
1462040 1128
1462050 1114
1462060 1104
1462070 1104
1462080 1098
1462090 1094
1462100 1094
1462110 1089
1462120 1081
1462130 1081
1462140 1072
1462150 1064
1462160 1064
1462170 1057
1462180 1050
1462190 1050
1462200 1044
1462210 1037
1462220 1037
1462230 1028
1462240 1018
1462250 1010
1462260 1010
1462270 1003
1462280 996
1462290 996
1462300 991
1462310 985
1462320 985
1462330 975
1462340 972
1462350 972
1462360 971
1462370 967
1462380 967
1462390 960
1462400 953
1462410 953
1462420 948
1462430 942
1462440 942
1462450 936
1462460 929
1462470 929
1462480 923
1462490 917
1462500 917
1462510 911
1462520 905
1462530 905
1462540 900
1462550 895
1462560 895
1462570 889
1462580 882
1462590 882
1462600 875
1462610 868
1462620 862
1462630 862
1462640 853
1462650 833
1462660 833
1462670 816
1462680 808
1462690 808
1462700 802
1462710 795
1462720 795
1462730 787
1462740 780
1462750 780
1462760 772
1462770 766
1462780 766
1462790 761
1462800 756
1462810 756
1462820 751
1462830 744
1462840 744
1462850 737
1462860 732
1462870 732
1462880 727
1462890 721
1462900 721
1462910 713
1462920 700
1462930 700
1462940 685
1462950 674
1462960 674
1462970 666
1462980 657
1462990 657
1463000 650
1463010 645
1463020 641
1463030 641
1463040 639
1463050 637
1463060 637
1463070 633
1463080 625
1463090 625
1463100 616
1463110 608
1463120 608
1463130 602
1463140 599
1463150 599
1463160 594
1463170 586
1463180 586
1463190 577
1463200 562
1463210 562
1463220 552
1463230 542
1463240 542
1463250 534
1463260 528
1463270 528
1463280 522
1463290 516
1463300 516
1463310 510
1463320 506
1463330 506
1463340 503
1463350 500
1463360 500
1463370 497
1463380 495
1463390 493
1463400 493
1463410 492
1463420 491
1463430 491
1463440 489
1463450 488
1463460 488
1463470 486
1463480 486
1463490 486
1463500 485
1463510 485
1463520 485
1463530 485
1463540 486
1463550 486
1463560 486
1463570 485
1463580 485
1463590 485
1463600 489
1463610 489
1463620 487
1463630 488
1463640 488
1463650 491
1463660 493
1463670 493
1463680 491
1463690 491
1463700 491
1463710 492
1463720 494
1463730 494
1463740 495
1463750 495
1463760 495
1463770 495
1463780 496
1463790 497
1463800 497
1463810 487
1463820 478
1463830 478
1463840 471
1463850 468
1463860 468
1463870 467
1463880 467
1463890 467
1463900 467
1463910 467
1463920 467
1463930 467
1463940 467
1463950 467
1463960 468
1463970 471
1463980 471
1463990 472
1464000 473
1464010 473
1464020 473
1464030 473
1464040 473
1464050 473
1464060 470
1464070 470
1464080 469
1464090 468
1464100 468
1464110 469
1464120 469
1464130 469
1464140 468
1464150 468
1464160 469
1464170 469
1464180 469
1464190 469
1464200 469
1464210 469
1464220 469
1464230 469
1464240 469
1464250 469
1464260 469
1464270 469
1464280 469
1464290 469
1464300 469
1464310 469
1464320 469
1464330 469
1464340 469
1464350 469
1464360 469
1464370 469
1464380 469
1464390 469
1464400 469
1464410 469
1464420 469
1464430 469
1464440 469
1464450 469
1464460 469
1464470 469
1464480 469
1464490 469
1464500 469
1464510 469
1464520 469
1464530 469
1464540 469
1464550 469
1464560 469
1464570 469
1464580 469
1464590 469
1464600 469
1464610 469
1464620 469
1464630 469
1464640 468
1464650 468
1464660 468
1464670 468
1464680 468
1464690 468
1464700 468
1464710 468
1464720 468
1464730 468
1464740 468
1464750 468
1464760 468
1464770 469
1464780 469
1464790 469
1464800 469
1464810 469
1464820 469
1464830 469
1464840 469
1464850 469
1464860 469
1464870 469
1464880 469
1464890 469
1464900 469
1464910 469
1464920 468
1464930 467
1464940 467
1464950 467
1464960 467
1464970 467
1464980 467
1464990 467
1465000 467
1465010 467
1465020 467
1465030 467
1465040 468
1465050 468
1465060 468
1465070 468
1465080 468
1465090 468
1465100 468
1465110 468
1465120 468
1465130 468
1465140 468
1465150 468
1465160 468
1465170 468
1465180 468
1465190 468
1465200 467
1465210 467
1465220 467
1465230 468
1465240 468
1465250 467
1465260 467
1465270 467
1465280 467
1465290 467
1465300 467
1465310 467
1465320 467
1465330 468
1465340 468
1465350 468
1465360 465
1465370 465
1465380 464
1465390 464
1465400 464
1465410 464
1465420 464
1465430 464
1465440 464
1465450 464
1465460 464
1465470 466
1465480 467
1465490 467
1465500 467
1465510 467
1465520 467
1465530 467
1465540 467
1465550 467
1465560 468
1465570 468
1465580 468
1465590 468
1465600 468
1465610 468
1465620 468
1465630 468
1465640 468
1465650 467
1465660 467
1465670 467
1465680 468
1465690 469
1465700 468
1465710 468
1465720 467
1465730 467
1465740 467
1465750 467
1465760 467
1465770 467
1465780 467
1465790 467
1465800 467
1465810 467
1465820 467
1465830 467
1465840 468
1465850 468
1465860 468
1465870 468
1465880 468
1465890 468
1465900 468
1465910 469
1465920 469
1465930 469
1465940 469
1465950 469
1465960 469
1465970 469
1465980 469
1465990 469
1466000 469
1466010 469
1466020 469
1466030 469
1466040 469
1466050 468
1466060 468
1466070 469
1466080 469
1466090 470
1466100 471
1466110 471
1466120 472
1466130 472
1466140 472
1466150 472
1466160 472
1466170 472
1466180 472
1466190 472
1466200 472
1466210 472
1466220 473
1466230 473
1466240 473
1466250 472
1466260 472
1466270 472
1466280 473
1466290 473
1466300 473
1466310 473
1466320 473
1466330 473
1466340 473
1466350 473
1466360 473
1466370 473
1466380 473
1466390 473
1466400 473
1466410 473
1466420 473
1466430 473
1466440 473
1466450 473
1466460 473
1466470 473
1466480 473
1466490 473
1466500 473
1466510 473
1466520 473
1466530 474
1466540 474
1466550 475
1466560 475
1466570 475
1466580 475
1466590 474
1466600 474
1466610 474
1466620 473
1466630 473
1466640 473
1466650 473
1466660 473
1466670 473
1466680 473
1466690 473
1466700 473
1466710 473
1466720 473
1466730 474
1466740 474
1466750 474
1466760 474
1466770 474
1466780 474
1466790 475
1466800 476
1466810 476
1466820 476
1466830 477
1466840 479
1466850 479
1466860 483
1466870 485
1466880 485
1466890 486
1466900 487
1466910 487
1466920 487
1466930 488
1466940 488
1466950 489
1466960 492
1466970 492
1466980 495
1466990 498
1467000 498
1467010 502
1467020 503
1467030 503
1467040 505
1467050 506
1467060 506
1467070 507
1467080 506
1467090 506
1467100 502
1467110 497
1467120 497
1467130 494
1467140 493
1467150 493
1467160 493
1467170 493
1467180 493
1467190 493
1467200 494
1467210 496
1467220 496
1467230 499
1467240 503
1467250 503
1467260 507
1467270 510
1467280 510
1467290 511
1467300 512
1467310 512
1467320 512
1467330 512
1467340 512
1467350 510
1467360 509
1467370 509
1467380 508
1467390 506
1467400 506
1467410 504
1467420 502
1467430 502
1467440 501
1467450 500
1467460 500
1467470 498
1467480 497
1467490 497
1467500 496
1467510 495
1467520 495
1467530 495
1467540 495
1467550 495
1467560 496
1467570 496
1467580 496
1467590 496
1467600 496
1467610 496
1467620 496
1467630 496
1467640 497
1467650 497
1467660 497
1467670 497
1467680 497
1467690 498
1467700 498
1467710 498
1467720 498
1467730 498
1467740 498
1467750 498
1467760 500
1467770 500
1467780 502
1467790 506
1467800 506
1467810 511
1467820 513
1467830 513
1467840 516
1467850 518
1467860 518
1467870 521
1467880 525
1467890 525
1467900 529
1467910 533
1467920 533
1467930 536
1467940 540
1467950 540
1467960 548
1467970 556
1467980 565
1467990 565
1468000 574
1468010 583
1468020 583
1468030 595
1468040 607
1468050 607
1468060 620
1468070 632
1468080 632
1468090 642
1468100 649
1468110 649
1468120 654
1468130 664
1468140 664
1468150 672
1468160 676
1468170 676
1468180 677
1468190 679
1468200 679
1468210 683
1468220 684
1468230 684
1468240 685
1468250 686
1468260 686
1468270 685
1468280 683
1468290 683
1468300 682
1468310 681
1468320 681
1468330 680
1468340 680
1468350 680
1468360 678
1468370 675
1468380 670
1468390 670
1468400 666
1468410 668
1468420 668
1468430 668
1468440 668
1468450 668
1468460 668
1468470 665
1468480 665
1468490 661
1468500 659
1468510 659
1468520 656
1468530 655
1468540 655
1468550 655
1468560 655
1468570 655
1468580 655
1468590 655
1468600 655
1468610 655
1468620 655
1468630 655
1468640 655
1468650 656
1468660 656
1468670 658
1468680 661
1468690 661
1468700 661
1468710 664
1468720 664
1468730 668
1468740 672
1468750 675
1468760 675
1468770 677
1468780 679
1468790 679
1468800 682
1468810 683
1468820 683
1468830 685
1468840 686
1468850 686
1468860 688
1468870 688
1468880 688
1468890 688
1468900 688
1468910 688
1468920 687
1468930 685
1468940 685
1468950 683
1468960 680
1468970 680
1468980 677
1468990 674
1469000 674
1469010 673
1469020 673
1469030 673
1469040 673
1469050 670
1469060 670
1469070 664
1469080 660
1469090 660
1469100 655
1469110 651
1469120 651
1469130 648
1469140 646
1469150 643
1469160 643
1469170 639
1469180 635
1469190 635
1469200 631
1469210 628
1469220 628
1469230 629
1469240 628
1469250 628
1469260 625
1469270 621
1469280 621
1469290 620
1469300 620
1469310 620
1469320 619
1469330 619
1469340 619
1469350 619
1469360 619
1469370 619
1469380 620
1469390 621
1469400 621
1469410 623
1469420 623
1469430 623
1469440 622
1469450 626
1469460 626
1469470 632
1469480 637
1469490 637
1469500 642
1469510 648
1469520 654
1469530 654
1469540 661
1469550 668
1469560 668
1469570 674
1469580 678
1469590 678
1469600 678
1469610 680
1469620 680
1469630 679
1469640 677
1469650 677
1469660 676
1469670 678
1469680 678
1469690 679
1469700 680
1469710 680
1469720 683
1469730 684
1469740 684
1469750 684
1469760 681
1469770 681
1469780 676
1469790 664
1469800 664
1469810 647
1469820 637
1469830 637
1469840 632
1469850 628
1469860 628
1469870 625
1469880 622
1469890 622
1469900 622
1469910 622
1469920 620
1469930 620
1469940 617
1469950 615
1469960 615
1469970 612
1469980 610
1469990 610
1470000 610
1470010 613
1470020 613
1470030 618
1470040 622
1470050 622
1470060 625
1470070 628
1470080 628
1470090 632
1470100 634
1470110 634
1470120 634
1470130 634
1470140 634
1470150 636
1470160 638
1470170 638
1470180 640
1470190 642
1470200 642
1470210 645
1470220 648
1470230 648
1470240 651
1470250 648
1470260 648
1470270 646
1470280 645
1470290 646
1470300 646
1470310 648
1470320 651
1470330 651
1470340 655
1470350 659
1470360 659
1470370 660
1470380 658
1470390 658
1470400 655
1470410 653
1470420 653
1470430 652
1470440 651
1470450 651
1470460 650
1470470 650
1470480 650
1470490 650
1470500 650
1470510 650
1470520 649
1470530 647
1470540 647
1470550 646
1470560 641
1470570 641
1470580 638
1470590 632
1470600 632
1470610 628
1470620 625
1470630 625
1470640 624
1470650 624
1470660 625
1470670 625
1470680 628
1470690 623
1470700 623
1470710 623
1470720 622
1470730 622
1470740 622
1470750 622
1470760 622
1470770 622
1470780 624
1470790 624
1470800 626
1470810 626
1470820 626
1470830 628
1470840 631
1470850 631
1470860 633
1470870 637
1470880 637
1470890 641
1470900 641
1470910 641
1470920 640
1470930 640
1470940 640
1470950 641
1470960 646
1470970 646
1470980 648
1470990 648
1471000 648
1471010 647
1471020 647
1471030 647
1471040 648
1471050 647
1471060 646
1471070 646
1471080 644
1471090 641
1471100 641
1471110 637
1471120 631
1471130 631
1471140 630
1471150 629
1471160 629
1471170 625
1471180 623
1471190 623
1471200 622
1471210 624
1471220 624
1471230 624
1471240 626
1471250 626
1471260 625
1471270 621
1471280 621
1471290 615
1471300 619
1471310 619
1471320 623
1471330 625
1471340 625
1471350 626
1471360 625
1471370 625
1471380 628
1471390 638
1471400 638
1471410 652
1471420 662
1471430 657
1471440 657
1471450 663
1471460 670
1471470 670
1471480 679
1471490 684
1471500 684
1471510 684
1471520 683
1471530 683
1471540 686
1471550 700
1471560 700
1471570 712
1471580 713
1471590 713
1471600 720
1471610 721
1471620 721
1471630 719
1471640 728
1471650 728
1471660 728
1471670 726
1471680 726
1471690 723
1471700 717
1471710 717
1471720 713
1471730 715
1471740 715
1471750 715
1471760 716
1471770 716
1471780 719
1471790 723
1471800 723
1471810 721
1471820 724
1471830 727
1471840 727
1471850 722
1471860 719
1471870 719
1471880 725
1471890 730
1471900 730
1471910 728
1471920 735
1471930 735
1471940 738
1471950 733
1471960 733
1471970 727
1471980 725
1471990 725
1472000 725
1472010 723
1472020 723
1472030 717
1472040 707
1472050 707
1472060 706
1472070 707
1472080 707
1472090 699
1472100 690
1472110 690
1472120 687
1472130 689
1472140 689
1472150 692
1472160 699
1472170 699
1472180 700
1472190 701
1472200 704
1472210 704
1472220 703
1472230 696
1472240 696
1472250 689
1472260 688
1472270 688
1472280 692
1472290 691
1472300 691
1472310 692
1472320 694
1472330 694
1472340 698
1472350 695
1472360 695
1472370 698
1472380 702
1472390 702
1472400 705
1472410 710
1472420 710
1472430 716
1472440 714
1472450 714
1472460 714
1472470 721
1472480 721
1472490 729
1472500 738
1472510 738
1472520 744
1472530 748
1472540 748
1472550 751
1472560 757
1472570 765
1472580 765
1472590 772
1472600 779
1472610 779
1472620 787
1472630 795
1472640 795
1472650 808
1472660 823
1472670 823
1472680 834
1472690 848
1472700 848
1472710 861
1472720 869
1472730 869
1472740 877
1472750 885
1472760 885
1472770 892
1472780 897
1472790 897
1472800 901
1472810 904
1472820 904
1472830 915
1472840 927
1472850 927
1472860 938
1472870 949
1472880 949
1472890 959
1472900 968
1472910 968
1472920 978
1472930 988
1472940 988
1472950 998
1472960 1017
1472970 1029
1472980 1029
1472990 1036
1473000 1042
1473010 1042
1473020 1050
1473030 1055
1473040 1055
1473050 1059
1473060 1060
1473070 1060
1473080 1064
1473090 1067
1473100 1067
1473110 1070
1473120 1072
1473130 1072
1473140 1074
1473150 1074
1473160 1074
1473170 1075
1473180 1075
1473190 1075
1473200 1075
1473210 1071
1473220 1071
1473230 1069
1473240 1062
1473250 1062
1473260 1055
1473270 1049
1473280 1049
1473290 1042
1473300 1035
1473310 1035
1473320 1028
1473330 1021
1473340 1015
1473350 1015
1473360 1007
1473370 989
1473380 989
1473390 976
1473400 972
1473410 972
1473420 967
1473430 956
1473440 956
1473450 943
1473460 934
1473470 934
1473480 928
1473490 932
1473500 932
1473510 937
1473520 944
1473530 944
1473540 943
1473550 937
1473560 937
1473570 934
1473580 942
1473590 942
1473600 943
1473610 939
1473620 939
1473630 935
1473640 934
1473650 934
1473660 933
1473670 937
1473680 937
1473690 941
1473700 948
1473710 948
1473720 957
1473730 965
1473740 971
1473750 971
1473760 975
1473770 980
1473780 980
1473790 985
1473800 991
1473810 991
1473820 997
1473830 999
1473840 999
1473850 1001
1473860 1002
1473870 1002
1473880 1003
1473890 1004
1473900 1004
1473910 1004
1473920 1003
1473930 1003
1473940 1001
1473950 997
1473960 997
1473970 987
1473980 978
1473990 978
1474000 971
1474010 964
1474020 964
1474030 957
1474040 951
1474050 951
1474060 943
1474070 936
1474080 936
1474090 939
1474100 944
1474110 939
1474120 939
1474130 932
1474140 925
1474150 925
1474160 918
1474170 913
1474180 913
1474190 912
1474200 915
1474210 915
1474220 912
1474230 907
1474240 907
1474250 902
1474260 897
1474270 897
1474280 892
1474290 887
1474300 887
1474310 881
1474320 875
1474330 875
1474340 869
1474350 864
1474360 864
1474370 858
1474380 852
1474390 852
1474400 847
1474410 842
1474420 842
1474430 837
1474440 835
1474450 835
1474460 831
1474470 825
1474480 825
1474490 820
1474500 813
1474510 806
1474520 806
1474530 803
1474540 796
1474550 796
1474560 797
1474570 814
1474580 814
1474590 827
1474600 832
1474610 832
1474620 840
1474630 846
1474640 846
1474650 850
1474660 855
1474670 855
1474680 861
1474690 867
1474700 867
1474710 873
1474720 879
1474730 879
1474740 885
1474750 892
1474760 892
1474770 900
1474780 907
1474790 907
1474800 915
1474810 922
1474820 922
1474830 926
1474840 930
1474850 930
1474860 933
1474870 937
1474880 945
1474890 945
1474900 953
1474910 966
1474920 966
1474930 977
1474940 993
1474950 993
1474960 1000
1474970 1025
1474980 1025
1474990 1036
1475000 1043
1475010 1043
1475020 1048
1475030 1054
1475040 1054
1475050 1060
1475060 1066
1475070 1066
1475080 1070
1475090 1073
1475100 1073
1475110 1076
1475120 1081
1475130 1081
1475140 1086
1475150 1091
1475160 1091
1475170 1094
1475180 1095
1475190 1095
1475200 1096
1475210 1097
1475220 1097
1475230 1097
1475240 1096
1475250 1091
1475260 1091
1475270 1082
1475280 1075
1475290 1075
1475300 1062
1475310 1051
1475320 1051
1475330 1037
1475340 1032
1475350 1032
1475360 1012
1475370 994
1475380 994
1475390 985
1475400 988
1475410 988
1475420 987
1475430 982
1475440 982
1475450 980
1475460 974
1475470 974
1475480 966
1475490 960
1475500 960
1475510 954
1475520 949
1475530 949
1475540 944
1475550 940
1475560 940
1475570 937
1475580 934
1475590 934
1475600 931
1475610 927
1475620 927
1475630 923
1475640 919
1475650 916
1475660 916
1475670 912
1475680 909
1475690 909
1475700 905
1475710 901
1475720 901
1475730 898
1475740 895
1475750 895
1475760 891
1475770 887
1475780 887
1475790 883
1475800 878
1475810 878
1475820 872
1475830 865
1475840 865
1475850 858
1475860 850
1475870 850
1475880 842
1475890 832
1475900 832
1475910 827
1475920 822
1475930 822
1475940 819
1475950 815
1475960 815
1475970 809
1475980 800
1475990 800
1476000 793
1476010 789
1476020 785
1476030 785
1476040 781
1476050 779
1476060 779
1476070 777
1476080 774
1476090 774
1476100 771
1476110 767
1476120 767
1476130 765
1476140 764
1476150 764
1476160 764
1476170 764
1476180 764
1476190 764
1476200 762
1476210 762
1476220 760
1476230 756
1476240 756
1476250 751
1476260 746
1476270 746
1476280 743
1476290 742
1476300 742
1476310 741
1476320 741
1476330 741
1476340 742
1476350 745
1476360 745
1476370 748
1476380 753
1476390 753
1476400 753
1476410 751
1476420 748
1476430 748
1476440 745
1476450 743
1476460 743
1476470 744
1476480 747
1476490 747
1476500 745
1476510 740
1476520 740
1476530 736
1476540 735
1476550 735
1476560 734
1476570 730
1476580 730
1476590 728
1476600 726
1476610 726
1476620 723
1476630 717
1476640 717
1476650 710
1476660 704
1476670 704
1476680 694
1476690 685
1476700 685
1476710 678
1476720 671
1476730 671
1476740 665
1476750 658
1476760 658
1476770 650
1476780 644
1476790 640
1476800 640
1476810 635
1476820 634
1476830 634
1476840 634
1476850 634
1476860 634
1476870 633
1476880 631
1476890 631
1476900 630
1476910 630
1476920 630
1476930 630
1476940 630
1476950 630
1476960 628
1476970 626
1476980 626
1476990 623
1477000 620
1477010 620
1477020 619
1477030 617
1477040 617
1477050 616
1477060 615
1477070 615
1477080 614
1477090 613
1477100 613
1477110 613
1477120 612
1477130 612
1477140 612
1477150 611
1477160 611
1477170 609
1477180 610
1477190 612
1477200 612
1477210 609
1477220 616
1477230 616
1477240 624
1477250 632
1477260 632
1477270 641
1477280 647
1477290 647
1477300 649
1477310 653
1477320 653
1477330 657
1477340 660
1477350 660
1477360 656
1477370 651
1477380 651
1477390 646
1477400 639
1477410 639
1477420 642
1477430 650
1477440 650
1477450 656
1477460 660
1477470 660
1477480 658
1477490 656
1477500 656
1477510 661
1477520 662
1477530 662
1477540 663
1477550 663
1477560 664
1477570 664
1477580 665
1477590 665
1477600 665
1477610 666
1477620 668
1477630 668
1477640 669
1477650 669
1477660 669
1477670 670
1477680 670
1477690 670
1477700 670
1477710 670
1477720 670
1477730 669
1477740 669
1477750 669
1477760 669
1477770 670
1477780 670
1477790 671
1477800 673
1477810 673
1477820 677
1477830 680
1477840 680
1477850 683
1477860 685
1477870 685
1477880 687
1477890 690
1477900 690
1477910 692
1477920 695
1477930 697
1477940 697
1477950 700
1477960 702
1477970 702
1477980 705
1477990 707
1478000 707
1478010 710
1478020 713
1478030 713
1478040 715
1478050 718
1478060 718
1478070 721
1478080 724
1478090 724
1478100 726
1478110 727
1478120 727
1478130 729
1478140 731
1478150 731
1478160 734
1478170 736
1478180 736
1478190 739
1478200 740
1478210 740
1478220 743
1478230 747
1478240 747
1478250 748
1478260 750
1478270 750
1478280 753
1478290 755
1478300 755
1478310 757
1478320 760
1478330 764
1478340 764
1478350 769
1478360 773
1478370 773
1478380 775
1478390 778
1478400 778
1478410 780
1478420 781
1478430 781
1478440 782
1478450 784
1478460 784
1478470 785
1478480 790
1478490 790
1478500 794
1478510 798
1478520 798
1478530 801
1478540 805
1478550 805
1478560 808
1478570 810
1478580 810
1478590 813
1478600 815
1478610 815
1478620 817
1478630 819
1478640 819
1478650 820
1478660 823
1478670 823
1478680 826
1478690 828
1478700 830
1478710 830
1478720 835
1478730 839
1478740 839
1478750 840
1478760 838
1478770 838
1478780 840
1478790 843
1478800 843
1478810 843
1478820 843
1478830 843
1478840 840
1478850 839
1478860 839
1478870 839
1478880 838
1478890 838
1478900 837
1478910 834
1478920 834
1478930 833
1478940 833
1478950 833
1478960 832
1478970 830
1478980 830
1478990 829
1479000 829
1479010 829
1479020 830
1479030 832
1479040 832
1479050 832
1479060 830
1479070 830
1479080 828
1479090 827
1479100 825
1479110 825
1479120 823
1479130 820
1479140 820
1479150 817
1479160 814
1479170 814
1479180 813
1479190 811
1479200 811
1479210 808
1479220 805
1479230 805
1479240 800
1479250 795
1479260 795
1479270 794
1479280 792
1479290 792
1479300 793
1479310 792
1479320 792
1479330 789
1479340 787
1479350 787
1479360 783
1479370 780
1479380 780
1479390 775
1479400 771
1479410 771
1479420 766
1479430 762
1479440 762
1479450 757
1479460 754
1479470 751
1479480 751
1479490 747
1479500 744
1479510 744
1479520 740
1479530 734
1479540 734
1479550 726
1479560 717
1479570 717
1479580 707
1479590 701
1479600 701
1479610 696
1479620 691
1479630 691
1479640 686
1479650 682
1479660 682
1479670 679
1479680 675
1479690 675
1479700 670
1479710 663
1479720 663
1479730 656
1479740 649
1479750 649
1479760 643
1479770 637
1479780 637
1479790 631
1479800 626
1479810 626
1479820 621
1479830 617
1479840 617
1479850 613
1479860 609
1479870 606
1479880 606
1479890 602
1479900 600
1479910 600
1479920 599
1479930 596
1479940 596
1479950 595
1479960 597
1479970 597
1479980 598
1479990 598
