1460000 738
1460010 737
1460020 737
1460030 736
1460040 736
1460050 736
1460060 735
1460070 734
1460080 734
1460090 731
1460100 730
1460110 730
1460120 730
1460130 729
1460140 729
1460150 729
1460160 728
1460170 728
1460180 728
1460190 727
1460200 726
1460210 726
1460220 726
1460230 725
1460240 725
1460250 725
1460260 725
1460270 725
1460280 724
1460290 724
1460300 724
1460310 724
1460320 724
1460330 724
1460340 724
1460350 723
1460360 723
1460370 722
1460380 721
1460390 721
1460400 720
1460410 719
1460420 719
1460430 718
1460440 717
1460450 717
1460460 716
1460470 715
1460480 715
1460490 714
1460500 713
1460510 713
1460520 713
1460530 713
1460540 713
1460550 713
1460560 712
1460570 712
1460580 711
1460590 710
1460600 709
1460610 709
1460620 708
1460630 707
1460640 707
1460650 706
1460660 704
1460670 704
1460680 703
1460690 702
1460700 702
1460710 701
1460720 700
1460730 700
1460740 700
1460750 700
1460760 700
1460770 700
1460780 700
1460790 700
1460800 700
1460810 699
1460820 699
1460830 698
1460840 697
1460850 697
1460860 695
1460870 695
1460880 695
1460890 694
1460900 695
1460910 695
1460920 695
1460930 693
1460940 693
1460950 692
1460960 691
1460970 690
1460980 690
1460990 688
1461000 687
1461010 687
1461020 685
1461030 682
1461040 682
1461050 680
1461060 679
1461070 679
1461080 678
1461090 677
1461100 677
1461110 676
1461120 675
1461130 675
1461140 674
1461150 673
1461160 673
1461170 671
1461180 670
1461190 670
1461200 669
1461210 669
1461220 669
1461230 668
1461240 667
1461250 667
1461260 666
1461270 665
1461280 665
1461290 664
1461300 663
1461310 663
1461320 662
1461330 660
1461340 660
1461350 658
1461360 656
1461370 654
1461380 654
1461390 651
1461400 649
1461410 649
1461420 647
1461430 645
1461440 645
1461450 643
1461460 641
1461470 641
1461480 640
1461490 638
1461500 638
1461510 637
1461520 637
1461530 637
1461540 636
1461550 636
1461560 636
1461570 637
1461580 638
1461590 638
1461600 640
1461610 640
1461620 640
1461630 639
1461640 638
1461650 638
1461660 638
1461670 637
1461680 637
1461690 636
1461700 636
1461710 636
1461720 635
1461730 632
1461740 632
1461750 630
1461760 628
1461770 627
1461780 627
1461790 627
1461800 626
1461810 626
1461820 625
1461830 624
1461840 624
1461850 623
1461860 623
1461870 623
1461880 618
1461890 614
1461900 614
1461910 611
1461920 609
1461930 609
1461940 606
1461950 604
1461960 604
1461970 601
1461980 597
1461990 597
1462000 592
1462010 587
1462020 587
1462030 583
1462040 579
1462050 579
1462060 576
1462070 574
1462080 574
1462090 571
1462100 568
1462110 568
1462120 565
1462130 563
1462140 561
1462150 561
1462160 559
1462170 556
1462180 556
1462190 553
1462200 550
1462210 550
1462220 547
1462230 547
1462240 547
1462250 546
1462260 544
1462270 544
1462280 542
1462290 541
1462300 541
1462310 538
1462320 533
1462330 533
1462340 528
1462350 523
1462360 523
1462370 518
1462380 513
1462390 513
1462400 508
1462410 503
1462420 503
1462430 499
1462440 497
1462450 497
1462460 496
1462470 494
1462480 494
1462490 492
1462500 491
1462510 491
1462520 490
1462530 490
1462540 488
1462550 488
1462560 491
1462570 496
1462580 496
1462590 496
1462600 496
1462610 496
1462620 496
1462630 496
1462640 496
1462650 495
1462660 495
1462670 495
1462680 495
1462690 494
1462700 494
1462710 493
1462720 492
1462730 492
1462740 492
1462750 492
1462760 492
1462770 491
1462780 491
1462790 491
1462800 490
1462810 490
1462820 490
1462830 490
1462840 490
1462850 490
1462860 490
1462870 490
1462880 490
1462890 489
1462900 488
1462910 488
1462920 487
1462930 487
1462940 487
1462950 487
1462960 486
1462970 486
1462980 486
1462990 485
1463000 485
1463010 485
1463020 485
1463030 485
1463040 485
1463050 484
1463060 484
1463070 484
1463080 484
1463090 483
1463100 483
1463110 483
1463120 483
1463130 483
1463140 483
1463150 482
1463160 482
1463170 482
1463180 481
1463190 481
1463200 479
1463210 479
1463220 479
1463230 479
1463240 479
1463250 479
1463260 480
1463270 479
1463280 479
1463290 473
1463300 467
1463310 467
1463320 464
1463330 464
1463340 464
1463350 464
1463360 464
1463370 464
1463380 464
1463390 464
1463400 464
1463410 464
1463420 464
1463430 464
1463440 464
1463450 464
1463460 464
1463470 464
1463480 464
1463490 464
1463500 464
1463510 464
1463520 464
1463530 464
1463540 464
1463550 464
1463560 464
1463570 464
1463580 464
1463590 464
1463600 464
1463610 464
1463620 464
1463630 464
1463640 464
1463650 464
1463660 461
1463670 461
1463680 461
1463690 462
1463700 462
1463710 462
1463720 462
1463730 462
1463740 462
1463750 462
1463760 462
1463770 462
1463780 462
1463790 463
1463800 463
1463810 463
1463820 463
1463830 463
1463840 463
1463850 463
1463860 463
1463870 463
1463880 463
1463890 463
1463900 463
1463910 463
1463920 463
1463930 463
1463940 463
1463950 463
1463960 463
1463970 463
1463980 463
1463990 463
1464000 463
1464010 463
1464020 463
1464030 464
1464040 464
1464050 464
1464060 464
1464070 464
1464080 464
1464090 464
1464100 464
1464110 464
1464120 464
1464130 464
1464140 464
1464150 464
1464160 464
1464170 464
1464180 464
1464190 464
1464200 464
1464210 464
1464220 464
1464230 464
1464240 464
1464250 464
1464260 464
1464270 464
1464280 464
1464290 464
1464300 464
1464310 464
1464320 464
1464330 464
1464340 464
1464350 464
1464360 464
1464370 464
1464380 463
1464390 463
1464400 463
1464410 462
1464420 462
1464430 462
1464440 461
1464450 461
1464460 461
1464470 461
1464480 461
1464490 461
1464500 461
1464510 461
1464520 461
1464530 461
1464540 461
1464550 461
1464560 461
1464570 461
1464580 461
1464590 461
1464600 461
1464610 461
1464620 461
1464630 461
1464640 461
1464650 462
1464660 463
1464670 463
1464680 465
1464690 465
1464700 465
1464710 465
1464720 464
1464730 464
1464740 465
1464750 465
1464760 465
1464770 465
1464780 465
1464790 465
1464800 465
1464810 466
1464820 466
1464830 466
1464840 466
1464850 466
1464860 465
1464870 465
1464880 466
1464890 466
1464900 466
1464910 466
1464920 466
1464930 466
1464940 466
1464950 466
1464960 466
1464970 466
1464980 466
1464990 466
1465000 466
1465010 466
1465020 466
1465030 466
1465040 466
1465050 466
1465060 466
1465070 466
1465080 466
1465090 466
1465100 466
1465110 466
1465120 466
1465130 466
1465140 466
1465150 466
1465160 466
1465170 466
1465180 466
1465190 466
1465200 466
1465210 466
1465220 466
1465230 466
1465240 466
1465250 466
1465260 466
1465270 466
1465280 466
1465290 466
1465300 466
1465310 466
1465320 466
1465330 466
1465340 466
1465350 466
1465360 466
1465370 466
1465380 466
1465390 467
1465400 466
1465410 466
1465420 467
1465430 468
1465440 468
1465450 471
1465460 472
1465470 472
1465480 472
1465490 472
1465500 472
1465510 472
1465520 473
1465530 473
1465540 473
1465550 473
1465560 473
1465570 473
1465580 473
1465590 473
1465600 473
1465610 473
1465620 473
1465630 473
1465640 474
1465650 474
1465660 474
1465670 474
1465680 474
1465690 474
1465700 474
1465710 474
1465720 474
1465730 475
1465740 475
1465750 475
1465760 475
1465770 475
1465780 475
1465790 475
1465800 476
1465810 476
1465820 476
1465830 476
1465840 476
1465850 476
1465860 476
1465870 476
1465880 476
1465890 476
1465900 476
1465910 476
1465920 476
1465930 476
1465940 476
1465950 476
1465960 476
1465970 476
1465980 476
1465990 476
1466000 476
1466010 476
1466020 476
1466030 476
1466040 476
1466050 476
1466060 476
1466070 476
1466080 476
1466090 476
1466100 476
1466110 477
1466120 477
1466130 477
1466140 477
1466150 477
1466160 477
1466170 477
1466180 477
1466190 477
1466200 477
1466210 477
1466220 477
1466230 477
1466240 477
1466250 477
1466260 477
1466270 477
1466280 477
1466290 477
1466300 477
1466310 477
1466320 477
1466330 477
1466340 477
1466350 478
1466360 478
1466370 478
1466380 478
1466390 478
1466400 478
1466410 478
1466420 478
1466430 478
1466440 478
1466450 478
1466460 478
1466470 478
1466480 478
1466490 478
1466500 478
1466510 478
1466520 478
1466530 478
1466540 479
1466550 479
1466560 479
1466570 479
1466580 479
1466590 479
1466600 479
1466610 479
1466620 479
1466630 479
1466640 479
1466650 479
1466660 480
1466670 480
1466680 480
1466690 480
1466700 480
1466710 480
1466720 480
1466730 480
1466740 481
1466750 481
1466760 481
1466770 481
1466780 482
1466790 482
1466800 482
1466810 482
1466820 482
1466830 483
1466840 484
1466850 484
1466860 484
1466870 485
1466880 486
1466890 486
1466900 486
1466910 486
1466920 486
1466930 487
1466940 488
1466950 488
1466960 489
1466970 490
1466980 490
1466990 491
1467000 493
1467010 493
1467020 496
1467030 500
1467040 500
1467050 505
1467060 510
1467070 510
1467080 515
1467090 518
1467100 518
1467110 520
1467120 522
1467130 522
1467140 524
1467150 527
1467160 527
1467170 530
1467180 533
1467190 533
1467200 535
1467210 537
1467220 537
1467230 532
1467240 527
1467250 527
1467260 527
1467270 528
1467280 529
1467290 529
1467300 532
1467310 535
1467320 535
1467330 542
1467340 551
1467350 551
1467360 560
1467370 564
1467380 564
1467390 563
1467400 566
1467410 566
1467420 573
1467430 580
1467440 580
1467450 588
1467460 596
1467470 596
1467480 601
1467490 604
1467500 604
1467510 606
1467520 607
1467530 607
1467540 608
1467550 608
1467560 608
1467570 606
1467580 604
1467590 604
1467600 601
1467610 600
1467620 602
1467630 602
1467640 604
1467650 605
1467660 605
1467670 607
1467680 607
1467690 607
1467700 607
1467710 606
1467720 606
1467730 605
1467740 605
1467750 605
1467760 605
1467770 605
1467780 605
1467790 606
1467800 607
1467810 607
1467820 608
1467830 608
1467840 608
1467850 608
1467860 608
1467870 608
1467880 608
1467890 609
1467900 609
1467910 609
1467920 611
1467930 611
1467940 611
1467950 611
1467960 611
1467970 612
1467980 614
1467990 614
1468000 617
1468010 620
1468020 622
1468030 622
1468040 624
1468050 625
1468060 625
1468070 627
1468080 628
1468090 628
1468100 630
1468110 633
1468120 633
1468130 636
1468140 640
1468150 640
1468160 643
1468170 646
1468180 646
1468190 648
1468200 649
1468210 649
1468220 650
1468230 652
1468240 652
1468250 655
1468260 657
1468270 657
1468280 659
1468290 660
1468300 660
1468310 660
1468320 662
1468330 662
1468340 663
1468350 665
1468360 665
1468370 666
1468380 668
1468390 668
1468400 670
1468410 672
1468420 676
1468430 676
1468440 681
1468450 686
1468460 686
1468470 692
1468480 698
1468490 693
1468500 697
1468510 702
1468520 702
1468530 709
1468540 715
1468550 715
1468560 719
1468570 723
1468580 723
1468590 728
1468600 732
1468610 732
1468620 736
1468630 741
1468640 741
1468650 744
1468660 748
1468670 748
1468680 751
1468690 755
1468700 755
1468710 760
1468720 764
1468730 764
1468740 767
1468750 772
1468760 772
1468770 777
1468780 782
1468790 782
1468800 785
1468810 790
1468820 795
1468830 795
1468840 801
1468850 807
1468860 807
1468870 812
1468880 818
1468890 818
1468900 823
1468910 827
1468920 827
1468930 831
1468940 836
1468950 836
1468960 840
1468970 844
1468980 844
1468990 849
1469000 854
1469010 854
1469020 859
1469030 864
1469040 864
1469050 869
1469060 874
1469070 874
1469080 878
1469090 882
1469100 882
1469110 885
1469120 889
1469130 889
1469140 892
1469150 895
1469160 895
1469170 899
1469180 905
1469190 911
1469200 911
1469210 917
1469220 924
1469230 924
1469240 932
1469250 939
1469260 939
1469270 945
1469280 950
1469290 950
1469300 956
1469310 960
1469320 960
1469330 963
1469340 965
1469350 965
1469360 964
1469370 963
1469380 963
1469390 961
1469400 960
1469410 960
1469420 959
1469430 957
1469440 957
1469450 956
1469460 954
1469470 954
1469480 952
1469490 948
1469500 948
1469510 944
1469520 940
1469530 940
1469540 935
1469550 930
1469560 930
1469570 925
1469580 921
1469590 917
1469600 917
1469610 913
1469620 909
1469630 909
1469640 906
1469650 900
1469660 900
1469670 893
1469680 888
1469690 888
1469700 883
1469710 878
1469720 878
1469730 874
1469740 871
1469750 871
1469760 867
1469770 863
1469780 863
1469790 859
1469800 857
1469810 857
1469820 854
1469830 852
1469840 852
1469850 849
1469860 846
1469870 846
1469880 843
1469890 840
1469900 840
1469910 836
1469920 833
1469930 833
1469940 830
1469950 829
1469960 829
1469970 828
1469980 827
1469990 826
1470000 826
1470010 826
1470020 825
1470030 825
1470040 827
1470050 829
1470060 829
1470070 831
1470080 831
1470090 831
1470100 831
1470110 831
1470120 831
1470130 831
1470140 831
1470150 831
1470160 830
1470170 830
1470180 830
1470190 831
1470200 831
1470210 831
1470220 831
1470230 831
1470240 831
1470250 830
1470260 830
1470270 830
1470280 831
1470290 832
1470300 832
1470310 832
1470320 833
1470330 833
1470340 833
1470350 833
1470360 833
1470370 833
1470380 834
1470390 834
1470400 834
1470410 834
1470420 834
1470430 834
1470440 834
1470450 834
1470460 834
1470470 835
1470480 836
1470490 836
1470500 837
1470510 839
1470520 839
1470530 840
1470540 842
1470550 842
1470560 844
1470570 846
1470580 846
1470590 848
1470600 850
1470610 850
1470620 853
1470630 855
1470640 855
1470650 858
1470660 862
1470670 862
1470680 864
1470690 866
1470700 866
1470710 867
1470720 868
1470730 868
1470740 869
1470750 871
1470760 873
1470770 873
1470780 876
1470790 879
1470800 879
1470810 883
1470820 886
1470830 886
1470840 889
1470850 891
1470860 891
1470870 891
1470880 891
1470890 891
1470900 892
1470910 892
1470920 892
1470930 892
1470940 895
1470950 895
1470960 898
1470970 900
1470980 900
1470990 902
1471000 901
1471010 901
1471020 900
1471030 899
1471040 899
1471050 898
1471060 896
1471070 896
1471080 895
1471090 895
1471100 895
1471110 895
1471120 896
1471130 896
1471140 898
1471150 899
1471160 899
1471170 899
1471180 900
1471190 901
1471200 901
1471210 901
1471220 902
1471230 902
1471240 902
1471250 903
1471260 903
1471270 905
1471280 908
1471290 908
1471300 911
1471310 915
1471320 915
1471330 915
1471340 910
1471350 910
1471360 907
1471370 903
1471380 903
1471390 903
1471400 903
1471410 903
1471420 901
1471430 899
1471440 899
1471450 899
1471460 900
1471470 900
1471480 901
1471490 898
1471500 898
1471510 895
1471520 895
1471530 894
1471540 894
1471550 892
1471560 890
1471570 890
1471580 891
1471590 890
1471600 890
1471610 887
1471620 886
1471630 886
1471640 887
1471650 891
1471660 891
1471670 894
1471680 895
1471690 895
1471700 893
1471710 892
1471720 892
1471730 890
1471740 888
1471750 888
1471760 886
1471770 886
1471780 886
1471790 889
1471800 892
1471810 892
1471820 894
1471830 895
1471840 895
1471850 897
1471860 901
1471870 901
1471880 906
1471890 906
1471900 906
1471910 906
1471920 909
1471930 913
1471940 913
1471950 916
1471960 919
1471970 919
1471980 922
1471990 924
1472000 924
1472010 928
1472020 933
1472030 933
1472040 934
1472050 936
1472060 936
1472070 941
1472080 950
1472090 950
1472100 956
1472110 957
1472120 957
1472130 955
1472140 961
1472150 961
1472160 970
1472170 976
1472180 976
1472190 981
1472200 986
1472210 986
1472220 993
1472230 998
1472240 998
1472250 1001
1472260 1001
1472270 1001
1472280 998
1472290 997
1472300 997
1472310 999
1472320 1004
1472330 1010
1472340 1010
1472350 1016
1472360 1020
1472370 1020
1472380 1024
1472390 1030
1472400 1030
1472410 1035
1472420 1041
1472430 1041
1472440 1046
1472450 1049
1472460 1049
1472470 1053
1472480 1056
1472490 1056
1472500 1057
1472510 1057
1472520 1057
1472530 1061
1472540 1067
1472550 1067
1472560 1072
1472570 1077
1472580 1077
1472590 1083
1472600 1091
1472610 1091
1472620 1098
1472630 1105
1472640 1105
1472650 1113
1472660 1126
1472670 1126
1472680 1144
1472690 1160
1472700 1160
1472710 1175
1472720 1184
1472730 1196
1472740 1196
1472750 1211
1472760 1221
1472770 1221
1472780 1227
1472790 1236
1472800 1236
1472810 1247
1472820 1258
1472830 1258
1472840 1270
1472850 1278
1472860 1278
1472870 1286
1472880 1294
1472890 1294
1472900 1303
1472910 1311
1472920 1311
1472930 1317
1472940 1322
1472950 1322
1472960 1328
1472970 1334
1472980 1334
1472990 1338
1473000 1344
1473010 1344
1473020 1347
1473030 1347
1473040 1347
1473050 1347
1473060 1347
1473070 1347
1473080 1347
1473090 1344
1473100 1341
1473110 1341
1473120 1335
1473130 1332
1473140 1332
1473150 1326
1473160 1319
1473170 1319
1473180 1312
1473190 1316
1473200 1316
1473210 1319
1473220 1321
1473230 1321
1473240 1319
1473250 1314
1473260 1314
1473270 1313
1473280 1315
1473290 1315
1473300 1316
1473310 1319
1473320 1319
1473330 1322
1473340 1325
1473350 1325
1473360 1326
1473370 1328
1473380 1328
1473390 1328
1473400 1326
1473410 1326
1473420 1325
1473430 1325
1473440 1325
1473450 1325
1473460 1325
1473470 1325
1473480 1324
1473490 1323
1473500 1321
1473510 1321
1473520 1320
1473530 1319
1473540 1319
1473550 1320
1473560 1322
1473570 1322
1473580 1322
1473590 1322
1473600 1322
1473610 1322
1473620 1324
1473630 1324
1473640 1325
1473650 1324
1473660 1324
1473670 1324
1473680 1323
1473690 1323
1473700 1324
1473710 1323
1473720 1323
1473730 1322
1473740 1321
1473750 1321
1473760 1318
1473770 1315
1473780 1315
1473790 1314
1473800 1314
1473810 1314
1473820 1313
1473830 1312
1473840 1312
1473850 1310
1473860 1305
1473870 1305
1473880 1298
1473890 1291
1473900 1287
1473910 1287
1473920 1283
1473930 1279
1473940 1279
1473950 1275
1473960 1271
1473970 1271
1473980 1268
1473990 1265
1474000 1265
1474010 1262
1474020 1262
1474030 1262
1474040 1263
1474050 1267
1474060 1267
1474070 1271
1474080 1275
1474090 1275
1474100 1280
1474110 1284
1474120 1284
1474130 1287
1474140 1288
1474150 1288
1474160 1286
1474170 1287
1474180 1287
1474190 1287
1474200 1282
1474210 1282
1474220 1277
1474230 1276
1474240 1276
1474250 1278
1474260 1279
1474270 1282
1474280 1282
1474290 1281
1474300 1280
1474310 1280
1474320 1284
1474330 1284
1474340 1284
1474350 1282
1474360 1287
1474370 1287
1474380 1292
1474390 1301
1474400 1301
1474410 1309
1474420 1313
1474430 1313
1474440 1315
1474450 1317
1474460 1317
1474470 1318
1474480 1322
1474490 1322
1474500 1324
1474510 1324
1474520 1324
1474530 1325
1474540 1326
1474550 1326
1474560 1326
1474570 1324
1474580 1324
1474590 1321
1474600 1322
1474610 1322
1474620 1323
1474630 1324
1474640 1324
1474650 1324
1474660 1326
1474670 1329
1474680 1329
1474690 1331
1474700 1333
1474710 1333
1474720 1336
1474730 1337
1474740 1337
1474750 1336
1474760 1335
1474770 1335
1474780 1333
1474790 1330
1474800 1330
1474810 1327
1474820 1322
1474830 1322
1474840 1317
1474850 1314
1474860 1314
1474870 1311
1474880 1307
1474890 1307
1474900 1302
1474910 1295
1474920 1295
1474930 1287
1474940 1277
1474950 1277
1474960 1271
1474970 1267
1474980 1267
1474990 1261
1475000 1258
1475010 1258
1475020 1254
1475030 1252
1475040 1252
1475050 1249
1475060 1246
1475070 1241
1475080 1241
1475090 1236
1475100 1230
1475110 1230
1475120 1227
1475130 1223
1475140 1223
1475150 1216
1475160 1209
1475170 1209
1475180 1202
1475190 1195
1475200 1195
1475210 1190
1475220 1185
1475230 1185
1475240 1179
1475250 1171
1475260 1171
1475270 1161
1475280 1157
1475290 1157
1475300 1154
1475310 1150
1475320 1150
1475330 1142
1475340 1135
1475350 1135
1475360 1130
1475370 1125
1475380 1125
1475390 1119
1475400 1108
1475410 1108
1475420 1101
1475430 1096
1475440 1096
1475450 1091
1475460 1085
1475470 1076
1475480 1076
1475490 1070
1475500 1061
1475510 1061
1475520 1050
1475530 1037
1475540 1037
1475550 1027
1475560 1015
1475570 1015
1475580 1004
1475590 996
1475600 996
1475610 988
1475620 972
1475630 972
1475640 958
1475650 942
1475660 942
1475670 928
1475680 917
1475690 917
1475700 908
1475710 898
1475720 898
1475730 889
1475740 876
1475750 876
1475760 862
1475770 853
1475780 853
1475790 846
1475800 843
1475810 843
1475820 840
1475830 836
1475840 832
1475850 832
1475860 830
1475870 828
1475880 828
1475890 825
1475900 822
1475910 822
1475920 820
1475930 818
1475940 818
1475950 816
1475960 814
1475970 814
1475980 812
1475990 810
1476000 810
1476010 808
1476020 806
1476030 806
1476040 806
1476050 806
1476060 806
1476070 804
1476080 803
1476090 803
1476100 804
1476110 803
1476120 803
1476130 802
1476140 804
1476150 804
1476160 803
1476170 801
1476180 801
1476190 798
1476200 793
1476210 793
1476220 791
1476230 789
1476240 790
1476250 790
1476260 789
1476270 788
1476280 788
1476290 793
1476300 792
1476310 792
1476320 790
1476330 789
1476340 789
1476350 789
1476360 787
1476370 787
1476380 785
1476390 784
1476400 784
1476410 783
1476420 783
1476430 783
1476440 784
1476450 784
1476460 784
1476470 786
1476480 786
1476490 786
1476500 786
1476510 786
1476520 786
1476530 786
1476540 785
1476550 785
1476560 784
1476570 778
1476580 778
1476590 781
1476600 785
1476610 785
1476620 792
1476630 798
1476640 800
1476650 800
1476660 803
1476670 805
1476680 805
1476690 806
1476700 807
1476710 807
1476720 808
1476730 809
1476740 809
1476750 811
1476760 813
1476770 813
1476780 815
1476790 818
1476800 818
1476810 821
1476820 824
1476830 824
1476840 826
1476850 827
1476860 827
1476870 827
1476880 827
1476890 827
1476900 826
1476910 826
1476920 826
1476930 826
1476940 825
1476950 825
1476960 824
1476970 823
1476980 823
1476990 825
1477000 827
1477010 829
1477020 829
1477030 830
1477040 832
1477050 832
1477060 833
1477070 835
1477080 835
1477090 837
1477100 839
1477110 839
1477120 841
1477130 843
1477140 843
1477150 846
1477160 849
1477170 849
1477180 852
1477190 857
1477200 857
1477210 860
1477220 864
1477230 864
1477240 868
1477250 871
1477260 871
1477270 875
1477280 879
1477290 879
1477300 883
1477310 887
1477320 887
1477330 891
1477340 896
1477350 896
1477360 901
1477370 908
1477380 908
1477390 919
1477400 935
1477410 948
1477420 948
1477430 955
1477440 964
1477450 964
1477460 974
1477470 983
1477480 983
1477490 993
1477500 1003
1477510 1003
1477520 1007
1477530 1008
1477540 1008
1477550 1009
1477560 1013
1477570 1013
1477580 1014
1477590 1015
1477600 1015
1477610 1016
1477620 1018
1477630 1018
1477640 1020
1477650 1022
1477660 1022
1477670 1024
1477680 1024
1477690 1024
1477700 1026
1477710 1028
1477720 1028
1477730 1030
1477740 1031
1477750 1031
1477760 1031
1477770 1032
1477780 1032
1477790 1035
1477800 1036
1477810 1036
1477820 1036
1477830 1036
1477840 1037
1477850 1037
1477860 1038
1477870 1040
1477880 1040
1477890 1041
1477900 1044
1477910 1044
1477920 1044
1477930 1042
1477940 1042
1477950 1041
1477960 1041
1477970 1041
1477980 1041
1477990 1042
1478000 1042
1478010 1042
1478020 1042
1478030 1042
1478040 1041
1478050 1037
1478060 1037
1478070 1036
1478080 1033
1478090 1033
1478100 1031
1478110 1029
1478120 1029
1478130 1027
1478140 1025
1478150 1025
1478160 1022
1478170 1018
1478180 1015
1478190 1015
1478200 1013
1478210 1010
1478220 1010
1478230 1007
1478240 1005
1478250 1005
1478260 1006
1478270 1005
1478280 1005
1478290 1003
1478300 1000
1478310 1000
1478320 998
1478330 998
1478340 998
1478350 998
1478360 996
1478370 996
1478380 994
1478390 991
1478400 991
1478410 989
1478420 989
1478430 989
1478440 990
1478450 994
1478460 994
1478470 998
1478480 1002
1478490 1002
1478500 1008
1478510 1006
1478520 1006
1478530 1002
1478540 1000
1478550 1000
1478560 999
1478570 1000
1478580 998
1478590 998
1478600 995
1478610 993
1478620 993
1478630 996
1478640 1000
1478650 1000
1478660 1004
1478670 1010
1478680 1010
1478690 1010
1478700 1008
1478710 1008
1478720 1005
1478730 1004
1478740 1004
1478750 1003
1478760 999
1478770 999
1478780 996
1478790 995
1478800 995
1478810 994
1478820 992
1478830 992
1478840 994
1478850 993
1478860 993
1478870 993
1478880 990
1478890 990
1478900 983
1478910 979
1478920 979
1478930 976
1478940 976
1478950 976
1478960 976
1478970 976
1478980 977
1478990 977
1479000 976
1479010 976
1479020 976
1479030 975
1479040 972
1479050 972
1479060 964
1479070 959
1479080 959
1479090 956
1479100 953
1479110 953
1479120 951
1479130 950
1479140 950
1479150 950
1479160 950
1479170 950
1479180 951
1479190 953
1479200 953
1479210 955
1479220 957
1479230 957
1479240 958
1479250 961
1479260 961
1479270 963
1479280 965
1479290 965
1479300 967
1479310 969
1479320 969
1479330 972
1479340 975
1479350 975
1479360 978
1479370 978
1479380 978
1479390 978
1479400 980
1479410 982
1479420 982
1479430 982
1479440 980
1479450 980
1479460 980
1479470 981
1479480 981
1479490 980
1479500 976
1479510 976
1479520 970
1479530 951
1479540 951
1479550 915
1479560 902
1479570 902
1479580 897
1479590 892
1479600 892
1479610 883
1479620 874
1479630 874
1479640 866
1479650 857
1479660 857
1479670 850
1479680 843
1479690 843
1479700 836
1479710 829
1479720 829
1479730 820
1479740 803
1479750 787
1479760 787
1479770 773
1479780 765
1479790 765
1479800 759
1479810 754
1479820 754
1479830 750
1479840 744
1479850 744
1479860 738
1479870 734
1479880 734
1479890 727
1479900 719
1479910 719
1479920 711
1479930 704
1479940 704
1479950 701
1479960 699
1479970 699
1479980 692
1479990 687
