1460000 1077
1460010 1076
1460020 1075
1460030 1075
1460040 1073
1460050 1070
1460060 1070
1460070 1068
1460080 1066
1460090 1066
1460100 1063
1460110 1060
1460120 1060
1460130 1059
1460140 1058
1460150 1058
1460160 1056
1460170 1054
1460180 1054
1460190 1051
1460200 1050
1460210 1050
1460220 1048
1460230 1046
1460240 1046
1460250 1045
1460260 1043
1460270 1043
1460280 1041
1460290 1040
1460300 1038
1460310 1038
1460320 1037
1460330 1036
1460340 1036
1460350 1034
1460360 1032
1460370 1032
1460380 1031
1460390 1031
1460400 1031
1460410 1029
1460420 1028
1460430 1028
1460440 1025
1460450 1022
1460460 1022
1460470 1020
1460480 1017
1460490 1017
1460500 1013
1460510 1011
1460520 1011
1460530 1009
1460540 1007
1460550 1007
1460560 1003
1460570 1000
1460580 1000
1460590 996
1460600 993
1460610 993
1460620 991
1460630 987
1460640 987
1460650 985
1460660 983
1460670 981
1460680 981
1460690 980
1460700 980
1460710 980
1460720 979
1460730 975
1460740 975
1460750 969
1460760 965
1460770 965
1460780 962
1460790 961
1460800 961
1460810 960
1460820 959
1460830 959
1460840 958
1460850 957
1460860 957
1460870 951
1460880 942
1460890 942
1460900 935
1460910 927
1460920 927
1460930 919
1460940 912
1460950 912
1460960 906
1460970 901
1460980 901
1460990 899
1461000 897
1461010 897
1461020 895
1461030 891
1461040 891
1461050 885
1461060 879
1461070 875
1461080 875
1461090 870
1461100 865
1461110 865
1461120 860
1461130 854
1461140 854
1461150 848
1461160 842
1461170 842
1461180 837
1461190 833
1461200 833
1461210 829
1461220 826
1461230 826
1461240 823
1461250 820
1461260 820
1461270 819
1461280 818
1461290 818
1461300 815
1461310 812
1461320 812
1461330 809
1461340 804
1461350 804
1461360 799
1461370 795
1461380 795
1461390 790
1461400 784
1461410 784
1461420 778
1461430 773
1461440 773
1461450 769
1461460 765
1461470 761
1461480 761
1461490 758
1461500 755
1461510 755
1461520 751
1461530 745
1461540 745
1461550 739
1461560 734
1461570 734
1461580 730
1461590 726
1461600 726
1461610 722
1461620 717
1461630 717
1461640 713
1461650 709
1461660 709
1461670 702
1461680 694
1461690 694
1461700 687
1461710 681
1461720 681
1461730 676
1461740 673
1461750 673
1461760 672
1461770 670
1461780 670
1461790 664
1461800 657
1461810 657
1461820 653
1461830 650
1461840 650
1461850 645
1461860 637
1461870 626
1461880 626
1461890 617
1461900 610
1461910 610
1461920 604
1461930 598
1461940 598
1461950 594
1461960 591
1461970 591
1461980 589
1461990 586
1462000 586
1462010 583
1462020 577
1462030 577
1462040 571
1462050 565
1462060 565
1462070 560
1462080 555
1462090 555
1462100 551
1462110 548
1462120 548
1462130 546
1462140 546
1462150 546
1462160 545
1462170 539
1462180 539
1462190 535
1462200 531
1462210 531
1462220 527
1462230 523
1462240 523
1462250 521
1462260 518
1462270 516
1462280 516
1462290 514
1462300 511
1462310 511
1462320 510
1462330 508
1462340 508
1462350 507
1462360 506
1462370 506
1462380 504
1462390 499
1462400 499
1462410 496
1462420 493
1462430 493
1462440 489
1462450 485
1462460 485
1462470 480
1462480 476
1462490 476
1462500 473
1462510 469
1462520 469
1462530 465
1462540 463
1462550 463
1462560 465
1462570 469
1462580 469
1462590 472
1462600 472
1462610 472
1462620 472
1462630 469
1462640 469
1462650 464
1462660 462
1462670 461
1462680 461
1462690 461
1462700 461
1462710 461
1462720 461
1462730 461
1462740 461
1462750 462
1462760 462
1462770 462
1462780 462
1462790 462
1462800 462
1462810 462
1462820 462
1462830 462
1462840 462
1462850 462
1462860 462
1462870 462
1462880 462
1462890 462
1462900 462
1462910 462
1462920 462
1462930 462
1462940 462
1462950 462
1462960 461
1462970 461
1462980 462
1462990 462
1463000 462
1463010 462
1463020 461
1463030 461
1463040 461
1463050 462
1463060 461
1463070 461
1463080 461
1463090 461
1463100 461
1463110 461
1463120 461
1463130 461
1463140 461
1463150 461
1463160 461
1463170 461
1463180 461
1463190 462
1463200 462
1463210 462
1463220 462
1463230 462
1463240 462
1463250 462
1463260 462
1463270 462
1463280 462
1463290 462
1463300 462
1463310 462
1463320 462
1463330 462
1463340 462
1463350 462
1463360 462
1463370 462
1463380 462
1463390 461
1463400 461
1463410 461
1463420 462
1463430 462
1463440 462
1463450 461
1463460 459
1463470 459
1463480 459
1463490 459
1463500 459
1463510 459
1463520 459
1463530 459
1463540 459
1463550 459
1463560 459
1463570 459
1463580 460
1463590 461
1463600 461
1463610 462
1463620 462
1463630 462
1463640 462
1463650 462
1463660 462
1463670 462
1463680 462
1463690 462
1463700 462
1463710 463
1463720 463
1463730 464
1463740 462
1463750 462
1463760 462
1463770 462
1463780 462
1463790 462
1463800 462
1463810 462
1463820 462
1463830 462
1463840 462
1463850 462
1463860 462
1463870 462
1463880 462
1463890 462
1463900 462
1463910 462
1463920 462
1463930 462
1463940 462
1463950 462
1463960 463
1463970 463
1463980 463
1463990 463
1464000 463
1464010 462
1464020 463
1464030 463
1464040 463
1464050 463
1464060 463
1464070 463
1464080 464
1464090 464
1464100 464
1464110 465
1464120 465
1464130 465
1464140 467
1464150 467
1464160 470
1464170 470
1464180 470
1464190 470
1464200 469
1464210 469
1464220 469
1464230 469
1464240 469
1464250 469
1464260 469
1464270 469
1464280 469
1464290 470
1464300 470
1464310 470
1464320 470
1464330 470
1464340 470
1464350 469
1464360 469
1464370 469
1464380 470
1464390 470
1464400 470
1464410 470
1464420 470
1464430 470
1464440 470
1464450 470
1464460 470
1464470 469
1464480 469
1464490 469
1464500 469
1464510 469
1464520 469
1464530 470
1464540 469
1464550 469
1464560 470
1464570 470
1464580 470
1464590 470
1464600 470
1464610 470
1464620 469
1464630 469
1464640 470
1464650 470
1464660 470
1464670 470
1464680 470
1464690 470
1464700 470
1464710 470
1464720 470
1464730 470
1464740 470
1464750 470
1464760 470
1464770 470
1464780 470
1464790 470
1464800 470
1464810 470
1464820 470
1464830 470
1464840 470
1464850 470
1464860 470
1464870 470
1464880 470
1464890 470
1464900 470
1464910 471
1464920 471
1464930 471
1464940 471
1464950 471
1464960 471
1464970 471
1464980 471
1464990 471
1465000 471
1465010 471
1465020 471
1465030 471
1465040 471
1465050 471
1465060 471
1465070 471
1465080 471
1465090 471
1465100 471
1465110 471
1465120 471
1465130 471
1465140 471
1465150 472
1465160 472
1465170 472
1465180 472
1465190 472
1465200 472
1465210 473
1465220 473
1465230 473
1465240 473
1465250 473
1465260 473
1465270 473
1465280 473
1465290 473
1465300 473
1465310 473
1465320 473
1465330 474
1465340 474
1465350 474
1465360 474
1465370 474
1465380 474
1465390 475
1465400 475
1465410 475
1465420 475
1465430 475
1465440 475
1465450 475
1465460 475
1465470 476
1465480 476
1465490 476
1465500 476
1465510 476
1465520 476
1465530 476
1465540 476
1465550 476
1465560 476
1465570 476
1465580 476
1465590 476
1465600 476
1465610 477
1465620 477
1465630 477
1465640 477
1465650 477
1465660 477
1465670 478
1465680 478
1465690 478
1465700 478
1465710 479
1465720 479
1465730 478
1465740 478
1465750 478
1465760 479
1465770 479
1465780 479
1465790 479
1465800 478
1465810 478
1465820 479
1465830 481
1465840 481
1465850 481
1465860 481
1465870 481
1465880 481
1465890 481
1465900 481
1465910 481
1465920 481
1465930 482
1465940 482
1465950 482
1465960 482
1465970 482
1465980 482
1465990 482
1466000 482
1466010 483
1466020 483
1466030 483
1466040 483
1466050 483
1466060 483
1466070 484
1466080 484
1466090 484
1466100 484
1466110 485
1466120 485
1466130 485
1466140 487
1466150 487
1466160 489
1466170 493
1466180 493
1466190 496
1466200 500
1466210 500
1466220 503
1466230 505
1466240 506
1466250 506
1466260 505
1466270 503
1466280 503
1466290 500
1466300 498
1466310 498
1466320 496
1466330 494
1466340 494
1466350 493
1466360 493
1466370 493
1466380 492
1466390 492
1466400 492
1466410 492
1466420 492
1466430 492
1466440 492
1466450 492
1466460 492
1466470 492
1466480 492
1466490 492
1466500 492
1466510 492
1466520 492
1466530 492
1466540 492
1466550 492
1466560 493
1466570 493
1466580 493
1466590 494
1466600 494
1466610 494
1466620 495
1466630 496
1466640 497
1466650 497
1466660 498
1466670 499
1466680 499
1466690 500
1466700 503
1466710 503
1466720 505
1466730 507
1466740 507
1466750 509
1466760 511
1466770 511
1466780 514
1466790 515
1466800 515
1466810 517
1466820 519
1466830 519
1466840 522
1466850 525
1466860 525
1466870 528
1466880 529
1466890 529
1466900 529
1466910 529
1466920 529
1466930 529
1466940 530
1466950 530
1466960 530
1466970 531
1466980 531
1466990 532
1467000 533
1467010 533
1467020 533
1467030 534
1467040 534
1467050 534
1467060 534
1467070 535
1467080 535
1467090 536
1467100 536
1467110 536
1467120 536
1467130 536
1467140 536
1467150 536
1467160 536
1467170 536
1467180 537
1467190 538
1467200 538
1467210 538
1467220 539
1467230 539
1467240 539
1467250 541
1467260 541
1467270 542
1467280 543
1467290 543
1467300 545
1467310 546
1467320 546
1467330 547
1467340 549
1467350 549
1467360 550
1467370 551
1467380 551
1467390 553
1467400 553
1467410 554
1467420 554
1467430 554
1467440 555
1467450 555
1467460 555
1467470 556
1467480 556
1467490 557
1467500 558
1467510 558
1467520 559
1467530 561
1467540 561
1467550 563
1467560 565
1467570 565
1467580 567
1467590 568
1467600 568
1467610 570
1467620 571
1467630 571
1467640 572
1467650 573
1467660 573
1467670 574
1467680 574
1467690 574
1467700 574
1467710 574
1467720 574
1467730 573
1467740 573
1467750 573
1467760 573
1467770 573
1467780 573
1467790 573
1467800 574
1467810 574
1467820 574
1467830 575
1467840 576
1467850 576
1467860 577
1467870 577
1467880 577
1467890 579
1467900 580
1467910 580
1467920 582
1467930 583
1467940 583
1467950 584
1467960 584
1467970 584
1467980 585
1467990 586
1468000 586
1468010 591
1468020 602
1468030 602
1468040 610
1468050 616
1468060 616
1468070 621
1468080 626
1468090 626
1468100 628
1468110 630
1468120 630
1468130 633
1468140 636
1468150 636
1468160 639
1468170 640
1468180 640
1468190 642
1468200 644
1468210 647
1468220 647
1468230 650
1468240 653
1468250 653
1468260 657
1468270 662
1468280 662
1468290 666
1468300 670
1468310 670
1468320 673
1468330 676
1468340 676
1468350 679
1468360 681
1468370 681
1468380 683
1468390 686
1468400 686
1468410 689
1468420 693
1468430 693
1468440 695
1468450 697
1468460 697
1468470 699
1468480 702
1468490 702
1468500 705
1468510 708
1468520 708
1468530 711
1468540 711
1468550 711
1468560 712
1468570 713
1468580 713
1468590 714
1468600 715
1468610 717
1468620 717
1468630 719
1468640 722
1468650 722
1468660 725
1468670 728
1468680 728
1468690 731
1468700 736
1468710 736
1468720 742
1468730 748
1468740 748
1468750 754
1468760 758
1468770 758
1468780 762
1468790 765
1468800 765
1468810 767
1468820 769
1468830 769
1468840 771
1468850 772
1468860 772
1468870 774
1468880 777
1468890 777
1468900 780
1468910 783
1468920 783
1468930 785
1468940 787
1468950 787
1468960 789
1468970 790
1468980 790
1468990 790
1469000 790
1469010 790
1469020 790
1469030 789
1469040 788
1469050 788
1469060 789
1469070 792
1469080 792
1469090 795
1469100 798
1469110 798
1469120 801
1469130 806
1469140 806
1469150 811
1469160 814
1469170 814
1469180 813
1469190 809
1469200 809
1469210 805
1469220 802
1469230 802
1469240 800
1469250 799
1469260 799
1469270 799
1469280 799
1469290 799
1469300 799
1469310 799
1469320 799
1469330 798
1469340 798
1469350 798
1469360 797
1469370 795
1469380 795
1469390 793
1469400 791
1469410 786
1469420 786
1469430 781
1469440 774
1469450 774
1469460 765
1469470 758
1469480 758
1469490 756
1469500 756
1469510 756
1469520 753
1469530 748
1469540 748
1469550 743
1469560 738
1469570 738
1469580 733
1469590 726
1469600 726
1469610 727
1469620 733
1469630 733
1469640 742
1469650 752
1469660 752
1469670 761
1469680 772
1469690 772
1469700 787
1469710 803
1469720 803
1469730 812
1469740 813
1469750 813
1469760 825
1469770 831
1469780 831
1469790 829
1469800 833
1469810 835
1469820 835
1469830 832
1469840 835
1469850 835
1469860 833
1469870 830
1469880 830
1469890 829
1469900 827
1469910 827
1469920 826
1469930 825
1469940 825
1469950 826
1469960 828
1469970 828
1469980 829
1469990 828
1470000 828
1470010 827
1470020 825
1470030 825
1470040 822
1470050 817
1470060 817
1470070 813
1470080 808
1470090 808
1470100 803
1470110 799
1470120 799
1470130 793
1470140 783
1470150 783
1470160 779
1470170 780
1470180 781
1470190 781
1470200 780
1470210 778
1470220 778
1470230 778
1470240 777
1470250 777
1470260 777
1470270 777
1470280 777
1470290 777
1470300 777
1470310 777
1470320 777
1470330 777
1470340 777
1470350 778
1470360 779
1470370 779
1470380 780
1470390 780
1470400 780
1470410 779
1470420 778
1470430 778
1470440 778
1470450 779
1470460 779
1470470 781
1470480 782
1470490 782
1470500 783
1470510 784
1470520 784
1470530 785
1470540 786
1470550 786
1470560 787
1470570 788
1470580 789
1470590 789
1470600 790
1470610 791
1470620 791
1470630 792
1470640 793
1470650 793
1470660 794
1470670 795
1470680 795
1470690 797
1470700 798
1470710 798
1470720 799
1470730 800
1470740 800
1470750 802
1470760 802
1470770 802
1470780 802
1470790 802
1470800 802
1470810 801
1470820 801
1470830 801
1470840 803
1470850 803
1470860 803
1470870 804
1470880 805
1470890 805
1470900 806
1470910 806
1470920 806
1470930 807
1470940 807
1470950 807
1470960 807
1470970 808
1470980 809
1470990 809
1471000 811
1471010 812
1471020 812
1471030 814
1471040 815
1471050 815
1471060 816
1471070 817
1471080 817
1471090 817
1471100 820
1471110 820
1471120 822
1471130 827
1471140 827
1471150 833
1471160 833
1471170 833
1471180 834
1471190 838
1471200 838
1471210 843
1471220 848
1471230 848
1471240 851
1471250 854
1471260 854
1471270 853
1471280 854
1471290 854
1471300 855
1471310 858
1471320 858
1471330 860
1471340 863
1471350 863
1471360 864
1471370 865
1471380 866
1471390 866
1471400 867
1471410 867
1471420 867
1471430 867
1471440 868
1471450 868
1471460 871
1471470 872
1471480 872
1471490 873
1471500 874
1471510 874
1471520 874
1471530 874
1471540 874
1471550 874
1471560 874
1471570 874
1471580 880
1471590 882
1471600 882
1471610 883
1471620 883
1471630 883
1471640 888
1471650 892
1471660 892
1471670 892
1471680 895
1471690 895
1471700 900
1471710 901
1471720 901
1471730 901
1471740 902
1471750 902
1471760 906
1471770 902
1471780 901
1471790 901
1471800 902
1471810 902
1471820 902
1471830 903
1471840 907
1471850 907
1471860 914
1471870 917
1471880 917
1471890 922
1471900 924
1471910 924
1471920 925
1471930 927
1471940 927
1471950 932
1471960 934
1471970 934
1471980 933
1471990 933
1472000 933
1472010 934
1472020 935
1472030 935
1472040 935
1472050 936
1472060 936
1472070 937
1472080 937
1472090 937
1472100 936
1472110 936
1472120 936
1472130 936
1472140 935
1472150 935
1472160 934
1472170 934
1472180 934
1472190 934
1472200 934
1472210 934
1472220 934
1472230 934
1472240 935
1472250 935
1472260 937
1472270 939
1472280 939
1472290 940
1472300 941
1472310 941
1472320 943
1472330 944
1472340 944
1472350 945
1472360 947
1472370 947
1472380 949
1472390 951
1472400 951
1472410 953
1472420 955
1472430 955
1472440 956
1472450 958
1472460 958
1472470 960
1472480 961
1472490 961
1472500 963
1472510 963
1472520 963
1472530 964
1472540 965
1472550 965
1472560 966
1472570 965
1472580 963
1472590 963
1472600 961
1472610 960
1472620 960
1472630 958
1472640 956
1472650 956
1472660 954
1472670 953
1472680 953
1472690 953
1472700 952
1472710 952
1472720 950
1472730 950
1472740 950
1472750 947
1472760 946
1472770 946
1472780 946
1472790 948
1472800 948
1472810 950
1472820 951
1472830 951
1472840 955
1472850 957
1472860 957
1472870 959
1472880 958
1472890 958
1472900 958
1472910 962
1472920 962
1472930 962
1472940 961
1472950 961
1472960 961
1472970 958
1472980 956
1472990 956
1473000 954
1473010 951
1473020 951
1473030 945
1473040 942
1473050 942
1473060 941
1473070 937
1473080 937
1473090 933
1473100 926
1473110 926
1473120 929
1473130 933
1473140 933
1473150 937
1473160 939
1473170 939
1473180 939
1473190 939
1473200 939
1473210 938
1473220 939
1473230 939
1473240 939
1473250 941
1473260 941
1473270 941
1473280 940
1473290 940
1473300 939
1473310 935
1473320 935
1473330 932
1473340 928
1473350 927
1473360 927
1473370 929
1473380 932
1473390 932
1473400 934
1473410 938
1473420 938
1473430 944
1473440 948
1473450 948
1473460 951
1473470 951
1473480 951
1473490 952
1473500 952
1473510 952
1473520 952
1473530 952
1473540 952
1473550 951
1473560 952
1473570 952
1473580 954
1473590 955
1473600 955
1473610 954
1473620 953
1473630 953
1473640 950
1473650 953
1473660 953
1473670 956
1473680 952
1473690 952
1473700 952
1473710 954
1473720 954
1473730 957
1473740 957
1473750 956
1473760 956
1473770 953
1473780 948
1473790 948
1473800 948
1473810 942
1473820 942
1473830 940
1473840 940
1473850 940
1473860 942
1473870 944
1473880 944
1473890 945
1473900 947
1473910 947
1473920 951
1473930 955
1473940 955
1473950 958
1473960 959
1473970 959
1473980 959
1473990 959
1474000 959
1474010 958
1474020 957
1474030 957
1474040 955
1474050 953
1474060 953
1474070 948
1474080 941
1474090 941
1474100 933
1474110 926
1474120 926
1474130 922
1474140 919
1474150 919
1474160 919
1474170 921
1474180 920
1474190 920
1474200 918
1474210 915
1474220 915
1474230 913
1474240 909
1474250 909
1474260 906
1474270 902
1474280 902
1474290 899
1474300 897
1474310 897
1474320 896
1474330 893
1474340 893
1474350 891
1474360 889
1474370 889
1474380 887
1474390 886
1474400 886
1474410 884
1474420 883
1474430 883
1474440 882
1474450 881
1474460 881
1474470 880
1474480 878
1474490 878
1474500 877
1474510 874
1474520 874
1474530 866
1474540 864
1474550 872
1474560 872
1474570 874
1474580 873
1474590 873
1474600 872
1474610 871
1474620 871
1474630 870
1474640 868
1474650 868
1474660 866
1474670 866
1474680 866
1474690 865
1474700 864
1474710 864
1474720 863
1474730 863
1474740 863
1474750 863
1474760 862
1474770 862
1474780 861
1474790 860
1474800 860
1474810 859
1474820 858
1474830 858
1474840 857
1474850 856
1474860 856
1474870 855
1474880 855
1474890 855
1474900 854
1474910 854
1474920 854
1474930 853
1474940 852
1474950 850
1474960 850
1474970 848
1474980 846
1474990 846
1475000 843
1475010 840
1475020 840
1475030 839
1475040 838
1475050 838
1475060 837
1475070 837
1475080 837
1475090 835
1475100 834
1475110 834
1475120 834
1475130 833
1475140 833
1475150 832
1475160 830
1475170 830
1475180 827
1475190 823
1475200 823
1475210 819
1475220 816
1475230 816
1475240 811
1475250 808
1475260 808
1475270 806
1475280 805
1475290 805
1475300 805
1475310 806
1475320 806
1475330 807
1475340 808
1475350 808
1475360 808
1475370 809
1475380 810
1475390 810
1475400 811
1475410 812
1475420 812
1475430 813
1475440 814
1475450 814
1475460 816
1475470 817
1475480 817
1475490 818
1475500 820
1475510 820
1475520 821
1475530 822
1475540 822
1475550 823
1475560 823
1475570 823
1475580 825
1475590 826
1475600 826
1475610 826
1475620 826
1475630 826
1475640 825
1475650 828
1475660 828
1475670 828
1475680 828
1475690 828
1475700 828
1475710 828
1475720 828
1475730 828
1475740 828
1475750 828
1475760 828
1475770 828
1475780 828
1475790 828
1475800 828
1475810 828
1475820 828
1475830 828
1475840 828
1475850 828
1475860 829
1475870 830
1475880 830
1475890 832
1475900 834
1475910 834
1475920 836
1475930 837
1475940 837
1475950 838
1475960 836
1475970 836
1475980 833
1475990 827
1476000 827
1476010 826
1476020 831
1476030 831
1476040 837
1476050 841
1476060 841
1476070 845
1476080 850
1476090 850
1476100 854
1476110 859
1476120 859
1476130 863
1476140 867
1476150 869
1476160 869
1476170 872
1476180 874
1476190 874
1476200 878
1476210 884
1476220 884
1476230 885
1476240 890
1476250 890
1476260 894
1476270 897
1476280 897
1476290 898
1476300 899
1476310 899
1476320 901
1476330 905
1476340 905
1476350 909
1476360 916
1476370 916
1476380 923
1476390 930
1476400 930
1476410 935
1476420 939
1476430 939
1476440 944
1476450 949
1476460 949
1476470 953
1476480 958
1476490 958
1476500 962
1476510 965
1476520 966
1476530 966
1476540 967
1476550 970
1476560 970
1476570 974
1476580 978
1476590 978
1476600 982
1476610 986
1476620 986
1476630 989
1476640 993
1476650 993
1476660 996
1476670 997
1476680 997
1476690 1000
1476700 1002
1476710 1002
1476720 1004
1476730 1007
1476740 1007
1476750 1008
1476760 1005
1476770 1005
1476780 1002
1476790 1004
1476800 1004
1476810 1007
1476820 1008
1476830 1008
1476840 1009
1476850 1011
1476860 1011
1476870 1013
1476880 1017
1476890 1017
1476900 1019
1476910 1018
1476920 1018
1476930 1018
1476940 1019
1476950 1021
1476960 1021
1476970 1024
1476980 1026
1476990 1026
1477000 1026
1477010 1028
1477020 1028
1477030 1031
1477040 1035
1477050 1035
1477060 1036
1477070 1035
1477080 1035
1477090 1035
1477100 1036
1477110 1036
1477120 1039
1477130 1038
1477140 1038
1477150 1040
1477160 1042
1477170 1042
1477180 1044
1477190 1044
1477200 1044
1477210 1044
1477220 1045
1477230 1045
1477240 1045
1477250 1046
1477260 1046
1477270 1047
1477280 1049
1477290 1049
1477300 1052
1477310 1053
1477320 1054
1477330 1054
1477340 1057
1477350 1060
1477360 1060
1477370 1063
1477380 1065
1477390 1065
1477400 1068
1477410 1072
1477420 1072
1477430 1077
1477440 1081
1477450 1081
1477460 1084
1477470 1089
1477480 1089
1477490 1095
1477500 1100
1477510 1100
1477520 1103
1477530 1106
1477540 1106
1477550 1108
1477560 1110
1477570 1110
1477580 1111
1477590 1112
1477600 1112
1477610 1113
1477620 1113
1477630 1113
1477640 1114
1477650 1116
1477660 1116
1477670 1117
1477680 1118
1477690 1118
1477700 1118
1477710 1118
1477720 1119
1477730 1119
1477740 1119
1477750 1120
1477760 1120
1477770 1123
1477780 1125
1477790 1125
1477800 1127
1477810 1129
1477820 1129
1477830 1130
1477840 1132
1477850 1132
1477860 1133
1477870 1135
1477880 1135
1477890 1136
1477900 1136
1477910 1136
1477920 1136
1477930 1137
1477940 1137
1477950 1138
1477960 1140
1477970 1140
1477980 1143
1477990 1143
1478000 1143
1478010 1144
1478020 1146
1478030 1146
1478040 1148
1478050 1150
1478060 1150
1478070 1152
1478080 1155
1478090 1155
1478100 1158
1478110 1161
1478120 1162
1478130 1162
1478140 1163
1478150 1164
1478160 1164
1478170 1166
1478180 1167
1478190 1167
1478200 1170
1478210 1171
1478220 1171
1478230 1173
1478240 1174
1478250 1174
1478260 1174
1478270 1175
1478280 1175
1478290 1175
1478300 1175
1478310 1175
1478320 1175
1478330 1175
1478340 1175
1478350 1174
1478360 1174
1478370 1174
1478380 1174
1478390 1173
1478400 1173
1478410 1173
1478420 1172
1478430 1172
1478440 1171
1478450 1171
1478460 1171
1478470 1170
1478480 1169
1478490 1169
1478500 1167
1478510 1165
1478520 1164
1478530 1164
1478540 1163
1478550 1162
1478560 1162
1478570 1161
1478580 1160
1478590 1160
1478600 1158
1478610 1157
1478620 1157
1478630 1156
1478640 1154
1478650 1154
1478660 1151
1478670 1148
1478680 1148
1478690 1145
1478700 1143
1478710 1143
1478720 1140
1478730 1137
1478740 1137
1478750 1135
1478760 1133
1478770 1133
1478780 1131
1478790 1129
1478800 1129
1478810 1126
1478820 1124
1478830 1124
1478840 1122
1478850 1120
1478860 1120
1478870 1117
1478880 1113
1478890 1113
1478900 1108
1478910 1102
1478920 1095
1478930 1095
1478940 1087
1478950 1079
1478960 1079
1478970 1071
1478980 1064
1478990 1064
1479000 1057
1479010 1051
1479020 1051
1479030 1046
1479040 1041
1479050 1041
1479060 1033
1479070 1026
1479080 1026
1479090 1020
1479100 1012
1479110 1012
1479120 1005
1479130 998
1479140 998
1479150 990
1479160 983
1479170 983
1479180 975
1479190 967
1479200 967
1479210 958
1479220 948
1479230 948
1479240 938
1479250 930
1479260 930
1479270 923
1479280 919
1479290 917
1479300 917
1479310 914
1479320 910
1479330 910
1479340 906
1479350 902
1479360 902
1479370 897
1479380 893
1479390 893
1479400 888
1479410 884
1479420 884
1479430 879
1479440 875
1479450 875
1479460 870
1479470 865
1479480 865
1479490 861
1479500 857
1479510 857
1479520 851
1479530 843
1479540 843
1479550 832
1479560 821
1479570 821
1479580 811
1479590 798
1479600 798
1479610 788
1479620 777
1479630 777
1479640 767
1479650 759
1479660 759
1479670 751
1479680 742
1479690 734
1479700 734
1479710 725
1479720 720
1479730 720
1479740 719
1479750 718
1479760 718
1479770 717
1479780 720
1479790 720
1479800 723
1479810 729
1479820 729
1479830 737
1479840 746
1479850 746
1479860 755
1479870 763
1479880 763
1479890 773
1479900 787
1479910 787
1479920 797
1479930 805
1479940 805
1479950 812
1479960 819
1479970 819
1479980 827
1479990 834
