1460000 825
1460010 825
1460020 823
1460030 818
1460040 818
1460050 814
1460060 808
1460070 808
1460080 802
1460090 795
1460100 795
1460110 796
1460120 795
1460130 795
1460140 791
1460150 788
1460160 785
1460170 785
1460180 783
1460190 781
1460200 781
1460210 779
1460220 777
1460230 777
1460240 775
1460250 772
1460260 772
1460270 769
1460280 765
1460290 765
1460300 760
1460310 757
1460320 757
1460330 754
1460340 750
1460350 750
1460360 748
1460370 746
1460380 746
1460390 744
1460400 742
1460410 742
1460420 738
1460430 736
1460440 736
1460450 735
1460460 734
1460470 734
1460480 733
1460490 730
1460500 730
1460510 728
1460520 727
1460530 727
1460540 723
1460550 714
1460560 708
1460570 708
1460580 705
1460590 704
1460600 704
1460610 703
1460620 699
1460630 699
1460640 696
1460650 695
1460660 695
1460670 693
1460680 691
1460690 691
1460700 689
1460710 687
1460720 687
1460730 684
1460740 681
1460750 681
1460760 677
1460770 674
1460780 674
1460790 669
1460800 666
1460810 666
1460820 662
1460830 658
1460840 658
1460850 654
1460860 651
1460870 651
1460880 647
1460890 642
1460900 642
1460910 638
1460920 635
1460930 635
1460940 632
1460950 624
1460960 624
1460970 621
1460980 618
1460990 613
1461000 613
1461010 609
1461020 607
1461030 607
1461040 605
1461050 604
1461060 604
1461070 599
1461080 593
1461090 593
1461100 590
1461110 587
1461120 587
1461130 583
1461140 578
1461150 578
1461160 571
1461170 564
1461180 564
1461190 556
1461200 549
1461210 549
1461220 545
1461230 542
1461240 542
1461250 537
1461260 531
1461270 531
1461280 523
1461290 515
1461300 515
1461310 511
1461320 508
1461330 508
1461340 504
1461350 502
1461360 502
1461370 501
1461380 501
1461390 500
1461400 500
1461410 498
1461420 495
1461430 495
1461440 491
1461450 486
1461460 486
1461470 482
1461480 479
1461490 479
1461500 477
1461510 476
1461520 476
1461530 475
1461540 475
1461550 475
1461560 475
1461570 475
1461580 475
1461590 474
1461600 475
1461610 475
1461620 475
1461630 475
1461640 475
1461650 475
1461660 475
1461670 475
1461680 474
1461690 474
1461700 474
1461710 474
1461720 474
1461730 474
1461740 474
1461750 474
1461760 474
1461770 474
1461780 474
1461790 472
1461800 472
1461810 466
1461820 465
1461830 465
1461840 465
1461850 468
1461860 468
1461870 472
1461880 467
1461890 467
1461900 463
1461910 461
1461920 461
1461930 461
1461940 459
1461950 459
1461960 458
1461970 458
1461980 458
1461990 458
1462000 458
1462010 458
1462020 458
1462030 458
1462040 458
1462050 458
1462060 459
1462070 459
1462080 459
1462090 459
1462100 459
1462110 459
1462120 458
1462130 458
1462140 458
1462150 458
1462160 458
1462170 458
1462180 458
1462190 458
1462200 458
1462210 458
1462220 458
1462230 458
1462240 458
1462250 458
1462260 458
1462270 458
1462280 458
1462290 458
1462300 458
1462310 458
1462320 458
1462330 458
1462340 458
1462350 458
1462360 458
1462370 458
1462380 458
1462390 458
1462400 458
1462410 458
1462420 458
1462430 458
1462440 458
1462450 458
1462460 457
1462470 457
1462480 455
1462490 455
1462500 455
1462510 455
1462520 455
1462530 455
1462540 455
1462550 455
1462560 455
1462570 455
1462580 455
1462590 456
1462600 456
1462610 459
1462620 460
1462630 460
1462640 459
1462650 460
1462660 460
1462670 460
1462680 460
1462690 460
1462700 460
1462710 460
1462720 460
1462730 460
1462740 460
1462750 460
1462760 460
1462770 460
1462780 460
1462790 460
1462800 459
1462810 459
1462820 459
1462830 459
1462840 459
1462850 459
1462860 459
1462870 459
1462880 459
1462890 459
1462900 459
1462910 459
1462920 459
1462930 459
1462940 459
1462950 459
1462960 459
1462970 459
1462980 459
1462990 459
1463000 459
1463010 460
1463020 460
1463030 460
1463040 460
1463050 460
1463060 460
1463070 460
1463080 460
1463090 460
1463100 460
1463110 461
1463120 461
1463130 461
1463140 460
1463150 460
1463160 460
1463170 461
1463180 461
1463190 460
1463200 460
1463210 460
1463220 460
1463230 460
1463240 460
1463250 460
1463260 460
1463270 460
1463280 460
1463290 460
1463300 460
1463310 460
1463320 460
1463330 460
1463340 460
1463350 460
1463360 460
1463370 460
1463380 460
1463390 460
1463400 460
1463410 460
1463420 460
1463430 460
1463440 461
1463450 461
1463460 461
1463470 461
1463480 461
1463490 461
1463500 461
1463510 461
1463520 461
1463530 461
1463540 461
1463550 461
1463560 461
1463570 462
1463580 462
1463590 464
1463600 465
1463610 465
1463620 465
1463630 465
1463640 465
1463650 466
1463660 466
1463670 466
1463680 466
1463690 466
1463700 466
1463710 466
1463720 466
1463730 466
1463740 466
1463750 466
1463760 466
1463770 466
1463780 466
1463790 466
1463800 466
1463810 466
1463820 466
1463830 466
1463840 466
1463850 466
1463860 466
1463870 466
1463880 467
1463890 467
1463900 466
1463910 467
1463920 467
1463930 467
1463940 466
1463950 466
1463960 466
1463970 466
1463980 466
1463990 466
1464000 466
1464010 466
1464020 466
1464030 466
1464040 466
1464050 466
1464060 466
1464070 466
1464080 466
1464090 466
1464100 466
1464110 466
1464120 466
1464130 466
1464140 466
1464150 466
1464160 466
1464170 466
1464180 466
1464190 466
1464200 466
1464210 466
1464220 466
1464230 466
1464240 466
1464250 466
1464260 466
1464270 466
1464280 466
1464290 466
1464300 465
1464310 465
1464320 465
1464330 466
1464340 466
1464350 466
1464360 466
1464370 466
1464380 466
1464390 466
1464400 467
1464410 467
1464420 466
1464430 466
1464440 466
1464450 466
1464460 466
1464470 466
1464480 466
1464490 466
1464500 466
1464510 466
1464520 466
1464530 466
1464540 466
1464550 466
1464560 466
1464570 466
1464580 466
1464590 466
1464600 466
1464610 466
1464620 466
1464630 466
1464640 467
1464650 467
1464660 467
1464670 467
1464680 467
1464690 467
1464700 467
1464710 467
1464720 467
1464730 467
1464740 467
1464750 467
1464760 467
1464770 467
1464780 467
1464790 467
1464800 467
1464810 467
1464820 467
1464830 466
1464840 466
1464850 467
1464860 467
1464870 467
1464880 467
1464890 467
1464900 467
1464910 467
1464920 467
1464930 467
1464940 467
1464950 467
1464960 467
1464970 467
1464980 467
1464990 467
1465000 467
1465010 467
1465020 467
1465030 467
1465040 467
1465050 467
1465060 467
1465070 467
1465080 467
1465090 467
1465100 467
1465110 467
1465120 467
1465130 467
1465140 467
1465150 467
1465160 467
1465170 467
1465180 467
1465190 467
1465200 467
1465210 467
1465220 467
1465230 467
1465240 467
1465250 467
1465260 467
1465270 467
1465280 467
1465290 467
1465300 467
1465310 467
1465320 468
1465330 468
1465340 469
1465350 474
1465360 474
1465370 480
1465380 487
1465390 487
1465400 494
1465410 504
1465420 515
1465430 515
1465440 517
1465450 517
1465460 517
1465470 517
1465480 513
1465490 513
1465500 504
1465510 498
1465520 498
1465530 493
1465540 489
1465550 489
1465560 483
1465570 476
1465580 476
1465590 471
1465600 469
1465610 469
1465620 469
1465630 469
1465640 469
1465650 469
1465660 468
1465670 468
1465680 468
1465690 468
1465700 468
1465710 468
1465720 468
1465730 468
1465740 468
1465750 468
1465760 468
1465770 468
1465780 468
1465790 468
1465800 468
1465810 468
1465820 468
1465830 468
1465840 468
1465850 468
1465860 468
1465870 468
1465880 468
1465890 468
1465900 468
1465910 468
1465920 468
1465930 468
1465940 468
1465950 468
1465960 468
1465970 468
1465980 468
1465990 468
1466000 468
1466010 468
1466020 468
1466030 468
1466040 468
1466050 468
1466060 468
1466070 468
1466080 468
1466090 468
1466100 468
1466110 468
1466120 468
1466130 468
1466140 468
1466150 468
1466160 468
1466170 469
1466180 470
1466190 470
1466200 471
1466210 475
1466220 475
1466230 478
1466240 480
1466250 482
1466260 482
1466270 483
1466280 484
1466290 484
1466300 485
1466310 488
1466320 488
1466330 491
1466340 496
1466350 496
1466360 501
1466370 506
1466380 506
1466390 512
1466400 521
1466410 521
1466420 525
1466430 528
1466440 528
1466450 530
1466460 532
1466470 532
1466480 532
1466490 533
1466500 533
1466510 534
1466520 534
1466530 534
1466540 536
1466550 538
1466560 538
1466570 540
1466580 544
1466590 544
1466600 549
1466610 555
1466620 555
1466630 562
1466640 570
1466650 579
1466660 579
1466670 589
1466680 596
1466690 596
1466700 600
1466710 606
1466720 606
1466730 614
1466740 622
1466750 622
1466760 626
1466770 630
1466780 630
1466790 634
1466800 638
1466810 638
1466820 641
1466830 646
1466840 646
1466850 652
1466860 659
1466870 659
1466880 667
1466890 672
1466900 672
1466910 678
1466920 680
1466930 680
1466940 683
1466950 684
1466960 684
1466970 685
1466980 686
1466990 686
1467000 686
1467010 687
1467020 687
1467030 688
1467040 692
1467050 696
1467060 696
1467070 702
1467080 707
1467090 707
1467100 713
1467110 717
1467120 717
1467130 721
1467140 723
1467150 723
1467160 727
1467170 731
1467180 731
1467190 734
1467200 736
1467210 736
1467220 738
1467230 742
1467240 742
1467250 746
1467260 748
1467270 748
1467280 750
1467290 752
1467300 752
1467310 754
1467320 758
1467330 758
1467340 763
1467350 768
1467360 768
1467370 771
1467380 773
1467390 773
1467400 774
1467410 775
1467420 775
1467430 775
1467440 777
1467450 780
1467460 780
1467470 782
1467480 783
1467490 783
1467500 783
1467510 785
1467520 785
1467530 787
1467540 789
1467550 789
1467560 789
1467570 788
1467580 788
1467590 785
1467600 783
1467610 783
1467620 780
1467630 777
1467640 777
1467650 776
1467660 776
1467670 776
1467680 777
1467690 777
1467700 777
1467710 779
1467720 783
1467730 783
1467740 786
1467750 790
1467760 790
1467770 794
1467780 797
1467790 797
1467800 800
1467810 803
1467820 803
1467830 807
1467840 810
1467850 811
1467860 811
1467870 810
1467880 809
1467890 809
1467900 808
1467910 808
1467920 808
1467930 807
1467940 804
1467950 804
1467960 802
1467970 800
1467980 800
1467990 799
1468000 799
1468010 799
1468020 801
1468030 804
1468040 804
1468050 803
1468060 803
1468070 803
1468080 803
1468090 803
1468100 803
1468110 803
1468120 803
1468130 803
1468140 803
1468150 802
1468160 802
1468170 800
1468180 799
1468190 799
1468200 797
1468210 796
1468220 796
1468230 794
1468240 793
1468250 793
1468260 793
1468270 793
1468280 793
1468290 793
1468300 791
1468310 788
1468320 788
1468330 784
1468340 782
1468350 782
1468360 783
1468370 783
1468380 783
1468390 784
1468400 787
1468410 787
1468420 791
1468430 794
1468440 794
1468450 794
1468460 794
1468470 794
1468480 796
1468490 798
1468500 798
1468510 802
1468520 808
1468530 808
1468540 811
1468550 815
1468560 815
1468570 816
1468580 816
1468590 816
1468600 818
1468610 819
1468620 819
1468630 820
1468640 821
1468650 821
1468660 823
1468670 824
1468680 825
1468690 825
1468700 826
1468710 830
1468720 830
1468730 835
1468740 839
1468750 839
1468760 841
1468770 844
1468780 844
1468790 845
1468800 847
1468810 847
1468820 848
1468830 850
1468840 850
1468850 850
1468860 851
1468870 851
1468880 851
1468890 851
1468900 851
1468910 851
1468920 850
1468930 850
1468940 850
1468950 850
1468960 850
1468970 850
1468980 850
1468990 850
1469000 850
1469010 851
1469020 851
1469030 851
1469040 852
1469050 852
1469060 853
1469070 853
1469080 854
1469090 854
1469100 856
1469110 858
1469120 858
1469130 859
1469140 861
1469150 861
1469160 863
1469170 865
1469180 865
1469190 868
1469200 870
1469210 870
1469220 872
1469230 876
1469240 876
1469250 880
1469260 883
1469270 883
1469280 886
1469290 890
1469300 890
1469310 893
1469320 898
1469330 898
1469340 902
1469350 905
1469360 905
1469370 908
1469380 913
1469390 913
1469400 916
1469410 919
1469420 919
1469430 921
1469440 923
1469450 923
1469460 924
1469470 925
1469480 926
1469490 926
1469500 926
1469510 927
1469520 927
1469530 928
1469540 930
1469550 930
1469560 930
1469570 931
1469580 931
1469590 932
1469600 933
1469610 933
1469620 934
1469630 935
1469640 935
1469650 935
1469660 935
1469670 935
1469680 933
1469690 932
1469700 932
1469710 932
1469720 932
1469730 932
1469740 933
1469750 933
1469760 933
1469770 934
1469780 935
1469790 935
1469800 936
1469810 937
1469820 937
1469830 938
1469840 940
1469850 940
1469860 940
1469870 940
1469880 940
1469890 940
1469900 940
1469910 940
1469920 940
1469930 939
1469940 938
1469950 938
1469960 937
1469970 936
1469980 936
1469990 937
1470000 940
1470010 940
1470020 941
1470030 943
1470040 943
1470050 943
1470060 944
1470070 944
1470080 945
1470090 946
1470100 946
1470110 945
1470120 943
1470130 943
1470140 941
1470150 937
1470160 937
1470170 934
1470180 931
1470190 931
1470200 929
1470210 928
1470220 928
1470230 928
1470240 929
1470250 929
1470260 929
1470270 929
1470280 929
1470290 929
1470300 928
1470310 926
1470320 926
1470330 928
1470340 930
1470350 930
1470360 929
1470370 924
1470380 924
1470390 919
1470400 916
1470410 916
1470420 913
1470430 912
1470440 912
1470450 909
1470460 905
1470470 905
1470480 898
1470490 894
1470500 894
1470510 889
1470520 889
1470530 889
1470540 895
1470550 897
1470560 897
1470570 899
1470580 901
1470590 901
1470600 902
1470610 902
1470620 902
1470630 900
1470640 900
1470650 900
1470660 904
1470670 910
1470680 917
1470690 917
1470700 923
1470710 929
1470720 929
1470730 934
1470740 937
1470750 937
1470760 936
1470770 935
1470780 935
1470790 935
1470800 937
1470810 937
1470820 940
1470830 943
1470840 943
1470850 945
1470860 947
1470870 947
1470880 947
1470890 949
1470900 949
1470910 951
1470920 951
1470930 951
1470940 949
1470950 947
1470960 947
1470970 946
1470980 946
1470990 946
1471000 945
1471010 943
1471020 943
1471030 943
1471040 943
1471050 943
1471060 942
1471070 941
1471080 941
1471090 941
1471100 942
1471110 942
1471120 942
1471130 942
1471140 942
1471150 942
1471160 942
1471170 942
1471180 942
1471190 943
1471200 944
1471210 944
1471220 946
1471230 947
1471240 947
1471250 947
1471260 948
1471270 948
1471280 947
1471290 947
1471300 947
1471310 949
1471320 950
1471330 950
1471340 951
1471350 952
1471360 952
1471370 953
1471380 954
1471390 954
1471400 954
1471410 954
1471420 954
1471430 954
1471440 954
1471450 954
1471460 954
1471470 955
1471480 955
1471490 960
1471500 966
1471510 972
1471520 972
1471530 974
1471540 974
1471550 974
1471560 971
1471570 968
1471580 968
1471590 966
1471600 966
1471610 966
1471620 967
1471630 968
1471640 968
1471650 971
1471660 977
1471670 977
1471680 984
1471690 989
1471700 989
1471710 993
1471720 993
1471730 993
1471740 994
1471750 997
1471760 997
1471770 1000
1471780 1002
1471790 1002
1471800 1006
1471810 1009
1471820 1009
1471830 1011
1471840 1013
1471850 1013
1471860 1015
1471870 1017
1471880 1017
1471890 1017
1471900 1018
1471910 1019
1471920 1019
1471930 1020
1471940 1020
1471950 1020
1471960 1021
1471970 1021
1471980 1021
1471990 1021
1472000 1021
1472010 1021
1472020 1022
1472030 1025
1472040 1025
1472050 1026
1472060 1026
1472070 1026
1472080 1026
1472090 1024
1472100 1024
1472110 1022
1472120 1025
1472130 1025
1472140 1028
1472150 1030
1472160 1030
1472170 1034
1472180 1037
1472190 1037
1472200 1039
1472210 1040
1472220 1040
1472230 1042
1472240 1043
1472250 1043
1472260 1046
1472270 1049
1472280 1049
1472290 1051
1472300 1053
1472310 1055
1472320 1055
1472330 1056
1472340 1058
1472350 1058
1472360 1060
1472370 1062
1472380 1062
1472390 1064
1472400 1062
1472410 1062
1472420 1061
1472430 1059
1472440 1059
1472450 1057
1472460 1055
1472470 1055
1472480 1053
1472490 1051
1472500 1051
1472510 1050
1472520 1050
1472530 1050
1472540 1050
1472550 1049
1472560 1049
1472570 1048
1472580 1045
1472590 1045
1472600 1042
1472610 1039
1472620 1039
1472630 1037
1472640 1037
1472650 1037
1472660 1037
1472670 1037
1472680 1037
1472690 1036
1472700 1036
1472710 1037
1472720 1037
1472730 1037
1472740 1038
1472750 1038
1472760 1039
1472770 1040
1472780 1040
1472790 1041
1472800 1043
1472810 1043
1472820 1042
1472830 1044
1472840 1044
1472850 1045
1472860 1044
1472870 1044
1472880 1043
1472890 1045
1472900 1045
1472910 1045
1472920 1049
1472930 1049
1472940 1052
1472950 1053
1472960 1053
1472970 1054
1472980 1055
1472990 1055
1473000 1056
1473010 1055
1473020 1055
1473030 1053
1473040 1053
1473050 1053
1473060 1054
1473070 1055
1473080 1055
1473090 1056
1473100 1057
1473110 1058
1473120 1058
1473130 1059
1473140 1060
1473150 1060
1473160 1059
1473170 1060
1473180 1060
1473190 1061
1473200 1058
1473210 1058
1473220 1056
1473230 1055
1473240 1055
1473250 1052
1473260 1049
1473270 1049
1473280 1051
1473290 1051
1473300 1051
1473310 1052
1473320 1052
1473330 1052
1473340 1051
1473350 1051
1473360 1051
1473370 1050
1473380 1051
1473390 1051
1473400 1051
1473410 1053
1473420 1053
1473430 1055
1473440 1055
1473450 1055
1473460 1056
1473470 1056
1473480 1056
1473490 1056
1473500 1057
1473510 1057
1473520 1057
1473530 1057
1473540 1057
1473550 1057
1473560 1056
1473570 1056
1473580 1056
1473590 1058
1473600 1059
1473610 1059
1473620 1058
1473630 1059
1473640 1059
1473650 1059
1473660 1064
1473670 1064
1473680 1069
1473690 1072
1473700 1072
1473710 1074
1473720 1076
1473730 1076
1473740 1082
1473750 1078
1473760 1078
1473770 1079
1473780 1083
1473790 1083
1473800 1083
1473810 1083
1473820 1083
1473830 1084
1473840 1086
1473850 1086
1473860 1086
1473870 1084
1473880 1084
1473890 1086
1473900 1087
1473910 1087
1473920 1085
1473930 1086
1473940 1088
1473950 1088
1473960 1092
1473970 1092
1473980 1092
1473990 1092
1474000 1093
1474010 1093
1474020 1094
1474030 1094
1474040 1094
1474050 1093
1474060 1092
1474070 1092
1474080 1089
1474090 1087
1474100 1087
1474110 1087
1474120 1089
1474130 1089
1474140 1089
1474150 1089
1474160 1089
1474170 1089
1474180 1090
1474190 1090
1474200 1091
1474210 1092
1474220 1092
1474230 1093
1474240 1093
1474250 1093
1474260 1094
1474270 1094
1474280 1094
1474290 1096
1474300 1097
1474310 1097
1474320 1100
1474330 1102
1474340 1106
1474350 1106
1474360 1110
1474370 1112
1474380 1112
1474390 1116
1474400 1120
1474410 1120
1474420 1122
1474430 1122
1474440 1122
1474450 1124
1474460 1125
1474470 1125
1474480 1126
1474490 1125
1474500 1125
1474510 1125
1474520 1130
1474530 1130
1474540 1137
1474550 1142
1474560 1142
1474570 1144
1474580 1144
1474590 1144
1474600 1142
1474610 1143
1474620 1143
1474630 1142
1474640 1148
1474650 1148
1474660 1151
1474670 1148
1474680 1148
1474690 1146
1474700 1144
1474710 1144
1474720 1140
1474730 1138
1474740 1138
1474750 1138
1474760 1138
1474770 1138
1474780 1138
1474790 1140
1474800 1142
1474810 1142
1474820 1143
1474830 1145
1474840 1145
1474850 1146
1474860 1147
1474870 1147
1474880 1148
1474890 1151
1474900 1151
1474910 1153
1474920 1155
1474930 1155
1474940 1157
1474950 1157
1474960 1157
1474970 1158
1474980 1159
1474990 1159
1475000 1161
1475010 1164
1475020 1164
1475030 1168
1475040 1171
1475050 1171
1475060 1174
1475070 1177
1475080 1177
1475090 1181
1475100 1187
1475110 1187
1475120 1193
1475130 1199
1475140 1202
1475150 1202
1475160 1206
1475170 1210
1475180 1210
1475190 1214
1475200 1217
1475210 1217
1475220 1217
1475230 1218
1475240 1218
1475250 1215
1475260 1213
1475270 1213
1475280 1215
1475290 1225
1475300 1225
1475310 1230
1475320 1232
1475330 1232
1475340 1234
1475350 1235
1475360 1235
1475370 1237
1475380 1238
1475390 1238
1475400 1239
1475410 1240
1475420 1240
1475430 1242
1475440 1244
1475450 1244
1475460 1246
1475470 1248
1475480 1248
1475490 1250
1475500 1251
1475510 1251
1475520 1252
1475530 1253
1475540 1254
1475550 1254
1475560 1254
1475570 1255
1475580 1255
1475590 1255
1475600 1256
1475610 1256
1475620 1256
1475630 1255
1475640 1255
1475650 1255
1475660 1254
1475670 1254
1475680 1254
1475690 1254
1475700 1254
1475710 1253
1475720 1252
1475730 1252
1475740 1253
1475750 1253
1475760 1253
1475770 1254
1475780 1254
1475790 1254
1475800 1254
1475810 1253
1475820 1253
1475830 1254
1475840 1257
1475850 1257
1475860 1262
1475870 1263
1475880 1263
1475890 1261
1475900 1257
1475910 1257
1475920 1255
1475930 1246
1475940 1241
1475950 1241
1475960 1238
1475970 1235
1475980 1235
1475990 1234
1476000 1231
1476010 1231
1476020 1229
1476030 1227
1476040 1227
1476050 1225
1476060 1225
1476070 1225
1476080 1226
1476090 1225
1476100 1225
1476110 1225
1476120 1225
1476130 1225
1476140 1226
1476150 1226
1476160 1226
1476170 1226
1476180 1228
1476190 1228
1476200 1230
1476210 1231
1476220 1231
1476230 1232
1476240 1234
1476250 1234
1476260 1236
1476270 1238
1476280 1238
1476290 1241
1476300 1244
1476310 1244
1476320 1246
1476330 1249
1476340 1249
1476350 1250
1476360 1251
1476370 1251
1476380 1251
1476390 1250
1476400 1246
1476410 1246
1476420 1245
1476430 1244
1476440 1244
1476450 1243
1476460 1242
1476470 1242
1476480 1240
1476490 1237
1476500 1237
1476510 1232
1476520 1229
1476530 1229
1476540 1225
1476550 1223
1476560 1223
1476570 1220
1476580 1218
1476590 1218
1476600 1216
1476610 1213
1476620 1213
1476630 1213
1476640 1212
1476650 1212
1476660 1211
1476670 1211
1476680 1211
1476690 1210
1476700 1209
1476710 1209
1476720 1210
1476730 1210
1476740 1210
1476750 1211
1476760 1211
1476770 1211
1476780 1211
1476790 1210
1476800 1207
1476810 1207
1476820 1204
1476830 1201
1476840 1201
1476850 1199
1476860 1198
1476870 1198
1476880 1197
1476890 1196
1476900 1196
1476910 1196
1476920 1195
1476930 1195
1476940 1195
1476950 1194
1476960 1194
1476970 1193
1476980 1192
1476990 1192
1477000 1191
1477010 1191
1477020 1191
1477030 1191
1477040 1192
1477050 1192
1477060 1193
1477070 1194
1477080 1194
1477090 1194
1477100 1195
1477110 1195
1477120 1195
1477130 1196
1477140 1196
1477150 1197
1477160 1197
1477170 1197
1477180 1197
1477190 1199
1477200 1202
1477210 1202
1477220 1204
1477230 1208
1477240 1208
1477250 1213
1477260 1218
1477270 1218
1477280 1222
1477290 1223
1477300 1223
1477310 1222
1477320 1224
1477330 1224
1477340 1228
1477350 1232
1477360 1232
1477370 1239
1477380 1247
1477390 1247
1477400 1254
1477410 1258
1477420 1258
1477430 1263
1477440 1270
1477450 1270
1477460 1273
1477470 1273
1477480 1273
1477490 1275
1477500 1278
1477510 1278
1477520 1280
1477530 1280
1477540 1280
1477550 1279
1477560 1277
1477570 1276
1477580 1276
1477590 1272
1477600 1264
1477610 1264
1477620 1262
1477630 1261
1477640 1261
1477650 1259
1477660 1259
1477670 1259
1477680 1258
1477690 1258
1477700 1258
1477710 1257
1477720 1256
1477730 1256
1477740 1257
1477750 1257
1477760 1257
1477770 1252
1477780 1251
1477790 1251
1477800 1249
1477810 1249
1477820 1249
1477830 1249
1477840 1249
1477850 1249
1477860 1251
1477870 1251
1477880 1251
1477890 1251
1477900 1251
1477910 1251
1477920 1252
1477930 1254
1477940 1254
1477950 1256
1477960 1256
1477970 1257
1477980 1257
1477990 1256
1478000 1255
1478010 1255
1478020 1253
1478030 1251
1478040 1251
1478050 1250
1478060 1249
1478070 1249
1478080 1249
1478090 1248
1478100 1248
1478110 1248
1478120 1246
1478130 1246
1478140 1243
1478150 1242
1478160 1242
1478170 1239
1478180 1236
1478190 1236
1478200 1234
1478210 1232
1478220 1232
1478230 1231
1478240 1232
1478250 1232
1478260 1233
1478270 1236
1478280 1236
1478290 1238
1478300 1238
1478310 1238
1478320 1238
1478330 1238
1478340 1238
1478350 1240
1478360 1239
1478370 1237
1478380 1237
1478390 1235
1478400 1235
1478410 1235
1478420 1237
1478430 1239
1478440 1239
1478450 1240
1478460 1239
1478470 1239
1478480 1238
1478490 1238
1478500 1238
1478510 1238
1478520 1235
1478530 1235
1478540 1232
1478550 1227
1478560 1227
1478570 1217
1478580 1208
1478590 1208
1478600 1200
1478610 1191
1478620 1191
1478630 1182
1478640 1175
1478650 1175
1478660 1168
1478670 1161
1478680 1161
1478690 1155
1478700 1150
1478710 1150
1478720 1145
1478730 1140
1478740 1140
1478750 1137
1478760 1134
1478770 1134
1478780 1131
1478790 1127
1478800 1121
1478810 1121
1478820 1114
1478830 1100
1478840 1100
1478850 1090
1478860 1082
1478870 1082
1478880 1074
1478890 1065
1478900 1065
1478910 1055
1478920 1047
1478930 1047
1478940 1042
1478950 1037
1478960 1037
1478970 1032
1478980 1027
1478990 1027
1479000 1021
1479010 1017
1479020 1017
1479030 1013
1479040 1011
1479050 1011
1479060 1010
1479070 1011
1479080 1011
1479090 1012
1479100 1008
1479110 1008
1479120 1003
1479130 1001
1479140 1001
1479150 997
1479160 994
1479170 994
1479180 990
1479190 986
1479200 982
1479210 982
1479220 978
1479230 972
1479240 972
1479250 965
1479260 959
1479270 959
1479280 954
1479290 948
1479300 948
1479310 945
1479320 943
1479330 943
1479340 943
1479350 941
1479360 941
1479370 938
1479380 934
1479390 934
1479400 932
1479410 928
1479420 928
1479430 924
1479440 919
1479450 919
1479460 916
1479470 912
1479480 912
1479490 907
1479500 900
1479510 900
1479520 894
1479530 890
1479540 890
1479550 887
1479560 883
1479570 883
1479580 881
1479590 878
1479600 872
1479610 872
1479620 867
1479630 858
1479640 858
1479650 850
1479660 842
1479670 842
1479680 839
1479690 836
1479700 836
1479710 835
1479720 837
1479730 837
1479740 840
1479750 836
1479760 836
1479770 831
1479780 827
1479790 827
1479800 823
1479810 818
1479820 818
1479830 813
1479840 810
1479850 810
1479860 807
1479870 810
1479880 810
1479890 816
1479900 821
1479910 821
1479920 824
1479930 826
1479940 826
1479950 826
1479960 826
1479970 826
1479980 829
1479990 831
