1460000 801
1460010 801
1460020 800
1460030 797
1460040 797
1460050 794
1460060 791
1460070 791
1460080 788
1460090 786
1460100 786
1460110 783
1460120 779
1460130 779
1460140 778
1460150 776
1460160 775
1460170 775
1460180 774
1460190 773
1460200 773
1460210 771
1460220 768
1460230 768
1460240 766
1460250 763
1460260 763
1460270 761
1460280 758
1460290 758
1460300 754
1460310 751
1460320 751
1460330 748
1460340 745
1460350 745
1460360 742
1460370 740
1460380 740
1460390 738
1460400 736
1460410 736
1460420 735
1460430 735
1460440 735
1460450 734
1460460 731
1460470 731
1460480 729
1460490 726
1460500 726
1460510 723
1460520 718
1460530 718
1460540 715
1460550 711
1460560 703
1460570 703
1460580 699
1460590 697
1460600 697
1460610 697
1460620 696
1460630 696
1460640 694
1460650 691
1460660 691
1460670 686
1460680 681
1460690 681
1460700 682
1460710 681
1460720 681
1460730 677
1460740 674
1460750 674
1460760 670
1460770 666
1460780 666
1460790 662
1460800 658
1460810 658
1460820 653
1460830 649
1460840 649
1460850 645
1460860 640
1460870 640
1460880 634
1460890 630
1460900 630
1460910 626
1460920 624
1460930 624
1460940 621
1460950 618
1460960 615
1460970 615
1460980 612
1460990 608
1461000 608
1461010 605
1461020 601
1461030 601
1461040 599
1461050 595
1461060 595
1461070 590
1461080 584
1461090 584
1461100 579
1461110 574
1461120 574
1461130 567
1461140 560
1461150 560
1461160 552
1461170 545
1461180 545
1461190 538
1461200 531
1461210 531
1461220 525
1461230 519
1461240 519
1461250 514
1461260 511
1461270 511
1461280 509
1461290 509
1461300 509
1461310 503
1461320 500
1461330 500
1461340 498
1461350 497
1461360 495
1461370 495
1461380 494
1461390 491
1461400 491
1461410 488
1461420 485
1461430 485
1461440 482
1461450 481
1461460 481
1461470 479
1461480 478
1461490 478
1461500 477
1461510 477
1461520 477
1461530 477
1461540 476
1461550 476
1461560 475
1461570 476
1461580 476
1461590 476
1461600 476
1461610 476
1461620 476
1461630 476
1461640 476
1461650 475
1461660 475
1461670 475
1461680 475
1461690 475
1461700 475
1461710 474
1461720 474
1461730 474
1461740 474
1461750 473
1461760 474
1461770 474
1461780 474
1461790 473
1461800 473
1461810 472
1461820 467
1461830 467
1461840 465
1461850 465
1461860 465
1461870 464
1461880 461
1461890 461
1461900 459
1461910 458
1461920 458
1461930 458
1461940 458
1461950 458
1461960 458
1461970 458
1461980 458
1461990 458
1462000 458
1462010 458
1462020 458
1462030 458
1462040 458
1462050 458
1462060 459
1462070 459
1462080 458
1462090 458
1462100 458
1462110 458
1462120 458
1462130 458
1462140 458
1462150 458
1462160 458
1462170 458
1462180 458
1462190 458
1462200 458
1462210 458
1462220 458
1462230 458
1462240 458
1462250 458
1462260 458
1462270 458
1462280 458
1462290 458
1462300 458
1462310 458
1462320 458
1462330 458
1462340 458
1462350 458
1462360 458
1462370 458
1462380 458
1462390 458
1462400 457
1462410 457
1462420 455
1462430 455
1462440 455
1462450 455
1462460 455
1462470 455
1462480 455
1462490 455
1462500 455
1462510 455
1462520 455
1462530 455
1462540 455
1462550 457
1462560 457
1462570 457
1462580 458
1462590 460
1462600 460
1462610 460
1462620 459
1462630 459
1462640 459
1462650 459
1462660 459
1462670 459
1462680 459
1462690 459
1462700 460
1462710 460
1462720 460
1462730 460
1462740 460
1462750 460
1462760 460
1462770 460
1462780 460
1462790 459
1462800 459
1462810 459
1462820 459
1462830 459
1462840 459
1462850 459
1462860 459
1462870 459
1462880 459
1462890 459
1462900 459
1462910 459
1462920 458
1462930 458
1462940 458
1462950 458
1462960 458
1462970 458
1462980 458
1462990 459
1463000 459
1463010 460
1463020 460
1463030 460
1463040 460
1463050 460
1463060 460
1463070 460
1463080 460
1463090 460
1463100 460
1463110 460
1463120 460
1463130 461
1463140 460
1463150 460
1463160 460
1463170 460
1463180 460
1463190 460
1463200 460
1463210 460
1463220 460
1463230 460
1463240 460
1463250 460
1463260 460
1463270 460
1463280 460
1463290 460
1463300 460
1463310 460
1463320 459
1463330 459
1463340 460
1463350 460
1463360 460
1463370 460
1463380 460
1463390 460
1463400 460
1463410 460
1463420 460
1463430 460
1463440 460
1463450 461
1463460 461
1463470 461
1463480 461
1463490 461
1463500 461
1463510 461
1463520 461
1463530 461
1463540 461
1463550 461
1463560 462
1463570 464
1463580 464
1463590 465
1463600 466
1463610 466
1463620 466
1463630 466
1463640 466
1463650 466
1463660 466
1463670 466
1463680 466
1463690 466
1463700 466
1463710 466
1463720 466
1463730 466
1463740 466
1463750 466
1463760 466
1463770 466
1463780 466
1463790 466
1463800 466
1463810 466
1463820 466
1463830 466
1463840 466
1463850 466
1463860 466
1463870 466
1463880 466
1463890 466
1463900 466
1463910 466
1463920 466
1463930 466
1463940 466
1463950 466
1463960 465
1463970 465
1463980 465
1463990 465
1464000 466
1464010 466
1464020 466
1464030 466
1464040 466
1464050 466
1464060 466
1464070 466
1464080 466
1464090 466
1464100 466
1464110 466
1464120 466
1464130 466
1464140 466
1464150 466
1464160 466
1464170 466
1464180 466
1464190 466
1464200 466
1464210 466
1464220 466
1464230 466
1464240 466
1464250 466
1464260 466
1464270 466
1464280 466
1464290 466
1464300 465
1464310 465
1464320 465
1464330 466
1464340 466
1464350 466
1464360 466
1464370 466
1464380 466
1464390 466
1464400 466
1464410 466
1464420 466
1464430 466
1464440 466
1464450 466
1464460 466
1464470 466
1464480 466
1464490 466
1464500 466
1464510 466
1464520 466
1464530 466
1464540 467
1464550 467
1464560 467
1464570 466
1464580 466
1464590 466
1464600 466
1464610 466
1464620 467
1464630 467
1464640 467
1464650 467
1464660 467
1464670 467
1464680 467
1464690 467
1464700 466
1464710 466
1464720 466
1464730 467
1464740 467
1464750 467
1464760 466
1464770 466
1464780 466
1464790 466
1464800 466
1464810 466
1464820 466
1464830 467
1464840 467
1464850 467
1464860 467
1464870 467
1464880 467
1464890 467
1464900 467
1464910 467
1464920 467
1464930 467
1464940 467
1464950 467
1464960 467
1464970 467
1464980 467
1464990 467
1465000 467
1465010 467
1465020 467
1465030 467
1465040 467
1465050 467
1465060 467
1465070 467
1465080 467
1465090 467
1465100 467
1465110 467
1465120 467
1465130 467
1465140 467
1465150 467
1465160 467
1465170 467
1465180 467
1465190 467
1465200 467
1465210 467
1465220 467
1465230 467
1465240 467
1465250 467
1465260 468
1465270 468
1465280 470
1465290 472
1465300 472
1465310 477
1465320 482
1465330 482
1465340 489
1465350 495
1465360 495
1465370 506
1465380 516
1465390 516
1465400 511
1465410 504
1465420 499
1465430 499
1465440 493
1465450 489
1465460 489
1465470 484
1465480 480
1465490 480
1465500 475
1465510 472
1465520 472
1465530 470
1465540 469
1465550 469
1465560 469
1465570 468
1465580 468
1465590 468
1465600 468
1465610 468
1465620 468
1465630 468
1465640 468
1465650 468
1465660 468
1465670 468
1465680 468
1465690 468
1465700 468
1465710 468
1465720 468
1465730 468
1465740 468
1465750 468
1465760 468
1465770 468
1465780 468
1465790 468
1465800 468
1465810 468
1465820 468
1465830 468
1465840 468
1465850 468
1465860 468
1465870 468
1465880 468
1465890 468
1465900 468
1465910 468
1465920 468
1465930 468
1465940 468
1465950 468
1465960 468
1465970 468
1465980 468
1465990 468
1466000 468
1466010 468
1466020 468
1466030 468
1466040 468
1466050 468
1466060 468
1466070 468
1466080 468
1466090 468
1466100 468
1466110 468
1466120 468
1466130 468
1466140 469
1466150 470
1466160 470
1466170 471
1466180 476
1466190 476
1466200 479
1466210 481
1466220 482
1466230 482
1466240 483
1466250 483
1466260 483
1466270 484
1466280 488
1466290 488
1466300 492
1466310 498
1466320 498
1466330 504
1466340 516
1466350 516
1466360 525
1466370 527
1466380 527
1466390 528
1466400 528
1466410 528
1466420 528
1466430 529
1466440 529
1466450 529
1466460 529
1466470 529
1466480 530
1466490 530
1466500 530
1466510 530
1466520 531
1466530 531
1466540 535
1466550 539
1466560 539
1466570 542
1466580 545
1466590 545
1466600 549
1466610 555
1466620 562
1466630 562
1466640 570
1466650 579
1466660 579
1466670 589
1466680 597
1466690 597
1466700 603
1466710 610
1466720 610
1466730 619
1466740 627
1466750 627
1466760 634
1466770 638
1466780 638
1466790 642
1466800 644
1466810 644
1466820 647
1466830 652
1466840 652
1466850 656
1466860 661
1466870 661
1466880 666
1466890 670
1466900 670
1466910 674
1466920 676
1466930 676
1466940 677
1466950 678
1466960 678
1466970 679
1466980 680
1466990 680
1467000 684
1467010 688
1467020 688
1467030 692
1467040 697
1467050 702
1467060 702
1467070 707
1467080 711
1467090 711
1467100 715
1467110 718
1467120 718
1467130 721
1467140 726
1467150 726
1467160 729
1467170 732
1467180 732
1467190 735
1467200 738
1467210 738
1467220 742
1467230 747
1467240 747
1467250 750
1467260 752
1467270 752
1467280 754
1467290 757
1467300 757
1467310 760
1467320 763
1467330 763
1467340 768
1467350 772
1467360 772
1467370 774
1467380 777
1467390 777
1467400 780
1467410 782
1467420 782
1467430 785
1467440 788
1467450 787
1467460 787
1467470 785
1467480 784
1467490 784
1467500 785
1467510 785
1467520 785
1467530 784
1467540 782
1467550 782
1467560 783
1467570 785
1467580 785
1467590 784
1467600 781
1467610 781
1467620 779
1467630 781
1467640 781
1467650 787
1467660 792
1467670 792
1467680 794
1467690 795
1467700 795
1467710 796
1467720 800
1467730 800
1467740 804
1467750 806
1467760 806
1467770 808
1467780 809
1467790 809
1467800 812
1467810 816
1467820 816
1467830 816
1467840 815
1467850 815
1467860 815
1467870 814
1467880 811
1467890 811
1467900 807
1467910 805
1467920 805
1467930 805
1467940 807
1467950 807
1467960 807
1467970 807
1467980 807
1467990 806
1468000 808
1468010 808
1468020 808
1468030 807
1468040 807
1468050 806
1468060 806
1468070 806
1468080 806
1468090 806
1468100 806
1468110 806
1468120 806
1468130 806
1468140 805
1468150 805
1468160 805
1468170 804
1468180 804
1468190 804
1468200 804
1468210 804
1468220 804
1468230 803
1468240 804
1468250 805
1468260 805
1468270 805
1468280 804
1468290 804
1468300 802
1468310 800
1468320 800
1468330 798
1468340 798
1468350 798
1468360 801
1468370 803
1468380 803
1468390 803
1468400 805
1468410 805
1468420 807
1468430 810
1468440 810
1468450 812
1468460 815
1468470 815
1468480 817
1468490 817
1468500 817
1468510 818
1468520 818
1468530 818
1468540 820
1468550 823
1468560 823
1468570 827
1468580 829
1468590 829
1468600 828
1468610 828
1468620 828
1468630 828
1468640 829
1468650 830
1468660 830
1468670 831
1468680 831
1468690 831
1468700 832
1468710 832
1468720 832
1468730 833
1468740 837
1468750 837
1468760 842
1468770 845
1468780 845
1468790 846
1468800 846
1468810 846
1468820 847
1468830 848
1468840 848
1468850 848
1468860 849
1468870 849
1468880 848
1468890 848
1468900 848
1468910 848
1468920 848
1468930 848
1468940 849
1468950 849
1468960 849
1468970 850
1468980 850
1468990 850
1469000 851
1469010 852
1469020 852
1469030 852
1469040 853
1469050 854
1469060 854
1469070 854
1469080 855
1469090 855
1469100 857
1469110 857
1469120 857
1469130 858
1469140 859
1469150 859
1469160 861
1469170 864
1469180 864
1469190 867
1469200 870
1469210 870
1469220 871
1469230 873
1469240 873
1469250 876
1469260 879
1469270 879
1469280 883
1469290 887
1469300 887
1469310 891
1469320 895
1469330 895
1469340 901
1469350 904
1469360 904
1469370 908
1469380 911
1469390 911
1469400 912
1469410 913
1469420 913
1469430 915
1469440 916
1469450 916
1469460 917
1469470 918
1469480 918
1469490 918
1469500 919
1469510 921
1469520 921
1469530 922
1469540 923
1469550 923
1469560 923
1469570 924
1469580 924
1469590 924
1469600 924
1469610 924
1469620 924
1469630 925
1469640 925
1469650 925
1469660 925
1469670 925
1469680 926
1469690 926
1469700 926
1469710 927
1469720 927
1469730 927
1469740 927
1469750 928
1469760 928
1469770 930
1469780 932
1469790 932
1469800 934
1469810 935
1469820 935
1469830 935
1469840 936
1469850 936
1469860 936
1469870 936
1469880 934
1469890 934
1469900 934
1469910 934
1469920 934
1469930 934
1469940 933
1469950 933
1469960 934
1469970 937
1469980 937
1469990 938
1470000 939
1470010 939
1470020 939
1470030 938
1470040 938
1470050 936
1470060 934
1470070 934
1470080 933
1470090 932
1470100 932
1470110 933
1470120 934
1470130 934
1470140 934
1470150 934
1470160 934
1470170 932
1470180 929
1470190 929
1470200 926
1470210 925
1470220 925
1470230 924
1470240 924
1470250 924
1470260 921
1470270 919
1470280 920
1470290 920
1470300 921
1470310 923
1470320 923
1470330 919
1470340 914
1470350 914
1470360 908
1470370 905
1470380 905
1470390 902
1470400 901
1470410 901
1470420 899
1470430 897
1470440 897
1470450 895
1470460 892
1470470 892
1470480 891
1470490 887
1470500 887
1470510 880
1470520 881
1470530 881
1470540 888
1470550 892
1470560 892
1470570 893
1470580 892
1470590 892
1470600 890
1470610 893
1470620 893
1470630 898
1470640 900
1470650 900
1470660 902
1470670 905
1470680 908
1470690 908
1470700 912
1470710 917
1470720 917
1470730 922
1470740 927
1470750 927
1470760 932
1470770 937
1470780 937
1470790 941
1470800 944
1470810 944
1470820 946
1470830 946
1470840 946
1470850 945
1470860 945
1470870 945
1470880 945
1470890 945
1470900 945
1470910 946
1470920 947
1470930 947
1470940 948
1470950 948
1470960 948
1470970 947
1470980 945
1470990 945
1471000 944
1471010 943
1471020 943
1471030 942
1471040 940
1471050 940
1471060 940
1471070 939
1471080 939
1471090 939
1471100 940
1471110 940
1471120 940
1471130 940
1471140 940
1471150 940
1471160 941
1471170 941
1471180 941
1471190 941
1471200 941
1471210 941
1471220 940
1471230 941
1471240 941
1471250 943
1471260 946
1471270 946
1471280 948
1471290 950
1471300 950
1471310 952
1471320 950
1471330 950
1471340 949
1471350 950
1471360 950
1471370 952
1471380 954
1471390 954
1471400 954
1471410 957
1471420 957
1471430 958
1471440 958
1471450 958
1471460 957
1471470 954
1471480 953
1471490 953
1471500 957
1471510 962
1471520 962
1471530 964
1471540 965
1471550 965
1471560 966
1471570 967
1471580 967
1471590 966
1471600 966
1471610 966
1471620 965
1471630 965
1471640 965
1471650 966
1471660 968
1471670 968
1471680 970
1471690 975
1471700 975
1471710 981
1471720 986
1471730 986
1471740 989
1471750 992
1471760 992
1471770 995
1471780 996
1471790 996
1471800 996
1471810 994
1471820 994
1471830 993
1471840 991
1471850 991
1471860 990
1471870 990
1471880 990
1471890 990
1471900 992
1471910 994
1471920 994
1471930 996
1471940 998
1471950 998
1471960 1003
1471970 1006
1471980 1006
1471990 1007
1472000 1008
1472010 1008
1472020 1010
1472030 1010
1472040 1010
1472050 1009
1472060 1009
1472070 1009
1472080 1008
1472090 1008
1472100 1008
1472110 1008
1472120 1011
1472130 1011
1472140 1014
1472150 1017
1472160 1017
1472170 1020
1472180 1024
1472190 1024
1472200 1026
1472210 1028
1472220 1028
1472230 1028
1472240 1030
1472250 1030
1472260 1032
1472270 1035
1472280 1035
1472290 1038
1472300 1041
1472310 1043
1472320 1043
1472330 1045
1472340 1046
1472350 1046
1472360 1048
1472370 1049
1472380 1049
1472390 1051
1472400 1052
1472410 1052
1472420 1054
1472430 1055
1472440 1055
1472450 1056
1472460 1058
1472470 1058
1472480 1058
1472490 1058
1472500 1058
1472510 1057
1472520 1056
1472530 1056
1472540 1055
1472550 1054
1472560 1054
1472570 1051
1472580 1047
1472590 1047
1472600 1044
1472610 1040
1472620 1040
1472630 1036
1472640 1032
1472650 1032
1472660 1031
1472670 1031
1472680 1031
1472690 1029
1472700 1025
1472710 1025
1472720 1025
1472730 1026
1472740 1027
1472750 1027
1472760 1027
1472770 1025
1472780 1025
1472790 1024
1472800 1024
1472810 1024
1472820 1027
1472830 1030
1472840 1030
1472850 1030
1472860 1032
1472870 1032
1472880 1034
1472890 1035
1472900 1035
1472910 1033
1472920 1034
1472930 1034
1472940 1036
1472950 1040
1472960 1040
1472970 1044
1472980 1047
1472990 1047
1473000 1048
1473010 1047
1473020 1047
1473030 1046
1473040 1047
1473050 1047
1473060 1048
1473070 1049
1473080 1049
1473090 1049
1473100 1049
1473110 1049
1473120 1049
1473130 1048
1473140 1049
1473150 1049
1473160 1050
1473170 1050
1473180 1050
1473190 1050
1473200 1048
1473210 1048
1473220 1044
1473230 1042
1473240 1042
1473250 1038
1473260 1036
1473270 1036
1473280 1038
1473290 1040
1473300 1040
1473310 1043
1473320 1046
1473330 1046
1473340 1049
1473350 1052
1473360 1052
1473370 1054
1473380 1055
1473390 1055
1473400 1056
1473410 1056
1473420 1056
1473430 1058
1473440 1059
1473450 1059
1473460 1063
1473470 1063
1473480 1063
1473490 1065
1473500 1066
1473510 1067
1473520 1067
1473530 1068
1473540 1072
1473550 1072
1473560 1069
1473570 1068
1473580 1068
1473590 1067
1473600 1070
1473610 1070
1473620 1072
1473630 1076
1473640 1076
1473650 1080
1473660 1084
1473670 1084
1473680 1086
1473690 1087
1473700 1087
1473710 1089
1473720 1093
1473730 1093
1473740 1095
1473750 1098
1473760 1098
1473770 1101
1473780 1104
1473790 1104
1473800 1107
1473810 1109
1473820 1109
1473830 1109
1473840 1109
1473850 1109
1473860 1110
1473870 1110
1473880 1110
1473890 1111
1473900 1113
1473910 1114
1473920 1114
1473930 1116
1473940 1119
1473950 1119
1473960 1122
1473970 1125
1473980 1125
1473990 1128
1474000 1132
1474010 1132
1474020 1131
1474030 1128
1474040 1128
1474050 1127
1474060 1125
1474070 1125
1474080 1124
1474090 1123
1474100 1123
1474110 1121
1474120 1119
1474130 1119
1474140 1118
1474150 1119
1474160 1119
1474170 1121
1474180 1123
1474190 1123
1474200 1123
1474210 1125
1474220 1125
1474230 1125
1474240 1127
1474250 1127
1474260 1128
1474270 1128
1474280 1128
1474290 1129
1474300 1130
1474310 1130
1474320 1131
1474330 1133
1474340 1135
1474350 1135
1474360 1139
1474370 1145
1474380 1145
1474390 1149
1474400 1150
1474410 1150
1474420 1152
1474430 1155
1474440 1155
1474450 1157
1474460 1160
1474470 1160
1474480 1165
1474490 1169
1474500 1169
1474510 1171
1474520 1175
1474530 1175
1474540 1176
1474550 1179
1474560 1179
1474570 1182
1474580 1185
1474590 1185
1474600 1187
1474610 1189
1474620 1189
1474630 1190
1474640 1192
1474650 1192
1474660 1195
1474670 1199
1474680 1199
1474690 1203
1474700 1206
1474710 1206
1474720 1207
1474730 1207
1474740 1207
1474750 1207
1474760 1207
1474770 1207
1474780 1207
1474790 1209
1474800 1210
1474810 1210
1474820 1212
1474830 1215
1474840 1215
1474850 1215
1474860 1214
1474870 1214
1474880 1215
1474890 1216
1474900 1216
1474910 1215
1474920 1214
1474930 1214
1474940 1217
1474950 1220
1474960 1220
1474970 1221
1474980 1223
1474990 1223
1475000 1224
1475010 1226
1475020 1226
1475030 1228
1475040 1231
1475050 1231
1475060 1233
1475070 1236
1475080 1236
1475090 1239
1475100 1241
1475110 1241
1475120 1242
1475130 1244
1475140 1246
1475150 1246
1475160 1248
1475170 1251
1475180 1251
1475190 1253
1475200 1255
1475210 1255
1475220 1258
1475230 1260
1475240 1260
1475250 1262
1475260 1263
1475270 1263
1475280 1265
1475290 1267
1475300 1267
1475310 1269
1475320 1271
1475330 1271
1475340 1272
1475350 1272
1475360 1272
1475370 1273
1475380 1274
1475390 1274
1475400 1274
1475410 1276
1475420 1276
1475430 1277
1475440 1278
1475450 1278
1475460 1279
1475470 1281
1475480 1281
1475490 1283
1475500 1285
1475510 1285
1475520 1288
1475530 1290
1475540 1292
1475550 1292
1475560 1294
1475570 1296
1475580 1296
1475590 1296
1475600 1296
1475610 1296
1475620 1297
1475630 1297
1475640 1297
1475650 1297
1475660 1298
1475670 1298
1475680 1302
1475690 1304
1475700 1304
1475710 1304
1475720 1304
1475730 1304
1475740 1305
1475750 1306
1475760 1306
1475770 1306
1475780 1305
1475790 1305
1475800 1304
1475810 1302
1475820 1302
1475830 1302
1475840 1302
1475850 1302
1475860 1302
1475870 1300
1475880 1300
1475890 1300
1475900 1298
1475910 1298
1475920 1294
1475930 1292
1475940 1290
1475950 1290
1475960 1287
1475970 1282
1475980 1282
1475990 1278
1476000 1280
1476010 1280
1476020 1278
1476030 1278
1476040 1278
1476050 1275
1476060 1273
1476070 1273
1476080 1273
1476090 1272
1476100 1272
1476110 1272
1476120 1272
1476130 1272
1476140 1270
1476150 1268
1476160 1268
1476170 1269
1476180 1272
1476190 1272
1476200 1273
1476210 1273
1476220 1273
1476230 1274
1476240 1274
1476250 1274
1476260 1276
1476270 1278
1476280 1278
1476290 1278
1476300 1277
1476310 1277
1476320 1276
1476330 1276
1476340 1276
1476350 1276
1476360 1276
1476370 1276
1476380 1276
1476390 1275
1476400 1274
1476410 1274
1476420 1274
1476430 1273
1476440 1273
1476450 1272
1476460 1272
1476470 1272
1476480 1270
1476490 1268
1476500 1268
1476510 1265
1476520 1262
1476530 1262
1476540 1259
1476550 1256
1476560 1256
1476570 1254
1476580 1252
1476590 1252
1476600 1248
1476610 1247
1476620 1247
1476630 1246
1476640 1246
1476650 1246
1476660 1245
1476670 1244
1476680 1244
1476690 1244
1476700 1244
1476710 1244
1476720 1244
1476730 1243
1476740 1243
1476750 1242
1476760 1239
1476770 1237
1476780 1237
1476790 1236
1476800 1233
1476810 1233
1476820 1229
1476830 1227
1476840 1227
1476850 1225
1476860 1225
1476870 1225
1476880 1224
1476890 1223
1476900 1223
1476910 1222
1476920 1222
1476930 1222
1476940 1223
1476950 1226
1476960 1226
1476970 1225
1476980 1223
1476990 1223
1477000 1223
1477010 1223
1477020 1223
1477030 1224
1477040 1225
1477050 1225
1477060 1224
1477070 1223
1477080 1223
1477090 1222
1477100 1222
1477110 1222
1477120 1222
1477130 1223
1477140 1223
1477150 1225
1477160 1228
1477170 1230
1477180 1230
1477190 1231
1477200 1232
1477210 1232
1477220 1232
1477230 1234
1477240 1234
1477250 1236
1477260 1238
1477270 1238
1477280 1240
1477290 1244
1477300 1244
1477310 1247
1477320 1250
1477330 1250
1477340 1252
1477350 1252
1477360 1252
1477370 1253
1477380 1255
1477390 1255
1477400 1256
1477410 1260
1477420 1260
1477430 1267
1477440 1276
1477450 1276
1477460 1282
1477470 1286
1477480 1286
1477490 1290
1477500 1292
1477510 1292
1477520 1293
1477530 1296
1477540 1296
1477550 1299
1477560 1301
1477570 1302
1477580 1302
1477590 1304
1477600 1307
1477610 1307
1477620 1306
1477630 1308
1477640 1308
1477650 1310
1477660 1310
1477670 1310
1477680 1310
1477690 1309
1477700 1309
1477710 1305
1477720 1304
1477730 1304
1477740 1305
1477750 1306
1477760 1306
1477770 1302
1477780 1299
1477790 1299
1477800 1298
1477810 1298
1477820 1298
1477830 1297
1477840 1289
1477850 1289
1477860 1282
1477870 1279
1477880 1279
1477890 1276
1477900 1272
1477910 1272
1477920 1270
1477930 1270
1477940 1270
1477950 1270
1477960 1271
1477970 1272
1477980 1272
1477990 1271
1478000 1270
1478010 1270
1478020 1270
1478030 1268
1478040 1268
1478050 1267
1478060 1266
1478070 1266
1478080 1265
1478090 1263
1478100 1263
1478110 1262
1478120 1261
1478130 1261
1478140 1261
1478150 1260
1478160 1260
1478170 1257
1478180 1255
1478190 1255
1478200 1255
1478210 1255
1478220 1255
1478230 1254
1478240 1253
1478250 1253
1478260 1253
1478270 1254
1478280 1254
1478290 1255
1478300 1254
1478310 1254
1478320 1252
1478330 1247
1478340 1247
1478350 1244
1478360 1243
1478370 1245
1478380 1245
1478390 1249
1478400 1251
1478410 1251
1478420 1252
1478430 1253
1478440 1253
1478450 1256
1478460 1260
1478470 1260
1478480 1262
1478490 1262
1478500 1262
1478510 1263
1478520 1263
1478530 1263
1478540 1263
1478550 1261
1478560 1261
1478570 1258
1478580 1251
1478590 1251
1478600 1242
1478610 1236
1478620 1236
1478630 1228
1478640 1218
1478650 1218
1478660 1211
1478670 1203
1478680 1203
1478690 1194
1478700 1187
1478710 1187
1478720 1184
1478730 1182
1478740 1182
1478750 1178
1478760 1168
1478770 1154
1478780 1154
1478790 1141
1478800 1130
1478810 1130
1478820 1121
1478830 1113
1478840 1113
1478850 1106
1478860 1102
1478870 1102
1478880 1099
1478890 1094
1478900 1094
1478910 1088
1478920 1079
1478930 1079
1478940 1071
1478950 1065
1478960 1065
1478970 1064
1478980 1060
1478990 1060
1479000 1058
1479010 1057
1479020 1057
1479030 1054
1479040 1051
1479050 1051
1479060 1046
1479070 1043
1479080 1043
1479090 1042
1479100 1040
1479110 1040
1479120 1037
1479130 1034
1479140 1034
1479150 1029
1479160 1023
1479170 1023
1479180 1017
1479190 1011
1479200 1004
1479210 1004
1479220 997
1479230 992
1479240 992
1479250 988
1479260 984
1479270 984
1479280 980
1479290 980
1479300 980
1479310 977
1479320 973
1479330 973
1479340 970
1479350 966
1479360 966
1479370 960
1479380 953
1479390 953
1479400 946
1479410 942
1479420 942
1479430 937
1479440 933
1479450 933
1479460 929
1479470 925
1479480 925
1479490 922
1479500 918
1479510 918
1479520 914
1479530 909
1479540 909
1479550 904
1479560 899
1479570 899
1479580 894
1479590 890
1479600 884
1479610 884
1479620 878
1479630 870
1479640 870
1479650 861
1479660 853
1479670 853
1479680 848
1479690 843
1479700 843
1479710 839
1479720 836
1479730 836
1479740 833
1479750 831
1479760 831
1479770 829
1479780 827
1479790 827
1479800 825
1479810 819
1479820 819
1479830 812
1479840 810
1479850 810
1479860 815
1479870 823
1479880 823
1479890 826
1479900 829
1479910 829
1479920 832
1479930 836
1479940 836
1479950 841
1479960 846
1479970 846
1479980 850
1479990 852
