1460000 467
1460010 467
1460020 466
1460030 465
1460040 465
1460050 464
1460060 461
1460070 461
1460080 455
1460090 454
1460100 454
1460110 454
1460120 450
1460130 450
1460140 449
1460150 449
1460160 449
1460170 449
1460180 449
1460190 449
1460200 449
1460210 449
1460220 449
1460230 449
1460240 449
1460250 449
1460260 449
1460270 449
1460280 450
1460290 450
1460300 451
1460310 452
1460320 452
1460330 452
1460340 452
1460350 452
1460360 452
1460370 452
1460380 452
1460390 452
1460400 453
1460410 453
1460420 452
1460430 452
1460440 452
1460450 452
1460460 452
1460470 452
1460480 452
1460490 452
1460500 452
1460510 453
1460520 453
1460530 453
1460540 454
1460550 455
1460560 455
1460570 456
1460580 456
1460590 456
1460600 457
1460610 457
1460620 457
1460630 457
1460640 457
1460650 458
1460660 458
1460670 458
1460680 459
1460690 459
1460700 460
1460710 459
1460720 459
1460730 458
1460740 458
1460750 458
1460760 459
1460770 460
1460780 460
1460790 460
1460800 461
1460810 461
1460820 461
1460830 460
1460840 460
1460850 460
1460860 459
1460870 459
1460880 460
1460890 460
1460900 460
1460910 461
1460920 459
1460930 459
1460940 460
1460950 461
1460960 461
1460970 462
1460980 462
1460990 462
1461000 462
1461010 461
1461020 461
1461030 461
1461040 462
1461050 463
1461060 463
1461070 463
1461080 462
1461090 462
1461100 463
1461110 465
1461120 465
1461130 463
1461140 463
1461150 463
1461160 462
1461170 463
1461180 463
1461190 462
1461200 461
1461210 461
1461220 461
1461230 461
1461240 461
1461250 461
1461260 462
1461270 462
1461280 463
1461290 462
1461300 462
1461310 462
1461320 462
1461330 462
1461340 462
1461350 462
1461360 462
1461370 462
1461380 461
1461390 461
1461400 462
1461410 462
1461420 462
1461430 462
1461440 461
1461450 461
1461460 461
1461470 462
1461480 462
1461490 462
1461500 463
1461510 463
1461520 463
1461530 463
1461540 462
1461550 462
1461560 463
1461570 463
1461580 463
1461590 463
1461600 465
1461610 465
1461620 465
1461630 466
1461640 466
1461650 465
1461660 464
1461670 464
1461680 463
1461690 463
1461700 463
1461710 465
1461720 465
1461730 465
1461740 464
1461750 463
1461760 463
1461770 463
1461780 464
1461790 464
1461800 467
1461810 468
1461820 468
1461830 468
1461840 469
1461850 469
1461860 469
1461870 469
1461880 469
1461890 469
1461900 469
1461910 469
1461920 469
1461930 469
1461940 469
1461950 469
1461960 470
1461970 470
1461980 470
1461990 470
1462000 470
1462010 470
1462020 470
1462030 470
1462040 470
1462050 471
1462060 471
1462070 471
1462080 471
1462090 472
1462100 472
1462110 472
1462120 472
1462130 472
1462140 472
1462150 472
1462160 472
1462170 473
1462180 473
1462190 473
1462200 473
1462210 473
1462220 473
1462230 473
1462240 473
1462250 473
1462260 473
1462270 473
1462280 473
1462290 473
1462300 474
1462310 474
1462320 474
1462330 474
1462340 474
1462350 474
1462360 474
1462370 475
1462380 475
1462390 475
1462400 475
1462410 475
1462420 475
1462430 475
1462440 475
1462450 476
1462460 476
1462470 476
1462480 476
1462490 476
1462500 476
1462510 477
1462520 477
1462530 477
1462540 477
1462550 478
1462560 478
1462570 478
1462580 478
1462590 478
1462600 478
1462610 479
1462620 479
1462630 479
1462640 479
1462650 479
1462660 479
1462670 480
1462680 480
1462690 480
1462700 480
1462710 480
1462720 480
1462730 480
1462740 480
1462750 480
1462760 480
1462770 480
1462780 480
1462790 480
1462800 480
1462810 480
1462820 480
1462830 481
1462840 481
1462850 481
1462860 482
1462870 482
1462880 482
1462890 481
1462900 481
1462910 481
1462920 482
1462930 482
1462940 483
1462950 486
1462960 486
1462970 488
1462980 491
1462990 491
1463000 494
1463010 497
1463020 497
1463030 499
1463040 500
1463050 500
1463060 503
1463070 508
1463080 508
1463090 514
1463100 520
1463110 520
1463120 526
1463130 531
1463140 531
1463150 535
1463160 537
1463170 540
1463180 540
1463190 541
1463200 541
1463210 541
1463220 540
1463230 539
1463240 539
1463250 538
1463260 536
1463270 536
1463280 532
1463290 529
1463300 529
1463310 526
1463320 522
1463330 522
1463340 518
1463350 513
1463360 513
1463370 509
1463380 506
1463390 506
1463400 503
1463410 499
1463420 499
1463430 497
1463440 496
1463450 496
1463460 496
1463470 496
1463480 496
1463490 496
1463500 497
1463510 497
1463520 498
1463530 498
1463540 498
1463550 498
1463560 499
1463570 499
1463580 499
1463590 499
1463600 499
1463610 499
1463620 499
1463630 500
1463640 500
1463650 500
1463660 501
1463670 501
1463680 501
1463690 502
1463700 502
1463710 502
1463720 503
1463730 503
1463740 503
1463750 503
1463760 503
1463770 504
1463780 504
1463790 504
1463800 504
1463810 504
1463820 504
1463830 505
1463840 505
1463850 505
1463860 505
1463870 505
1463880 505
1463890 505
1463900 506
1463910 506
1463920 506
1463930 507
1463940 507
1463950 507
1463960 507
1463970 507
1463980 508
1463990 509
1464000 509
1464010 510
1464020 510
1464030 511
1464040 511
1464050 513
1464060 514
1464070 514
1464080 515
1464090 516
1464100 516
1464110 518
1464120 520
1464130 520
1464140 522
1464150 523
1464160 523
1464170 524
1464180 524
1464190 524
1464200 525
1464210 525
1464220 525
1464230 525
1464240 525
1464250 525
1464260 526
1464270 526
1464280 526
1464290 526
1464300 527
1464310 527
1464320 527
1464330 527
1464340 527
1464350 527
1464360 528
1464370 528
1464380 528
1464390 528
1464400 528
1464410 528
1464420 528
1464430 528
1464440 528
1464450 529
1464460 529
1464470 529
1464480 529
1464490 529
1464500 529
1464510 529
1464520 529
1464530 529
1464540 529
1464550 529
1464560 529
1464570 529
1464580 530
1464590 530
1464600 529
1464610 525
1464620 525
1464630 522
1464640 519
1464650 519
1464660 512
1464670 502
1464680 502
1464690 500
1464700 502
1464710 502
1464720 512
1464730 525
1464740 525
1464750 533
1464760 539
1464770 539
1464780 545
1464790 551
1464800 551
1464810 552
1464820 553
1464830 553
1464840 556
1464850 561
1464860 568
1464870 568
1464880 576
1464890 582
1464900 582
1464910 587
1464920 588
1464930 588
1464940 586
1464950 587
1464960 587
1464970 589
1464980 592
1464990 592
1465000 597
1465010 603
1465020 603
1465030 609
1465040 615
1465050 615
1465060 620
1465070 625
1465080 625
1465090 629
1465100 631
1465110 631
1465120 631
1465130 628
1465140 628
1465150 625
1465160 620
1465170 620
1465180 617
1465190 615
1465200 615
1465210 613
1465220 611
1465230 611
1465240 611
1465250 613
1465260 613
1465270 616
1465280 618
1465290 620
1465300 620
1465310 621
1465320 622
1465330 622
1465340 624
1465350 626
1465360 626
1465370 627
1465380 626
1465390 626
1465400 624
1465410 622
1465420 622
1465430 623
1465440 626
1465450 626
1465460 630
1465470 631
1465480 631
1465490 630
1465500 629
1465510 629
1465520 628
1465530 628
1465540 628
1465550 629
1465560 629
1465570 629
1465580 628
1465590 627
1465600 627
1465610 625
1465620 623
1465630 623
1465640 622
1465650 622
1465660 622
1465670 622
1465680 623
1465690 623
1465700 624
1465710 624
1465720 625
1465730 625
1465740 625
1465750 626
1465760 626
1465770 626
1465780 628
1465790 628
1465800 629
1465810 630
1465820 630
1465830 630
1465840 631
1465850 631
1465860 632
1465870 633
1465880 633
1465890 635
1465900 637
1465910 637
1465920 638
1465930 640
1465940 640
1465950 643
1465960 646
1465970 646
1465980 648
1465990 647
1466000 647
1466010 646
1466020 646
1466030 646
1466040 646
1466050 647
1466060 647
1466070 648
1466080 649
1466090 649
1466100 650
1466110 650
1466120 650
1466130 650
1466140 650
1466150 652
1466160 652
1466170 653
1466180 654
1466190 654
1466200 655
1466210 655
1466220 655
1466230 655
1466240 656
1466250 656
1466260 657
1466270 658
1466280 658
1466290 659
1466300 659
1466310 659
1466320 657
1466330 656
1466340 656
1466350 656
1466360 654
1466370 654
1466380 652
1466390 651
1466400 651
1466410 649
1466420 647
1466430 647
1466440 644
1466450 642
1466460 642
1466470 641
1466480 639
1466490 639
1466500 638
1466510 637
1466520 637
1466530 637
1466540 638
1466550 638
1466560 640
1466570 641
1466580 641
1466590 641
1466600 641
1466610 641
1466620 641
1466630 641
1466640 639
1466650 639
1466660 638
1466670 638
1466680 638
1466690 638
1466700 638
1466710 638
1466720 638
1466730 636
1466740 636
1466750 633
1466760 628
1466770 628
1466780 625
1466790 623
1466800 623
1466810 620
1466820 618
1466830 618
1466840 615
1466850 616
1466860 616
1466870 621
1466880 623
1466890 623
1466900 624
1466910 623
1466920 623
1466930 624
1466940 624
1466950 624
1466960 627
1466970 631
1466980 631
1466990 632
1467000 633
1467010 634
1467020 634
1467030 636
1467040 638
1467050 638
1467060 641
1467070 646
1467080 646
1467090 651
1467100 655
1467110 655
1467120 660
1467130 666
1467140 666
1467150 669
1467160 670
1467170 670
1467180 670
1467190 670
1467200 670
1467210 672
1467220 673
1467230 673
1467240 675
1467250 678
1467260 678
1467270 683
1467280 691
1467290 691
1467300 698
1467310 703
1467320 703
1467330 710
1467340 718
1467350 718
1467360 722
1467370 724
1467380 724
1467390 725
1467400 727
1467410 727
1467420 727
1467430 726
1467440 726
1467450 726
1467460 726
1467470 727
1467480 727
1467490 730
1467500 733
1467510 733
1467520 738
1467530 741
1467540 741
1467550 742
1467560 743
1467570 743
1467580 743
1467590 743
1467600 743
1467610 743
1467620 744
1467630 744
1467640 744
1467650 746
1467660 746
1467670 748
1467680 749
1467690 749
1467700 749
1467710 748
1467720 748
1467730 746
1467740 743
1467750 743
1467760 741
1467770 737
1467780 737
1467790 734
1467800 732
1467810 732
1467820 729
1467830 727
1467840 725
1467850 725
1467860 723
1467870 722
1467880 722
1467890 721
1467900 720
1467910 720
1467920 719
1467930 717
1467940 717
1467950 715
1467960 713
1467970 713
1467980 707
1467990 698
1468000 698
1468010 692
1468020 687
1468030 687
1468040 682
1468050 678
1468060 678
1468070 675
1468080 672
1468090 672
1468100 669
1468110 666
1468120 666
1468130 662
1468140 658
1468150 658
1468160 654
1468170 650
1468180 650
1468190 648
1468200 646
1468210 646
1468220 644
1468230 643
1468240 643
1468250 641
1468260 639
1468270 635
1468280 635
1468290 631
1468300 624
1468310 624
1468320 617
1468330 610
1468340 610
1468350 604
1468360 601
1468370 601
1468380 598
1468390 595
1468400 595
1468410 593
1468420 590
1468430 590
1468440 587
1468450 575
1468460 575
1468470 557
1468480 555
1468490 555
1468500 580
1468510 591
1468520 591
1468530 598
1468540 603
1468550 603
1468560 606
1468570 606
1468580 606
1468590 603
1468600 598
1468610 598
1468620 596
1468630 601
1468640 601
1468650 610
1468660 617
1468670 617
1468680 623
1468690 629
1468700 636
1468710 636
1468720 643
1468730 651
1468740 651
1468750 657
1468760 662
1468770 662
1468780 667
1468790 671
1468800 671
1468810 672
1468820 673
1468830 673
1468840 676
1468850 679
1468860 679
1468870 683
1468880 686
1468890 686
1468900 690
1468910 694
1468920 694
1468930 699
1468940 703
1468950 703
1468960 706
1468970 709
1468980 709
1468990 711
1469000 712
1469010 712
1469020 714
1469030 714
1469040 714
1469050 715
1469060 716
1469070 716
1469080 718
1469090 720
1469100 720
1469110 726
1469120 731
1469130 741
1469140 741
1469150 745
1469160 747
1469170 747
1469180 747
1469190 748
1469200 748
1469210 749
1469220 750
1469230 750
1469240 752
1469250 756
1469260 756
1469270 764
1469280 770
1469290 770
1469300 772
1469310 776
1469320 776
1469330 785
1469340 788
1469350 788
1469360 793
1469370 797
1469380 797
1469390 801
1469400 804
1469410 804
1469420 806
1469430 809
1469440 809
1469450 812
1469460 815
1469470 815
1469480 818
1469490 822
1469500 822
1469510 827
1469520 831
1469530 831
1469540 838
1469550 845
1469560 845
1469570 845
1469580 842
1469590 841
1469600 841
1469610 840
1469620 839
1469630 839
1469640 840
1469650 841
1469660 841
1469670 841
1469680 841
1469690 841
1469700 840
1469710 839
1469720 839
1469730 839
1469740 839
1469750 839
1469760 840
1469770 841
1469780 841
1469790 844
1469800 847
1469810 847
1469820 851
1469830 854
1469840 854
1469850 854
1469860 854
1469870 854
1469880 854
1469890 853
1469900 853
1469910 853
1469920 852
1469930 852
1469940 852
1469950 851
1469960 851
1469970 850
1469980 849
1469990 848
1470000 848
1470010 848
1470020 848
1470030 848
1470040 848
1470050 847
1470060 847
1470070 847
1470080 848
1470090 848
1470100 847
1470110 846
1470120 846
1470130 845
1470140 845
1470150 845
1470160 845
1470170 845
1470180 845
1470190 845
1470200 845
1470210 845
1470220 845
1470230 846
1470240 846
1470250 846
1470260 846
1470270 846
1470280 846
1470290 846
1470300 846
1470310 845
1470320 842
1470330 842
1470340 841
1470350 842
1470360 842
1470370 843
1470380 843
1470390 844
1470400 844
1470410 844
1470420 845
1470430 845
1470440 845
1470450 846
1470460 846
1470470 846
1470480 847
1470490 847
1470500 848
1470510 851
1470520 851
1470530 853
1470540 855
1470550 855
1470560 858
1470570 862
1470580 862
1470590 865
1470600 868
1470610 868
1470620 870
1470630 873
1470640 873
1470650 876
1470660 879
1470670 879
1470680 882
1470690 884
1470700 884
1470710 884
1470720 885
1470730 885
1470740 885
1470750 885
1470760 885
1470770 886
1470780 888
1470790 888
1470800 890
1470810 893
1470820 895
1470830 895
1470840 897
1470850 898
1470860 898
1470870 900
1470880 902
1470890 902
1470900 904
1470910 906
1470920 906
1470930 907
1470940 908
1470950 908
1470960 908
1470970 908
1470980 908
1470990 908
1471000 908
1471010 908
1471020 908
1471030 908
1471040 908
1471050 907
1471060 907
1471070 907
1471080 908
1471090 909
1471100 909
1471110 909
1471120 910
1471130 910
1471140 911
1471150 911
1471160 911
1471170 912
1471180 913
1471190 913
1471200 914
1471210 916
1471220 916
1471230 918
1471240 920
1471250 922
1471260 922
1471270 925
1471280 927
1471290 927
1471300 929
1471310 931
1471320 931
1471330 933
1471340 934
1471350 934
1471360 934
1471370 933
1471380 933
1471390 933
1471400 934
1471410 934
1471420 935
1471430 935
1471440 935
1471450 936
1471460 936
1471470 936
1471480 936
1471490 934
1471500 934
1471510 931
1471520 928
1471530 928
1471540 926
1471550 924
1471560 924
1471570 922
1471580 919
1471590 919
1471600 917
1471610 914
1471620 914
1471630 911
1471640 909
1471650 909
1471660 907
1471670 902
1471680 894
1471690 894
1471700 884
1471710 862
1471720 862
1471730 853
1471740 844
1471750 844
1471760 834
1471770 823
1471780 823
1471790 811
1471800 801
1471810 801
1471820 785
1471830 777
1471840 777
1471850 765
1471860 760
1471870 760
1471880 773
1471890 784
1471900 784
1471910 791
1471920 798
1471930 798
1471940 805
1471950 813
1471960 813
1471970 820
1471980 827
1471990 827
1472000 835
1472010 842
1472020 842
1472030 870
1472040 882
1472050 882
1472060 889
1472070 896
1472080 896
1472090 904
1472100 911
1472110 918
1472120 918
1472130 923
1472140 927
1472150 927
1472160 929
1472170 932
1472180 932
1472190 935
1472200 937
1472210 937
1472220 939
1472230 940
1472240 940
1472250 941
1472260 943
1472270 943
1472280 945
1472290 947
1472300 947
1472310 948
1472320 950
1472330 950
1472340 953
1472350 955
1472360 955
1472370 957
1472380 959
1472390 959
1472400 962
1472410 964
1472420 964
1472430 965
1472440 967
1472450 967
1472460 968
1472470 968
1472480 968
1472490 969
1472500 969
1472510 969
1472520 969
1472530 969
1472540 968
1472550 968
1472560 966
1472570 965
1472580 965
1472590 963
1472600 961
1472610 961
1472620 958
1472630 955
1472640 955
1472650 953
1472660 950
1472670 950
1472680 947
1472690 942
1472700 942
1472710 933
1472720 926
1472730 926
1472740 920
1472750 917
1472760 917
1472770 916
1472780 920
1472790 920
1472800 923
1472810 926
1472820 926
1472830 928
1472840 928
1472850 928
1472860 929
1472870 930
1472880 930
1472890 933
1472900 935
1472910 935
1472920 938
1472930 939
1472940 939
1472950 940
1472960 941
1472970 942
1472980 942
1472990 942
1473000 941
1473010 941
1473020 940
1473030 940
1473040 940
1473050 940
1473060 939
1473070 939
1473080 938
1473090 938
1473100 938
1473110 937
1473120 936
1473130 936
1473140 936
1473150 934
1473160 934
1473170 933
1473180 932
1473190 932
1473200 931
1473210 930
1473220 930
1473230 928
1473240 926
1473250 926
1473260 922
1473270 919
1473280 919
1473290 917
1473300 916
1473310 916
1473320 913
1473330 910
1473340 910
1473350 908
1473360 906
1473370 903
1473380 903
1473390 901
1473400 898
1473410 898
1473420 894
1473430 892
1473440 892
1473450 889
1473460 886
1473470 886
1473480 882
1473490 878
1473500 878
1473510 874
1473520 871
1473530 871
1473540 867
1473550 864
1473560 864
1473570 861
1473580 856
1473590 856
1473600 852
1473610 847
1473620 847
1473630 843
1473640 838
1473650 838
1473660 833
1473670 828
1473680 828
1473690 825
1473700 821
1473710 821
1473720 818
1473730 812
1473740 812
1473750 812
1473760 812
1473770 812
1473780 807
1473790 805
1473800 802
1473810 802
1473820 795
1473830 794
1473840 794
1473850 792
1473860 791
1473870 791
1473880 791
1473890 791
1473900 791
1473910 792
1473920 792
1473930 792
1473940 789
1473950 781
1473960 781
1473970 772
1473980 763
1473990 763
1474000 766
1474010 767
1474020 767
1474030 770
1474040 766
1474050 766
1474060 760
1474070 762
1474080 762
1474090 761
1474100 756
1474110 756
1474120 752
1474130 749
1474140 749
1474150 747
1474160 747
1474170 747
1474180 746
1474190 744
1474200 744
1474210 742
1474220 742
1474230 742
1474240 742
1474250 741
1474260 741
1474270 741
1474280 740
1474290 739
1474300 739
1474310 738
1474320 735
1474330 735
1474340 733
1474350 730
1474360 730
1474370 728
1474380 726
1474390 726
1474400 724
1474410 722
1474420 722
1474430 720
1474440 719
1474450 719
1474460 717
1474470 716
1474480 716
1474490 713
1474500 712
1474510 712
1474520 711
1474530 710
1474540 710
1474550 707
1474560 702
1474570 702
1474580 695
1474590 689
1474600 689
1474610 685
1474620 685
1474630 685
1474640 685
1474650 686
1474660 692
1474670 692
1474680 694
1474690 691
1474700 691
1474710 693
1474720 696
1474730 696
1474740 696
1474750 697
1474760 697
1474770 699
1474780 701
1474790 701
1474800 703
1474810 705
1474820 705
1474830 707
1474840 708
1474850 708
1474860 709
1474870 707
1474880 707
1474890 701
1474900 696
1474910 696
1474920 692
1474930 699
1474940 699
1474950 706
1474960 712
1474970 712
1474980 716
1474990 721
1475000 721
1475010 724
1475020 725
1475030 725
1475040 727
1475050 729
1475060 729
1475070 731
1475080 733
1475090 738
1475100 738
1475110 741
1475120 746
1475130 746
1475140 751
1475150 757
1475160 757
1475170 762
1475180 766
1475190 766
1475200 770
1475210 772
1475220 772
1475230 774
1475240 775
1475250 775
1475260 775
1475270 772
1475280 772
1475290 776
1475300 777
1475310 777
1475320 776
1475330 781
1475340 781
1475350 783
1475360 785
1475370 785
1475380 787
1475390 789
1475400 789
1475410 791
1475420 795
1475430 795
1475440 800
1475450 804
1475460 804
1475470 807
1475480 810
1475490 810
1475500 813
1475510 817
1475520 821
1475530 821
1475540 825
1475550 830
1475560 830
1475570 836
1475580 841
1475590 841
1475600 845
1475610 850
1475620 850
1475630 855
1475640 859
1475650 859
1475660 863
1475670 867
1475680 867
1475690 870
1475700 874
1475710 874
1475720 876
1475730 879
1475740 879
1475750 881
1475760 882
1475770 882
1475780 883
1475790 884
1475800 884
1475810 885
1475820 885
1475830 885
1475840 885
1475850 886
1475860 886
1475870 888
1475880 891
1475890 891
1475900 895
1475910 899
1475920 899
1475930 904
1475940 907
1475950 910
1475960 910
1475970 912
1475980 914
1475990 914
1476000 916
1476010 918
1476020 918
1476030 920
1476040 922
1476050 922
1476060 924
1476070 926
1476080 926
1476090 929
1476100 931
1476110 931
1476120 934
1476130 936
1476140 936
1476150 938
1476160 939
1476170 939
1476180 940
1476190 940
1476200 940
1476210 940
1476220 939
1476230 939
1476240 939
1476250 939
1476260 939
1476270 940
1476280 942
1476290 942
1476300 944
1476310 947
1476320 947
1476330 951
1476340 954
1476350 957
1476360 957
1476370 961
1476380 965
1476390 965
1476400 968
1476410 972
1476420 972
1476430 975
1476440 977
1476450 977
1476460 980
1476470 982
1476480 982
1476490 983
1476500 984
1476510 984
1476520 985
1476530 985
1476540 985
1476550 984
1476560 983
1476570 983
1476580 981
1476590 979
1476600 979
1476610 977
1476620 976
1476630 976
1476640 976
1476650 975
1476660 975
1476670 975
1476680 973
1476690 973
1476700 971
1476710 971
1476720 971
1476730 976
1476740 977
1476750 977
1476760 980
1476770 983
1476780 985
1476790 985
1476800 986
1476810 986
1476820 986
1476830 985
1476840 984
1476850 984
1476860 982
1476870 979
1476880 979
1476890 976
1476900 973
1476910 973
1476920 969
1476930 964
1476940 964
1476950 959
1476960 955
1476970 955
1476980 949
1476990 943
1477000 943
1477010 936
1477020 929
1477030 929
1477040 921
1477050 914
1477060 914
1477070 907
1477080 898
1477090 898
1477100 889
1477110 883
1477120 883
1477130 881
1477140 878
1477150 878
1477160 872
1477170 862
1477180 862
1477190 839
1477200 830
1477210 829
1477220 829
1477230 834
1477240 840
1477250 840
1477260 846
1477270 853
1477280 853
1477290 861
1477300 870
1477310 870
1477320 878
1477330 886
1477340 886
1477350 892
1477360 896
1477370 896
1477380 906
1477390 914
1477400 914
1477410 922
1477420 929
1477430 929
1477440 936
1477450 943
1477460 943
1477470 950
1477480 957
1477490 957
1477500 964
1477510 970
1477520 970
1477530 976
1477540 983
1477550 983
1477560 989
1477570 996
1477580 996
1477590 1003
1477600 1011
1477610 1011
1477620 1018
1477630 1027
1477640 1035
1477650 1035
1477660 1044
1477670 1052
1477680 1052
1477690 1060
1477700 1069
1477710 1069
1477720 1077
1477730 1084
1477740 1084
1477750 1092
1477760 1099
1477770 1099
1477780 1107
1477790 1114
1477800 1114
1477810 1121
1477820 1128
1477830 1128
1477840 1135
1477850 1142
1477860 1142
1477870 1147
1477880 1149
1477890 1149
1477900 1149
1477910 1149
1477920 1149
1477930 1147
1477940 1145
1477950 1145
1477960 1141
1477970 1137
1477980 1137
1477990 1133
1478000 1127
1478010 1127
1478020 1118
1478030 1107
1478040 1107
1478050 1092
1478060 1085
1478070 1076
1478080 1076
1478090 1064
1478100 1049
1478110 1049
1478120 1034
1478130 1021
1478140 1021
1478150 1010
1478160 1001
1478170 1001
1478180 993
1478190 988
1478200 988
1478210 981
1478220 980
1478230 980
1478240 989
1478250 996
1478260 996
1478270 1011
1478280 1017
1478290 1017
1478300 1022
1478310 1036
1478320 1036
1478330 1050
1478340 1056
1478350 1056
1478360 1069
1478370 1075
1478380 1075
1478390 1083
1478400 1091
1478410 1091
1478420 1095
1478430 1099
1478440 1099
1478450 1102
1478460 1105
1478470 1105
1478480 1106
1478490 1101
1478500 1099
1478510 1099
1478520 1103
1478530 1104
1478540 1104
1478550 1103
1478560 1100
1478570 1100
1478580 1099
1478590 1096
1478600 1096
1478610 1095
1478620 1093
1478630 1093
1478640 1092
1478650 1087
1478660 1087
1478670 1067
1478680 1026
1478690 1026
1478700 1008
1478710 1002
1478720 1002
1478730 1013
1478740 1021
1478750 1021
1478760 1037
1478770 1059
1478780 1059
1478790 1073
1478800 1086
1478810 1086
1478820 1103
1478830 1104
1478840 1104
1478850 1108
1478860 1114
1478870 1114
1478880 1111
1478890 1116
1478900 1116
1478910 1129
1478920 1143
1478930 1154
1478940 1154
1478950 1161
1478960 1161
1478970 1161
1478980 1164
1478990 1161
1479000 1161
1479010 1158
1479020 1156
1479030 1156
1479040 1147
1479050 1167
1479060 1167
1479070 1187
1479080 1193
1479090 1193
1479100 1203
1479110 1212
1479120 1212
1479130 1222
1479140 1240
1479150 1240
1479160 1257
1479170 1269
1479180 1269
1479190 1281
1479200 1293
1479210 1293
1479220 1300
1479230 1307
1479240 1307
1479250 1315
1479260 1325
1479270 1325
1479280 1335
1479290 1344
1479300 1344
1479310 1352
1479320 1359
1479330 1363
1479340 1363
1479350 1365
1479360 1366
1479370 1366
1479380 1367
1479390 1368
1479400 1368
1479410 1371
1479420 1375
1479430 1375
1479440 1379
1479450 1381
1479460 1381
1479470 1385
1479480 1393
1479490 1393
1479500 1400
1479510 1408
1479520 1408
1479530 1415
1479540 1421
1479550 1421
1479560 1425
1479570 1429
1479580 1429
1479590 1433
1479600 1436
1479610 1436
1479620 1439
1479630 1440
1479640 1440
1479650 1440
1479660 1442
1479670 1442
1479680 1452
1479690 1461
1479700 1461
1479710 1468
1479720 1480
1479730 1480
1479740 1493
1479750 1498
1479760 1503
1479770 1503
1479780 1508
1479790 1515
1479800 1515
1479810 1522
1479820 1530
1479830 1530
1479840 1538
1479850 1547
1479860 1547
1479870 1556
1479880 1559
1479890 1559
1479900 1565
1479910 1575
1479920 1575
1479930 1583
1479940 1589
1479950 1589
1479960 1597
1479970 1605
1479980 1605
1479990 1611
