1460000 453
1460010 453
1460020 453
1460030 452
1460040 452
1460050 452
1460060 452
1460070 452
1460080 452
1460090 452
1460100 452
1460110 452
1460120 451
1460130 451
1460140 451
1460150 451
1460160 452
1460170 452
1460180 452
1460190 452
1460200 452
1460210 452
1460220 452
1460230 452
1460240 452
1460250 452
1460260 452
1460270 452
1460280 452
1460290 452
1460300 453
1460310 451
1460320 451
1460330 449
1460340 448
1460350 448
1460360 448
1460370 448
1460380 448
1460390 448
1460400 448
1460410 448
1460420 448
1460430 448
1460440 448
1460450 448
1460460 448
1460470 448
1460480 450
1460490 452
1460500 452
1460510 451
1460520 451
1460530 451
1460540 451
1460550 451
1460560 451
1460570 451
1460580 451
1460590 451
1460600 451
1460610 451
1460620 451
1460630 451
1460640 451
1460650 451
1460660 451
1460670 451
1460680 452
1460690 452
1460700 454
1460710 454
1460720 454
1460730 454
1460740 454
1460750 454
1460760 454
1460770 454
1460780 454
1460790 454
1460800 453
1460810 453
1460820 453
1460830 454
1460840 454
1460850 455
1460860 456
1460870 456
1460880 456
1460890 457
1460900 457
1460910 457
1460920 457
1460930 457
1460940 456
1460950 456
1460960 456
1460970 456
1460980 457
1460990 458
1461000 458
1461010 457
1461020 456
1461030 456
1461040 456
1461050 456
1461060 456
1461070 456
1461080 456
1461090 456
1461100 456
1461110 456
1461120 456
1461130 457
1461140 457
1461150 457
1461160 457
1461170 457
1461180 457
1461190 457
1461200 457
1461210 457
1461220 457
1461230 457
1461240 457
1461250 457
1461260 457
1461270 457
1461280 457
1461290 456
1461300 456
1461310 456
1461320 457
1461330 457
1461340 457
1461350 457
1461360 457
1461370 457
1461380 457
1461390 457
1461400 457
1461410 457
1461420 457
1461430 457
1461440 457
1461450 457
1461460 457
1461470 457
1461480 457
1461490 457
1461500 457
1461510 457
1461520 457
1461530 458
1461540 462
1461550 462
1461560 463
1461570 464
1461580 464
1461590 464
1461600 461
1461610 461
1461620 457
1461630 457
1461640 457
1461650 457
1461660 457
1461670 457
1461680 457
1461690 456
1461700 456
1461710 456
1461720 456
1461730 456
1461740 456
1461750 456
1461760 456
1461770 456
1461780 456
1461790 456
1461800 456
1461810 456
1461820 456
1461830 456
1461840 456
1461850 456
1461860 456
1461870 457
1461880 459
1461890 459
1461900 461
1461910 463
1461920 463
1461930 465
1461940 466
1461950 466
1461960 466
1461970 466
1461980 466
1461990 467
1462000 467
1462010 467
1462020 467
1462030 467
1462040 467
1462050 467
1462060 467
1462070 467
1462080 468
1462090 468
1462100 468
1462110 468
1462120 466
1462130 466
1462140 465
1462150 465
1462160 465
1462170 466
1462180 468
1462190 468
1462200 469
1462210 469
1462220 469
1462230 469
1462240 470
1462250 471
1462260 471
1462270 471
1462280 471
1462290 471
1462300 472
1462310 472
1462320 472
1462330 472
1462340 472
1462350 472
1462360 473
1462370 473
1462380 473
1462390 473
1462400 473
1462410 473
1462420 473
1462430 474
1462440 474
1462450 474
1462460 474
1462470 474
1462480 474
1462490 475
1462500 475
1462510 475
1462520 475
1462530 475
1462540 475
1462550 475
1462560 475
1462570 475
1462580 475
1462590 475
1462600 475
1462610 475
1462620 475
1462630 475
1462640 475
1462650 475
1462660 475
1462670 475
1462680 475
1462690 475
1462700 475
1462710 476
1462720 476
1462730 476
1462740 477
1462750 477
1462760 477
1462770 477
1462780 477
1462790 477
1462800 477
1462810 477
1462820 477
1462830 478
1462840 478
1462850 480
1462860 483
1462870 483
1462880 484
1462890 486
1462900 486
1462910 487
1462920 490
1462930 490
1462940 493
1462950 496
1462960 496
1462970 501
1462980 506
1462990 506
1463000 512
1463010 519
1463020 519
1463030 524
1463040 529
1463050 529
1463060 533
1463070 536
1463080 536
1463090 538
1463100 542
1463110 544
1463120 544
1463130 545
1463140 545
1463150 545
1463160 544
1463170 543
1463180 543
1463190 542
1463200 539
1463210 539
1463220 536
1463230 531
1463240 531
1463250 525
1463260 520
1463270 520
1463280 515
1463290 511
1463300 511
1463310 506
1463320 502
1463330 502
1463340 499
1463350 499
1463360 499
1463370 499
1463380 499
1463390 499
1463400 499
1463410 500
1463420 500
1463430 502
1463440 504
1463450 504
1463460 505
1463470 506
1463480 506
1463490 507
1463500 507
1463510 507
1463520 507
1463530 508
1463540 508
1463550 508
1463560 510
1463570 512
1463580 512
1463590 512
1463600 513
1463610 513
1463620 513
1463630 514
1463640 514
1463650 515
1463660 515
1463670 515
1463680 516
1463690 516
1463700 516
1463710 517
1463720 518
1463730 518
1463740 518
1463750 519
1463760 519
1463770 519
1463780 520
1463790 520
1463800 521
1463810 522
1463820 522
1463830 523
1463840 523
1463850 523
1463860 524
1463870 524
1463880 524
1463890 525
1463900 525
1463910 525
1463920 526
1463930 526
1463940 526
1463950 527
1463960 528
1463970 529
1463980 529
1463990 530
1464000 530
1464010 530
1464020 531
1464030 531
1464040 531
1464050 533
1464060 533
1464070 533
1464080 534
1464090 535
1464100 535
1464110 536
1464120 536
1464130 536
1464140 536
1464150 537
1464160 537
1464170 537
1464180 537
1464190 537
1464200 538
1464210 539
1464220 539
1464230 539
1464240 540
1464250 540
1464260 541
1464270 542
1464280 542
1464290 543
1464300 544
1464310 544
1464320 543
1464330 544
1464340 544
1464350 545
1464360 547
1464370 547
1464380 549
1464390 552
1464400 553
1464410 553
1464420 554
1464430 554
1464440 554
1464450 555
1464460 555
1464470 555
1464480 555
1464490 555
1464500 555
1464510 555
1464520 555
1464530 555
1464540 555
1464550 555
1464560 555
1464570 554
1464580 548
1464590 548
1464600 541
1464610 533
1464620 533
1464630 527
1464640 521
1464650 521
1464660 516
1464670 512
1464680 512
1464690 509
1464700 508
1464710 508
1464720 504
1464730 503
1464740 503
1464750 508
1464760 515
1464770 515
1464780 521
1464790 526
1464800 526
1464810 530
1464820 533
1464830 536
1464840 536
1464850 541
1464860 546
1464870 546
1464880 552
1464890 559
1464900 559
1464910 565
1464920 572
1464930 572
1464940 575
1464950 577
1464960 577
1464970 577
1464980 577
1464990 577
1465000 576
1465010 574
1465020 574
1465030 575
1465040 576
1465050 576
1465060 576
1465070 575
1465080 575
1465090 575
1465100 577
1465110 577
1465120 578
1465130 579
1465140 579
1465150 580
1465160 581
1465170 581
1465180 582
1465190 582
1465200 582
1465210 582
1465220 580
1465230 577
1465240 577
1465250 576
1465260 581
1465270 581
1465280 584
1465290 585
1465300 585
1465310 587
1465320 591
1465330 591
1465340 595
1465350 595
1465360 595
1465370 594
1465380 592
1465390 592
1465400 591
1465410 590
1465420 590
1465430 589
1465440 589
1465450 589
1465460 591
1465470 592
1465480 592
1465490 593
1465500 593
1465510 593
1465520 592
1465530 590
1465540 590
1465550 584
1465560 584
1465570 584
1465580 589
1465590 591
1465600 591
1465610 592
1465620 591
1465630 591
1465640 590
1465650 589
1465660 587
1465670 587
1465680 581
1465690 578
1465700 578
1465710 577
1465720 577
1465730 577
1465740 578
1465750 579
1465760 579
1465770 580
1465780 580
1465790 580
1465800 580
1465810 582
1465820 582
1465830 586
1465840 588
1465850 588
1465860 592
1465870 596
1465880 596
1465890 601
1465900 605
1465910 605
1465920 608
1465930 610
1465940 610
1465950 611
1465960 612
1465970 612
1465980 613
1465990 613
1466000 613
1466010 613
1466020 614
1466030 614
1466040 614
1466050 613
1466060 613
1466070 612
1466080 612
1466090 613
1466100 613
1466110 615
1466120 616
1466130 616
1466140 616
1466150 616
1466160 616
1466170 617
1466180 619
1466190 619
1466200 620
1466210 618
1466220 618
1466230 619
1466240 618
1466250 618
1466260 616
1466270 614
1466280 614
1466290 611
1466300 606
1466310 606
1466320 598
1466330 592
1466340 592
1466350 587
1466360 581
1466370 581
1466380 576
1466390 572
1466400 572
1466410 569
1466420 567
1466430 567
1466440 565
1466450 560
1466460 560
1466470 552
1466480 544
1466490 544
1466500 540
1466510 536
1466520 536
1466530 536
1466540 539
1466550 541
1466560 541
1466570 545
1466580 551
1466590 551
1466600 546
1466610 542
1466620 542
1466630 535
1466640 534
1466650 534
1466660 541
1466670 552
1466680 552
1466690 562
1466700 565
1466710 565
1466720 565
1466730 571
1466740 571
1466750 577
1466760 581
1466770 581
1466780 584
1466790 587
1466800 587
1466810 589
1466820 591
1466830 591
1466840 592
1466850 595
1466860 595
1466870 597
1466880 598
1466890 598
1466900 599
1466910 602
1466920 602
1466930 601
1466940 597
1466950 594
1466960 594
1466970 590
1466980 587
1466990 587
1467000 585
1467010 583
1467020 583
1467030 581
1467040 578
1467050 578
1467060 575
1467070 569
1467080 569
1467090 554
1467100 544
1467110 544
1467120 540
1467130 538
1467140 538
1467150 537
1467160 535
1467170 535
1467180 535
1467190 541
1467200 541
1467210 550
1467220 564
1467230 564
1467240 571
1467250 572
1467260 572
1467270 570
1467280 548
1467290 548
1467300 536
1467310 539
1467320 539
1467330 548
1467340 566
1467350 566
1467360 577
1467370 586
1467380 594
1467390 594
1467400 600
1467410 606
1467420 606
1467430 612
1467440 618
1467450 618
1467460 623
1467470 629
1467480 629
1467490 632
1467500 635
1467510 635
1467520 637
1467530 642
1467540 642
1467550 642
1467560 642
1467570 642
1467580 641
1467590 640
1467600 640
1467610 639
1467620 639
1467630 639
1467640 638
1467650 637
1467660 637
1467670 635
1467680 633
1467690 633
1467700 632
1467710 630
1467720 630
1467730 628
1467740 628
1467750 628
1467760 629
1467770 628
1467780 628
1467790 627
1467800 626
1467810 627
1467820 627
1467830 628
1467840 628
1467850 628
1467860 628
1467870 627
1467880 627
1467890 625
1467900 621
1467910 621
1467920 618
1467930 615
1467940 615
1467950 611
1467960 605
1467970 605
1467980 601
1467990 597
1468000 597
1468010 594
1468020 591
1468030 591
1468040 588
1468050 588
1468060 588
1468070 587
1468080 585
1468090 585
1468100 584
1468110 582
1468120 582
1468130 582
1468140 580
1468150 580
1468160 578
1468170 566
1468180 566
1468190 546
1468200 563
1468210 563
1468220 582
1468230 588
1468240 593
1468250 593
1468260 596
1468270 599
1468280 599
1468290 600
1468300 601
1468310 601
1468320 604
1468330 608
1468340 608
1468350 611
1468360 613
1468370 613
1468380 615
1468390 618
1468400 618
1468410 623
1468420 627
1468430 627
1468440 630
1468450 634
1468460 634
1468470 638
1468480 642
1468490 642
1468500 646
1468510 649
1468520 649
1468530 654
1468540 659
1468550 659
1468560 664
1468570 668
1468580 668
1468590 673
1468600 675
1468610 675
1468620 676
1468630 678
1468640 679
1468650 679
1468660 680
1468670 680
1468680 680
1468690 679
1468700 679
1468710 679
1468720 679
1468730 679
1468740 679
1468750 677
1468760 674
1468770 674
1468780 667
1468790 660
1468800 660
1468810 653
1468820 644
1468830 644
1468840 634
1468850 624
1468860 624
1468870 622
1468880 622
1468890 622
1468900 625
1468910 629
1468920 629
1468930 637
1468940 646
1468950 646
1468960 654
1468970 660
1468980 660
1468990 663
1469000 667
1469010 667
1469020 669
1469030 672
1469040 672
1469050 675
1469060 680
1469070 686
1469080 686
1469090 693
1469100 698
1469110 698
1469120 703
1469130 708
1469140 708
1469150 715
1469160 723
1469170 723
1469180 729
1469190 735
1469200 735
1469210 738
1469220 748
1469230 748
1469240 755
1469250 761
1469260 761
1469270 769
1469280 776
1469290 776
1469300 783
1469310 790
1469320 790
1469330 797
1469340 804
1469350 804
1469360 811
1469370 817
1469380 817
1469390 824
1469400 830
1469410 830
1469420 836
1469430 841
1469440 841
1469450 846
1469460 851
1469470 851
1469480 855
1469490 860
1469500 864
1469510 864
1469520 869
1469530 873
1469540 873
1469550 876
1469560 878
1469570 878
1469580 880
1469590 880
1469600 880
1469610 878
1469620 877
1469630 877
1469640 877
1469650 876
1469660 876
1469670 874
1469680 873
1469690 873
1469700 874
1469710 874
1469720 874
1469730 873
1469740 873
1469750 873
1469760 872
1469770 872
1469780 872
1469790 872
1469800 872
1469810 872
1469820 872
1469830 872
1469840 872
1469850 873
1469860 873
1469870 873
1469880 874
1469890 874
1469900 874
1469910 876
1469920 877
1469930 878
1469940 878
1469950 879
1469960 879
1469970 879
1469980 879
1469990 879
1470000 879
1470010 880
1470020 880
1470030 880
1470040 882
1470050 884
1470060 884
1470070 884
1470080 885
1470090 885
1470100 885
1470110 885
1470120 885
1470130 885
1470140 886
1470150 886
1470160 886
1470170 885
1470180 885
1470190 885
1470200 886
1470210 886
1470220 886
1470230 888
1470240 888
1470250 891
1470260 894
1470270 894
1470280 897
1470290 899
1470300 899
1470310 899
1470320 898
1470330 898
1470340 899
1470350 900
1470360 903
1470370 903
1470380 906
1470390 910
1470400 910
1470410 915
1470420 918
1470430 918
1470440 923
1470450 926
1470460 926
1470470 929
1470480 932
1470490 932
1470500 936
1470510 939
1470520 939
1470530 942
1470540 943
1470550 943
1470560 944
1470570 946
1470580 946
1470590 947
1470600 948
1470610 948
1470620 949
1470630 950
1470640 950
1470650 951
1470660 954
1470670 954
1470680 957
1470690 958
1470700 958
1470710 960
1470720 961
1470730 961
1470740 961
1470750 961
1470760 961
1470770 962
1470780 962
1470790 962
1470800 962
1470810 961
1470820 962
1470830 962
1470840 962
1470850 963
1470860 963
1470870 963
1470880 963
1470890 963
1470900 962
1470910 961
1470920 961
1470930 961
1470940 961
1470950 961
1470960 961
1470970 962
1470980 962
1470990 963
1471000 964
1471010 964
1471020 965
1471030 966
1471040 966
1471050 966
1471060 967
1471070 967
1471080 968
1471090 969
1471100 969
1471110 969
1471120 970
1471130 970
1471140 972
1471150 974
1471160 974
1471170 976
1471180 977
1471190 977
1471200 983
1471210 984
1471220 985
1471230 985
1471240 986
1471250 986
1471260 986
1471270 987
1471280 989
1471290 989
1471300 989
1471310 987
1471320 987
1471330 984
1471340 982
1471350 982
1471360 979
1471370 976
1471380 976
1471390 974
1471400 973
1471410 973
1471420 972
1471430 972
1471440 972
1471450 972
1471460 972
1471470 972
1471480 971
1471490 971
1471500 971
1471510 971
1471520 970
1471530 970
1471540 970
1471550 970
1471560 970
1471570 969
1471580 968
1471590 968
1471600 965
1471610 962
1471620 962
1471630 959
1471640 956
1471650 950
1471660 950
1471670 945
1471680 938
1471690 938
1471700 931
1471710 923
1471720 923
1471730 912
1471740 900
1471750 900
1471760 892
1471770 883
1471780 883
1471790 874
1471800 865
1471810 865
1471820 855
1471830 847
1471840 847
1471850 840
1471860 833
1471870 833
1471880 824
1471890 810
1471900 810
1471910 812
1471920 827
1471930 827
1471940 834
1471950 840
1471960 840
1471970 845
1471980 850
1471990 850
1472000 854
1472010 860
1472020 860
1472030 867
1472040 874
1472050 874
1472060 884
1472070 896
1472080 906
1472090 906
1472100 914
1472110 924
1472120 924
1472130 933
1472140 941
1472150 941
1472160 951
1472170 963
1472180 963
1472190 972
1472200 980
1472210 980
1472220 989
1472230 996
1472240 996
1472250 1003
1472260 1010
1472270 1010
1472280 1017
1472290 1024
1472300 1024
1472310 1031
1472320 1037
1472330 1037
1472340 1042
1472350 1045
1472360 1045
1472370 1049
1472380 1052
1472390 1052
1472400 1055
1472410 1058
1472420 1058
1472430 1061
1472440 1063
1472450 1063
1472460 1065
1472470 1066
1472480 1066
1472490 1067
1472500 1067
1472510 1066
1472520 1066
1472530 1065
1472540 1065
1472550 1065
1472560 1063
1472570 1060
1472580 1060
1472590 1058
1472600 1056
1472610 1056
1472620 1054
1472630 1052
1472640 1052
1472650 1050
1472660 1048
1472670 1048
1472680 1046
1472690 1045
1472700 1045
1472710 1044
1472720 1044
1472730 1044
1472740 1045
1472750 1046
1472760 1046
1472770 1047
1472780 1048
1472790 1048
1472800 1049
1472810 1051
1472820 1051
1472830 1052
1472840 1053
1472850 1053
1472860 1053
1472870 1053
1472880 1053
1472890 1052
1472900 1051
1472910 1050
1472920 1050
1472930 1050
1472940 1049
1472950 1049
1472960 1048
1472970 1047
1472980 1047
1472990 1046
1473000 1044
1473010 1044
1473020 1043
1473030 1042
1473040 1042
1473050 1041
1473060 1041
1473070 1041
1473080 1041
1473090 1041
1473100 1041
1473110 1040
1473120 1039
1473130 1039
1473140 1037
1473150 1036
1473160 1036
1473170 1035
1473180 1033
1473190 1033
1473200 1031
1473210 1030
1473220 1030
1473230 1028
1473240 1027
1473250 1027
1473260 1025
1473270 1024
1473280 1024
1473290 1021
1473300 1019
1473310 1019
1473320 1016
1473330 1013
1473340 1010
1473350 1010
1473360 1008
1473370 1005
1473380 1005
1473390 1002
1473400 999
1473410 999
1473420 997
1473430 997
1473440 997
1473450 995
1473460 993
1473470 993
1473480 991
1473490 990
1473500 990
1473510 989
1473520 988
1473530 988
1473540 987
1473550 985
1473560 985
1473570 982
1473580 975
1473590 975
1473600 965
1473610 957
1473620 957
1473630 951
1473640 947
1473650 947
1473660 944
1473670 944
1473680 944
1473690 943
1473700 942
1473710 942
1473720 940
1473730 938
1473740 938
1473750 935
1473760 932
1473770 928
1473780 928
1473790 923
1473800 919
1473810 919
1473820 915
1473830 911
1473840 911
1473850 908
1473860 908
1473870 908
1473880 912
1473890 908
1473900 908
1473910 900
1473920 894
1473930 894
1473940 890
1473950 888
1473960 888
1473970 889
1473980 889
1473990 889
1474000 890
1474010 890
1474020 890
1474030 889
1474040 886
1474050 886
1474060 881
1474070 881
1474080 881
1474090 879
1474100 877
1474110 877
1474120 874
1474130 871
1474140 871
1474150 867
1474160 865
1474170 865
1474180 864
1474190 861
1474200 858
1474210 858
1474220 854
1474230 850
1474240 850
1474250 845
1474260 841
1474270 841
1474280 837
1474290 833
1474300 833
1474310 831
1474320 829
1474330 829
1474340 827
1474350 827
1474360 827
1474370 825
1474380 823
1474390 823
1474400 819
1474410 815
1474420 815
1474430 811
1474440 807
1474450 807
1474460 802
1474470 799
1474480 799
1474490 796
1474500 793
1474510 793
1474520 791
1474530 790
1474540 790
1474550 788
1474560 786
1474570 786
1474580 783
1474590 781
1474600 781
1474610 779
1474620 777
1474630 774
1474640 774
1474650 770
1474660 766
1474670 766
1474680 762
1474690 759
1474700 759
1474710 763
1474720 762
1474730 762
1474740 760
1474750 757
1474760 757
1474770 754
1474780 750
1474790 750
1474800 749
1474810 749
1474820 749
1474830 748
1474840 745
1474850 745
1474860 744
1474870 742
1474880 742
1474890 740
1474900 736
1474910 736
1474920 732
1474930 735
1474940 735
1474950 734
1474960 732
1474970 732
1474980 731
1474990 733
1475000 733
1475010 734
1475020 734
1475030 734
1475040 729
1475050 725
1475060 720
1475070 720
1475080 717
1475090 717
1475100 717
1475110 716
1475120 715
1475130 715
1475140 714
1475150 715
1475160 715
1475170 716
1475180 717
1475190 717
1475200 714
1475210 711
1475220 711
1475230 708
1475240 705
1475250 705
1475260 701
1475270 698
1475280 698
1475290 700
1475300 701
1475310 701
1475320 703
1475330 703
1475340 703
1475350 703
1475360 703
1475370 703
1475380 701
1475390 699
1475400 699
1475410 698
1475420 697
1475430 697
1475440 697
1475450 701
1475460 701
1475470 705
1475480 707
1475490 707
1475500 707
1475510 708
1475520 709
1475530 709
1475540 710
1475550 712
1475560 712
1475570 713
1475580 715
1475590 715
1475600 717
1475610 718
1475620 718
1475630 719
1475640 720
1475650 720
1475660 722
1475670 723
1475680 723
1475690 725
1475700 726
1475710 726
1475720 728
1475730 731
1475740 731
1475750 732
1475760 733
1475770 733
1475780 735
1475790 736
1475800 736
1475810 735
1475820 738
1475830 738
1475840 741
1475850 744
1475860 744
1475870 745
1475880 745
1475890 745
1475900 748
1475910 750
1475920 753
1475930 753
1475940 754
1475950 754
1475960 754
1475970 758
1475980 761
1475990 761
1476000 763
1476010 765
1476020 765
1476030 767
1476040 770
1476050 770
1476060 772
1476070 776
1476080 776
1476090 778
1476100 782
1476110 782
1476120 784
1476130 786
1476140 786
1476150 789
1476160 789
1476170 789
1476180 792
1476190 791
1476200 791
1476210 796
1476220 804
1476230 804
1476240 808
1476250 811
1476260 811
1476270 812
1476280 814
1476290 814
1476300 816
1476310 818
1476320 818
1476330 820
1476340 823
1476350 826
1476360 826
1476370 828
1476380 829
1476390 829
1476400 832
1476410 833
1476420 833
1476430 835
1476440 838
1476450 838
1476460 841
1476470 843
1476480 843
1476490 846
1476500 849
1476510 849
1476520 852
1476530 854
1476540 854
1476550 854
1476560 853
1476570 853
1476580 851
1476590 853
1476600 853
1476610 856
1476620 858
1476630 858
1476640 865
1476650 869
1476660 869
1476670 872
1476680 874
1476690 874
1476700 876
1476710 879
1476720 879
1476730 881
1476740 883
1476750 883
1476760 884
1476770 886
1476780 888
1476790 888
1476800 891
1476810 893
1476820 893
1476830 896
1476840 899
1476850 899
1476860 900
1476870 900
1476880 900
1476890 900
1476900 899
1476910 899
1476920 897
1476930 895
1476940 895
1476950 892
1476960 889
1476970 889
1476980 885
1476990 880
1477000 880
1477010 872
1477020 863
1477030 863
1477040 858
1477050 851
1477060 851
1477070 843
1477080 836
1477090 836
1477100 828
1477110 821
1477120 821
1477130 812
1477140 802
1477150 802
1477160 787
1477170 784
1477180 790
1477190 790
1477200 807
1477210 815
1477220 815
1477230 822
1477240 829
1477250 829
1477260 836
1477270 843
1477280 843
1477290 850
1477300 858
1477310 858
1477320 865
1477330 872
1477340 872
1477350 878
1477360 884
1477370 884
1477380 890
1477390 896
1477400 896
1477410 903
1477420 910
1477430 910
1477440 916
1477450 921
1477460 921
1477470 930
1477480 938
1477490 938
1477500 946
1477510 954
1477520 954
1477530 962
1477540 969
1477550 969
1477560 977
1477570 983
1477580 983
1477590 990
1477600 997
1477610 1004
1477620 1004
1477630 1010
1477640 1016
1477650 1016
1477660 1020
1477670 1024
1477680 1024
1477690 1027
1477700 1031
1477710 1031
1477720 1034
1477730 1037
1477740 1037
1477750 1040
1477760 1041
1477770 1041
1477780 1042
1477790 1042
1477800 1042
1477810 1041
1477820 1039
1477830 1039
1477840 1037
1477850 1035
1477860 1035
1477870 1031
1477880 1028
1477890 1028
1477900 1025
1477910 1021
1477920 1021
1477930 1018
1477940 1015
1477950 1015
1477960 1011
1477970 1008
1477980 1008
1477990 1005
1478000 1002
1478010 1002
1478020 1000
1478030 999
1478040 997
1478050 997
1478060 995
1478070 993
1478080 993
1478090 990
1478100 987
1478110 987
1478120 985
1478130 984
1478140 984
1478150 984
1478160 978
1478170 978
1478180 971
1478190 963
1478200 963
1478210 954
1478220 945
1478230 945
1478240 934
1478250 917
1478260 917
1478270 904
1478280 907
1478290 907
1478300 919
1478310 929
1478320 929
1478330 935
1478340 945
1478350 945
1478360 955
1478370 960
1478380 960
1478390 961
1478400 964
1478410 964
1478420 969
1478430 971
1478440 971
1478450 971
1478460 970
1478470 966
1478480 966
1478490 954
1478500 948
1478510 948
1478520 948
1478530 949
1478540 949
1478550 950
1478560 945
1478570 945
1478580 927
1478590 912
1478600 912
1478610 916
1478620 924
1478630 924
1478640 931
1478650 937
1478660 937
1478670 948
1478680 969
1478690 969
1478700 990
1478710 1001
1478720 1001
1478730 1015
1478740 1016
1478750 1016
1478760 1026
1478770 1037
1478780 1037
1478790 1058
1478800 1072
1478810 1072
1478820 1081
1478830 1089
1478840 1089
1478850 1097
1478860 1104
1478870 1104
1478880 1112
1478890 1119
1478900 1126
1478910 1126
1478920 1133
1478930 1141
1478940 1141
1478950 1149
1478960 1157
1478970 1157
1478980 1165
1478990 1172
1479000 1172
1479010 1178
1479020 1183
1479030 1183
1479040 1188
1479050 1191
1479060 1191
1479070 1192
1479080 1193
1479090 1193
1479100 1194
1479110 1195
1479120 1195
1479130 1196
1479140 1197
1479150 1197
1479160 1197
1479170 1197
1479180 1197
1479190 1198
1479200 1200
1479210 1200
1479220 1200
1479230 1197
1479240 1197
1479250 1199
1479260 1210
1479270 1210
1479280 1217
1479290 1221
1479300 1221
1479310 1225
1479320 1224
1479330 1227
1479340 1227
1479350 1240
1479360 1251
1479370 1251
1479380 1261
1479390 1270
1479400 1270
1479410 1278
1479420 1287
1479430 1287
1479440 1294
1479450 1300
1479460 1300
1479470 1304
1479480 1309
1479490 1309
1479500 1313
1479510 1317
1479520 1317
1479530 1321
1479540 1324
1479550 1324
1479560 1328
1479570 1331
1479580 1331
1479590 1333
1479600 1336
1479610 1336
1479620 1342
1479630 1352
1479640 1352
1479650 1361
1479660 1370
1479670 1370
1479680 1378
1479690 1387
1479700 1387
1479710 1395
1479720 1403
1479730 1403
1479740 1412
1479750 1419
1479760 1426
1479770 1426
1479780 1434
1479790 1442
1479800 1442
1479810 1449
1479820 1457
1479830 1457
1479840 1465
1479850 1471
1479860 1471
1479870 1478
1479880 1491
1479890 1491
1479900 1499
1479910 1506
1479920 1506
1479930 1513
1479940 1519
1479950 1519
1479960 1526
1479970 1530
1479980 1530
1479990 1534
