1460000 448
1460010 448
1460020 448
1460030 448
1460040 448
1460050 448
1460060 448
1460070 448
1460080 448
1460090 448
1460100 448
1460110 448
1460120 448
1460130 449
1460140 449
1460150 450
1460160 451
1460170 451
1460180 451
1460190 451
1460200 451
1460210 450
1460220 450
1460230 450
1460240 450
1460250 450
1460260 450
1460270 450
1460280 450
1460290 450
1460300 450
1460310 450
1460320 450
1460330 450
1460340 450
1460350 450
1460360 450
1460370 450
1460380 450
1460390 450
1460400 450
1460410 450
1460420 450
1460430 451
1460440 451
1460450 451
1460460 451
1460470 450
1460480 450
1460490 449
1460500 449
1460510 449
1460520 449
1460530 449
1460540 449
1460550 449
1460560 450
1460570 450
1460580 450
1460590 450
1460600 450
1460610 450
1460620 449
1460630 449
1460640 449
1460650 449
1460660 449
1460670 449
1460680 449
1460690 449
1460700 449
1460710 449
1460720 450
1460730 450
1460740 449
1460750 449
1460760 449
1460770 449
1460780 449
1460790 449
1460800 449
1460810 449
1460820 449
1460830 449
1460840 449
1460850 449
1460860 449
1460870 449
1460880 449
1460890 449
1460900 449
1460910 449
1460920 449
1460930 449
1460940 449
1460950 450
1460960 450
1460970 450
1460980 450
1460990 450
1461000 450
1461010 449
1461020 449
1461030 449
1461040 449
1461050 449
1461060 449
1461070 450
1461080 450
1461090 450
1461100 450
1461110 450
1461120 451
1461130 451
1461140 452
1461150 455
1461160 455
1461170 455
1461180 455
1461190 455
1461200 455
1461210 456
1461220 456
1461230 455
1461240 455
1461250 455
1461260 455
1461270 455
1461280 455
1461290 455
1461300 455
1461310 455
1461320 455
1461330 456
1461340 456
1461350 456
1461360 455
1461370 455
1461380 456
1461390 455
1461400 455
1461410 455
1461420 455
1461430 455
1461440 455
1461450 455
1461460 455
1461470 455
1461480 455
1461490 455
1461500 455
1461510 455
1461520 455
1461530 455
1461540 455
1461550 455
1461560 455
1461570 455
1461580 455
1461590 455
1461600 455
1461610 455
1461620 455
1461630 455
1461640 455
1461650 455
1461660 455
1461670 455
1461680 455
1461690 455
1461700 455
1461710 455
1461720 455
1461730 455
1461740 455
1461750 456
1461760 456
1461770 456
1461780 455
1461790 455
1461800 455
1461810 455
1461820 455
1461830 455
1461840 455
1461850 455
1461860 455
1461870 454
1461880 454
1461890 454
1461900 454
1461910 454
1461920 454
1461930 454
1461940 453
1461950 454
1461960 454
1461970 454
1461980 460
1461990 460
1462000 465
1462010 467
1462020 467
1462030 468
1462040 468
1462050 468
1462060 469
1462070 473
1462080 473
1462090 476
1462100 478
1462110 478
1462120 478
1462130 478
1462140 478
1462150 479
1462160 483
1462170 483
1462180 487
1462190 491
1462200 491
1462210 495
1462220 499
1462230 499
1462240 503
1462250 506
1462260 506
1462270 507
1462280 509
1462290 509
1462300 510
1462310 511
1462320 511
1462330 512
1462340 513
1462350 513
1462360 514
1462370 514
1462380 514
1462390 515
1462400 515
1462410 515
1462420 515
1462430 515
1462440 515
1462450 515
1462460 515
1462470 515
1462480 515
1462490 516
1462500 516
1462510 516
1462520 516
1462530 517
1462540 517
1462550 517
1462560 518
1462570 518
1462580 519
1462590 520
1462600 520
1462610 521
1462620 522
1462630 522
1462640 523
1462650 525
1462660 525
1462670 526
1462680 527
1462690 527
1462700 527
1462710 528
1462720 528
1462730 528
1462740 529
1462750 529
1462760 529
1462770 530
1462780 530
1462790 531
1462800 532
1462810 532
1462820 532
1462830 532
1462840 532
1462850 532
1462860 532
1462870 532
1462880 532
1462890 529
1462900 524
1462910 524
1462920 522
1462930 522
1462940 522
1462950 523
1462960 528
1462970 528
1462980 532
1462990 534
1463000 534
1463010 535
1463020 536
1463030 536
1463040 538
1463050 539
1463060 539
1463070 541
1463080 542
1463090 542
1463100 543
1463110 544
1463120 544
1463130 544
1463140 545
1463150 545
1463160 545
1463170 545
1463180 545
1463190 545
1463200 546
1463210 546
1463220 546
1463230 545
1463240 545
1463250 544
1463260 543
1463270 541
1463280 541
1463290 540
1463300 538
1463310 538
1463320 537
1463330 537
1463340 537
1463350 536
1463360 535
1463370 535
1463380 534
1463390 533
1463400 533
1463410 531
1463420 530
1463430 530
1463440 528
1463450 528
1463460 528
1463470 527
1463480 527
1463490 527
1463500 526
1463510 526
1463520 526
1463530 525
1463540 525
1463550 525
1463560 524
1463570 524
1463580 524
1463590 523
1463600 523
1463610 523
1463620 523
1463630 522
1463640 522
1463650 521
1463660 520
1463670 520
1463680 520
1463690 520
1463700 520
1463710 520
1463720 520
1463730 520
1463740 520
1463750 520
1463760 520
1463770 520
1463780 521
1463790 521
1463800 521
1463810 521
1463820 521
1463830 521
1463840 522
1463850 526
1463860 526
1463870 534
1463880 539
1463890 539
1463900 541
1463910 541
1463920 541
1463930 541
1463940 541
1463950 541
1463960 541
1463970 541
1463980 541
1463990 542
1464000 542
1464010 542
1464020 541
1464030 540
1464040 540
1464050 540
1464060 540
1464070 540
1464080 541
1464090 541
1464100 541
1464110 541
1464120 543
1464130 546
1464140 546
1464150 551
1464160 557
1464170 557
1464180 562
1464190 568
1464200 568
1464210 573
1464220 576
1464230 576
1464240 578
1464250 578
1464260 578
1464270 580
1464280 582
1464290 582
1464300 582
1464310 583
1464320 583
1464330 584
1464340 585
1464350 585
1464360 586
1464370 586
1464380 586
1464390 586
1464400 586
1464410 586
1464420 586
1464430 586
1464440 586
1464450 587
1464460 588
1464470 588
1464480 589
1464490 590
1464500 590
1464510 592
1464520 593
1464530 593
1464540 594
1464550 593
1464560 590
1464570 590
1464580 586
1464590 585
1464600 585
1464610 584
1464620 583
1464630 583
1464640 582
1464650 581
1464660 581
1464670 581
1464680 580
1464690 580
1464700 580
1464710 582
1464720 582
1464730 585
1464740 587
1464750 587
1464760 585
1464770 582
1464780 582
1464790 579
1464800 577
1464810 577
1464820 577
1464830 578
1464840 578
1464850 579
1464860 582
1464870 582
1464880 587
1464890 588
1464900 588
1464910 588
1464920 589
1464930 589
1464940 592
1464950 594
1464960 594
1464970 596
1464980 600
1464990 604
1465000 604
1465010 607
1465020 609
1465030 609
1465040 609
1465050 610
1465060 610
1465070 610
1465080 612
1465090 612
1465100 615
1465110 616
1465120 616
1465130 618
1465140 621
1465150 621
1465160 629
1465170 637
1465180 637
1465190 642
1465200 647
1465210 647
1465220 652
1465230 653
1465240 653
1465250 655
1465260 656
1465270 656
1465280 657
1465290 658
1465300 658
1465310 659
1465320 659
1465330 659
1465340 659
1465350 659
1465360 659
1465370 656
1465380 651
1465390 651
1465400 649
1465410 650
1465420 651
1465430 651
1465440 653
1465450 655
1465460 655
1465470 657
1465480 659
1465490 659
1465500 661
1465510 664
1465520 664
1465530 667
1465540 670
1465550 670
1465560 671
1465570 671
1465580 671
1465590 670
1465600 671
1465610 671
1465620 674
1465630 678
1465640 678
1465650 685
1465660 691
1465670 691
1465680 698
1465690 705
1465700 705
1465710 713
1465720 722
1465730 722
1465740 741
1465750 746
1465760 746
1465770 747
1465780 749
1465790 749
1465800 749
1465810 749
1465820 749
1465830 750
1465840 752
1465850 756
1465860 756
1465870 758
1465880 760
1465890 760
1465900 762
1465910 763
1465920 763
1465930 763
1465940 764
1465950 764
1465960 763
1465970 762
1465980 762
1465990 761
1466000 761
1466010 761
1466020 762
1466030 763
1466040 763
1466050 765
1466060 766
1466070 766
1466080 769
1466090 771
1466100 771
1466110 772
1466120 773
1466130 773
1466140 772
1466150 772
1466160 772
1466170 771
1466180 772
1466190 772
1466200 773
1466210 774
1466220 774
1466230 775
1466240 777
1466250 777
1466260 780
1466270 781
1466280 781
1466290 781
1466300 782
1466310 783
1466320 783
1466330 783
1466340 784
1466350 784
1466360 785
1466370 785
1466380 785
1466390 786
1466400 787
1466410 787
1466420 788
1466430 790
1466440 790
1466450 792
1466460 793
1466470 793
1466480 795
1466490 796
1466500 796
1466510 797
1466520 797
1466530 797
1466540 798
1466550 798
1466560 798
1466570 799
1466580 800
1466590 800
1466600 802
1466610 804
1466620 804
1466630 806
1466640 809
1466650 809
1466660 812
1466670 814
1466680 814
1466690 815
1466700 818
1466710 823
1466720 823
1466730 825
1466740 829
1466750 829
1466760 831
1466770 832
1466780 832
1466790 833
1466800 833
1466810 833
1466820 832
1466830 833
1466840 833
1466850 833
1466860 834
1466870 834
1466880 834
1466890 834
1466900 834
1466910 834
1466920 835
1466930 835
1466940 836
1466950 836
1466960 836
1466970 837
1466980 837
1466990 837
1467000 837
1467010 837
1467020 837
1467030 836
1467040 834
1467050 834
1467060 830
1467070 826
1467080 826
1467090 823
1467100 821
1467110 821
1467120 821
1467130 821
1467140 821
1467150 821
1467160 820
1467170 819
1467180 819
1467190 817
1467200 816
1467210 816
1467220 815
1467230 814
1467240 814
1467250 814
1467260 814
1467270 814
1467280 814
1467290 816
1467300 816
1467310 822
1467320 826
1467330 826
1467340 828
1467350 831
1467360 831
1467370 834
1467380 834
1467390 834
1467400 834
1467410 834
1467420 834
1467430 835
1467440 835
1467450 835
1467460 834
1467470 835
1467480 835
1467490 837
1467500 839
1467510 839
1467520 843
1467530 847
1467540 847
1467550 847
1467560 846
1467570 846
1467580 846
1467590 846
1467600 846
1467610 846
1467620 846
1467630 846
1467640 846
1467650 846
1467660 847
1467670 847
1467680 846
1467690 846
1467700 846
1467710 846
1467720 846
1467730 846
1467740 847
1467750 847
1467760 847
1467770 848
1467780 849
1467790 849
1467800 850
1467810 852
1467820 852
1467830 855
1467840 861
1467850 861
1467860 869
1467870 876
1467880 876
1467890 877
1467900 878
1467910 878
1467920 878
1467930 878
1467940 878
1467950 879
1467960 882
1467970 882
1467980 883
1467990 885
1468000 888
1468010 888
1468020 890
1468030 891
1468040 891
1468050 892
1468060 894
1468070 894
1468080 894
1468090 894
1468100 894
1468110 894
1468120 894
1468130 894
1468140 893
1468150 892
1468160 892
1468170 894
1468180 896
1468190 896
1468200 896
1468210 897
1468220 897
1468230 896
1468240 895
1468250 895
1468260 892
1468270 885
1468280 885
1468290 877
1468300 868
1468310 868
1468320 860
1468330 851
1468340 851
1468350 843
1468360 836
1468370 836
1468380 828
1468390 819
1468400 819
1468410 809
1468420 800
1468430 792
1468440 792
1468450 784
1468460 774
1468470 774
1468480 766
1468490 758
1468500 758
1468510 751
1468520 742
1468530 742
1468540 732
1468550 728
1468560 728
1468570 732
1468580 743
1468590 743
1468600 752
1468610 759
1468620 759
1468630 766
1468640 773
1468650 773
1468660 777
1468670 780
1468680 780
1468690 784
1468700 791
1468710 791
1468720 799
1468730 807
1468740 807
1468750 815
1468760 822
1468770 822
1468780 828
1468790 833
1468800 833
1468810 839
1468820 845
1468830 845
1468840 851
1468850 857
1468860 857
1468870 863
1468880 870
1468890 876
1468900 876
1468910 882
1468920 888
1468930 888
1468940 894
1468950 901
1468960 901
1468970 908
1468980 914
1468990 914
1469000 921
1469010 927
1469020 927
1469030 934
1469040 941
1469050 941
1469060 949
1469070 957
1469080 957
1469090 966
1469100 975
1469110 975
1469120 983
1469130 991
1469140 991
1469150 997
1469160 1003
1469170 1003
1469180 1011
1469190 1018
1469200 1018
1469210 1026
1469220 1036
1469230 1036
1469240 1041
1469250 1044
1469260 1044
1469270 1047
1469280 1049
1469290 1049
1469300 1051
1469310 1054
1469320 1057
1469330 1057
1469340 1059
1469350 1061
1469360 1061
1469370 1062
1469380 1063
1469390 1063
1469400 1063
1469410 1064
1469420 1064
1469430 1064
1469440 1065
1469450 1065
1469460 1065
1469470 1066
1469480 1066
1469490 1066
1469500 1066
1469510 1066
1469520 1066
1469530 1065
1469540 1065
1469550 1065
1469560 1066
1469570 1066
1469580 1066
1469590 1066
1469600 1066
1469610 1067
1469620 1068
1469630 1068
1469640 1068
1469650 1069
1469660 1069
1469670 1070
1469680 1070
1469690 1070
1469700 1070
1469710 1070
1469720 1070
1469730 1071
1469740 1073
1469750 1074
1469760 1074
1469770 1075
1469780 1078
1469790 1078
1469800 1081
1469810 1083
1469820 1083
1469830 1084
1469840 1086
1469850 1086
1469860 1088
1469870 1090
1469880 1090
1469890 1091
1469900 1093
1469910 1093
1469920 1095
1469930 1097
1469940 1097
1469950 1099
1469960 1100
1469970 1100
1469980 1103
1469990 1106
1470000 1106
1470010 1108
1470020 1111
1470030 1111
1470040 1113
1470050 1117
1470060 1117
1470070 1121
1470080 1126
1470090 1126
1470100 1130
1470110 1134
1470120 1134
1470130 1138
1470140 1142
1470150 1142
1470160 1145
1470170 1148
1470180 1152
1470190 1152
1470200 1157
1470210 1160
1470220 1160
1470230 1162
1470240 1163
1470250 1163
1470260 1164
1470270 1163
1470280 1163
1470290 1164
1470300 1164
1470310 1164
1470320 1165
1470330 1166
1470340 1166
1470350 1167
1470360 1168
1470370 1168
1470380 1170
1470390 1172
1470400 1172
1470410 1174
1470420 1176
1470430 1176
1470440 1178
1470450 1181
1470460 1181
1470470 1183
1470480 1186
1470490 1186
1470500 1190
1470510 1193
1470520 1193
1470530 1197
1470540 1201
1470550 1201
1470560 1205
1470570 1210
1470580 1210
1470590 1215
1470600 1221
1470610 1226
1470620 1226
1470630 1231
1470640 1235
1470650 1235
1470660 1239
1470670 1241
1470680 1241
1470690 1242
1470700 1243
1470710 1243
1470720 1244
1470730 1247
1470740 1247
1470750 1252
1470760 1257
1470770 1257
1470780 1261
1470790 1264
1470800 1264
1470810 1266
1470820 1267
1470830 1267
1470840 1266
1470850 1267
1470860 1267
1470870 1268
1470880 1268
1470890 1268
1470900 1268
1470910 1267
1470920 1267
1470930 1266
1470940 1265
1470950 1265
1470960 1264
1470970 1264
1470980 1264
1470990 1263
1471000 1261
1471010 1261
1471020 1259
1471030 1256
1471040 1254
1471050 1254
1471060 1249
1471070 1244
1471080 1244
1471090 1234
1471100 1224
1471110 1224
1471120 1216
1471130 1208
1471140 1208
1471150 1201
1471160 1195
1471170 1195
1471180 1191
1471190 1188
1471200 1188
1471210 1186
1471220 1183
1471230 1183
1471240 1181
1471250 1178
1471260 1178
1471270 1175
1471280 1173
1471290 1173
1471300 1171
1471310 1170
1471320 1170
1471330 1169
1471340 1167
1471350 1167
1471360 1165
1471370 1162
1471380 1162
1471390 1161
1471400 1159
1471410 1159
1471420 1158
1471430 1158
1471440 1158
1471450 1157
1471460 1157
1471470 1156
1471480 1156
1471490 1156
1471500 1156
1471510 1156
1471520 1156
1471530 1157
1471540 1157
1471550 1159
1471560 1160
1471570 1160
1471580 1160
1471590 1159
1471600 1159
1471610 1157
1471620 1155
1471630 1155
1471640 1154
1471650 1152
1471660 1152
1471670 1149
1471680 1146
1471690 1146
1471700 1145
1471710 1144
1471720 1144
1471730 1143
1471740 1142
1471750 1142
1471760 1140
1471770 1138
1471780 1138
1471790 1135
1471800 1131
1471810 1131
1471820 1127
1471830 1122
1471840 1122
1471850 1119
1471860 1116
1471870 1116
1471880 1112
1471890 1109
1471900 1105
1471910 1105
1471920 1101
1471930 1097
1471940 1097
1471950 1094
1471960 1092
1471970 1092
1471980 1089
1471990 1086
1472000 1086
1472010 1083
1472020 1077
1472030 1077
1472040 1073
1472050 1069
1472060 1069
1472070 1066
1472080 1063
1472090 1063
1472100 1060
1472110 1061
1472120 1061
1472130 1068
1472140 1076
1472150 1076
1472160 1085
1472170 1094
1472180 1094
1472190 1101
1472200 1104
1472210 1104
1472220 1108
1472230 1112
1472240 1112
1472250 1116
1472260 1121
1472270 1121
1472280 1125
1472290 1130
1472300 1130
1472310 1136
1472320 1141
1472330 1147
1472340 1147
1472350 1153
1472360 1159
1472370 1159
1472380 1165
1472390 1172
1472400 1172
1472410 1179
1472420 1186
1472430 1186
1472440 1193
1472450 1200
1472460 1200
1472470 1208
1472480 1217
1472490 1217
1472500 1224
1472510 1232
1472520 1232
1472530 1240
1472540 1247
1472550 1247
1472560 1254
1472570 1261
1472580 1261
1472590 1269
1472600 1277
1472610 1277
1472620 1291
1472630 1300
1472640 1300
1472650 1308
1472660 1315
1472670 1315
1472680 1321
1472690 1328
1472700 1328
1472710 1335
1472720 1341
1472730 1341
1472740 1348
1472750 1355
1472760 1360
1472770 1360
1472780 1366
1472790 1371
1472800 1371
1472810 1376
1472820 1380
1472830 1380
1472840 1384
1472850 1387
1472860 1387
1472870 1390
1472880 1392
1472890 1392
1472900 1394
1472910 1396
1472920 1396
1472930 1397
1472940 1398
1472950 1398
1472960 1399
1472970 1399
1472980 1399
1472990 1399
1473000 1400
1473010 1400
1473020 1399
1473030 1398
1473040 1398
1473050 1395
1473060 1393
1473070 1393
1473080 1393
1473090 1393
1473100 1393
1473110 1393
1473120 1392
1473130 1392
1473140 1391
1473150 1391
1473160 1391
1473170 1391
1473180 1391
1473190 1391
1473200 1391
1473210 1389
1473220 1387
1473230 1387
1473240 1388
1473250 1391
1473260 1391
1473270 1389
1473280 1385
1473290 1385
1473300 1382
1473310 1381
1473320 1381
1473330 1384
1473340 1385
1473350 1385
1473360 1386
1473370 1386
1473380 1386
1473390 1384
1473400 1382
1473410 1382
1473420 1380
1473430 1378
1473440 1378
1473450 1373
1473460 1368
1473470 1368
1473480 1363
1473490 1356
1473500 1356
1473510 1350
1473520 1343
1473530 1343
1473540 1336
1473550 1327
1473560 1327
1473570 1318
1473580 1310
1473590 1310
1473600 1301
1473610 1293
1473620 1286
1473630 1286
1473640 1279
1473650 1272
1473660 1272
1473670 1265
1473680 1259
1473690 1259
1473700 1253
1473710 1248
1473720 1248
1473730 1243
1473740 1238
1473750 1238
1473760 1232
1473770 1228
1473780 1228
1473790 1223
1473800 1219
1473810 1219
1473820 1216
1473830 1212
1473840 1212
1473850 1207
1473860 1201
1473870 1201
1473880 1196
1473890 1191
1473900 1191
1473910 1187
1473920 1183
1473930 1183
1473940 1179
1473950 1177
1473960 1177
1473970 1175
1473980 1173
1473990 1173
1474000 1172
1474010 1171
1474020 1171
1474030 1167
1474040 1162
1474050 1162
1474060 1156
1474070 1152
1474080 1146
1474090 1146
1474100 1141
1474110 1135
1474120 1135
1474130 1130
1474140 1124
1474150 1124
1474160 1119
1474170 1114
1474180 1114
1474190 1109
1474200 1105
1474210 1105
1474220 1101
1474230 1098
1474240 1098
1474250 1093
1474260 1087
1474270 1087
1474280 1079
1474290 1072
1474300 1072
1474310 1064
1474320 1056
1474330 1056
1474340 1048
1474350 1043
1474360 1043
1474370 1037
1474380 1030
1474390 1030
1474400 1023
1474410 1017
1474420 1017
1474430 1011
1474440 1004
1474450 1004
1474460 997
1474470 990
1474480 990
1474490 984
1474500 978
1474510 972
1474520 972
1474530 965
1474540 959
1474550 959
1474560 952
1474570 946
1474580 946
1474590 940
1474600 934
1474610 934
1474620 928
1474630 922
1474640 922
1474650 908
1474660 891
1474670 891
1474680 878
1474690 862
1474700 862
1474710 850
1474720 839
1474730 839
1474740 833
1474750 833
1474760 833
1474770 836
1474780 842
1474790 842
1474800 852
1474810 865
1474820 865
1474830 882
1474840 887
1474850 887
1474860 890
1474870 899
1474880 899
1474890 904
1474900 910
1474910 910
1474920 915
1474930 921
1474940 927
1474950 927
1474960 933
1474970 937
1474980 937
1474990 942
1475000 945
1475010 945
1475020 950
1475030 955
1475040 955
1475050 958
1475060 962
1475070 962
1475080 968
1475090 972
1475100 972
1475110 976
1475120 979
1475130 979
1475140 984
1475150 992
1475160 992
1475170 999
1475180 1005
1475190 1005
1475200 1011
1475210 1017
1475220 1017
1475230 1022
1475240 1027
1475250 1027
1475260 1033
1475270 1037
1475280 1037
1475290 1041
1475300 1045
1475310 1045
1475320 1049
1475330 1052
1475340 1052
1475350 1053
1475360 1054
1475370 1054
1475380 1054
1475390 1053
1475400 1051
1475410 1051
1475420 1049
1475430 1047
1475440 1047
1475450 1045
1475460 1045
1475470 1045
1475480 1045
1475490 1044
1475500 1044
1475510 1042
1475520 1039
1475530 1039
1475540 1034
1475550 1030
1475560 1030
1475570 1027
1475580 1024
1475590 1024
1475600 1021
1475610 1018
1475620 1018
1475630 1014
1475640 1009
1475650 1009
1475660 1004
1475670 998
1475680 998
1475690 993
1475700 988
1475710 988
1475720 981
1475730 974
1475740 974
1475750 966
1475760 958
1475770 958
1475780 952
1475790 945
1475800 938
1475810 938
1475820 931
1475830 923
1475840 923
1475850 918
1475860 911
1475870 911
1475880 903
1475890 896
1475900 896
1475910 889
1475920 882
1475930 882
1475940 876
1475950 869
1475960 869
1475970 862
1475980 855
1475990 855
1476000 846
1476010 838
1476020 838
1476030 831
1476040 825
1476050 825
1476060 818
1476070 813
1476080 813
1476090 809
1476100 806
1476110 806
1476120 800
1476130 793
1476140 793
1476150 785
1476160 778
1476170 778
1476180 772
1476190 766
1476200 766
1476210 766
1476220 768
1476230 769
1476240 769
1476250 776
1476260 784
1476270 784
1476280 789
1476290 794
1476300 794
1476310 799
1476320 804
1476330 804
1476340 811
1476350 816
1476360 816
1476370 821
1476380 826
1476390 826
1476400 833
1476410 840
1476420 840
1476430 845
1476440 846
1476450 846
1476460 847
1476470 850
1476480 850
1476490 853
1476500 854
1476510 854
1476520 852
1476530 852
1476540 852
1476550 852
1476560 854
1476570 854
1476580 857
1476590 856
1476600 856
1476610 853
1476620 856
1476630 856
1476640 860
1476650 858
1476660 855
1476670 855
1476680 855
1476690 856
1476700 856
1476710 853
1476720 852
1476730 852
1476740 852
1476750 852
1476760 852
1476770 851
1476780 854
1476790 854
1476800 865
1476810 875
1476820 875
1476830 883
1476840 891
1476850 891
1476860 899
1476870 907
1476880 907
1476890 913
1476900 920
1476910 920
1476920 927
1476930 931
1476940 931
1476950 932
1476960 932
1476970 932
1476980 933
1476990 932
1477000 932
1477010 925
1477020 919
1477030 919
1477040 914
1477050 909
1477060 909
1477070 909
1477080 909
1477090 909
1477100 909
1477110 910
1477120 909
1477130 909
1477140 908
1477150 907
1477160 907
1477170 904
1477180 897
1477190 897
1477200 896
1477210 904
1477220 904
1477230 907
1477240 915
1477250 915
1477260 924
1477270 931
1477280 931
1477290 938
1477300 942
1477310 942
1477320 947
1477330 951
1477340 951
1477350 955
1477360 959
1477370 959
1477380 964
1477390 970
1477400 970
1477410 976
1477420 983
1477430 983
1477440 989
1477450 995
1477460 995
1477470 1001
1477480 1004
1477490 1004
1477500 1010
1477510 1015
1477520 1020
1477530 1020
1477540 1025
1477550 1030
1477560 1030
1477570 1033
1477580 1034
1477590 1034
1477600 1037
1477610 1039
1477620 1039
1477630 1040
1477640 1041
1477650 1041
1477660 1041
1477670 1041
1477680 1041
1477690 1040
1477700 1038
1477710 1038
1477720 1038
1477730 1039
1477740 1039
1477750 1039
1477760 1041
1477770 1041
1477780 1043
1477790 1044
1477800 1044
1477810 1044
1477820 1045
1477830 1045
1477840 1045
1477850 1045
1477860 1045
1477870 1046
1477880 1047
1477890 1047
1477900 1048
1477910 1048
1477920 1048
1477930 1049
1477940 1048
1477950 1047
1477960 1047
1477970 1045
1477980 1044
1477990 1044
1478000 1043
1478010 1044
1478020 1044
1478030 1045
1478040 1045
1478050 1045
1478060 1045
1478070 1048
1478080 1048
1478090 1050
1478100 1052
1478110 1052
1478120 1052
1478130 1051
1478140 1051
1478150 1050
1478160 1047
1478170 1047
1478180 1044
1478190 1040
1478200 1040
1478210 1040
1478220 1045
1478230 1045
1478240 1048
1478250 1048
1478260 1048
1478270 1047
1478280 1047
1478290 1047
1478300 1050
1478310 1052
1478320 1052
1478330 1054
1478340 1059
1478350 1059
1478360 1065
1478370 1071
1478380 1076
1478390 1076
1478400 1083
1478410 1088
1478420 1088
1478430 1094
1478440 1098
1478450 1098
1478460 1102
1478470 1103
1478480 1103
1478490 1105
1478500 1107
1478510 1107
1478520 1110
1478530 1112
1478540 1112
1478550 1112
1478560 1112
1478570 1112
1478580 1110
1478590 1110
1478600 1110
1478610 1111
1478620 1112
1478630 1112
1478640 1112
1478650 1111
1478660 1111
1478670 1110
1478680 1109
1478690 1109
1478700 1110
1478710 1108
1478720 1108
1478730 1106
1478740 1105
1478750 1105
1478760 1108
1478770 1110
1478780 1110
1478790 1109
1478800 1108
1478810 1107
1478820 1107
1478830 1107
1478840 1107
1478850 1107
1478860 1103
1478870 1102
1478880 1102
1478890 1102
1478900 1103
1478910 1103
1478920 1102
1478930 1100
1478940 1100
1478950 1094
1478960 1086
1478970 1086
1478980 1080
1478990 1079
1479000 1079
1479010 1078
1479020 1080
1479030 1080
1479040 1084
1479050 1085
1479060 1085
1479070 1085
1479080 1083
1479090 1083
1479100 1080
1479110 1068
1479120 1068
1479130 1065
1479140 1068
1479150 1068
1479160 1072
1479170 1076
1479180 1076
1479190 1080
1479200 1082
1479210 1082
1479220 1085
1479230 1090
1479240 1090
1479250 1095
1479260 1100
1479270 1105
1479280 1105
1479290 1110
1479300 1113
1479310 1113
1479320 1118
1479330 1121
1479340 1121
1479350 1125
1479360 1129
1479370 1129
1479380 1133
1479390 1137
1479400 1137
1479410 1140
1479420 1144
1479430 1144
1479440 1147
1479450 1151
1479460 1151
1479470 1157
1479480 1166
1479490 1166
1479500 1175
1479510 1186
1479520 1186
1479530 1195
1479540 1205
1479550 1205
1479560 1211
1479570 1220
1479580 1220
1479590 1234
1479600 1247
1479610 1247
1479620 1246
1479630 1245
1479640 1245
1479650 1246
1479660 1243
1479670 1243
1479680 1243
1479690 1252
1479700 1264
1479710 1264
1479720 1268
1479730 1273
1479740 1273
1479750 1284
1479760 1296
1479770 1296
1479780 1319
1479790 1339
1479800 1339
1479810 1357
1479820 1368
1479830 1368
1479840 1376
1479850 1386
1479860 1386
1479870 1395
1479880 1404
1479890 1404
1479900 1413
1479910 1422
1479920 1422
1479930 1431
1479940 1439
1479950 1439
1479960 1445
1479970 1451
1479980 1451
1479990 1458
