1460000 449
1460010 449
1460020 449
1460030 449
1460040 450
1460050 450
1460060 450
1460070 449
1460080 449
1460090 449
1460100 449
1460110 449
1460120 449
1460130 450
1460140 450
1460150 450
1460160 450
1460170 450
1460180 450
1460190 450
1460200 450
1460210 450
1460220 450
1460230 450
1460240 450
1460250 450
1460260 450
1460270 450
1460280 450
1460290 450
1460300 450
1460310 450
1460320 450
1460330 450
1460340 450
1460350 449
1460360 449
1460370 449
1460380 449
1460390 449
1460400 449
1460410 449
1460420 449
1460430 449
1460440 449
1460450 449
1460460 449
1460470 449
1460480 449
1460490 449
1460500 449
1460510 449
1460520 449
1460530 449
1460540 449
1460550 450
1460560 450
1460570 450
1460580 450
1460590 449
1460600 449
1460610 449
1460620 449
1460630 449
1460640 449
1460650 449
1460660 448
1460670 448
1460680 448
1460690 449
1460700 449
1460710 449
1460720 449
1460730 449
1460740 449
1460750 449
1460760 449
1460770 449
1460780 448
1460790 448
1460800 448
1460810 449
1460820 449
1460830 449
1460840 449
1460850 449
1460860 449
1460870 449
1460880 449
1460890 449
1460900 449
1460910 449
1460920 449
1460930 449
1460940 449
1460950 449
1460960 449
1460970 449
1460980 449
1460990 449
1461000 449
1461010 449
1461020 451
1461030 452
1461040 452
1461050 453
1461060 453
1461070 453
1461080 452
1461090 449
1461100 449
1461110 448
1461120 448
1461130 448
1461140 448
1461150 448
1461160 448
1461170 448
1461180 448
1461190 448
1461200 448
1461210 448
1461220 448
1461230 448
1461240 448
1461250 448
1461260 449
1461270 449
1461280 449
1461290 450
1461300 450
1461310 450
1461320 450
1461330 450
1461340 450
1461350 450
1461360 450
1461370 450
1461380 450
1461390 449
1461400 449
1461410 449
1461420 449
1461430 450
1461440 450
1461450 450
1461460 450
1461470 450
1461480 452
1461490 453
1461500 453
1461510 454
1461520 455
1461530 455
1461540 455
1461550 455
1461560 455
1461570 456
1461580 457
1461590 457
1461600 458
1461610 459
1461620 459
1461630 460
1461640 461
1461650 461
1461660 462
1461670 463
1461680 463
1461690 464
1461700 466
1461710 466
1461720 467
1461730 469
1461740 469
1461750 470
1461760 472
1461770 472
1461780 473
1461790 473
1461800 473
1461810 474
1461820 477
1461830 477
1461840 478
1461850 478
1461860 478
1461870 480
1461880 483
1461890 487
1461900 487
1461910 492
1461920 496
1461930 496
1461940 500
1461950 503
1461960 503
1461970 505
1461980 507
1461990 507
1462000 508
1462010 509
1462020 509
1462030 510
1462040 510
1462050 510
1462060 511
1462070 511
1462080 511
1462090 512
1462100 512
1462110 512
1462120 512
1462130 511
1462140 511
1462150 510
1462160 510
1462170 510
1462180 510
1462190 510
1462200 510
1462210 510
1462220 510
1462230 510
1462240 511
1462250 512
1462260 512
1462270 513
1462280 514
1462290 514
1462300 514
1462310 514
1462320 513
1462330 513
1462340 513
1462350 513
1462360 513
1462370 515
1462380 517
1462390 517
1462400 519
1462410 520
1462420 520
1462430 521
1462440 522
1462450 522
1462460 523
1462470 523
1462480 523
1462490 524
1462500 524
1462510 524
1462520 525
1462530 526
1462540 526
1462550 526
1462560 527
1462570 527
1462580 527
1462590 528
1462600 528
1462610 529
1462620 530
1462630 530
1462640 531
1462650 532
1462660 532
1462670 532
1462680 533
1462690 533
1462700 534
1462710 534
1462720 534
1462730 535
1462740 536
1462750 536
1462760 536
1462770 537
1462780 538
1462790 538
1462800 539
1462810 541
1462820 541
1462830 542
1462840 542
1462850 542
1462860 543
1462870 543
1462880 543
1462890 544
1462900 544
1462910 544
1462920 545
1462930 546
1462940 546
1462950 547
1462960 547
1462970 547
1462980 548
1462990 548
1463000 548
1463010 547
1463020 546
1463030 546
1463040 545
1463050 545
1463060 545
1463070 544
1463080 544
1463090 544
1463100 543
1463110 542
1463120 542
1463130 538
1463140 533
1463150 533
1463160 529
1463170 524
1463180 522
1463190 522
1463200 520
1463210 518
1463220 518
1463230 516
1463240 514
1463250 514
1463260 513
1463270 515
1463280 515
1463290 517
1463300 520
1463310 520
1463320 523
1463330 526
1463340 526
1463350 528
1463360 531
1463370 531
1463380 535
1463390 538
1463400 538
1463410 540
1463420 538
1463430 538
1463440 531
1463450 524
1463460 524
1463470 520
1463480 517
1463490 517
1463500 517
1463510 517
1463520 517
1463530 517
1463540 517
1463550 517
1463560 517
1463570 517
1463580 517
1463590 517
1463600 517
1463610 517
1463620 517
1463630 517
1463640 518
1463650 518
1463660 518
1463670 518
1463680 518
1463690 518
1463700 519
1463710 519
1463720 520
1463730 520
1463740 520
1463750 519
1463760 519
1463770 519
1463780 519
1463790 519
1463800 519
1463810 519
1463820 519
1463830 519
1463840 520
1463850 520
1463860 520
1463870 520
1463880 521
1463890 521
1463900 521
1463910 522
1463920 522
1463930 522
1463940 522
1463950 522
1463960 522
1463970 523
1463980 523
1463990 523
1464000 523
1464010 523
1464020 524
1464030 525
1464040 528
1464050 528
1464060 532
1464070 537
1464080 537
1464090 543
1464100 546
1464110 546
1464120 549
1464130 550
1464140 550
1464150 550
1464160 550
1464170 550
1464180 550
1464190 550
1464200 550
1464210 551
1464220 551
1464230 551
1464240 552
1464250 554
1464260 554
1464270 556
1464280 558
1464290 558
1464300 562
1464310 566
1464320 566
1464330 570
1464340 579
1464350 579
1464360 582
1464370 582
1464380 582
1464390 582
1464400 583
1464410 583
1464420 586
1464430 589
1464440 589
1464450 591
1464460 591
1464470 591
1464480 591
1464490 593
1464500 595
1464510 595
1464520 596
1464530 597
1464540 597
1464550 596
1464560 594
1464570 594
1464580 592
1464590 589
1464600 589
1464610 586
1464620 581
1464630 581
1464640 576
1464650 572
1464660 572
1464670 569
1464680 568
1464690 568
1464700 569
1464710 573
1464720 573
1464730 576
1464740 573
1464750 573
1464760 569
1464770 567
1464780 567
1464790 565
1464800 564
1464810 564
1464820 564
1464830 564
1464840 564
1464850 564
1464860 564
1464870 564
1464880 564
1464890 564
1464900 565
1464910 565
1464920 567
1464930 569
1464940 569
1464950 573
1464960 573
1464970 573
1464980 574
1464990 576
1465000 576
1465010 581
1465020 583
1465030 583
1465040 583
1465050 585
1465060 585
1465070 589
1465080 592
1465090 592
1465100 596
1465110 602
1465120 602
1465130 609
1465140 617
1465150 617
1465160 624
1465170 632
1465180 632
1465190 641
1465200 651
1465210 651
1465220 656
1465230 658
1465240 658
1465250 660
1465260 662
1465270 662
1465280 663
1465290 665
1465300 665
1465310 666
1465320 667
1465330 667
1465340 669
1465350 670
1465360 673
1465370 673
1465380 677
1465390 680
1465400 680
1465410 682
1465420 684
1465430 684
1465440 686
1465450 688
1465460 688
1465470 690
1465480 693
1465490 693
1465500 694
1465510 693
1465520 693
1465530 694
1465540 696
1465550 696
1465560 699
1465570 701
1465580 701
1465590 703
1465600 706
1465610 706
1465620 711
1465630 719
1465640 719
1465650 727
1465660 734
1465670 734
1465680 740
1465690 747
1465700 747
1465710 754
1465720 761
1465730 761
1465740 769
1465750 776
1465760 776
1465770 786
1465780 788
1465790 790
1465800 790
1465810 792
1465820 794
1465830 794
1465840 794
1465850 794
1465860 794
1465870 795
1465880 795
1465890 795
1465900 796
1465910 796
1465920 796
1465930 797
1465940 798
1465950 798
1465960 798
1465970 798
1465980 798
1465990 799
1466000 799
1466010 799
1466020 799
1466030 802
1466040 802
1466050 804
1466060 804
1466070 804
1466080 804
1466090 805
1466100 805
1466110 805
1466120 805
1466130 805
1466140 805
1466150 806
1466160 806
1466170 808
1466180 812
1466190 812
1466200 815
1466210 816
1466220 817
1466230 817
1466240 818
1466250 820
1466260 820
1466270 822
1466280 824
1466290 824
1466300 826
1466310 827
1466320 827
1466330 827
1466340 828
1466350 828
1466360 828
1466370 829
1466380 829
1466390 830
1466400 831
1466410 831
1466420 831
1466430 831
1466440 831
1466450 831
1466460 831
1466470 831
1466480 831
1466490 833
1466500 833
1466510 838
1466520 843
1466530 843
1466540 843
1466550 843
1466560 843
1466570 844
1466580 844
1466590 844
1466600 845
1466610 846
1466620 846
1466630 847
1466640 848
1466650 848
1466660 848
1466670 848
1466680 848
1466690 848
1466700 849
1466710 849
1466720 849
1466730 850
1466740 851
1466750 851
1466760 852
1466770 852
1466780 852
1466790 852
1466800 852
1466810 852
1466820 852
1466830 852
1466840 852
1466850 852
1466860 851
1466870 851
1466880 851
1466890 851
1466900 851
1466910 850
1466920 850
1466930 850
1466940 850
1466950 851
1466960 851
1466970 852
1466980 852
1466990 852
1467000 853
1467010 854
1467020 854
1467030 858
1467040 863
1467050 863
1467060 868
1467070 873
1467080 878
1467090 878
1467100 882
1467110 883
1467120 883
1467130 884
1467140 885
1467150 885
1467160 884
1467170 885
1467180 885
1467190 888
1467200 889
1467210 889
1467220 890
1467230 891
1467240 891
1467250 889
1467260 888
1467270 888
1467280 884
1467290 882
1467300 882
1467310 884
1467320 887
1467330 887
1467340 890
1467350 893
1467360 893
1467370 894
1467380 894
1467390 894
1467400 894
1467410 895
1467420 895
1467430 894
1467440 891
1467450 891
1467460 890
1467470 889
1467480 889
1467490 889
1467500 889
1467510 890
1467520 890
1467530 890
1467540 890
1467550 890
1467560 891
1467570 892
1467580 892
1467590 895
1467600 898
1467610 898
1467620 900
1467630 902
1467640 902
1467650 904
1467660 906
1467670 906
1467680 909
1467690 914
1467700 914
1467710 918
1467720 924
1467730 924
1467740 931
1467750 935
1467760 935
1467770 935
1467780 935
1467790 935
1467800 935
1467810 935
1467820 935
1467830 935
1467840 936
1467850 936
1467860 936
1467870 937
1467880 937
1467890 940
1467900 944
1467910 944
1467920 945
1467930 945
1467940 945
1467950 945
1467960 945
1467970 945
1467980 945
1467990 945
1468000 945
1468010 945
1468020 945
1468030 944
1468040 944
1468050 944
1468060 944
1468070 944
1468080 943
1468090 941
1468100 941
1468110 937
1468120 931
1468130 931
1468140 927
1468150 923
1468160 923
1468170 920
1468180 918
1468190 918
1468200 916
1468210 915
1468220 915
1468230 913
1468240 911
1468250 911
1468260 910
1468270 908
1468280 908
1468290 906
1468300 903
1468310 903
1468320 900
1468330 894
1468340 894
1468350 888
1468360 883
1468370 876
1468380 876
1468390 870
1468400 862
1468410 862
1468420 855
1468430 846
1468440 846
1468450 840
1468460 833
1468470 833
1468480 826
1468490 818
1468500 818
1468510 805
1468520 793
1468530 793
1468540 794
1468550 795
1468560 795
1468570 795
1468580 792
1468590 792
1468600 788
1468610 786
1468620 786
1468630 792
1468640 800
1468650 800
1468660 808
1468670 816
1468680 816
1468690 824
1468700 830
1468710 830
1468720 834
1468730 835
1468740 835
1468750 838
1468760 842
1468770 842
1468780 845
1468790 849
1468800 849
1468810 854
1468820 861
1468830 869
1468840 869
1468850 878
1468860 885
1468870 885
1468880 892
1468890 898
1468900 898
1468910 906
1468920 913
1468930 913
1468940 920
1468950 927
1468960 927
1468970 935
1468980 942
1468990 942
1469000 950
1469010 957
1469020 957
1469030 964
1469040 971
1469050 971
1469060 978
1469070 986
1469080 986
1469090 992
1469100 999
1469110 999
1469120 1005
1469130 1012
1469140 1012
1469150 1020
1469160 1028
1469170 1028
1469180 1039
1469190 1048
1469200 1048
1469210 1054
1469220 1059
1469230 1059
1469240 1065
1469250 1072
1469260 1079
1469270 1079
1469280 1085
1469290 1092
1469300 1092
1469310 1098
1469320 1103
1469330 1103
1469340 1107
1469350 1110
1469360 1110
1469370 1112
1469380 1115
1469390 1115
1469400 1117
1469410 1118
1469420 1118
1469430 1119
1469440 1120
1469450 1120
1469460 1122
1469470 1123
1469480 1123
1469490 1124
1469500 1126
1469510 1126
1469520 1128
1469530 1130
1469540 1130
1469550 1133
1469560 1136
1469570 1136
1469580 1138
1469590 1140
1469600 1140
1469610 1140
1469620 1141
1469630 1141
1469640 1140
1469650 1140
1469660 1140
1469670 1141
1469680 1142
1469690 1143
1469700 1143
1469710 1144
1469720 1144
1469730 1144
1469740 1146
1469750 1147
1469760 1147
1469770 1148
1469780 1148
1469790 1148
1469800 1149
1469810 1149
1469820 1149
1469830 1150
1469840 1154
1469850 1154
1469860 1158
1469870 1161
1469880 1161
1469890 1164
1469900 1168
1469910 1168
1469920 1172
1469930 1175
1469940 1175
1469950 1179
1469960 1183
1469970 1183
1469980 1187
1469990 1190
1470000 1190
1470010 1194
1470020 1197
1470030 1197
1470040 1199
1470050 1200
1470060 1200
1470070 1201
1470080 1202
1470090 1202
1470100 1203
1470110 1203
1470120 1204
1470130 1204
1470140 1204
1470150 1205
1470160 1205
1470170 1207
1470180 1209
1470190 1209
1470200 1210
1470210 1212
1470220 1212
1470230 1214
1470240 1215
1470250 1215
1470260 1218
1470270 1220
1470280 1220
1470290 1224
1470300 1227
1470310 1227
1470320 1232
1470330 1236
1470340 1236
1470350 1241
1470360 1245
1470370 1245
1470380 1251
1470390 1256
1470400 1256
1470410 1262
1470420 1268
1470430 1268
1470440 1274
1470450 1280
1470460 1280
1470470 1286
1470480 1292
1470490 1292
1470500 1296
1470510 1300
1470520 1300
1470530 1304
1470540 1309
1470550 1312
1470560 1312
1470570 1316
1470580 1319
1470590 1319
1470600 1322
1470610 1325
1470620 1325
1470630 1328
1470640 1331
1470650 1331
1470660 1334
1470670 1336
1470680 1336
1470690 1338
1470700 1341
1470710 1341
1470720 1343
1470730 1345
1470740 1345
1470750 1347
1470760 1348
1470770 1348
1470780 1349
1470790 1349
1470800 1349
1470810 1350
1470820 1351
1470830 1351
1470840 1351
1470850 1352
1470860 1352
1470870 1352
1470880 1351
1470890 1351
1470900 1342
1470910 1330
1470920 1330
1470930 1320
1470940 1313
1470950 1313
1470960 1307
1470970 1300
1470980 1296
1470990 1296
1471000 1290
1471010 1285
1471020 1285
1471030 1280
1471040 1275
1471050 1275
1471060 1270
1471070 1265
1471080 1265
1471090 1259
1471100 1254
1471110 1254
1471120 1250
1471130 1246
1471140 1246
1471150 1243
1471160 1240
1471170 1240
1471180 1238
1471190 1236
1471200 1236
1471210 1237
1471220 1237
1471230 1237
1471240 1237
1471250 1237
1471260 1237
1471270 1236
1471280 1234
1471290 1234
1471300 1233
1471310 1232
1471320 1232
1471330 1231
1471340 1230
1471350 1230
1471360 1228
1471370 1226
1471380 1226
1471390 1225
1471400 1224
1471410 1224
1471420 1224
1471430 1226
1471440 1228
1471450 1228
1471460 1231
1471470 1235
1471480 1235
1471490 1239
1471500 1243
1471510 1243
1471520 1247
1471530 1251
1471540 1251
1471550 1254
1471560 1257
1471570 1257
1471580 1257
1471590 1256
1471600 1256
1471610 1253
1471620 1251
1471630 1251
1471640 1249
1471650 1247
1471660 1247
1471670 1245
1471680 1244
1471690 1244
1471700 1242
1471710 1239
1471720 1239
1471730 1235
1471740 1232
1471750 1232
1471760 1229
1471770 1226
1471780 1226
1471790 1223
1471800 1220
1471810 1220
1471820 1217
1471830 1216
1471840 1217
1471850 1217
1471860 1217
1471870 1216
1471880 1216
1471890 1213
1471900 1210
1471910 1210
1471920 1207
1471930 1206
1471940 1206
1471950 1206
1471960 1204
1471970 1204
1471980 1200
1471990 1196
1472000 1196
1472010 1191
1472020 1186
1472030 1186
1472040 1180
1472050 1175
1472060 1175
1472070 1171
1472080 1167
1472090 1167
1472100 1164
1472110 1158
1472120 1158
1472130 1150
1472140 1143
1472150 1143
1472160 1136
1472170 1135
1472180 1135
1472190 1142
1472200 1148
1472210 1148
1472220 1153
1472230 1158
1472240 1158
1472250 1164
1472260 1170
1472270 1170
1472280 1176
1472290 1181
1472300 1186
1472310 1186
1472320 1190
1472330 1195
1472340 1195
1472350 1200
1472360 1205
1472370 1205
1472380 1210
1472390 1216
1472400 1216
1472410 1222
1472420 1228
1472430 1228
1472440 1234
1472450 1241
1472460 1241
1472470 1247
1472480 1254
1472490 1254
1472500 1261
1472510 1268
1472520 1268
1472530 1275
1472540 1282
1472550 1282
1472560 1288
1472570 1295
1472580 1295
1472590 1303
1472600 1310
1472610 1310
1472620 1317
1472630 1325
1472640 1325
1472650 1334
1472660 1343
1472670 1343
1472680 1351
1472690 1358
1472700 1358
1472710 1365
1472720 1373
1472730 1380
1472740 1380
1472750 1387
1472760 1394
1472770 1394
1472780 1400
1472790 1408
1472800 1408
1472810 1415
1472820 1421
1472830 1421
1472840 1428
1472850 1435
1472860 1435
1472870 1441
1472880 1448
1472890 1448
1472900 1452
1472910 1457
1472920 1457
1472930 1463
1472940 1468
1472950 1468
1472960 1472
1472970 1476
1472980 1476
1472990 1480
1473000 1483
1473010 1483
1473020 1486
1473030 1489
1473040 1489
1473050 1491
1473060 1493
1473070 1493
1473080 1494
1473090 1495
1473100 1495
1473110 1496
1473120 1497
1473130 1497
1473140 1497
1473150 1497
1473160 1496
1473170 1496
1473180 1494
1473190 1491
1473200 1488
1473210 1483
1473220 1475
1473230 1475
1473240 1467
1473250 1456
1473260 1456
1473270 1441
1473280 1428
1473290 1428
1473300 1418
1473310 1410
1473320 1410
1473330 1403
1473340 1396
1473350 1396
1473360 1389
1473370 1383
1473380 1383
1473390 1378
1473400 1370
1473410 1370
1473420 1361
1473430 1356
1473440 1356
1473450 1349
1473460 1343
1473470 1343
1473480 1337
1473490 1330
1473500 1330
1473510 1324
1473520 1318
1473530 1318
1473540 1312
1473550 1306
1473560 1306
1473570 1301
1473580 1295
1473590 1290
1473600 1290
1473610 1284
1473620 1279
1473630 1279
1473640 1273
1473650 1269
1473660 1269
1473670 1264
1473680 1260
1473690 1260
1473700 1256
1473710 1252
1473720 1252
1473730 1248
1473740 1245
1473750 1245
1473760 1242
1473770 1238
1473780 1238
1473790 1236
1473800 1233
1473810 1233
1473820 1232
1473830 1230
1473840 1230
1473850 1225
1473860 1219
1473870 1219
1473880 1213
1473890 1208
1473900 1208
1473910 1203
1473920 1198
1473930 1198
1473940 1193
1473950 1188
1473960 1188
1473970 1183
1473980 1178
1473990 1178
1474000 1174
1474010 1169
1474020 1164
1474030 1164
1474040 1159
1474050 1153
1474060 1153
1474070 1147
1474080 1141
1474090 1141
1474100 1135
1474110 1128
1474120 1128
1474130 1123
1474140 1118
1474150 1118
1474160 1113
1474170 1107
1474180 1107
1474190 1103
1474200 1098
1474210 1098
1474220 1095
1474230 1091
1474240 1091
1474250 1086
1474260 1079
1474270 1079
1474280 1073
1474290 1067
1474300 1067
1474310 1061
1474320 1055
1474330 1055
1474340 1046
1474350 1037
1474360 1037
1474370 1026
1474380 1015
1474390 1015
1474400 1004
1474410 993
1474420 993
1474430 986
1474440 979
1474450 971
1474460 971
1474470 958
1474480 944
1474490 944
1474500 945
1474510 961
1474520 961
1474530 968
1474540 968
1474550 968
1474560 967
1474570 966
1474580 966
1474590 963
1474600 950
1474610 950
1474620 937
1474630 947
1474640 947
1474650 963
1474660 970
1474670 970
1474680 970
1474690 970
1474700 970
1474710 969
1474720 967
1474730 967
1474740 968
1474750 972
1474760 972
1474770 979
1474780 989
1474790 989
1474800 996
1474810 1000
1474820 1000
1474830 1001
1474840 1004
1474850 1004
1474860 1013
1474870 1021
1474880 1021
1474890 1027
1474900 1033
1474910 1039
1474920 1039
1474930 1045
1474940 1052
1474950 1052
1474960 1057
1474970 1062
1474980 1062
1474990 1067
1475000 1072
1475010 1072
1475020 1077
1475030 1083
1475040 1083
1475050 1091
1475060 1098
1475070 1098
1475080 1104
1475090 1110
1475100 1110
1475110 1117
1475120 1121
1475130 1121
1475140 1125
1475150 1126
1475160 1126
1475170 1126
1475180 1125
1475190 1125
1475200 1124
1475210 1123
1475220 1123
1475230 1121
1475240 1121
1475250 1121
1475260 1119
1475270 1118
1475280 1118
1475290 1116
1475300 1114
1475310 1114
1475320 1112
1475330 1109
1475340 1105
1475350 1105
1475360 1101
1475370 1097
1475380 1097
1475390 1094
1475400 1090
1475410 1090
1475420 1085
1475430 1079
1475440 1079
1475450 1074
1475460 1067
1475470 1067
1475480 1060
1475490 1053
1475500 1053
1475510 1046
1475520 1039
1475530 1039
1475540 1032
1475550 1025
1475560 1025
1475570 1018
1475580 1011
1475590 1011
1475600 1005
1475610 998
1475620 998
1475630 990
1475640 981
1475650 981
1475660 974
1475670 966
1475680 966
1475690 962
1475700 959
1475710 959
1475720 955
1475730 949
1475740 949
1475750 943
1475760 937
1475770 930
1475780 930
1475790 925
1475800 919
1475810 919
1475820 913
1475830 906
1475840 906
1475850 899
1475860 892
1475870 892
1475880 885
1475890 876
1475900 876
1475910 869
1475920 864
1475930 864
1475940 859
1475950 852
1475960 852
1475970 846
1475980 839
1475990 839
1476000 833
1476010 827
1476020 827
1476030 822
1476040 818
1476050 818
1476060 814
1476070 810
1476080 810
1476090 806
1476100 799
1476110 799
1476120 788
1476130 787
1476140 787
1476150 789
1476160 796
1476170 796
1476180 805
1476190 812
1476200 819
1476210 819
1476220 826
1476230 832
1476240 832
1476250 839
1476260 847
1476270 847
1476280 855
1476290 863
1476300 863
1476310 870
1476320 876
1476330 876
1476340 881
1476350 885
1476360 885
1476370 891
1476380 897
1476390 897
1476400 904
1476410 911
1476420 911
1476430 919
1476440 926
1476450 926
1476460 934
1476470 940
1476480 940
1476490 944
1476500 946
1476510 946
1476520 947
1476530 948
1476540 948
1476550 949
1476560 949
1476570 949
1476580 949
1476590 949
1476600 949
1476610 950
1476620 951
1476630 953
1476640 953
1476650 956
1476660 956
1476670 956
1476680 954
1476690 952
1476700 952
1476710 950
1476720 950
1476730 950
1476740 950
1476750 950
1476760 950
1476770 950
1476780 951
1476790 951
1476800 951
1476810 949
1476820 949
1476830 945
1476840 943
1476850 943
1476860 942
1476870 942
1476880 942
1476890 941
1476900 933
1476910 933
1476920 931
1476930 940
1476940 940
1476950 947
1476960 955
1476970 955
1476980 960
1476990 967
1477000 967
1477010 973
1477020 977
1477030 977
1477040 985
1477050 991
1477060 997
1477070 997
1477080 1003
1477090 1007
1477100 1007
1477110 1010
1477120 1012
1477130 1012
1477140 1012
1477150 1012
1477160 1012
1477170 1010
1477180 1008
1477190 1008
1477200 1004
1477210 1002
1477220 1002
1477230 999
1477240 996
1477250 996
1477260 994
1477270 989
1477280 989
1477290 985
1477300 980
1477310 980
1477320 976
1477330 972
1477340 972
1477350 966
1477360 957
1477370 957
1477380 952
1477390 956
1477400 956
1477410 965
1477420 975
1477430 975
1477440 984
1477450 995
1477460 995
1477470 1005
1477480 1013
1477490 1020
1477500 1020
1477510 1026
1477520 1031
1477530 1031
1477540 1038
1477550 1045
1477560 1045
1477570 1052
1477580 1061
1477590 1061
1477600 1069
1477610 1076
1477620 1076
1477630 1083
1477640 1090
1477650 1090
1477660 1097
1477670 1104
1477680 1104
1477690 1111
1477700 1116
1477710 1116
1477720 1121
1477730 1127
1477740 1127
1477750 1132
1477760 1137
1477770 1137
1477780 1143
1477790 1149
1477800 1149
1477810 1154
1477820 1158
1477830 1158
1477840 1161
1477850 1164
1477860 1164
1477870 1166
1477880 1168
1477890 1168
1477900 1170
1477910 1172
1477920 1174
1477930 1174
1477940 1176
1477950 1177
1477960 1177
1477970 1178
1477980 1180
1477990 1180
1478000 1181
1478010 1181
1478020 1181
1478030 1182
1478040 1182
1478050 1182
1478060 1182
1478070 1181
1478080 1181
1478090 1181
1478100 1180
1478110 1180
1478120 1181
1478130 1180
1478140 1180
1478150 1179
1478160 1179
1478170 1179
1478180 1179
1478190 1178
1478200 1178
1478210 1177
1478220 1177
1478230 1177
1478240 1175
1478250 1171
1478260 1171
1478270 1167
1478280 1164
1478290 1164
1478300 1163
1478310 1161
1478320 1161
1478330 1158
1478340 1155
1478350 1155
1478360 1153
1478370 1153
1478380 1154
1478390 1154
1478400 1156
1478410 1162
1478420 1162
1478430 1168
1478440 1175
1478450 1175
1478460 1181
1478470 1185
1478480 1185
1478490 1188
1478500 1192
1478510 1192
1478520 1197
1478530 1202
1478540 1202
1478550 1206
1478560 1210
1478570 1210
1478580 1215
1478590 1218
1478600 1218
1478610 1222
1478620 1226
1478630 1226
1478640 1231
1478650 1235
1478660 1235
1478670 1238
1478680 1241
1478690 1241
1478700 1244
1478710 1246
1478720 1246
1478730 1247
1478740 1248
1478750 1248
1478760 1249
1478770 1252
1478780 1252
1478790 1254
1478800 1254
1478810 1256
1478820 1256
1478830 1257
1478840 1256
1478850 1256
1478860 1256
1478870 1255
1478880 1255
1478890 1256
1478900 1256
1478910 1256
1478920 1258
1478930 1258
1478940 1258
1478950 1256
1478960 1256
1478970 1256
1478980 1256
1478990 1258
1479000 1258
1479010 1260
1479020 1261
1479030 1261
1479040 1261
1479050 1261
1479060 1261
1479070 1263
1479080 1264
1479090 1264
1479100 1265
1479110 1266
1479120 1266
1479130 1265
1479140 1261
1479150 1261
1479160 1257
1479170 1257
1479180 1257
1479190 1264
1479200 1266
1479210 1266
1479220 1264
1479230 1261
1479240 1265
1479250 1265
1479260 1272
1479270 1272
1479280 1272
1479290 1271
1479300 1277
1479310 1277
1479320 1286
1479330 1290
1479340 1290
1479350 1288
1479360 1284
1479370 1284
1479380 1284
1479390 1288
1479400 1288
1479410 1301
1479420 1313
1479430 1313
1479440 1324
1479450 1332
1479460 1332
1479470 1340
1479480 1348
1479490 1348
1479500 1355
1479510 1362
1479520 1362
1479530 1367
1479540 1360
1479550 1360
1479560 1362
1479570 1381
1479580 1381
1479590 1388
1479600 1392
1479610 1392
1479620 1399
1479630 1405
1479640 1405
1479650 1411
1479660 1418
1479670 1424
1479680 1424
1479690 1431
1479700 1437
1479710 1437
1479720 1443
1479730 1448
1479740 1448
1479750 1449
1479760 1447
1479770 1447
1479780 1449
1479790 1453
1479800 1453
1479810 1454
1479820 1451
1479830 1451
1479840 1458
1479850 1466
1479860 1466
1479870 1474
1479880 1480
1479890 1480
1479900 1486
1479910 1494
1479920 1494
1479930 1501
1479940 1510
1479950 1510
1479960 1517
1479970 1526
1479980 1526
1479990 1532
