1460000 497
1460010 497
1460020 499
1460030 502
1460040 502
1460050 505
1460060 506
1460070 506
1460080 507
1460090 508
1460100 508
1460110 509
1460120 510
1460130 510
1460140 511
1460150 512
1460160 512
1460170 513
1460180 515
1460190 515
1460200 517
1460210 519
1460220 519
1460230 521
1460240 522
1460250 522
1460260 523
1460270 524
1460280 525
1460290 525
1460300 527
1460310 530
1460320 530
1460330 533
1460340 536
1460350 536
1460360 538
1460370 538
1460380 538
1460390 541
1460400 542
1460410 542
1460420 543
1460430 544
1460440 544
1460450 545
1460460 546
1460470 546
1460480 547
1460490 548
1460500 548
1460510 549
1460520 550
1460530 550
1460540 550
1460550 551
1460560 551
1460570 552
1460580 552
1460590 552
1460600 553
1460610 553
1460620 553
1460630 552
1460640 551
1460650 551
1460660 551
1460670 551
1460680 551
1460690 551
1460700 551
1460710 551
1460720 550
1460730 550
1460740 549
1460750 549
1460760 548
1460770 548
1460780 548
1460790 547
1460800 547
1460810 547
1460820 547
1460830 546
1460840 546
1460850 546
1460860 545
1460870 545
1460880 542
1460890 539
1460900 539
1460910 536
1460920 535
1460930 535
1460940 534
1460950 533
1460960 533
1460970 533
1460980 532
1460990 532
1461000 531
1461010 529
1461020 529
1461030 528
1461040 526
1461050 526
1461060 525
1461070 523
1461080 523
1461090 519
1461100 516
1461110 516
1461120 513
1461130 512
1461140 512
1461150 513
1461160 514
1461170 514
1461180 514
1461190 512
1461200 509
1461210 509
1461220 505
1461230 500
1461240 500
1461250 493
1461260 488
1461270 488
1461280 482
1461290 477
1461300 477
1461310 471
1461320 469
1461330 469
1461340 468
1461350 468
1461360 468
1461370 468
1461380 469
1461390 469
1461400 469
1461410 469
1461420 469
1461430 469
1461440 469
1461450 469
1461460 469
1461470 469
1461480 469
1461490 469
1461500 469
1461510 469
1461520 470
1461530 470
1461540 470
1461550 470
1461560 470
1461570 470
1461580 470
1461590 470
1461600 470
1461610 470
1461620 470
1461630 470
1461640 470
1461650 470
1461660 470
1461670 470
1461680 470
1461690 470
1461700 470
1461710 471
1461720 471
1461730 471
1461740 471
1461750 471
1461760 471
1461770 471
1461780 471
1461790 471
1461800 471
1461810 471
1461820 471
1461830 471
1461840 471
1461850 471
1461860 471
1461870 471
1461880 471
1461890 471
1461900 471
1461910 471
1461920 471
1461930 471
1461940 471
1461950 471
1461960 471
1461970 471
1461980 471
1461990 471
1462000 471
1462010 471
1462020 471
1462030 471
1462040 472
1462050 472
1462060 472
1462070 472
1462080 472
1462090 472
1462100 472
1462110 472
1462120 472
1462130 472
1462140 472
1462150 472
1462160 472
1462170 472
1462180 473
1462190 473
1462200 473
1462210 473
1462220 473
1462230 472
1462240 473
1462250 473
1462260 473
1462270 473
1462280 473
1462290 473
1462300 473
1462310 473
1462320 473
1462330 473
1462340 473
1462350 474
1462360 474
1462370 474
1462380 474
1462390 474
1462400 474
1462410 474
1462420 474
1462430 474
1462440 475
1462450 475
1462460 475
1462470 475
1462480 476
1462490 476
1462500 477
1462510 476
1462520 476
1462530 476
1462540 477
1462550 477
1462560 477
1462570 477
1462580 477
1462590 477
1462600 477
1462610 478
1462620 478
1462630 478
1462640 478
1462650 478
1462660 478
1462670 478
1462680 478
1462690 478
1462700 479
1462710 479
1462720 479
1462730 479
1462740 479
1462750 479
1462760 480
1462770 480
1462780 480
1462790 481
1462800 481
1462810 482
1462820 484
1462830 484
1462840 487
1462850 489
1462860 489
1462870 491
1462880 492
1462890 492
1462900 494
1462910 495
1462920 495
1462930 495
1462940 496
1462950 496
1462960 498
1462970 499
1462980 502
1462990 502
1463000 506
1463010 511
1463020 511
1463030 520
1463040 536
1463050 536
1463060 548
1463070 555
1463080 555
1463090 560
1463100 565
1463110 565
1463120 568
1463130 569
1463140 569
1463150 571
1463160 573
1463170 573
1463180 575
1463190 578
1463200 578
1463210 582
1463220 584
1463230 584
1463240 586
1463250 587
1463260 587
1463270 587
1463280 588
1463290 588
1463300 588
1463310 590
1463320 590
1463330 591
1463340 592
1463350 592
1463360 593
1463370 595
1463380 595
1463390 597
1463400 600
1463410 602
1463420 602
1463430 604
1463440 607
1463450 607
1463460 610
1463470 613
1463480 613
1463490 618
1463500 623
1463510 623
1463520 629
1463530 639
1463540 639
1463550 653
1463560 670
1463570 670
1463580 681
1463590 684
1463600 684
1463610 686
1463620 687
1463630 687
1463640 690
1463650 694
1463660 694
1463670 697
1463680 701
1463690 701
1463700 706
1463710 712
1463720 712
1463730 719
1463740 724
1463750 724
1463760 727
1463770 730
1463780 730
1463790 731
1463800 729
1463810 729
1463820 727
1463830 725
1463840 725
1463850 726
1463860 724
1463870 722
1463880 722
1463890 715
1463900 709
1463910 709
1463920 703
1463930 691
1463940 691
1463950 678
1463960 669
1463970 669
1463980 660
1463990 655
1464000 655
1464010 649
1464020 642
1464030 642
1464040 636
1464050 630
1464060 630
1464070 623
1464080 620
1464090 620
1464100 620
1464110 621
1464120 621
1464130 620
1464140 613
1464150 613
1464160 604
1464170 597
1464180 597
1464190 591
1464200 585
1464210 585
1464220 579
1464230 574
1464240 574
1464250 568
1464260 564
1464270 564
1464280 566
1464290 577
1464300 589
1464310 589
1464320 599
1464330 606
1464340 606
1464350 610
1464360 615
1464370 615
1464380 620
1464390 624
1464400 624
1464410 627
1464420 631
1464430 631
1464440 635
1464450 640
1464460 640
1464470 644
1464480 648
1464490 648
1464500 652
1464510 654
1464520 654
1464530 656
1464540 657
1464550 657
1464560 658
1464570 660
1464580 660
1464590 662
1464600 666
1464610 666
1464620 669
1464630 670
1464640 670
1464650 672
1464660 673
1464670 673
1464680 673
1464690 673
1464700 673
1464710 673
1464720 673
1464730 673
1464740 673
1464750 672
1464760 672
1464770 672
1464780 671
1464790 670
1464800 670
1464810 669
1464820 668
1464830 668
1464840 668
1464850 670
1464860 670
1464870 671
1464880 671
1464890 671
1464900 671
1464910 670
1464920 670
1464930 671
1464940 673
1464950 673
1464960 676
1464970 681
1464980 681
1464990 686
1465000 690
1465010 690
1465020 693
1465030 695
1465040 695
1465050 696
1465060 696
1465070 696
1465080 697
1465090 699
1465100 699
1465110 701
1465120 704
1465130 704
1465140 707
1465150 708
1465160 708
1465170 707
1465180 707
1465190 707
1465200 708
1465210 710
1465220 711
1465230 711
1465240 713
1465250 714
1465260 714
1465270 716
1465280 718
1465290 718
1465300 721
1465310 724
1465320 724
1465330 726
1465340 728
1465350 728
1465360 731
1465370 733
1465380 733
1465390 736
1465400 740
1465410 740
1465420 742
1465430 745
1465440 745
1465450 748
1465460 751
1465470 751
1465480 754
1465490 758
1465500 758
1465510 761
1465520 764
1465530 764
1465540 767
1465550 770
1465560 770
1465570 771
1465580 773
1465590 773
1465600 777
1465610 782
1465620 782
1465630 786
1465640 788
1465650 790
1465660 790
1465670 792
1465680 793
1465690 793
1465700 792
1465710 791
1465720 791
1465730 790
1465740 793
1465750 793
1465760 795
1465770 798
1465780 798
1465790 800
1465800 802
1465810 802
1465820 803
1465830 802
1465840 802
1465850 802
1465860 802
1465870 802
1465880 802
1465890 803
1465900 803
1465910 805
1465920 806
1465930 806
1465940 808
1465950 810
1465960 810
1465970 812
1465980 815
1465990 815
1466000 818
1466010 820
1466020 820
1466030 823
1466040 827
1466050 827
1466060 831
1466070 835
1466080 835
1466090 838
1466100 843
1466110 850
1466120 850
1466130 858
1466140 865
1466150 865
1466160 872
1466170 879
1466180 879
1466190 884
1466200 889
1466210 889
1466220 895
1466230 900
1466240 900
1466250 904
1466260 907
1466270 907
1466280 911
1466290 915
1466300 915
1466310 919
1466320 924
1466330 924
1466340 928
1466350 931
1466360 931
1466370 934
1466380 935
1466390 935
1466400 936
1466410 938
1466420 938
1466430 939
1466440 941
1466450 941
1466460 942
1466470 944
1466480 944
1466490 948
1466500 951
1466510 951
1466520 953
1466530 955
1466540 957
1466550 957
1466560 960
1466570 963
1466580 963
1466590 966
1466600 970
1466610 970
1466620 974
1466630 980
1466640 980
1466650 985
1466660 991
1466670 991
1466680 996
1466690 1001
1466700 1001
1466710 1007
1466720 1012
1466730 1012
1466740 1017
1466750 1022
1466760 1022
1466770 1026
1466780 1030
1466790 1030
1466800 1033
1466810 1035
1466820 1035
1466830 1038
1466840 1041
1466850 1041
1466860 1045
1466870 1049
1466880 1049
1466890 1053
1466900 1057
1466910 1057
1466920 1061
1466930 1064
1466940 1064
1466950 1068
1466960 1072
1466970 1072
1466980 1075
1466990 1078
1467000 1081
1467010 1081
1467020 1083
1467030 1084
1467040 1084
1467050 1086
1467060 1088
1467070 1088
1467080 1090
1467090 1093
1467100 1093
1467110 1095
1467120 1097
1467130 1097
1467140 1099
1467150 1100
1467160 1100
1467170 1102
1467180 1105
1467190 1105
1467200 1108
1467210 1110
1467220 1110
1467230 1112
1467240 1114
1467250 1114
1467260 1116
1467270 1118
1467280 1118
1467290 1120
1467300 1122
1467310 1122
1467320 1123
1467330 1123
1467340 1123
1467350 1124
1467360 1124
1467370 1124
1467380 1124
1467390 1124
1467400 1124
1467410 1122
1467420 1120
1467430 1119
1467440 1119
1467450 1119
1467460 1118
1467470 1118
1467480 1117
1467490 1116
1467500 1116
1467510 1114
1467520 1112
1467530 1112
1467540 1110
1467550 1109
1467560 1109
1467570 1107
1467580 1105
1467590 1105
1467600 1102
1467610 1099
1467620 1099
1467630 1097
1467640 1096
1467650 1096
1467660 1094
1467670 1092
1467680 1092
1467690 1087
1467700 1082
1467710 1082
1467720 1077
1467730 1072
1467740 1072
1467750 1068
1467760 1064
1467770 1064
1467780 1059
1467790 1054
1467800 1054
1467810 1051
1467820 1052
1467830 1052
1467840 1054
1467850 1054
1467860 1054
1467870 1054
1467880 1055
1467890 1056
1467900 1056
1467910 1054
1467920 1053
1467930 1053
1467940 1054
1467950 1054
1467960 1054
1467970 1051
1467980 1049
1467990 1049
1468000 1048
1468010 1048
1468020 1048
1468030 1051
1468040 1056
1468050 1056
1468060 1057
1468070 1059
1468080 1059
1468090 1062
1468100 1064
1468110 1064
1468120 1062
1468130 1057
1468140 1057
1468150 1053
1468160 1053
1468170 1053
1468180 1054
1468190 1056
1468200 1056
1468210 1057
1468220 1056
1468230 1056
1468240 1052
1468250 1048
1468260 1048
1468270 1041
1468280 1039
1468290 1039
1468300 1036
1468310 1031
1468320 1035
1468330 1035
1468340 1044
1468350 1054
1468360 1054
1468370 1062
1468380 1070
1468390 1070
1468400 1078
1468410 1085
1468420 1085
1468430 1092
1468440 1099
1468450 1099
1468460 1106
1468470 1113
1468480 1113
1468490 1120
1468500 1127
1468510 1127
1468520 1134
1468530 1140
1468540 1140
1468550 1147
1468560 1154
1468570 1154
1468580 1161
1468590 1168
1468600 1168
1468610 1174
1468620 1181
1468630 1181
1468640 1188
1468650 1195
1468660 1195
1468670 1202
1468680 1208
1468690 1208
1468700 1215
1468710 1221
1468720 1221
1468730 1227
1468740 1232
1468750 1232
1468760 1237
1468770 1241
1468780 1245
1468790 1245
1468800 1250
1468810 1255
1468820 1255
1468830 1260
1468840 1264
1468850 1264
1468860 1266
1468870 1268
1468880 1268
1468890 1270
1468900 1273
1468910 1273
1468920 1276
1468930 1279
1468940 1279
1468950 1283
1468960 1286
1468970 1286
1468980 1290
1468990 1293
1469000 1293
1469010 1296
1469020 1299
1469030 1299
1469040 1302
1469050 1305
1469060 1305
1469070 1309
1469080 1312
1469090 1312
1469100 1315
1469110 1318
1469120 1318
1469130 1320
1469140 1323
1469150 1323
1469160 1326
1469170 1329
1469180 1329
1469190 1332
1469200 1334
1469210 1334
1469220 1337
1469230 1339
1469240 1341
1469250 1341
1469260 1343
1469270 1345
1469280 1345
1469290 1347
1469300 1348
1469310 1348
1469320 1349
1469330 1350
1469340 1350
1469350 1351
1469360 1350
1469370 1350
1469380 1345
1469390 1340
1469400 1340
1469410 1334
1469420 1328
1469430 1328
1469440 1320
1469450 1311
1469460 1311
1469470 1303
1469480 1296
1469490 1296
1469500 1289
1469510 1283
1469520 1283
1469530 1277
1469540 1271
1469550 1271
1469560 1266
1469570 1261
1469580 1261
1469590 1256
1469600 1251
1469610 1251
1469620 1245
1469630 1239
1469640 1239
1469650 1231
1469660 1215
1469670 1203
1469680 1203
1469690 1194
1469700 1186
1469710 1186
1469720 1178
1469730 1172
1469740 1172
1469750 1168
1469760 1165
1469770 1165
1469780 1164
1469790 1161
1469800 1161
1469810 1157
1469820 1152
1469830 1152
1469840 1148
1469850 1145
1469860 1145
1469870 1140
1469880 1135
1469890 1135
1469900 1134
1469910 1131
1469920 1131
1469930 1129
1469940 1127
1469950 1127
1469960 1124
1469970 1125
1469980 1125
1469990 1124
1470000 1124
1470010 1124
1470020 1124
1470030 1124
1470040 1124
1470050 1124
1470060 1123
1470070 1123
1470080 1122
1470090 1120
1470100 1120
1470110 1124
1470120 1127
1470130 1130
1470140 1130
1470150 1132
1470160 1135
1470170 1135
1470180 1137
1470190 1139
1470200 1139
1470210 1139
1470220 1139
1470230 1139
1470240 1138
1470250 1137
1470260 1137
1470270 1136
1470280 1134
1470290 1134
1470300 1131
1470310 1128
1470320 1128
1470330 1123
1470340 1118
1470350 1118
1470360 1111
1470370 1113
1470380 1113
1470390 1121
1470400 1128
1470410 1128
1470420 1133
1470430 1137
1470440 1137
1470450 1141
1470460 1144
1470470 1144
1470480 1148
1470490 1152
1470500 1152
1470510 1155
1470520 1156
1470530 1156
1470540 1155
1470550 1153
1470560 1149
1470570 1149
1470580 1145
1470590 1142
1470600 1142
1470610 1136
1470620 1135
1470630 1135
1470640 1134
1470650 1136
1470660 1136
1470670 1140
1470680 1141
1470690 1141
1470700 1144
1470710 1146
1470720 1146
1470730 1147
1470740 1150
1470750 1150
1470760 1153
1470770 1154
1470780 1154
1470790 1155
1470800 1156
1470810 1156
1470820 1154
1470830 1153
1470840 1153
1470850 1150
1470860 1146
1470870 1146
1470880 1139
1470890 1132
1470900 1132
1470910 1123
1470920 1116
1470930 1116
1470940 1108
1470950 1101
1470960 1101
1470970 1094
1470980 1087
1470990 1087
1471000 1080
1471010 1074
1471020 1069
1471030 1069
1471040 1064
1471050 1058
1471060 1058
1471070 1051
1471080 1046
1471090 1046
1471100 1040
1471110 1035
1471120 1035
1471130 1030
1471140 1026
1471150 1026
1471160 1023
1471170 1020
1471180 1020
1471190 1017
1471200 1014
1471210 1014
1471220 1012
1471230 1009
1471240 1009
1471250 1006
1471260 1002
1471270 1002
1471280 999
1471290 996
1471300 996
1471310 994
1471320 990
1471330 990
1471340 983
1471350 976
1471360 976
1471370 968
1471380 962
1471390 962
1471400 957
1471410 952
1471420 952
1471430 946
1471440 941
1471450 935
1471460 935
1471470 929
1471480 922
1471490 922
1471500 915
1471510 908
1471520 908
1471530 902
1471540 897
1471550 897
1471560 892
1471570 888
1471580 888
1471590 884
1471600 874
1471610 874
1471620 865
1471630 865
1471640 865
1471650 864
1471660 865
1471670 865
1471680 873
1471690 883
1471700 883
1471710 891
1471720 897
1471730 897
1471740 901
1471750 905
1471760 905
1471770 910
1471780 914
1471790 914
1471800 918
1471810 923
1471820 923
1471830 927
1471840 931
1471850 931
1471860 934
1471870 935
1471880 935
1471890 932
1471900 930
1471910 930
1471920 930
1471930 928
1471940 923
1471950 923
1471960 920
1471970 916
1471980 916
1471990 910
1472000 905
1472010 905
1472020 901
1472030 900
1472040 900
1472050 896
1472060 889
1472070 889
1472080 882
1472090 876
1472100 876
1472110 871
1472120 867
1472130 867
1472140 864
1472150 861
1472160 861
1472170 861
1472180 862
1472190 862
1472200 864
1472210 868
1472220 868
1472230 874
1472240 878
1472250 878
1472260 883
1472270 890
1472280 890
1472290 895
1472300 901
1472310 901
1472320 907
1472330 915
1472340 915
1472350 925
1472360 937
1472370 944
1472380 944
1472390 950
1472400 955
1472410 955
1472420 960
1472430 964
1472440 964
1472450 969
1472460 974
1472470 974
1472480 978
1472490 983
1472500 983
1472510 988
1472520 993
1472530 993
1472540 997
1472550 1000
1472560 1000
1472570 1003
1472580 1006
1472590 1006
1472600 1009
1472610 1012
1472620 1013
1472630 1016
1472640 1018
1472650 1018
1472660 1022
1472670 1026
1472680 1026
1472690 1031
1472700 1035
1472710 1035
1472720 1038
1472730 1042
1472740 1042
1472750 1048
1472760 1054
1472770 1054
1472780 1056
1472790 1058
1472800 1066
1472810 1066
1472820 1074
1472830 1080
1472840 1080
1472850 1084
1472860 1088
1472870 1088
1472880 1091
1472890 1094
1472900 1094
1472910 1099
1472920 1105
1472930 1105
1472940 1111
1472950 1117
1472960 1117
1472970 1122
1472980 1128
1472990 1128
1473000 1134
1473010 1140
1473020 1140
1473030 1146
1473040 1151
1473050 1151
1473060 1155
1473070 1159
1473080 1159
1473090 1163
1473100 1165
1473110 1165
1473120 1166
1473130 1166
1473140 1166
1473150 1164
1473160 1162
1473170 1162
1473180 1159
1473190 1155
1473200 1155
1473210 1149
1473220 1143
1473230 1143
1473240 1138
1473250 1133
1473260 1130
1473270 1130
1473280 1125
1473290 1121
1473300 1121
1473310 1120
1473320 1114
1473330 1114
1473340 1113
1473350 1122
1473360 1122
1473370 1129
1473380 1132
1473390 1132
1473400 1133
1473410 1135
1473420 1135
1473430 1137
1473440 1138
1473450 1138
1473460 1137
1473470 1139
1473480 1139
1473490 1143
1473500 1146
1473510 1146
1473520 1150
1473530 1155
1473540 1155
1473550 1160
1473560 1164
1473570 1164
1473580 1169
1473590 1172
1473600 1172
1473610 1176
1473620 1181
1473630 1181
1473640 1186
1473650 1190
1473660 1190
1473670 1193
1473680 1197
1473690 1200
1473700 1200
1473710 1201
1473720 1199
1473730 1199
1473740 1194
1473750 1188
1473760 1188
1473770 1182
1473780 1177
1473790 1177
1473800 1173
1473810 1168
1473820 1168
1473830 1162
1473840 1156
1473850 1156
1473860 1151
1473870 1145
1473880 1145
1473890 1139
1473900 1134
1473910 1134
1473920 1129
1473930 1125
1473940 1125
1473950 1121
1473960 1119
1473970 1119
1473980 1118
1473990 1116
1474000 1116
1474010 1115
1474020 1113
1474030 1113
1474040 1112
1474050 1110
1474060 1110
1474070 1108
1474080 1105
1474090 1105
1474100 1102
1474110 1100
1474120 1100
1474130 1099
1474140 1099
1474150 1100
1474160 1100
1474170 1100
1474180 1098
1474190 1098
1474200 1097
1474210 1096
1474220 1096
1474230 1095
1474240 1093
1474250 1093
1474260 1091
1474270 1088
1474280 1088
1474290 1085
1474300 1086
1474310 1086
1474320 1087
1474330 1086
1474340 1086
1474350 1083
1474360 1080
1474370 1080
1474380 1079
1474390 1076
1474400 1076
1474410 1072
1474420 1073
1474430 1073
1474440 1073
1474450 1064
1474460 1064
1474470 1057
1474480 1060
1474490 1060
1474500 1065
1474510 1068
1474520 1068
1474530 1063
1474540 1057
1474550 1057
1474560 1049
1474570 1043
1474580 1043
1474590 1040
1474600 1046
1474610 1052
1474620 1052
1474630 1055
1474640 1060
1474650 1060
1474660 1065
1474670 1072
1474680 1072
1474690 1079
1474700 1085
1474710 1085
1474720 1091
1474730 1096
1474740 1096
1474750 1100
1474760 1105
1474770 1105
1474780 1110
1474790 1115
1474800 1115
1474810 1120
1474820 1124
1474830 1124
1474840 1129
1474850 1134
1474860 1134
1474870 1138
1474880 1142
1474890 1142
1474900 1145
1474910 1148
1474920 1148
1474930 1151
1474940 1154
1474950 1154
1474960 1159
1474970 1164
1474980 1164
1474990 1169
1475000 1174
1475010 1174
1475020 1179
1475030 1185
1475040 1190
1475050 1190
1475060 1196
1475070 1202
1475080 1202
1475090 1208
1475100 1215
1475110 1215
1475120 1222
1475130 1229
1475140 1229
1475150 1236
1475160 1242
1475170 1242
1475180 1249
1475190 1257
1475200 1257
1475210 1264
1475220 1271
1475230 1271
1475240 1278
1475250 1284
1475260 1284
1475270 1291
1475280 1297
1475290 1297
1475300 1303
1475310 1310
1475320 1310
1475330 1316
1475340 1322
1475350 1322
1475360 1328
1475370 1335
1475380 1335
1475390 1341
1475400 1347
1475410 1347
1475420 1353
1475430 1359
1475440 1359
1475450 1365
1475460 1371
1475470 1371
1475480 1377
1475490 1383
1475500 1389
1475510 1389
1475520 1394
1475530 1398
1475540 1398
1475550 1401
1475560 1400
1475570 1400
1475580 1392
1475590 1381
1475600 1381
1475610 1371
1475620 1363
1475630 1363
1475640 1355
1475650 1345
1475660 1345
1475670 1336
1475680 1329
1475690 1329
1475700 1322
1475710 1316
1475720 1316
1475730 1308
1475740 1303
1475750 1303
1475760 1300
1475770 1296
1475780 1296
1475790 1292
1475800 1288
1475810 1288
1475820 1284
1475830 1280
1475840 1280
1475850 1276
1475860 1271
1475870 1271
1475880 1267
1475890 1263
1475900 1263
1475910 1260
1475920 1256
1475930 1251
1475940 1251
1475950 1247
1475960 1243
1475970 1243
1475980 1240
1475990 1237
1476000 1237
1476010 1235
1476020 1232
1476030 1232
1476040 1229
1476050 1224
1476060 1224
1476070 1219
1476080 1216
1476090 1216
1476100 1213
1476110 1210
1476120 1210
1476130 1206
1476140 1201
1476150 1201
1476160 1197
1476170 1194
1476180 1194
1476190 1191
1476200 1188
1476210 1188
1476220 1186
1476230 1184
1476240 1184
1476250 1182
1476260 1181
1476270 1181
1476280 1179
1476290 1177
1476300 1177
1476310 1176
1476320 1174
1476330 1174
1476340 1173
1476350 1170
1476360 1170
1476370 1170
1476380 1169
1476390 1167
1476400 1167
1476410 1166
1476420 1165
1476430 1165
1476440 1164
1476450 1163
1476460 1163
1476470 1162
1476480 1160
1476490 1160
1476500 1159
1476510 1158
1476520 1158
1476530 1157
1476540 1156
1476550 1156
1476560 1154
1476570 1153
1476580 1153
1476590 1151
1476600 1150
1476610 1150
1476620 1148
1476630 1145
1476640 1145
1476650 1144
1476660 1143
1476670 1143
1476680 1142
1476690 1141
1476700 1141
1476710 1140
1476720 1139
1476730 1139
1476740 1138
1476750 1136
1476760 1136
1476770 1137
1476780 1138
1476790 1138
1476800 1138
1476810 1135
1476820 1135
1476830 1135
1476840 1137
1476850 1138
1476860 1138
1476870 1138
1476880 1137
1476890 1137
1476900 1135
1476910 1136
1476920 1136
1476930 1133
1476940 1132
1476950 1132
1476960 1138
1476970 1141
1476980 1141
1476990 1142
1477000 1143
1477010 1143
1477020 1142
1477030 1138
1477040 1138
1477050 1135
1477060 1141
1477070 1141
1477080 1141
1477090 1139
1477100 1139
1477110 1143
1477120 1151
1477130 1151
1477140 1154
1477150 1155
1477160 1155
1477170 1158
1477180 1160
1477190 1160
1477200 1157
1477210 1150
1477220 1150
1477230 1154
1477240 1164
1477250 1164
1477260 1172
1477270 1177
1477280 1180
1477290 1180
1477300 1183
1477310 1186
1477320 1186
1477330 1184
1477340 1190
1477350 1190
1477360 1197
1477370 1201
1477380 1201
1477390 1206
1477400 1211
1477410 1211
1477420 1216
1477430 1221
1477440 1221
1477450 1226
1477460 1231
1477470 1231
1477480 1236
1477490 1241
1477500 1241
1477510 1246
1477520 1251
1477530 1251
1477540 1255
1477550 1260
1477560 1260
1477570 1264
1477580 1268
1477590 1268
1477600 1271
1477610 1274
1477620 1274
1477630 1276
1477640 1278
1477650 1278
1477660 1279
1477670 1280
1477680 1280
1477690 1280
1477700 1279
1477710 1279
1477720 1276
1477730 1274
1477740 1276
1477750 1276
1477760 1279
1477770 1281
1477780 1281
1477790 1283
1477800 1285
1477810 1285
1477820 1287
1477830 1288
1477840 1288
1477850 1288
1477860 1288
1477870 1288
1477880 1286
1477890 1285
1477900 1285
1477910 1285
1477920 1284
1477930 1284
1477940 1280
1477950 1276
1477960 1276
1477970 1273
1477980 1269
1477990 1269
1478000 1264
1478010 1259
1478020 1259
1478030 1252
1478040 1245
1478050 1245
1478060 1239
1478070 1232
1478080 1232
1478090 1227
1478100 1222
1478110 1222
1478120 1218
1478130 1213
1478140 1213
1478150 1208
1478160 1203
1478170 1199
1478180 1199
1478190 1194
1478200 1190
1478210 1190
1478220 1186
1478230 1182
1478240 1182
1478250 1180
1478260 1178
1478270 1178
1478280 1174
1478290 1172
1478300 1172
1478310 1170
1478320 1168
1478330 1168
1478340 1166
1478350 1164
1478360 1164
1478370 1161
1478380 1157
1478390 1157
1478400 1154
1478410 1151
1478420 1151
1478430 1148
1478440 1146
1478450 1146
1478460 1143
1478470 1141
1478480 1141
1478490 1139
1478500 1137
1478510 1137
1478520 1135
1478530 1134
1478540 1134
1478550 1132
1478560 1129
1478570 1129
1478580 1126
1478590 1122
1478600 1122
1478610 1117
1478620 1113
1478630 1108
1478640 1108
1478650 1106
1478660 1106
1478670 1106
1478680 1104
1478690 1101
1478700 1101
1478710 1097
1478720 1093
1478730 1093
1478740 1089
1478750 1087
1478760 1087
1478770 1085
1478780 1082
1478790 1082
1478800 1076
1478810 1069
1478820 1069
1478830 1062
1478840 1054
1478850 1054
1478860 1046
1478870 1038
1478880 1038
1478890 1032
1478900 1024
1478910 1024
1478920 1018
1478930 1012
1478940 1012
1478950 1007
1478960 1003
1478970 1003
1478980 998
1478990 994
1479000 994
1479010 991
1479020 988
1479030 988
1479040 986
1479050 984
1479060 982
1479070 982
1479080 980
1479090 979
1479100 979
1479110 980
1479120 983
1479130 983
1479140 985
1479150 987
1479160 987
1479170 989
1479180 990
1479190 990
1479200 992
1479210 994
1479220 994
1479230 996
1479240 997
1479250 997
1479260 999
1479270 999
1479280 999
1479290 1000
1479300 1001
1479310 1001
1479320 1003
1479330 1005
1479340 1005
1479350 1008
1479360 1011
1479370 1011
1479380 1014
1479390 1018
1479400 1018
1479410 1021
1479420 1025
1479430 1025
1479440 1028
1479450 1032
1479460 1032
1479470 1036
1479480 1040
1479490 1040
1479500 1044
1479510 1049
1479520 1055
1479530 1055
1479540 1061
1479550 1067
1479560 1067
1479570 1073
1479580 1078
1479590 1078
1479600 1085
1479610 1093
1479620 1093
1479630 1101
1479640 1108
1479650 1108
1479660 1115
1479670 1122
1479680 1122
1479690 1131
1479700 1139
1479710 1139
1479720 1148
1479730 1158
1479740 1158
1479750 1166
1479760 1174
1479770 1174
1479780 1181
1479790 1187
1479800 1187
1479810 1193
1479820 1198
1479830 1198
1479840 1204
1479850 1209
1479860 1209
1479870 1213
1479880 1218
1479890 1218
1479900 1222
1479910 1227
1479920 1227
1479930 1232
1479940 1237
1479950 1237
1479960 1242
1479970 1247
1479980 1254
1479990 1254
