1460000 490
1460010 490
1460020 493
1460030 495
1460040 495
1460050 496
1460060 499
1460070 499
1460080 501
1460090 501
1460100 501
1460110 501
1460120 504
1460130 504
1460140 506
1460150 507
1460160 507
1460170 507
1460180 508
1460190 508
1460200 508
1460210 509
1460220 509
1460230 510
1460240 512
1460250 512
1460260 513
1460270 514
1460280 514
1460290 516
1460300 518
1460310 520
1460320 520
1460330 522
1460340 523
1460350 523
1460360 524
1460370 525
1460380 525
1460390 525
1460400 528
1460410 528
1460420 533
1460430 536
1460440 536
1460450 538
1460460 539
1460470 539
1460480 540
1460490 541
1460500 541
1460510 541
1460520 542
1460530 542
1460540 542
1460550 543
1460560 543
1460570 544
1460580 545
1460590 545
1460600 546
1460610 547
1460620 547
1460630 547
1460640 548
1460650 548
1460660 549
1460670 550
1460680 550
1460690 550
1460700 550
1460710 550
1460720 549
1460730 549
1460740 549
1460750 549
1460760 549
1460770 549
1460780 549
1460790 549
1460800 549
1460810 549
1460820 548
1460830 547
1460840 547
1460850 547
1460860 547
1460870 547
1460880 547
1460890 546
1460900 546
1460910 546
1460920 545
1460930 545
1460940 544
1460950 544
1460960 544
1460970 544
1460980 545
1460990 545
1461000 545
1461010 545
1461020 545
1461030 545
1461040 546
1461050 546
1461060 547
1461070 547
1461080 547
1461090 547
1461100 545
1461110 545
1461120 544
1461130 543
1461140 543
1461150 542
1461160 534
1461170 534
1461180 527
1461190 521
1461200 521
1461210 516
1461220 512
1461230 510
1461240 510
1461250 508
1461260 505
1461270 505
1461280 501
1461290 500
1461300 500
1461310 497
1461320 489
1461330 489
1461340 478
1461350 472
1461360 472
1461370 469
1461380 469
1461390 469
1461400 469
1461410 469
1461420 469
1461430 469
1461440 469
1461450 469
1461460 469
1461470 469
1461480 469
1461490 469
1461500 470
1461510 470
1461520 470
1461530 470
1461540 470
1461550 470
1461560 470
1461570 470
1461580 471
1461590 471
1461600 471
1461610 471
1461620 471
1461630 471
1461640 472
1461650 471
1461660 471
1461670 471
1461680 472
1461690 472
1461700 472
1461710 472
1461720 472
1461730 472
1461740 472
1461750 473
1461760 473
1461770 473
1461780 473
1461790 473
1461800 473
1461810 473
1461820 473
1461830 474
1461840 474
1461850 474
1461860 474
1461870 474
1461880 474
1461890 474
1461900 474
1461910 474
1461920 474
1461930 474
1461940 474
1461950 474
1461960 475
1461970 475
1461980 475
1461990 475
1462000 475
1462010 475
1462020 474
1462030 474
1462040 474
1462050 474
1462060 474
1462070 474
1462080 474
1462090 474
1462100 474
1462110 474
1462120 475
1462130 475
1462140 475
1462150 475
1462160 475
1462170 474
1462180 474
1462190 474
1462200 474
1462210 474
1462220 474
1462230 474
1462240 474
1462250 474
1462260 474
1462270 474
1462280 474
1462290 473
1462300 474
1462310 474
1462320 474
1462330 474
1462340 474
1462350 474
1462360 474
1462370 474
1462380 475
1462390 475
1462400 475
1462410 475
1462420 475
1462430 475
1462440 475
1462450 476
1462460 476
1462470 477
1462480 477
1462490 477
1462500 476
1462510 476
1462520 476
1462530 476
1462540 477
1462550 477
1462560 477
1462570 477
1462580 477
1462590 477
1462600 477
1462610 478
1462620 478
1462630 478
1462640 478
1462650 478
1462660 478
1462670 479
1462680 479
1462690 479
1462700 479
1462710 479
1462720 480
1462730 480
1462740 480
1462750 480
1462760 480
1462770 480
1462780 481
1462790 481
1462800 481
1462810 481
1462820 481
1462830 481
1462840 481
1462850 482
1462860 482
1462870 482
1462880 482
1462890 482
1462900 482
1462910 483
1462920 483
1462930 483
1462940 483
1462950 483
1462960 483
1462970 483
1462980 483
1462990 484
1463000 484
1463010 484
1463020 484
1463030 484
1463040 484
1463050 484
1463060 484
1463070 484
1463080 484
1463090 486
1463100 488
1463110 488
1463120 490
1463130 492
1463140 492
1463150 494
1463160 496
1463170 496
1463180 498
1463190 499
1463200 499
1463210 501
1463220 502
1463230 502
1463240 504
1463250 506
1463260 506
1463270 509
1463280 512
1463290 512
1463300 516
1463310 523
1463320 523
1463330 532
1463340 550
1463350 550
1463360 566
1463370 575
1463380 575
1463390 583
1463400 593
1463410 593
1463420 600
1463430 607
1463440 615
1463450 615
1463460 622
1463470 628
1463480 628
1463490 638
1463500 645
1463510 645
1463520 650
1463530 656
1463540 656
1463550 660
1463560 664
1463570 664
1463580 669
1463590 674
1463600 674
1463610 674
1463620 674
1463630 674
1463640 673
1463650 671
1463660 671
1463670 669
1463680 668
1463690 668
1463700 668
1463710 667
1463720 667
1463730 664
1463740 662
1463750 662
1463760 661
1463770 656
1463780 656
1463790 652
1463800 650
1463810 650
1463820 652
1463830 649
1463840 649
1463850 644
1463860 639
1463870 639
1463880 633
1463890 629
1463900 626
1463910 626
1463920 622
1463930 620
1463940 620
1463950 619
1463960 616
1463970 616
1463980 612
1463990 608
1464000 608
1464010 603
1464020 599
1464030 599
1464040 595
1464050 592
1464060 592
1464070 591
1464080 590
1464090 590
1464100 590
1464110 590
1464120 588
1464130 586
1464140 584
1464150 584
1464160 583
1464170 582
1464180 582
1464190 583
1464200 584
1464210 584
1464220 580
1464230 572
1464240 572
1464250 563
1464260 559
1464270 559
1464280 559
1464290 562
1464300 562
1464310 570
1464320 579
1464330 586
1464340 586
1464350 592
1464360 597
1464370 597
1464380 601
1464390 604
1464400 604
1464410 608
1464420 613
1464430 613
1464440 617
1464450 619
1464460 619
1464470 622
1464480 624
1464490 624
1464500 627
1464510 629
1464520 629
1464530 632
1464540 635
1464550 635
1464560 637
1464570 639
1464580 639
1464590 641
1464600 643
1464610 643
1464620 645
1464630 647
1464640 647
1464650 650
1464660 652
1464670 652
1464680 655
1464690 657
1464700 657
1464710 658
1464720 657
1464730 657
1464740 656
1464750 655
1464760 655
1464770 654
1464780 654
1464790 655
1464800 655
1464810 656
1464820 655
1464830 655
1464840 655
1464850 655
1464860 655
1464870 656
1464880 658
1464890 658
1464900 660
1464910 663
1464920 663
1464930 666
1464940 668
1464950 668
1464960 671
1464970 675
1464980 675
1464990 679
1465000 684
1465010 684
1465020 690
1465030 695
1465040 695
1465050 698
1465060 699
1465070 699
1465080 699
1465090 699
1465100 699
1465110 699
1465120 700
1465130 700
1465140 702
1465150 705
1465160 705
1465170 709
1465180 713
1465190 713
1465200 715
1465210 715
1465220 715
1465230 714
1465240 713
1465250 713
1465260 713
1465270 715
1465280 717
1465290 717
1465300 718
1465310 719
1465320 719
1465330 720
1465340 721
1465350 721
1465360 724
1465370 727
1465380 727
1465390 730
1465400 733
1465410 733
1465420 736
1465430 741
1465440 741
1465450 743
1465460 745
1465470 745
1465480 746
1465490 748
1465500 748
1465510 752
1465520 756
1465530 756
1465540 759
1465550 761
1465560 761
1465570 764
1465580 765
1465590 765
1465600 768
1465610 771
1465620 771
1465630 772
1465640 775
1465650 775
1465660 780
1465670 785
1465680 788
1465690 788
1465700 789
1465710 790
1465720 790
1465730 791
1465740 794
1465750 794
1465760 796
1465770 798
1465780 798
1465790 798
1465800 798
1465810 798
1465820 799
1465830 801
1465840 801
1465850 804
1465860 806
1465870 806
1465880 808
1465890 809
1465900 809
1465910 811
1465920 812
1465930 812
1465940 812
1465950 813
1465960 813
1465970 813
1465980 815
1465990 815
1466000 817
1466010 819
1466020 819
1466030 822
1466040 825
1466050 825
1466060 827
1466070 828
1466080 828
1466090 831
1466100 836
1466110 836
1466120 842
1466130 848
1466140 852
1466150 852
1466160 855
1466170 859
1466180 859
1466190 865
1466200 870
1466210 870
1466220 876
1466230 883
1466240 883
1466250 889
1466260 895
1466270 895
1466280 900
1466290 905
1466300 905
1466310 909
1466320 913
1466330 913
1466340 917
1466350 918
1466360 918
1466370 919
1466380 921
1466390 921
1466400 924
1466410 928
1466420 928
1466430 931
1466440 934
1466450 934
1466460 937
1466470 939
1466480 939
1466490 941
1466500 943
1466510 943
1466520 945
1466530 949
1466540 949
1466550 953
1466560 957
1466570 960
1466580 960
1466590 962
1466600 963
1466610 963
1466620 965
1466630 967
1466640 967
1466650 971
1466660 975
1466670 975
1466680 980
1466690 985
1466700 985
1466710 991
1466720 996
1466730 996
1466740 1000
1466750 1006
1466760 1006
1466770 1011
1466780 1017
1466790 1017
1466800 1021
1466810 1026
1466820 1026
1466830 1030
1466840 1034
1466850 1034
1466860 1038
1466870 1040
1466880 1040
1466890 1043
1466900 1047
1466910 1047
1466920 1050
1466930 1053
1466940 1053
1466950 1056
1466960 1059
1466970 1059
1466980 1061
1466990 1064
1467000 1064
1467010 1068
1467020 1072
1467030 1076
1467040 1076
1467050 1079
1467060 1083
1467070 1083
1467080 1087
1467090 1090
1467100 1090
1467110 1094
1467120 1097
1467130 1097
1467140 1098
1467150 1098
1467160 1098
1467170 1100
1467180 1101
1467190 1101
1467200 1102
1467210 1103
1467220 1103
1467230 1104
1467240 1105
1467250 1105
1467260 1106
1467270 1108
1467280 1108
1467290 1109
1467300 1110
1467310 1110
1467320 1111
1467330 1112
1467340 1112
1467350 1113
1467360 1114
1467370 1114
1467380 1114
1467390 1115
1467400 1115
1467410 1116
1467420 1117
1467430 1117
1467440 1118
1467450 1118
1467460 1118
1467470 1118
1467480 1118
1467490 1118
1467500 1118
1467510 1118
1467520 1117
1467530 1117
1467540 1117
1467550 1117
1467560 1117
1467570 1116
1467580 1115
1467590 1115
1467600 1114
1467610 1113
1467620 1113
1467630 1111
1467640 1110
1467650 1110
1467660 1109
1467670 1108
1467680 1108
1467690 1107
1467700 1106
1467710 1106
1467720 1104
1467730 1104
1467740 1104
1467750 1103
1467760 1102
1467770 1102
1467780 1101
1467790 1099
1467800 1099
1467810 1095
1467820 1095
1467830 1095
1467840 1096
1467850 1095
1467860 1095
1467870 1093
1467880 1092
1467890 1092
1467900 1093
1467910 1093
1467920 1095
1467930 1095
1467940 1097
1467950 1097
1467960 1097
1467970 1097
1467980 1100
1467990 1100
1468000 1104
1468010 1106
1468020 1106
1468030 1107
1468040 1106
1468050 1106
1468060 1106
1468070 1109
1468080 1109
1468090 1111
1468100 1113
1468110 1113
1468120 1115
1468130 1116
1468140 1116
1468150 1117
1468160 1118
1468170 1118
1468180 1119
1468190 1119
1468200 1119
1468210 1119
1468220 1118
1468230 1118
1468240 1117
1468250 1117
1468260 1117
1468270 1118
1468280 1119
1468290 1119
1468300 1117
1468310 1112
1468320 1112
1468330 1117
1468340 1118
1468350 1112
1468360 1112
1468370 1108
1468380 1105
1468390 1105
1468400 1103
1468410 1105
1468420 1105
1468430 1114
1468440 1122
1468450 1122
1468460 1129
1468470 1136
1468480 1136
1468490 1143
1468500 1151
1468510 1151
1468520 1158
1468530 1165
1468540 1165
1468550 1172
1468560 1178
1468570 1178
1468580 1185
1468590 1189
1468600 1189
1468610 1196
1468620 1201
1468630 1201
1468640 1208
1468650 1213
1468660 1213
1468670 1218
1468680 1223
1468690 1223
1468700 1228
1468710 1232
1468720 1232
1468730 1236
1468740 1240
1468750 1240
1468760 1244
1468770 1247
1468780 1247
1468790 1251
1468800 1255
1468810 1259
1468820 1259
1468830 1263
1468840 1266
1468850 1266
1468860 1269
1468870 1272
1468880 1272
1468890 1275
1468900 1279
1468910 1279
1468920 1282
1468930 1286
1468940 1286
1468950 1289
1468960 1292
1468970 1292
1468980 1295
1468990 1298
1469000 1298
1469010 1300
1469020 1303
1469030 1303
1469040 1305
1469050 1308
1469060 1308
1469070 1311
1469080 1313
1469090 1313
1469100 1315
1469110 1318
1469120 1318
1469130 1321
1469140 1323
1469150 1323
1469160 1325
1469170 1327
1469180 1327
1469190 1328
1469200 1331
1469210 1331
1469220 1334
1469230 1336
1469240 1339
1469250 1339
1469260 1340
1469270 1341
1469280 1341
1469290 1343
1469300 1345
1469310 1345
1469320 1348
1469330 1351
1469340 1351
1469350 1354
1469360 1356
1469370 1356
1469380 1359
1469390 1360
1469400 1360
1469410 1360
1469420 1355
1469430 1355
1469440 1349
1469450 1342
1469460 1342
1469470 1336
1469480 1330
1469490 1330
1469500 1324
1469510 1320
1469520 1320
1469530 1315
1469540 1308
1469550 1308
1469560 1299
1469570 1292
1469580 1292
1469590 1286
1469600 1280
1469610 1280
1469620 1274
1469630 1269
1469640 1269
1469650 1264
1469660 1260
1469670 1260
1469680 1256
1469690 1252
1469700 1249
1469710 1249
1469720 1246
1469730 1243
1469740 1243
1469750 1241
1469760 1238
1469770 1238
1469780 1234
1469790 1228
1469800 1228
1469810 1225
1469820 1222
1469830 1222
1469840 1219
1469850 1211
1469860 1211
1469870 1204
1469880 1202
1469890 1202
1469900 1200
1469910 1199
1469920 1199
1469930 1198
1469940 1198
1469950 1198
1469960 1197
1469970 1196
1469980 1196
1469990 1195
1470000 1194
1470010 1194
1470020 1192
1470030 1190
1470040 1190
1470050 1187
1470060 1184
1470070 1184
1470080 1181
1470090 1185
1470100 1185
1470110 1189
1470120 1193
1470130 1196
1470140 1196
1470150 1198
1470160 1201
1470170 1201
1470180 1202
1470190 1201
1470200 1201
1470210 1200
1470220 1198
1470230 1198
1470240 1196
1470250 1194
1470260 1194
1470270 1192
1470280 1191
1470290 1191
1470300 1189
1470310 1187
1470320 1187
1470330 1185
1470340 1181
1470350 1181
1470360 1176
1470370 1176
1470380 1176
1470390 1179
1470400 1186
1470410 1186
1470420 1192
1470430 1197
1470440 1197
1470450 1200
1470460 1203
1470470 1203
1470480 1206
1470490 1208
1470500 1208
1470510 1211
1470520 1213
1470530 1213
1470540 1214
1470550 1214
1470560 1214
1470570 1214
1470580 1213
1470590 1211
1470600 1211
1470610 1209
1470620 1208
1470630 1208
1470640 1207
1470650 1207
1470660 1207
1470670 1207
1470680 1207
1470690 1207
1470700 1207
1470710 1207
1470720 1207
1470730 1206
1470740 1204
1470750 1204
1470760 1200
1470770 1192
1470780 1192
1470790 1185
1470800 1177
1470810 1177
1470820 1169
1470830 1161
1470840 1161
1470850 1154
1470860 1147
1470870 1147
1470880 1141
1470890 1135
1470900 1135
1470910 1129
1470920 1123
1470930 1123
1470940 1117
1470950 1112
1470960 1112
1470970 1107
1470980 1101
1470990 1101
1471000 1097
1471010 1093
1471020 1093
1471030 1089
1471040 1084
1471050 1080
1471060 1080
1471070 1075
1471080 1071
1471090 1071
1471100 1067
1471110 1063
1471120 1063
1471130 1054
1471140 1046
1471150 1046
1471160 1039
1471170 1035
1471180 1035
1471190 1030
1471200 1025
1471210 1025
1471220 1019
1471230 1014
1471240 1014
1471250 1008
1471260 999
1471270 999
1471280 992
1471290 986
1471300 986
1471310 980
1471320 974
1471330 974
1471340 968
1471350 961
1471360 961
1471370 955
1471380 949
1471390 949
1471400 943
1471410 937
1471420 937
1471430 930
1471440 923
1471450 923
1471460 916
1471470 907
1471480 903
1471490 903
1471500 919
1471510 919
1471520 919
1471530 911
1471540 901
1471550 901
1471560 894
1471570 899
1471580 899
1471590 906
1471600 907
1471610 907
1471620 907
1471630 912
1471640 912
1471650 916
1471660 919
1471670 919
1471680 919
1471690 927
1471700 927
1471710 934
1471720 939
1471730 939
1471740 945
1471750 950
1471760 950
1471770 954
1471780 960
1471790 960
1471800 961
1471810 963
1471820 963
1471830 964
1471840 965
1471850 965
1471860 963
1471870 961
1471880 961
1471890 959
1471900 958
1471910 958
1471920 957
1471930 955
1471940 953
1471950 953
1471960 953
1471970 951
1471980 951
1471990 950
1472000 949
1472010 949
1472020 948
1472030 948
1472040 948
1472050 944
1472060 941
1472070 941
1472080 940
1472090 938
1472100 938
1472110 931
1472120 926
1472130 926
1472140 925
1472150 915
1472160 915
1472170 917
1472180 927
1472190 927
1472200 929
1472210 926
1472220 926
1472230 924
1472240 920
1472250 920
1472260 915
1472270 906
1472280 906
1472290 897
1472300 893
1472310 893
1472320 894
1472330 894
1472340 894
1472350 902
1472360 913
1472370 923
1472380 923
1472390 931
1472400 939
1472410 939
1472420 947
1472430 954
1472440 954
1472450 960
1472460 967
1472470 967
1472480 972
1472490 978
1472500 978
1472510 983
1472520 987
1472530 987
1472540 989
1472550 991
1472560 991
1472570 995
1472580 999
1472590 999
1472600 1004
1472610 1008
1472620 1008
1472630 1012
1472640 1017
1472650 1017
1472660 1021
1472670 1025
1472680 1025
1472690 1030
1472700 1034
1472710 1034
1472720 1039
1472730 1044
1472740 1044
1472750 1049
1472760 1055
1472770 1055
1472780 1060
1472790 1065
1472800 1065
1472810 1069
1472820 1074
1472830 1079
1472840 1079
1472850 1084
1472860 1090
1472870 1090
1472880 1095
1472890 1100
1472900 1100
1472910 1105
1472920 1109
1472930 1109
1472940 1114
1472950 1118
1472960 1118
1472970 1124
1472980 1129
1472990 1129
1473000 1135
1473010 1139
1473020 1139
1473030 1144
1473040 1149
1473050 1149
1473060 1155
1473070 1161
1473080 1161
1473090 1167
1473100 1173
1473110 1173
1473120 1178
1473130 1183
1473140 1183
1473150 1188
1473160 1191
1473170 1191
1473180 1194
1473190 1195
1473200 1195
1473210 1192
1473220 1186
1473230 1186
1473240 1182
1473250 1178
1473260 1174
1473270 1174
1473280 1171
1473290 1168
1473300 1168
1473310 1166
1473320 1163
1473330 1163
1473340 1156
1473350 1151
1473360 1151
1473370 1157
1473380 1163
1473390 1163
1473400 1165
1473410 1165
1473420 1165
1473430 1167
1473440 1171
1473450 1171
1473460 1173
1473470 1177
1473480 1177
1473490 1184
1473500 1190
1473510 1190
1473520 1196
1473530 1201
1473540 1201
1473550 1206
1473560 1209
1473570 1209
1473580 1213
1473590 1216
1473600 1216
1473610 1219
1473620 1222
1473630 1222
1473640 1225
1473650 1227
1473660 1227
1473670 1229
1473680 1227
1473690 1227
1473700 1223
1473710 1217
1473720 1209
1473730 1209
1473740 1200
1473750 1193
1473760 1193
1473770 1186
1473780 1180
1473790 1180
1473800 1175
1473810 1169
1473820 1169
1473830 1164
1473840 1158
1473850 1158
1473860 1153
1473870 1148
1473880 1148
1473890 1144
1473900 1141
1473910 1141
1473920 1139
1473930 1137
1473940 1137
1473950 1136
1473960 1136
1473970 1136
1473980 1133
1473990 1127
1474000 1127
1474010 1130
1474020 1133
1474030 1133
1474040 1134
1474050 1132
1474060 1132
1474070 1130
1474080 1127
1474090 1127
1474100 1125
1474110 1124
1474120 1124
1474130 1122
1474140 1120
1474150 1120
1474160 1118
1474170 1116
1474180 1115
1474190 1115
1474200 1113
1474210 1111
1474220 1111
1474230 1106
1474240 1102
1474250 1102
1474260 1103
1474270 1107
1474280 1107
1474290 1109
1474300 1108
1474310 1108
1474320 1108
1474330 1107
1474340 1107
1474350 1106
1474360 1106
1474370 1106
1474380 1105
1474390 1105
1474400 1105
1474410 1103
1474420 1097
1474430 1097
1474440 1094
1474450 1098
1474460 1098
1474470 1101
1474480 1102
1474490 1102
1474500 1102
1474510 1101
1474520 1101
1474530 1101
1474540 1098
1474550 1098
1474560 1093
1474570 1096
1474580 1096
1474590 1095
1474600 1093
1474610 1090
1474620 1090
1474630 1086
1474640 1083
1474650 1083
1474660 1083
1474670 1088
1474680 1088
1474690 1097
1474700 1104
1474710 1104
1474720 1107
1474730 1105
1474740 1105
1474750 1099
1474760 1101
1474770 1101
1474780 1106
1474790 1110
1474800 1110
1474810 1111
1474820 1116
1474830 1116
1474840 1123
1474850 1129
1474860 1129
1474870 1134
1474880 1139
1474890 1139
1474900 1144
1474910 1148
1474920 1148
1474930 1151
1474940 1153
1474950 1153
1474960 1157
1474970 1161
1474980 1161
1474990 1167
1475000 1172
1475010 1172
1475020 1178
1475030 1183
1475040 1183
1475050 1189
1475060 1196
1475070 1202
1475080 1202
1475090 1208
1475100 1213
1475110 1213
1475120 1219
1475130 1225
1475140 1225
1475150 1231
1475160 1237
1475170 1237
1475180 1244
1475190 1251
1475200 1251
1475210 1258
1475220 1265
1475230 1265
1475240 1273
1475250 1281
1475260 1281
1475270 1289
1475280 1297
1475290 1297
1475300 1305
1475310 1313
1475320 1313
1475330 1321
1475340 1327
1475350 1327
1475360 1335
1475370 1342
1475380 1342
1475390 1349
1475400 1356
1475410 1356
1475420 1362
1475430 1369
1475440 1369
1475450 1376
1475460 1382
1475470 1382
1475480 1389
1475490 1395
1475500 1402
1475510 1402
1475520 1408
1475530 1414
1475540 1414
1475550 1420
1475560 1426
1475570 1426
1475580 1430
1475590 1426
1475600 1426
1475610 1412
1475620 1402
1475630 1402
1475640 1396
1475650 1390
1475660 1390
1475670 1386
1475680 1381
1475690 1381
1475700 1377
1475710 1368
1475720 1368
1475730 1365
1475740 1366
1475750 1366
1475760 1358
1475770 1347
1475780 1347
1475790 1345
1475800 1347
1475810 1347
1475820 1345
1475830 1335
1475840 1335
1475850 1327
1475860 1322
1475870 1322
1475880 1318
1475890 1316
1475900 1316
1475910 1311
1475920 1307
1475930 1307
1475940 1303
1475950 1300
1475960 1295
1475970 1295
1475980 1291
1475990 1287
1476000 1287
1476010 1284
1476020 1280
1476030 1280
1476040 1277
1476050 1273
1476060 1273
1476070 1268
1476080 1264
1476090 1264
1476100 1259
1476110 1255
1476120 1255
1476130 1252
1476140 1248
1476150 1248
1476160 1244
1476170 1241
1476180 1241
1476190 1237
1476200 1234
1476210 1234
1476220 1230
1476230 1227
1476240 1227
1476250 1225
1476260 1224
1476270 1224
1476280 1222
1476290 1221
1476300 1221
1476310 1221
1476320 1220
1476330 1220
1476340 1217
1476350 1215
1476360 1215
1476370 1213
1476380 1212
1476390 1212
1476400 1212
1476410 1211
1476420 1210
1476430 1210
1476440 1209
1476450 1208
1476460 1208
1476470 1207
1476480 1204
1476490 1204
1476500 1203
1476510 1203
1476520 1203
1476530 1201
1476540 1199
1476550 1199
1476560 1198
1476570 1196
1476580 1196
1476590 1196
1476600 1195
1476610 1195
1476620 1192
1476630 1196
1476640 1196
1476650 1196
1476660 1196
1476670 1196
1476680 1195
1476690 1192
1476700 1192
1476710 1195
1476720 1195
1476730 1195
1476740 1194
1476750 1194
1476760 1194
1476770 1192
1476780 1192
1476790 1192
1476800 1191
1476810 1191
1476820 1191
1476830 1192
1476840 1192
1476850 1194
1476860 1194
1476870 1194
1476880 1194
1476890 1194
1476900 1193
1476910 1194
1476920 1194
1476930 1191
1476940 1192
1476950 1192
1476960 1197
1476970 1198
1476980 1198
1476990 1201
1477000 1202
1477010 1202
1477020 1202
1477030 1205
1477040 1205
1477050 1207
1477060 1205
1477070 1205
1477080 1206
1477090 1209
1477100 1209
1477110 1205
1477120 1206
1477130 1206
1477140 1214
1477150 1217
1477160 1217
1477170 1213
1477180 1216
1477190 1216
1477200 1217
1477210 1220
1477220 1220
1477230 1222
1477240 1221
1477250 1221
1477260 1220
1477270 1229
1477280 1233
1477290 1233
1477300 1236
1477310 1238
1477320 1238
1477330 1241
1477340 1244
1477350 1244
1477360 1247
1477370 1250
1477380 1250
1477390 1249
1477400 1255
1477410 1255
1477420 1259
1477430 1261
1477440 1261
1477450 1262
1477460 1271
1477470 1271
1477480 1278
1477490 1283
1477500 1283
1477510 1289
1477520 1294
1477530 1294
1477540 1300
1477550 1305
1477560 1305
1477570 1312
1477580 1318
1477590 1318
1477600 1324
1477610 1330
1477620 1330
1477630 1335
1477640 1340
1477650 1340
1477660 1344
1477670 1347
1477680 1347
1477690 1349
1477700 1349
1477710 1349
1477720 1348
1477730 1348
1477740 1347
1477750 1347
1477760 1346
1477770 1345
1477780 1345
1477790 1344
1477800 1340
1477810 1340
1477820 1333
1477830 1325
1477840 1325
1477850 1318
1477860 1311
1477870 1311
1477880 1304
1477890 1297
1477900 1297
1477910 1290
1477920 1283
1477930 1283
1477940 1276
1477950 1269
1477960 1269
1477970 1262
1477980 1255
1477990 1255
1478000 1249
1478010 1243
1478020 1243
1478030 1237
1478040 1232
1478050 1232
1478060 1227
1478070 1223
1478080 1223
1478090 1218
1478100 1214
1478110 1214
1478120 1209
1478130 1204
1478140 1204
1478150 1199
1478160 1195
1478170 1195
1478180 1192
1478190 1189
1478200 1187
1478210 1187
1478220 1184
1478230 1182
1478240 1182
1478250 1180
1478260 1178
1478270 1178
1478280 1175
1478290 1173
1478300 1173
1478310 1169
1478320 1166
1478330 1166
1478340 1164
1478350 1161
1478360 1161
1478370 1158
1478380 1155
1478390 1155
1478400 1153
1478410 1152
1478420 1152
1478430 1150
1478440 1147
1478450 1147
1478460 1144
1478470 1142
1478480 1142
1478490 1142
1478500 1140
1478510 1140
1478520 1138
1478530 1135
1478540 1135
1478550 1131
1478560 1127
1478570 1127
1478580 1123
1478590 1119
1478600 1119
1478610 1116
1478620 1114
1478630 1111
1478640 1111
1478650 1108
1478660 1104
1478670 1104
1478680 1099
1478690 1093
1478700 1093
1478710 1088
1478720 1084
1478730 1084
1478740 1079
1478750 1075
1478760 1075
1478770 1071
1478780 1065
1478790 1065
1478800 1060
1478810 1055
1478820 1055
1478830 1051
1478840 1046
1478850 1046
1478860 1042
1478870 1036
1478880 1036
1478890 1030
1478900 1025
1478910 1025
1478920 1019
1478930 1016
1478940 1016
1478950 1013
1478960 1008
1478970 1008
1478980 1003
1478990 998
1479000 998
1479010 994
1479020 992
1479030 992
1479040 991
1479050 992
1479060 992
1479070 993
1479080 994
1479090 994
1479100 994
1479110 994
1479120 997
1479130 997
1479140 1001
1479150 1004
1479160 1004
1479170 1007
1479180 1010
1479190 1010
1479200 1013
1479210 1013
1479220 1013
1479230 1014
1479240 1016
1479250 1016
1479260 1020
1479270 1024
1479280 1024
1479290 1027
1479300 1031
1479310 1031
1479320 1034
1479330 1037
1479340 1037
1479350 1040
1479360 1043
1479370 1043
1479380 1045
1479390 1045
1479400 1045
1479410 1046
1479420 1051
1479430 1051
1479440 1057
1479450 1063
1479460 1063
1479470 1067
1479480 1072
1479490 1072
1479500 1078
1479510 1083
1479520 1088
1479530 1088
1479540 1090
1479550 1097
1479560 1097
1479570 1105
1479580 1112
1479590 1112
1479600 1118
1479610 1125
1479620 1125
1479630 1132
1479640 1141
1479650 1141
1479660 1149
1479670 1158
1479680 1158
1479690 1167
1479700 1174
1479710 1174
1479720 1181
1479730 1186
1479740 1186
1479750 1191
1479760 1194
1479770 1194
1479780 1198
1479790 1204
1479800 1204
1479810 1213
1479820 1221
1479830 1221
1479840 1227
1479850 1232
1479860 1232
1479870 1238
1479880 1245
1479890 1245
1479900 1250
1479910 1254
1479920 1254
1479930 1257
1479940 1262
1479950 1262
1479960 1268
1479970 1274
1479980 1280
1479990 1280
