1460000 699
1460010 699
1460020 698
1460030 697
1460040 697
1460050 696
1460060 697
1460070 697
1460080 698
1460090 699
1460100 699
1460110 700
1460120 701
1460130 701
1460140 703
1460150 707
1460160 707
1460170 711
1460180 716
1460190 716
1460200 720
1460210 721
1460220 721
1460230 724
1460240 727
1460250 727
1460260 730
1460270 730
1460280 730
1460290 730
1460300 731
1460310 731
1460320 733
1460330 735
1460340 735
1460350 737
1460360 739
1460370 739
1460380 739
1460390 739
1460400 739
1460410 740
1460420 740
1460430 740
1460440 741
1460450 740
1460460 740
1460470 740
1460480 740
1460490 739
1460500 739
1460510 738
1460520 734
1460530 734
1460540 730
1460550 727
1460560 727
1460570 724
1460580 721
1460590 721
1460600 720
1460610 719
1460620 719
1460630 720
1460640 720
1460650 720
1460660 721
1460670 723
1460680 723
1460690 724
1460700 722
1460710 722
1460720 717
1460730 710
1460740 710
1460750 698
1460760 688
1460770 688
1460780 680
1460790 674
1460800 674
1460810 668
1460820 663
1460830 663
1460840 659
1460850 656
1460860 656
1460870 653
1460880 651
1460890 651
1460900 649
1460910 647
1460920 647
1460930 645
1460940 642
1460950 639
1460960 639
1460970 637
1460980 634
1460990 634
1461000 626
1461010 617
1461020 617
1461030 612
1461040 609
1461050 609
1461060 607
1461070 605
1461080 605
1461090 601
1461100 597
1461110 597
1461120 593
1461130 591
1461140 591
1461150 589
1461160 587
1461170 587
1461180 585
1461190 584
1461200 584
1461210 582
1461220 579
1461230 579
1461240 576
1461250 575
1461260 575
1461270 573
1461280 572
1461290 572
1461300 571
1461310 569
1461320 569
1461330 568
1461340 566
1461350 566
1461360 565
1461370 563
1461380 563
1461390 562
1461400 561
1461410 560
1461420 560
1461430 559
1461440 557
1461450 557
1461460 556
1461470 555
1461480 555
1461490 554
1461500 554
1461510 554
1461520 553
1461530 552
1461540 552
1461550 551
1461560 550
1461570 550
1461580 549
1461590 548
1461600 548
1461610 548
1461620 547
1461630 547
1461640 545
1461650 543
1461660 543
1461670 541
1461680 540
1461690 540
1461700 536
1461710 526
1461720 526
1461730 524
1461740 528
1461750 528
1461760 530
1461770 533
1461780 533
1461790 536
1461800 537
1461810 537
1461820 539
1461830 540
1461840 540
1461850 542
1461860 542
1461870 543
1461880 543
1461890 544
1461900 544
1461910 544
1461920 544
1461930 544
1461940 544
1461950 544
1461960 544
1461970 544
1461980 544
1461990 544
1462000 544
1462010 544
1462020 544
1462030 544
1462040 545
1462050 545
1462060 545
1462070 544
1462080 536
1462090 536
1462100 528
1462110 521
1462120 521
1462130 513
1462140 506
1462150 506
1462160 500
1462170 495
1462180 495
1462190 490
1462200 485
1462210 485
1462220 481
1462230 477
1462240 477
1462250 475
1462260 473
1462270 473
1462280 471
1462290 471
1462300 471
1462310 471
1462320 472
1462330 472
1462340 476
1462350 481
1462360 484
1462370 484
1462380 489
1462390 496
1462400 496
1462410 503
1462420 509
1462430 509
1462440 513
1462450 516
1462460 516
1462470 518
1462480 520
1462490 520
1462500 521
1462510 521
1462520 521
1462530 522
1462540 522
1462550 522
1462560 523
1462570 523
1462580 523
1462590 524
1462600 524
1462610 524
1462620 524
1462630 525
1462640 525
1462650 527
1462660 527
1462670 527
1462680 528
1462690 528
1462700 528
1462710 529
1462720 530
1462730 530
1462740 532
1462750 534
1462760 534
1462770 538
1462780 542
1462790 542
1462800 547
1462810 550
1462820 554
1462830 554
1462840 559
1462850 563
1462860 563
1462870 565
1462880 567
1462890 567
1462900 567
1462910 568
1462920 568
1462930 569
1462940 569
1462950 569
1462960 569
1462970 570
1462980 570
1462990 571
1463000 572
1463010 572
1463020 574
1463030 575
1463040 575
1463050 577
1463060 579
1463070 579
1463080 581
1463090 582
1463100 582
1463110 584
1463120 586
1463130 586
1463140 588
1463150 590
1463160 590
1463170 592
1463180 594
1463190 594
1463200 596
1463210 598
1463220 598
1463230 599
1463240 599
1463250 599
1463260 599
1463270 600
1463280 601
1463290 601
1463300 602
1463310 603
1463320 603
1463330 604
1463340 606
1463350 606
1463360 607
1463370 608
1463380 608
1463390 608
1463400 609
1463410 609
1463420 609
1463430 609
1463440 609
1463450 610
1463460 610
1463470 610
1463480 610
1463490 610
1463500 610
1463510 611
1463520 612
1463530 612
1463540 613
1463550 615
1463560 615
1463570 616
1463580 617
1463590 617
1463600 619
1463610 620
1463620 620
1463630 621
1463640 623
1463650 623
1463660 624
1463670 625
1463680 625
1463690 627
1463700 629
1463710 629
1463720 630
1463730 631
1463740 631
1463750 632
1463760 633
1463770 635
1463780 635
1463790 636
1463800 639
1463810 639
1463820 642
1463830 644
1463840 644
1463850 646
1463860 648
1463870 648
1463880 650
1463890 652
1463900 652
1463910 654
1463920 655
1463930 655
1463940 657
1463950 658
1463960 658
1463970 658
1463980 657
1463990 657
1464000 657
1464010 658
1464020 658
1464030 659
1464040 662
1464050 662
1464060 666
1464070 667
1464080 667
1464090 670
1464100 674
1464110 674
1464120 679
1464130 683
1464140 683
1464150 687
1464160 691
1464170 691
1464180 695
1464190 698
1464200 698
1464210 701
1464220 705
1464230 709
1464240 709
1464250 713
1464260 716
1464270 716
1464280 719
1464290 721
1464300 721
1464310 722
1464320 721
1464330 721
1464340 718
1464350 716
1464360 716
1464370 714
1464380 711
1464390 711
1464400 708
1464410 707
1464420 707
1464430 706
1464440 705
1464450 705
1464460 707
1464470 711
1464480 711
1464490 714
1464500 716
1464510 716
1464520 718
1464530 719
1464540 719
1464550 721
1464560 722
1464570 722
1464580 724
1464590 726
1464600 726
1464610 728
1464620 730
1464630 730
1464640 731
1464650 734
1464660 734
1464670 736
1464680 739
1464690 742
1464700 742
1464710 745
1464720 748
1464730 748
1464740 751
1464750 755
1464760 755
1464770 759
1464780 762
1464790 762
1464800 766
1464810 770
1464820 770
1464830 774
1464840 777
1464850 777
1464860 780
1464870 783
1464880 783
1464890 785
1464900 788
1464910 788
1464920 791
1464930 794
1464940 794
1464950 798
1464960 801
1464970 801
1464980 804
1464990 809
1465000 809
1465010 809
1465020 809
1465030 809
1465040 811
1465050 812
1465060 812
1465070 814
1465080 816
1465090 816
1465100 818
1465110 820
1465120 820
1465130 823
1465140 825
1465150 825
1465160 828
1465170 831
1465180 835
1465190 835
1465200 838
1465210 840
1465220 840
1465230 843
1465240 845
1465250 845
1465260 846
1465270 846
1465280 846
1465290 846
1465300 847
1465310 847
1465320 850
1465330 853
1465340 853
1465350 854
1465360 856
1465370 856
1465380 857
1465390 859
1465400 859
1465410 860
1465420 861
1465430 861
1465440 862
1465450 864
1465460 864
1465470 866
1465480 868
1465490 868
1465500 872
1465510 874
1465520 874
1465530 876
1465540 877
1465550 877
1465560 878
1465570 880
1465580 880
1465590 881
1465600 883
1465610 883
1465620 884
1465630 887
1465640 889
1465650 889
1465660 891
1465670 894
1465680 894
1465690 896
1465700 897
1465710 897
1465720 899
1465730 902
1465740 902
1465750 905
1465760 908
1465770 908
1465780 911
1465790 913
1465800 913
1465810 915
1465820 917
1465830 917
1465840 918
1465850 919
1465860 919
1465870 919
1465880 920
1465890 920
1465900 920
1465910 918
1465920 918
1465930 915
1465940 910
1465950 910
1465960 904
1465970 899
1465980 899
1465990 895
1466000 890
1466010 890
1466020 885
1466030 881
1466040 881
1466050 878
1466060 874
1466070 874
1466080 872
1466090 869
1466100 867
1466110 867
1466120 864
1466130 861
1466140 861
1466150 859
1466160 857
1466170 857
1466180 855
1466190 852
1466200 852
1466210 850
1466220 848
1466230 848
1466240 846
1466250 844
1466260 844
1466270 839
1466280 834
1466290 834
1466300 829
1466310 822
1466320 822
1466330 814
1466340 807
1466350 807
1466360 807
1466370 813
1466380 813
1466390 819
1466400 824
1466410 824
1466420 829
1466430 834
1466440 834
1466450 839
1466460 841
1466470 841
1466480 844
1466490 845
1466500 845
1466510 848
1466520 852
1466530 852
1466540 858
1466550 862
1466560 864
1466570 864
1466580 866
1466590 868
1466600 868
1466610 871
1466620 873
1466630 873
1466640 876
1466650 879
1466660 879
1466670 882
1466680 884
1466690 884
1466700 887
1466710 889
1466720 889
1466730 891
1466740 893
1466750 893
1466760 896
1466770 898
1466780 898
1466790 901
1466800 903
1466810 903
1466820 906
1466830 908
1466840 908
1466850 910
1466860 911
1466870 911
1466880 913
1466890 915
1466900 915
1466910 917
1466920 920
1466930 920
1466940 923
1466950 927
1466960 927
1466970 932
1466980 935
1466990 935
1467000 936
1467010 936
1467020 936
1467030 937
1467040 937
1467050 938
1467060 938
1467070 938
1467080 938
1467090 938
1467100 939
1467110 938
1467120 938
1467130 935
1467140 930
1467150 930
1467160 924
1467170 918
1467180 918
1467190 914
1467200 912
1467210 912
1467220 910
1467230 908
1467240 908
1467250 903
1467260 898
1467270 898
1467280 893
1467290 888
1467300 888
1467310 882
1467320 875
1467330 875
1467340 869
1467350 863
1467360 863
1467370 857
1467380 852
1467390 852
1467400 847
1467410 843
1467420 843
1467430 838
1467440 833
1467450 833
1467460 828
1467470 822
1467480 822
1467490 817
1467500 812
1467510 807
1467520 807
1467530 802
1467540 797
1467550 797
1467560 792
1467570 787
1467580 787
1467590 783
1467600 778
1467610 778
1467620 774
1467630 770
1467640 770
1467650 767
1467660 763
1467670 763
1467680 760
1467690 757
1467700 757
1467710 753
1467720 750
1467730 750
1467740 746
1467750 744
1467760 744
1467770 741
1467780 738
1467790 738
1467800 736
1467810 733
1467820 733
1467830 731
1467840 729
1467850 729
1467860 727
1467870 725
1467880 725
1467890 723
1467900 722
1467910 722
1467920 720
1467930 717
1467940 717
1467950 716
1467960 714
1467970 712
1467980 712
1467990 708
1468000 705
1468010 705
1468020 702
1468030 700
1468040 700
1468050 700
1468060 699
1468070 699
1468080 698
1468090 696
1468100 696
1468110 695
1468120 692
1468130 692
1468140 691
1468150 690
1468160 690
1468170 690
1468180 690
1468190 690
1468200 683
1468210 677
1468220 677
1468230 670
1468240 664
1468250 664
1468260 660
1468270 654
1468280 654
1468290 650
1468300 650
1468310 650
1468320 650
1468330 652
1468340 652
1468350 658
1468360 666
1468370 666
1468380 673
1468390 676
1468400 676
1468410 690
1468420 702
1468430 702
1468440 709
1468450 715
1468460 718
1468470 718
1468480 718
1468490 719
1468500 719
1468510 719
1468520 721
1468530 721
1468540 722
1468550 723
1468560 723
1468570 725
1468580 726
1468590 726
1468600 727
1468610 729
1468620 729
1468630 730
1468640 731
1468650 731
1468660 732
1468670 733
1468680 733
1468690 734
1468700 735
1468710 735
1468720 735
1468730 736
1468740 736
1468750 737
1468760 738
1468770 738
1468780 740
1468790 741
1468800 741
1468810 741
1468820 743
1468830 743
1468840 744
1468850 746
1468860 746
1468870 747
1468880 748
1468890 748
1468900 750
1468910 751
1468920 753
1468930 753
1468940 754
1468950 756
1468960 756
1468970 758
1468980 760
1468990 760
1469000 762
1469010 764
1469020 764
1469030 765
1469040 766
1469050 766
1469060 767
1469070 770
1469080 770
1469090 773
1469100 774
1469110 774
1469120 777
1469130 781
1469140 781
1469150 784
1469160 787
1469170 787
1469180 789
1469190 791
1469200 791
1469210 793
1469220 795
1469230 795
1469240 797
1469250 799
1469260 799
1469270 800
1469280 801
1469290 801
1469300 802
1469310 804
1469320 804
1469330 805
1469340 808
1469350 808
1469360 810
1469370 812
1469380 815
1469390 815
1469400 817
1469410 820
1469420 820
1469430 823
1469440 825
1469450 825
1469460 828
1469470 830
1469480 830
1469490 833
1469500 835
1469510 835
1469520 837
1469530 838
1469540 838
1469550 840
1469560 841
1469570 841
1469580 843
1469590 844
1469600 844
1469610 844
1469620 845
1469630 845
1469640 845
1469650 845
1469660 845
1469670 845
1469680 846
1469690 846
1469700 846
1469710 847
1469720 847
1469730 848
1469740 850
1469750 850
1469760 851
1469770 852
1469780 852
1469790 854
1469800 856
1469810 856
1469820 858
1469830 861
1469840 861
1469850 864
1469860 866
1469870 869
1469880 869
1469890 874
1469900 879
1469910 879
1469920 883
1469930 888
1469940 888
1469950 893
1469960 898
1469970 898
1469980 903
1469990 909
1470000 909
1470010 916
1470020 922
1470030 922
1470040 928
1470050 933
1470060 933
1470070 940
1470080 947
1470090 947
1470100 955
1470110 960
1470120 960
1470130 965
1470140 970
1470150 970
1470160 975
1470170 980
1470180 980
1470190 987
1470200 994
1470210 994
1470220 1002
1470230 1010
1470240 1010
1470250 1017
1470260 1023
1470270 1023
1470280 1028
1470290 1033
1470300 1033
1470310 1040
1470320 1049
1470330 1059
1470340 1059
1470350 1066
1470360 1068
1470370 1068
1470380 1071
1470390 1078
1470400 1078
1470410 1087
1470420 1094
1470430 1094
1470440 1097
1470450 1096
1470460 1096
1470470 1097
1470480 1100
1470490 1100
1470500 1106
1470510 1110
1470520 1110
1470530 1113
1470540 1116
1470550 1116
1470560 1118
1470570 1120
1470580 1120
1470590 1123
1470600 1126
1470610 1126
1470620 1129
1470630 1133
1470640 1133
1470650 1136
1470660 1140
1470670 1140
1470680 1144
1470690 1147
1470700 1147
1470710 1149
1470720 1153
1470730 1153
1470740 1159
1470750 1167
1470760 1167
1470770 1175
1470780 1182
1470790 1188
1470800 1188
1470810 1194
1470820 1200
1470830 1200
1470840 1206
1470850 1213
1470860 1213
1470870 1218
1470880 1222
1470890 1222
1470900 1227
1470910 1231
1470920 1231
1470930 1236
1470940 1240
1470950 1240
1470960 1242
1470970 1244
1470980 1244
1470990 1247
1471000 1250
1471010 1250
1471020 1253
1471030 1255
1471040 1255
1471050 1257
1471060 1258
1471070 1258
1471080 1260
1471090 1262
1471100 1262
1471110 1264
1471120 1265
1471130 1265
1471140 1266
1471150 1268
1471160 1268
1471170 1269
1471180 1270
1471190 1270
1471200 1270
1471210 1271
1471220 1271
1471230 1272
1471240 1274
1471250 1274
1471260 1274
1471270 1274
1471280 1274
1471290 1274
1471300 1274
1471310 1274
1471320 1274
1471330 1274
1471340 1273
1471350 1273
1471360 1271
1471370 1268
1471380 1268
1471390 1266
1471400 1265
1471410 1265
1471420 1262
1471430 1260
1471440 1260
1471450 1259
1471460 1256
1471470 1256
1471480 1254
1471490 1255
1471500 1255
1471510 1258
1471520 1260
1471530 1260
1471540 1259
1471550 1257
1471560 1257
1471570 1254
1471580 1253
1471590 1253
1471600 1252
1471610 1252
1471620 1252
1471630 1252
1471640 1253
1471650 1253
1471660 1253
1471670 1252
1471680 1252
1471690 1251
1471700 1249
1471710 1249
1471720 1248
1471730 1246
1471740 1246
1471750 1246
1471760 1246
1471770 1246
1471780 1246
1471790 1247
1471800 1246
1471810 1246
1471820 1246
1471830 1245
1471840 1245
1471850 1244
1471860 1243
1471870 1243
1471880 1244
1471890 1245
1471900 1245
1471910 1244
1471920 1244
1471930 1244
1471940 1243
1471950 1244
1471960 1244
1471970 1243
1471980 1243
1471990 1243
1472000 1244
1472010 1246
1472020 1246
1472030 1246
1472040 1245
1472050 1245
1472060 1250
1472070 1254
1472080 1254
1472090 1258
1472100 1263
1472110 1263
1472120 1267
1472130 1271
1472140 1271
1472150 1274
1472160 1277
1472170 1277
1472180 1280
1472190 1283
1472200 1285
1472210 1285
1472220 1288
1472230 1290
1472240 1290
1472250 1292
1472260 1294
1472270 1294
1472280 1296
1472290 1299
1472300 1299
1472310 1301
1472320 1304
1472330 1304
1472340 1307
1472350 1309
1472360 1309
1472370 1310
1472380 1311
1472390 1311
1472400 1311
1472410 1310
1472420 1310
1472430 1311
1472440 1312
1472450 1312
1472460 1313
1472470 1314
1472480 1314
1472490 1316
1472500 1318
1472510 1318
1472520 1319
1472530 1320
1472540 1320
1472550 1322
1472560 1323
1472570 1323
1472580 1324
1472590 1326
1472600 1326
1472610 1327
1472620 1327
1472630 1327
1472640 1328
1472650 1328
1472660 1328
1472670 1329
1472680 1329
1472690 1329
1472700 1329
1472710 1328
1472720 1329
1472730 1329
1472740 1330
1472750 1331
1472760 1331
1472770 1332
1472780 1332
1472790 1332
1472800 1332
1472810 1332
1472820 1332
1472830 1333
1472840 1333
1472850 1333
1472860 1332
1472870 1332
1472880 1332
1472890 1329
1472900 1325
1472910 1325
1472920 1321
1472930 1319
1472940 1319
1472950 1317
1472960 1316
1472970 1316
1472980 1312
1472990 1308
1473000 1308
1473010 1306
1473020 1306
1473030 1306
1473040 1306
1473050 1307
1473060 1307
1473070 1307
1473080 1308
1473090 1308
1473100 1309
1473110 1310
1473120 1310
1473130 1310
1473140 1309
1473150 1307
1473160 1307
1473170 1306
1473180 1304
1473190 1304
1473200 1303
1473210 1301
1473220 1301
1473230 1299
1473240 1298
1473250 1298
1473260 1298
1473270 1298
1473280 1298
1473290 1297
1473300 1296
1473310 1296
1473320 1296
1473330 1296
1473340 1296
1473350 1296
1473360 1295
1473370 1295
1473380 1295
1473390 1295
1473400 1295
1473410 1295
1473420 1295
1473430 1295
1473440 1294
1473450 1294
1473460 1294
1473470 1294
1473480 1294
1473490 1294
1473500 1295
1473510 1296
1473520 1296
1473530 1297
1473540 1297
1473550 1297
1473560 1296
1473570 1295
1473580 1295
1473590 1294
1473600 1294
1473610 1294
1473620 1294
1473630 1296
1473640 1302
1473650 1302
1473660 1306
1473670 1311
1473680 1311
1473690 1315
1473700 1319
1473710 1319
1473720 1323
1473730 1326
1473740 1326
1473750 1326
1473760 1326
1473770 1326
1473780 1326
1473790 1325
1473800 1325
1473810 1324
1473820 1324
1473830 1324
1473840 1325
1473850 1326
1473860 1326
1473870 1326
1473880 1330
1473890 1330
1473900 1334
1473910 1337
1473920 1337
1473930 1337
1473940 1340
1473950 1340
1473960 1344
1473970 1347
1473980 1347
1473990 1350
1474000 1354
1474010 1354
1474020 1357
1474030 1360
1474040 1360
1474050 1363
1474060 1366
1474070 1366
1474080 1369
1474090 1371
1474100 1371
1474110 1371
1474120 1372
1474130 1372
1474140 1372
1474150 1372
1474160 1371
1474170 1371
1474180 1372
1474190 1371
1474200 1371
1474210 1372
1474220 1374
1474230 1374
1474240 1375
1474250 1376
1474260 1376
1474270 1377
1474280 1379
1474290 1379
1474300 1380
1474310 1381
1474320 1381
1474330 1383
1474340 1384
1474350 1384
1474360 1386
1474370 1387
1474380 1387
1474390 1388
1474400 1389
1474410 1389
1474420 1390
1474430 1391
1474440 1391
1474450 1391
1474460 1391
1474470 1391
1474480 1390
1474490 1389
1474500 1389
1474510 1388
1474520 1385
1474530 1385
1474540 1380
1474550 1377
1474560 1375
1474570 1375
1474580 1374
1474590 1371
1474600 1371
1474610 1368
1474620 1365
1474630 1365
1474640 1365
1474650 1364
1474660 1364
1474670 1363
1474680 1363
1474690 1363
1474700 1363
1474710 1362
1474720 1362
1474730 1358
1474740 1356
1474750 1356
1474760 1355
1474770 1354
1474780 1354
1474790 1355
1474800 1355
1474810 1355
1474820 1356
1474830 1357
1474840 1357
1474850 1357
1474860 1356
1474870 1356
1474880 1356
1474890 1358
1474900 1358
1474910 1360
1474920 1360
1474930 1360
1474940 1360
1474950 1360
1474960 1360
1474970 1360
1474980 1360
1474990 1360
1475000 1360
1475010 1361
1475020 1362
1475030 1362
1475040 1362
1475050 1363
1475060 1363
1475070 1364
1475080 1363
1475090 1363
1475100 1363
1475110 1362
1475120 1362
1475130 1361
1475140 1362
1475150 1362
1475160 1363
1475170 1364
1475180 1364
1475190 1365
1475200 1368
1475210 1368
1475220 1370
1475230 1372
1475240 1372
1475250 1372
1475260 1372
1475270 1372
1475280 1370
1475290 1369
1475300 1369
1475310 1369
1475320 1367
1475330 1367
1475340 1365
1475350 1363
1475360 1363
1475370 1358
1475380 1351
1475390 1351
1475400 1345
1475410 1340
1475420 1340
1475430 1334
1475440 1331
1475450 1331
1475460 1329
1475470 1327
1475480 1327
1475490 1325
1475500 1320
1475510 1312
1475520 1312
1475530 1304
1475540 1297
1475550 1297
1475560 1292
1475570 1288
1475580 1288
1475590 1283
1475600 1280
1475610 1280
1475620 1277
1475630 1273
1475640 1273
1475650 1268
1475660 1262
1475670 1262
1475680 1255
1475690 1249
1475700 1249
1475710 1242
1475720 1237
1475730 1237
1475740 1232
1475750 1228
1475760 1228
1475770 1224
1475780 1220
1475790 1220
1475800 1215
1475810 1211
1475820 1211
1475830 1207
1475840 1202
1475850 1202
1475860 1197
1475870 1190
1475880 1190
1475890 1183
1475900 1176
1475910 1176
1475920 1168
1475930 1160
1475940 1160
1475950 1152
1475960 1145
1475970 1139
1475980 1139
1475990 1133
1476000 1126
1476010 1126
1476020 1119
1476030 1111
1476040 1111
1476050 1105
1476060 1099
1476070 1099
1476080 1093
1476090 1086
1476100 1086
1476110 1079
1476120 1072
1476130 1072
1476140 1064
1476150 1057
1476160 1057
1476170 1050
1476180 1043
1476190 1043
1476200 1037
1476210 1031
1476220 1031
1476230 1026
1476240 1019
1476250 1019
1476260 1014
1476270 1008
1476280 1008
1476290 1002
1476300 995
1476310 995
1476320 989
1476330 984
1476340 984
1476350 979
1476360 973
1476370 973
1476380 969
1476390 962
1476400 962
1476410 956
1476420 950
1476430 943
1476440 943
1476450 936
1476460 928
1476470 928
1476480 922
1476490 917
1476500 917
1476510 912
1476520 907
1476530 907
1476540 901
1476550 896
1476560 896
1476570 892
1476580 887
1476590 887
1476600 882
1476610 878
1476620 878
1476630 874
1476640 870
1476650 870
1476660 867
1476670 864
1476680 864
1476690 861
1476700 858
1476710 858
1476720 855
1476730 852
1476740 852
1476750 849
1476760 846
1476770 846
1476780 844
1476790 843
1476800 843
1476810 844
1476820 846
1476830 846
1476840 849
1476850 853
1476860 853
1476870 857
1476880 864
1476890 864
1476900 872
1476910 880
1476920 887
1476930 887
1476940 890
1476950 888
1476960 888
1476970 889
1476980 892
1476990 892
1477000 891
1477010 892
1477020 892
1477030 897
1477040 901
1477050 901
1477060 906
1477070 909
1477080 909
1477090 912
1477100 915
1477110 915
1477120 919
1477130 923
1477140 923
1477150 927
1477160 931
1477170 931
1477180 936
1477190 939
1477200 939
1477210 943
1477220 946
1477230 946
1477240 949
1477250 950
1477260 950
1477270 952
1477280 953
1477290 953
1477300 955
1477310 956
1477320 956
1477330 955
1477340 954
1477350 954
1477360 962
1477370 969
1477380 974
1477390 974
1477400 980
1477410 984
1477420 984
1477430 987
1477440 989
1477450 989
1477460 989
1477470 988
1477480 988
1477490 986
1477500 984
1477510 984
1477520 981
1477530 979
1477540 979
1477550 976
1477560 973
1477570 973
1477580 970
1477590 966
1477600 966
1477610 963
1477620 959
1477630 959
1477640 955
1477650 951
1477660 951
1477670 947
1477680 943
1477690 943
1477700 937
1477710 929
1477720 929
1477730 921
1477740 916
1477750 916
1477760 912
1477770 909
1477780 909
1477790 905
1477800 900
1477810 900
1477820 895
1477830 890
1477840 884
1477850 884
1477860 879
1477870 874
1477880 874
1477890 869
1477900 863
1477910 863
1477920 857
1477930 848
1477940 848
1477950 841
1477960 835
1477970 835
1477980 830
1477990 825
1478000 825
1478010 821
1478020 814
1478030 814
1478040 808
1478050 802
1478060 802
1478070 797
1478080 792
1478090 792
1478100 788
1478110 784
1478120 784
1478130 778
1478140 773
1478150 773
1478160 770
1478170 764
1478180 771
1478190 765
1478200 760
1478210 760
1478220 756
1478230 752
1478240 752
1478250 747
1478260 742
1478270 742
1478280 738
1478290 735
1478300 735
1478310 732
1478320 730
1478330 729
1478340 729
1478350 728
1478360 728
1478370 728
1478380 728
1478390 727
1478400 727
1478410 727
1478420 727
1478430 727
1478440 727
1478450 727
1478460 727
1478470 726
1478480 726
1478490 726
1478500 726
1478510 726
1478520 726
1478530 725
1478540 726
1478550 726
1478560 726
1478570 726
1478580 726
1478590 726
1478600 725
1478610 725
1478620 724
1478630 725
1478640 725
1478650 725
1478660 725
1478670 725
1478680 726
1478690 726
1478700 726
1478710 726
1478720 727
1478730 727
1478740 727
1478750 727
1478760 727
1478770 727
1478780 728
1478790 728
1478800 728
1478810 728
1478820 728
1478830 728
1478840 728
1478850 729
1478860 729
1478870 729
1478880 729
1478890 729
1478900 729
1478910 729
1478920 729
1478930 729
1478940 729
1478950 729
1478960 729
1478970 729
1478980 729
1478990 729
1479000 729
1479010 729
1479020 729
1479030 729
1479040 729
1479050 730
1479060 730
1479070 730
1479080 732
1479090 733
1479100 733
1479110 733
1479120 734
1479130 734
1479140 737
1479150 741
1479160 741
1479170 746
1479180 751
1479190 751
1479200 757
1479210 764
1479220 764
1479230 772
1479240 779
1479250 786
1479260 786
1479270 793
1479280 802
1479290 802
1479300 814
1479310 825
1479320 825
1479330 833
1479340 841
1479350 841
1479360 847
1479370 863
1479380 863
1479390 874
1479400 879
1479410 879
1479420 885
1479430 891
1479440 891
1479450 898
1479460 905
1479470 905
1479480 914
1479490 922
1479500 922
1479510 930
1479520 938
1479530 938
1479540 950
1479550 959
1479560 959
1479570 965
1479580 969
1479590 969
1479600 970
1479610 972
1479620 972
1479630 974
1479640 977
1479650 977
1479660 980
1479670 983
1479680 983
1479690 986
1479700 991
1479710 991
1479720 996
1479730 1001
1479740 1007
1479750 1007
1479760 1013
1479770 1017
1479780 1017
1479790 1020
1479800 1021
1479810 1021
1479820 1021
1479830 1020
1479840 1020
1479850 1019
1479860 1019
1479870 1019
1479880 1020
1479890 1020
1479900 1020
1479910 1021
1479920 1023
1479930 1023
1479940 1024
1479950 1025
1479960 1025
1479970 1025
1479980 1025
1479990 1025
