1460000 690
1460010 686
1460020 683
1460030 683
1460040 680
1460050 676
1460060 673
1460070 673
1460080 673
1460090 677
1460100 677
1460110 682
1460120 689
1460130 689
1460140 692
1460150 692
1460160 692
1460170 693
1460180 694
1460190 694
1460200 695
1460210 696
1460220 696
1460230 697
1460240 701
1460250 701
1460260 704
1460270 706
1460280 706
1460290 708
1460300 708
1460310 708
1460320 706
1460330 705
1460340 705
1460350 703
1460360 702
1460370 702
1460380 701
1460390 699
1460400 699
1460410 696
1460420 694
1460430 694
1460440 693
1460450 694
1460460 694
1460470 695
1460480 697
1460490 697
1460500 699
1460510 700
1460520 700
1460530 701
1460540 699
1460550 697
1460560 697
1460570 694
1460580 690
1460590 690
1460600 686
1460610 682
1460620 682
1460630 675
1460640 668
1460650 668
1460660 661
1460670 656
1460680 656
1460690 653
1460700 650
1460710 650
1460720 647
1460730 643
1460740 643
1460750 640
1460760 638
1460770 638
1460780 637
1460790 636
1460800 636
1460810 634
1460820 632
1460830 632
1460840 631
1460850 629
1460860 629
1460870 628
1460880 625
1460890 625
1460900 621
1460910 618
1460920 618
1460930 615
1460940 612
1460950 612
1460960 611
1460970 609
1460980 609
1460990 608
1461000 608
1461010 607
1461020 607
1461030 604
1461040 594
1461050 594
1461060 585
1461070 579
1461080 579
1461090 575
1461100 572
1461110 572
1461120 570
1461130 568
1461140 568
1461150 567
1461160 565
1461170 565
1461180 564
1461190 563
1461200 563
1461210 561
1461220 560
1461230 560
1461240 560
1461250 559
1461260 559
1461270 558
1461280 557
1461290 557
1461300 556
1461310 555
1461320 555
1461330 554
1461340 553
1461350 553
1461360 552
1461370 550
1461380 550
1461390 549
1461400 548
1461410 548
1461420 548
1461430 547
1461440 547
1461450 547
1461460 548
1461470 548
1461480 548
1461490 549
1461500 549
1461510 549
1461520 549
1461530 549
1461540 549
1461550 548
1461560 548
1461570 548
1461580 548
1461590 547
1461600 547
1461610 547
1461620 547
1461630 547
1461640 546
1461650 546
1461660 546
1461670 546
1461680 545
1461690 545
1461700 544
1461710 542
1461720 542
1461730 540
1461740 538
1461750 538
1461760 536
1461770 535
1461780 535
1461790 532
1461800 526
1461810 526
1461820 520
1461830 515
1461840 515
1461850 512
1461860 510
1461870 510
1461880 510
1461890 510
1461900 510
1461910 512
1461920 512
1461930 512
1461940 512
1461950 513
1461960 515
1461970 515
1461980 517
1461990 517
1462000 517
1462010 516
1462020 515
1462030 515
1462040 513
1462050 508
1462060 508
1462070 503
1462080 497
1462090 497
1462100 492
1462110 487
1462120 487
1462130 483
1462140 479
1462150 479
1462160 476
1462170 474
1462180 474
1462190 472
1462200 471
1462210 471
1462220 471
1462230 471
1462240 471
1462250 471
1462260 471
1462270 471
1462280 471
1462290 471
1462300 471
1462310 472
1462320 475
1462330 475
1462340 480
1462350 481
1462360 481
1462370 484
1462380 488
1462390 488
1462400 491
1462410 496
1462420 503
1462430 503
1462440 509
1462450 515
1462460 515
1462470 522
1462480 530
1462490 530
1462500 539
1462510 545
1462520 545
1462530 548
1462540 551
1462550 551
1462560 553
1462570 554
1462580 554
1462590 556
1462600 556
1462610 556
1462620 557
1462630 557
1462640 557
1462650 558
1462660 558
1462670 558
1462680 558
1462690 559
1462700 559
1462710 560
1462720 560
1462730 560
1462740 561
1462750 561
1462760 561
1462770 562
1462780 561
1462790 561
1462800 560
1462810 561
1462820 561
1462830 564
1462840 567
1462850 567
1462860 568
1462870 569
1462880 570
1462890 570
1462900 571
1462910 573
1462920 573
1462930 574
1462940 575
1462950 575
1462960 576
1462970 577
1462980 577
1462990 578
1463000 579
1463010 579
1463020 580
1463030 581
1463040 581
1463050 582
1463060 583
1463070 583
1463080 584
1463090 585
1463100 585
1463110 586
1463120 588
1463130 588
1463140 590
1463150 592
1463160 592
1463170 594
1463180 596
1463190 596
1463200 598
1463210 600
1463220 600
1463230 601
1463240 603
1463250 603
1463260 604
1463270 604
1463280 604
1463290 604
1463300 604
1463310 604
1463320 604
1463330 605
1463340 605
1463350 605
1463360 605
1463370 606
1463380 606
1463390 606
1463400 606
1463410 606
1463420 607
1463430 607
1463440 607
1463450 608
1463460 609
1463470 609
1463480 610
1463490 612
1463500 612
1463510 613
1463520 614
1463530 614
1463540 615
1463550 617
1463560 617
1463570 619
1463580 620
1463590 620
1463600 622
1463610 623
1463620 623
1463630 624
1463640 626
1463650 626
1463660 627
1463670 628
1463680 628
1463690 630
1463700 631
1463710 631
1463720 633
1463730 634
1463740 634
1463750 635
1463760 637
1463770 637
1463780 639
1463790 641
1463800 641
1463810 642
1463820 643
1463830 645
1463840 645
1463850 647
1463860 648
1463870 648
1463880 650
1463890 653
1463900 653
1463910 654
1463920 655
1463930 655
1463940 656
1463950 656
1463960 656
1463970 656
1463980 656
1463990 656
1464000 657
1464010 658
1464020 658
1464030 659
1464040 660
1464050 660
1464060 661
1464070 662
1464080 662
1464090 665
1464100 668
1464110 668
1464120 670
1464130 671
1464140 671
1464150 673
1464160 674
1464170 674
1464180 675
1464190 676
1464200 676
1464210 678
1464220 679
1464230 679
1464240 680
1464250 682
1464260 682
1464270 684
1464280 687
1464290 690
1464300 690
1464310 693
1464320 697
1464330 697
1464340 700
1464350 704
1464360 704
1464370 707
1464380 709
1464390 709
1464400 710
1464410 710
1464420 710
1464430 710
1464440 710
1464450 710
1464460 712
1464470 714
1464480 714
1464490 716
1464500 720
1464510 720
1464520 723
1464530 727
1464540 727
1464550 731
1464560 735
1464570 735
1464580 739
1464590 743
1464600 743
1464610 747
1464620 751
1464630 751
1464640 754
1464650 755
1464660 755
1464670 753
1464680 750
1464690 750
1464700 745
1464710 747
1464720 747
1464730 749
1464740 750
1464750 750
1464760 750
1464770 752
1464780 754
1464790 754
1464800 757
1464810 759
1464820 759
1464830 761
1464840 763
1464850 763
1464860 766
1464870 769
1464880 769
1464890 772
1464900 774
1464910 774
1464920 775
1464930 777
1464940 777
1464950 779
1464960 781
1464970 781
1464980 784
1464990 786
1465000 786
1465010 790
1465020 793
1465030 793
1465040 796
1465050 800
1465060 800
1465070 802
1465080 804
1465090 804
1465100 806
1465110 809
1465120 809
1465130 811
1465140 812
1465150 812
1465160 815
1465170 817
1465180 817
1465190 820
1465200 824
1465210 828
1465220 828
1465230 829
1465240 831
1465250 831
1465260 834
1465270 837
1465280 837
1465290 840
1465300 843
1465310 843
1465320 846
1465330 849
1465340 849
1465350 852
1465360 855
1465370 855
1465380 858
1465390 861
1465400 861
1465410 863
1465420 865
1465430 865
1465440 867
1465450 870
1465460 870
1465470 873
1465480 876
1465490 876
1465500 878
1465510 882
1465520 882
1465530 886
1465540 889
1465550 889
1465560 892
1465570 895
1465580 895
1465590 899
1465600 902
1465610 902
1465620 905
1465630 908
1465640 908
1465650 912
1465660 916
1465670 916
1465680 919
1465690 923
1465700 926
1465710 926
1465720 928
1465730 931
1465740 931
1465750 934
1465760 937
1465770 937
1465780 939
1465790 943
1465800 943
1465810 944
1465820 944
1465830 944
1465840 942
1465850 937
1465860 937
1465870 931
1465880 925
1465890 925
1465900 920
1465910 913
1465920 913
1465930 907
1465940 902
1465950 902
1465960 896
1465970 891
1465980 891
1465990 887
1466000 884
1466010 884
1466020 881
1466030 879
1466040 879
1466050 876
1466060 874
1466070 874
1466080 872
1466090 870
1466100 870
1466110 868
1466120 865
1466130 865
1466140 863
1466150 861
1466160 858
1466170 858
1466180 857
1466190 856
1466200 856
1466210 855
1466220 854
1466230 854
1466240 851
1466250 847
1466260 847
1466270 842
1466280 836
1466290 836
1466300 829
1466310 823
1466320 823
1466330 820
1466340 825
1466350 825
1466360 833
1466370 839
1466380 839
1466390 844
1466400 846
1466410 846
1466420 845
1466430 847
1466440 847
1466450 849
1466460 850
1466470 850
1466480 852
1466490 854
1466500 854
1466510 857
1466520 859
1466530 859
1466540 861
1466550 863
1466560 863
1466570 865
1466580 867
1466590 867
1466600 869
1466610 872
1466620 875
1466630 875
1466640 878
1466650 881
1466660 881
1466670 883
1466680 885
1466690 885
1466700 887
1466710 889
1466720 889
1466730 892
1466740 895
1466750 895
1466760 898
1466770 902
1466780 902
1466790 905
1466800 908
1466810 908
1466820 912
1466830 915
1466840 915
1466850 919
1466860 923
1466870 923
1466880 925
1466890 927
1466900 927
1466910 929
1466920 930
1466930 930
1466940 931
1466950 932
1466960 932
1466970 933
1466980 935
1466990 935
1467000 936
1467010 937
1467020 937
1467030 938
1467040 939
1467050 939
1467060 939
1467070 939
1467080 939
1467090 939
1467100 938
1467110 936
1467120 936
1467130 936
1467140 937
1467150 937
1467160 938
1467170 938
1467180 938
1467190 935
1467200 928
1467210 928
1467220 920
1467230 912
1467240 912
1467250 905
1467260 899
1467270 899
1467280 893
1467290 888
1467300 888
1467310 882
1467320 876
1467330 876
1467340 871
1467350 866
1467360 866
1467370 862
1467380 858
1467390 858
1467400 854
1467410 850
1467420 850
1467430 847
1467440 843
1467450 843
1467460 840
1467470 836
1467480 836
1467490 832
1467500 828
1467510 828
1467520 823
1467530 819
1467540 819
1467550 815
1467560 811
1467570 806
1467580 806
1467590 801
1467600 797
1467610 797
1467620 793
1467630 789
1467640 789
1467650 785
1467660 782
1467670 782
1467680 778
1467690 776
1467700 776
1467710 772
1467720 770
1467730 770
1467740 768
1467750 764
1467760 764
1467770 761
1467780 759
1467790 759
1467800 757
1467810 755
1467820 755
1467830 753
1467840 750
1467850 750
1467860 748
1467870 746
1467880 746
1467890 743
1467900 742
1467910 742
1467920 740
1467930 738
1467940 738
1467950 736
1467960 735
1467970 735
1467980 734
1467990 732
1468000 732
1468010 731
1468020 729
1468030 728
1468040 728
1468050 727
1468060 726
1468070 726
1468080 724
1468090 723
1468100 723
1468110 722
1468120 721
1468130 721
1468140 720
1468150 720
1468160 720
1468170 719
1468180 718
1468190 718
1468200 717
1468210 716
1468220 716
1468230 716
1468240 716
1468250 716
1468260 712
1468270 704
1468280 704
1468290 700
1468300 697
1468310 697
1468320 694
1468330 691
1468340 691
1468350 685
1468360 679
1468370 679
1468380 674
1468390 674
1468400 674
1468410 678
1468420 679
1468430 679
1468440 691
1468450 694
1468460 694
1468470 695
1468480 695
1468490 693
1468500 693
1468510 692
1468520 692
1468530 692
1468540 694
1468550 694
1468560 694
1468570 694
1468580 695
1468590 695
1468600 696
1468610 698
1468620 698
1468630 701
1468640 703
1468650 703
1468660 702
1468670 701
1468680 701
1468690 705
1468700 708
1468710 708
1468720 713
1468730 716
1468740 716
1468750 717
1468760 721
1468770 721
1468780 728
1468790 734
1468800 734
1468810 736
1468820 737
1468830 737
1468840 739
1468850 741
1468860 741
1468870 743
1468880 744
1468890 744
1468900 746
1468910 747
1468920 747
1468930 749
1468940 751
1468950 752
1468960 752
1468970 754
1468980 755
1468990 755
1469000 757
1469010 758
1469020 758
1469030 760
1469040 761
1469050 761
1469060 763
1469070 765
1469080 765
1469090 766
1469100 767
1469110 767
1469120 769
1469130 770
1469140 770
1469150 772
1469160 773
1469170 773
1469180 775
1469190 777
1469200 777
1469210 778
1469220 780
1469230 780
1469240 781
1469250 782
1469260 782
1469270 784
1469280 785
1469290 785
1469300 786
1469310 788
1469320 788
1469330 789
1469340 791
1469350 791
1469360 792
1469370 794
1469380 794
1469390 795
1469400 796
1469410 796
1469420 797
1469430 799
1469440 800
1469450 800
1469460 801
1469470 802
1469480 802
1469490 804
1469500 804
1469510 804
1469520 805
1469530 807
1469540 807
1469550 808
1469560 811
1469570 811
1469580 814
1469590 817
1469600 817
1469610 819
1469620 822
1469630 822
1469640 824
1469650 827
1469660 827
1469670 831
1469680 835
1469690 835
1469700 840
1469710 845
1469720 845
1469730 850
1469740 855
1469750 855
1469760 860
1469770 865
1469780 865
1469790 870
1469800 875
1469810 875
1469820 878
1469830 882
1469840 882
1469850 887
1469860 891
1469870 891
1469880 895
1469890 899
1469900 903
1469910 903
1469920 907
1469930 910
1469940 910
1469950 913
1469960 916
1469970 916
1469980 918
1469990 920
1470000 920
1470010 922
1470020 923
1470030 923
1470040 924
1470050 925
1470060 925
1470070 926
1470080 928
1470090 928
1470100 931
1470110 935
1470120 935
1470130 939
1470140 944
1470150 944
1470160 948
1470170 953
1470180 953
1470190 958
1470200 963
1470210 963
1470220 968
1470230 974
1470240 974
1470250 979
1470260 984
1470270 984
1470280 989
1470290 994
1470300 994
1470310 999
1470320 1004
1470330 1004
1470340 1010
1470350 1015
1470360 1020
1470370 1020
1470380 1025
1470390 1030
1470400 1030
1470410 1034
1470420 1040
1470430 1040
1470440 1046
1470450 1052
1470460 1052
1470470 1058
1470480 1066
1470490 1066
1470500 1072
1470510 1079
1470520 1079
1470530 1086
1470540 1094
1470550 1094
1470560 1102
1470570 1110
1470580 1110
1470590 1116
1470600 1122
1470610 1122
1470620 1126
1470630 1130
1470640 1130
1470650 1135
1470660 1142
1470670 1142
1470680 1148
1470690 1154
1470700 1154
1470710 1158
1470720 1161
1470730 1161
1470740 1165
1470750 1168
1470760 1168
1470770 1172
1470780 1177
1470790 1177
1470800 1181
1470810 1186
1470820 1186
1470830 1189
1470840 1194
1470850 1197
1470860 1197
1470870 1200
1470880 1204
1470890 1204
1470900 1206
1470910 1208
1470920 1208
1470930 1209
1470940 1211
1470950 1211
1470960 1213
1470970 1215
1470980 1215
1470990 1217
1471000 1219
1471010 1219
1471020 1219
1471030 1221
1471040 1221
1471050 1223
1471060 1226
1471070 1226
1471080 1228
1471090 1231
1471100 1231
1471110 1233
1471120 1234
1471130 1234
1471140 1238
1471150 1240
1471160 1240
1471170 1241
1471180 1242
1471190 1242
1471200 1241
1471210 1241
1471220 1241
1471230 1241
1471240 1241
1471250 1241
1471260 1241
1471270 1241
1471280 1241
1471290 1240
1471300 1240
1471310 1241
1471320 1241
1471330 1241
1471340 1241
1471350 1241
1471360 1239
1471370 1239
1471380 1239
1471390 1237
1471400 1234
1471410 1234
1471420 1231
1471430 1230
1471440 1230
1471450 1229
1471460 1230
1471470 1230
1471480 1230
1471490 1229
1471500 1229
1471510 1228
1471520 1229
1471530 1229
1471540 1231
1471550 1231
1471560 1231
1471570 1229
1471580 1227
1471590 1227
1471600 1224
1471610 1222
1471620 1222
1471630 1220
1471640 1218
1471650 1218
1471660 1216
1471670 1214
1471680 1214
1471690 1213
1471700 1212
1471710 1212
1471720 1212
1471730 1212
1471740 1212
1471750 1212
1471760 1211
1471770 1210
1471780 1210
1471790 1207
1471800 1203
1471810 1203
1471820 1195
1471830 1187
1471840 1187
1471850 1188
1471860 1192
1471870 1192
1471880 1189
1471890 1193
1471900 1193
1471910 1195
1471920 1199
1471930 1199
1471940 1201
1471950 1202
1471960 1202
1471970 1203
1471980 1204
1471990 1204
1472000 1210
1472010 1215
1472020 1215
1472030 1221
1472040 1226
1472050 1226
1472060 1232
1472070 1238
1472080 1238
1472090 1244
1472100 1249
1472110 1249
1472120 1253
1472130 1257
1472140 1257
1472150 1260
1472160 1264
1472170 1264
1472180 1266
1472190 1267
1472200 1267
1472210 1268
1472220 1269
1472230 1270
1472240 1270
1472250 1272
1472260 1273
1472270 1273
1472280 1274
1472290 1275
1472300 1275
1472310 1276
1472320 1277
1472330 1277
1472340 1278
1472350 1279
1472360 1279
1472370 1280
1472380 1281
1472390 1281
1472400 1282
1472410 1283
1472420 1283
1472430 1283
1472440 1284
1472450 1284
1472460 1285
1472470 1286
1472480 1286
1472490 1287
1472500 1287
1472510 1287
1472520 1289
1472530 1290
1472540 1290
1472550 1290
1472560 1291
1472570 1291
1472580 1291
1472590 1292
1472600 1292
1472610 1292
1472620 1292
1472630 1292
1472640 1292
1472650 1292
1472660 1292
1472670 1293
1472680 1293
1472690 1293
1472700 1292
1472710 1291
1472720 1290
1472730 1290
1472740 1288
1472750 1287
1472760 1287
1472770 1285
1472780 1284
1472790 1284
1472800 1282
1472810 1280
1472820 1280
1472830 1277
1472840 1274
1472850 1274
1472860 1271
1472870 1268
1472880 1268
1472890 1267
1472900 1267
1472910 1267
1472920 1266
1472930 1265
1472940 1265
1472950 1264
1472960 1264
1472970 1264
1472980 1265
1472990 1264
1473000 1264
1473010 1263
1473020 1263
1473030 1263
1473040 1262
1473050 1262
1473060 1262
1473070 1262
1473080 1261
1473090 1261
1473100 1260
1473110 1259
1473120 1259
1473130 1258
1473140 1257
1473150 1257
1473160 1256
1473170 1255
1473180 1254
1473190 1254
1473200 1253
1473210 1252
1473220 1252
1473230 1250
1473240 1249
1473250 1249
1473260 1248
1473270 1248
1473280 1248
1473290 1248
1473300 1248
1473310 1248
1473320 1248
1473330 1248
1473340 1248
1473350 1248
1473360 1248
1473370 1248
1473380 1247
1473390 1247
1473400 1247
1473410 1246
1473420 1245
1473430 1245
1473440 1245
1473450 1245
1473460 1245
1473470 1245
1473480 1244
1473490 1244
1473500 1243
1473510 1243
1473520 1243
1473530 1243
1473540 1246
1473550 1246
1473560 1251
1473570 1255
1473580 1255
1473590 1257
1473600 1258
1473610 1258
1473620 1259
1473630 1260
1473640 1262
1473650 1262
1473660 1263
1473670 1266
1473680 1266
1473690 1269
1473700 1269
1473710 1269
1473720 1269
1473730 1270
1473740 1270
1473750 1273
1473760 1275
1473770 1275
1473780 1279
1473790 1283
1473800 1283
1473810 1285
1473820 1287
1473830 1287
1473840 1290
1473850 1293
1473860 1293
1473870 1295
1473880 1298
1473890 1298
1473900 1303
1473910 1304
1473920 1304
1473930 1304
1473940 1307
1473950 1307
1473960 1312
1473970 1315
1473980 1315
1473990 1317
1474000 1318
1474010 1318
1474020 1319
1474030 1322
1474040 1322
1474050 1324
1474060 1327
1474070 1327
1474080 1329
1474090 1332
1474100 1332
1474110 1336
1474120 1339
1474130 1339
1474140 1339
1474150 1341
1474160 1343
1474170 1343
1474180 1345
1474190 1349
1474200 1349
1474210 1353
1474220 1357
1474230 1357
1474240 1361
1474250 1365
1474260 1365
1474270 1367
1474280 1368
1474290 1368
1474300 1369
1474310 1370
1474320 1370
1474330 1366
1474340 1361
1474350 1361
1474360 1356
1474370 1348
1474380 1348
1474390 1344
1474400 1341
1474410 1341
1474420 1339
1474430 1337
1474440 1337
1474450 1335
1474460 1333
1474470 1333
1474480 1331
1474490 1328
1474500 1328
1474510 1325
1474520 1323
1474530 1323
1474540 1320
1474550 1317
1474560 1317
1474570 1314
1474580 1312
1474590 1308
1474600 1308
1474610 1306
1474620 1304
1474630 1304
1474640 1306
1474650 1307
1474660 1307
1474670 1306
1474680 1305
1474690 1305
1474700 1304
1474710 1303
1474720 1303
1474730 1305
1474740 1305
1474750 1305
1474760 1305
1474770 1304
1474780 1304
1474790 1303
1474800 1300
1474810 1300
1474820 1295
1474830 1293
1474840 1293
1474850 1292
1474860 1292
1474870 1292
1474880 1291
1474890 1291
1474900 1291
1474910 1291
1474920 1291
1474930 1291
1474940 1291
1474950 1289
1474960 1289
1474970 1288
1474980 1287
1474990 1287
1475000 1286
1475010 1286
1475020 1286
1475030 1285
1475040 1285
1475050 1286
1475060 1286
1475070 1285
1475080 1286
1475090 1286
1475100 1286
1475110 1286
1475120 1286
1475130 1285
1475140 1284
1475150 1284
1475160 1286
1475170 1287
1475180 1287
1475190 1290
1475200 1293
1475210 1293
1475220 1295
1475230 1295
1475240 1295
1475250 1296
1475260 1296
1475270 1296
1475280 1295
1475290 1294
1475300 1294
1475310 1293
1475320 1291
1475330 1291
1475340 1290
1475350 1287
1475360 1287
1475370 1285
1475380 1282
1475390 1282
1475400 1279
1475410 1277
1475420 1277
1475430 1275
1475440 1271
1475450 1271
1475460 1266
1475470 1262
1475480 1262
1475490 1259
1475500 1254
1475510 1254
1475520 1250
1475530 1243
1475540 1236
1475550 1236
1475560 1229
1475570 1224
1475580 1224
1475590 1217
1475600 1210
1475610 1210
1475620 1206
1475630 1204
1475640 1204
1475650 1202
1475660 1201
1475670 1201
1475680 1199
1475690 1196
1475700 1196
1475710 1192
1475720 1188
1475730 1188
1475740 1185
1475750 1179
1475760 1179
1475770 1172
1475780 1165
1475790 1165
1475800 1158
1475810 1150
1475820 1150
1475830 1143
1475840 1137
1475850 1137
1475860 1130
1475870 1122
1475880 1122
1475890 1115
1475900 1108
1475910 1108
1475920 1101
1475930 1095
1475940 1095
1475950 1089
1475960 1083
1475970 1083
1475980 1076
1475990 1069
1476000 1061
1476010 1061
1476020 1055
1476030 1049
1476040 1049
1476050 1044
1476060 1038
1476070 1038
1476080 1033
1476090 1027
1476100 1027
1476110 1022
1476120 1017
1476130 1017
1476140 1011
1476150 1006
1476160 1006
1476170 1000
1476180 995
1476190 995
1476200 990
1476210 986
1476220 986
1476230 981
1476240 976
1476250 976
1476260 971
1476270 966
1476280 966
1476290 961
1476300 957
1476310 957
1476320 953
1476330 949
1476340 949
1476350 944
1476360 937
1476370 937
1476380 934
1476390 932
1476400 932
1476410 929
1476420 926
1476430 926
1476440 923
1476450 918
1476460 912
1476470 912
1476480 905
1476490 900
1476500 900
1476510 900
1476520 903
1476530 903
1476540 908
1476550 911
1476560 911
1476570 913
1476580 917
1476590 917
1476600 921
1476610 924
1476620 924
1476630 925
1476640 924
1476650 924
1476660 927
1476670 930
1476680 930
1476690 934
1476700 938
1476710 938
1476720 941
1476730 943
1476740 943
1476750 944
1476760 945
1476770 945
1476780 947
1476790 949
1476800 949
1476810 951
1476820 953
1476830 953
1476840 958
1476850 962
1476860 962
1476870 965
1476880 968
1476890 968
1476900 972
1476910 977
1476920 981
1476930 981
1476940 985
1476950 988
1476960 988
1476970 990
1476980 992
1476990 992
1477000 994
1477010 998
1477020 998
1477030 1003
1477040 1006
1477050 1006
1477060 1010
1477070 1013
1477080 1013
1477090 1016
1477100 1019
1477110 1019
1477120 1020
1477130 1022
1477140 1022
1477150 1024
1477160 1026
1477170 1026
1477180 1029
1477190 1032
1477200 1032
1477210 1036
1477220 1039
1477230 1039
1477240 1043
1477250 1047
1477260 1047
1477270 1051
1477280 1054
1477290 1054
1477300 1057
1477310 1060
1477320 1060
1477330 1062
1477340 1063
1477350 1063
1477360 1064
1477370 1065
1477380 1065
1477390 1065
1477400 1064
1477410 1064
1477420 1064
1477430 1065
1477440 1067
1477450 1067
1477460 1069
1477470 1071
1477480 1071
1477490 1071
1477500 1074
1477510 1074
1477520 1077
1477530 1081
1477540 1081
1477550 1084
1477560 1086
1477570 1086
1477580 1088
1477590 1090
1477600 1090
1477610 1091
1477620 1093
1477630 1093
1477640 1094
1477650 1094
1477660 1094
1477670 1094
1477680 1094
1477690 1094
1477700 1092
1477710 1089
1477720 1089
1477730 1088
1477740 1079
1477750 1079
1477760 1066
1477770 1060
1477780 1060
1477790 1053
1477800 1039
1477810 1039
1477820 1026
1477830 1008
1477840 1008
1477850 997
1477860 987
1477870 978
1477880 978
1477890 970
1477900 963
1477910 963
1477920 956
1477930 949
1477940 949
1477950 944
1477960 940
1477970 940
1477980 935
1477990 930
1478000 930
1478010 923
1478020 918
1478030 918
1478040 913
1478050 910
1478060 910
1478070 906
1478080 901
1478090 901
1478100 897
1478110 894
1478120 894
1478130 891
1478140 886
1478150 886
1478160 883
1478170 879
1478180 879
1478190 875
1478200 869
1478210 869
1478220 864
1478230 856
1478240 856
1478250 845
1478260 836
1478270 836
1478280 828
1478290 821
1478300 821
1478310 811
1478320 803
1478330 796
1478340 796
1478350 787
1478360 779
1478370 779
1478380 771
1478390 764
1478400 764
1478410 758
1478420 752
1478430 752
1478440 745
1478450 740
1478460 740
1478470 738
1478480 736
1478490 736
1478500 735
1478510 733
1478520 733
1478530 732
1478540 731
1478550 731
1478560 730
1478570 730
1478580 730
1478590 729
1478600 729
1478610 729
1478620 729
1478630 729
1478640 729
1478650 729
1478660 729
1478670 729
1478680 729
1478690 730
1478700 730
1478710 730
1478720 730
1478730 730
1478740 730
1478750 731
1478760 731
1478770 731
1478780 731
1478790 731
1478800 730
1478810 728
1478820 727
1478830 727
1478840 728
1478850 728
1478860 728
1478870 728
1478880 728
1478890 728
1478900 728
1478910 728
1478920 728
1478930 729
1478940 729
1478950 729
1478960 729
1478970 729
1478980 729
1478990 729
1479000 729
1479010 729
1479020 729
1479030 729
1479040 729
1479050 729
1479060 729
1479070 729
1479080 730
1479090 730
1479100 730
1479110 731
1479120 731
1479130 731
1479140 731
1479150 733
1479160 733
1479170 734
1479180 735
1479190 735
1479200 736
1479210 738
1479220 738
1479230 743
1479240 748
1479250 748
1479260 754
1479270 761
1479280 768
1479290 768
1479300 775
1479310 783
1479320 783
1479330 791
1479340 800
1479350 800
1479360 815
1479370 830
1479380 830
1479390 838
1479400 849
1479410 849
1479420 856
1479430 864
1479440 864
1479450 872
1479460 881
1479470 881
1479480 889
1479490 899
1479500 899
1479510 912
1479520 921
1479530 921
1479540 927
1479550 931
1479560 931
1479570 933
1479580 933
1479590 933
1479600 933
1479610 931
1479620 931
1479630 930
1479640 928
1479650 928
1479660 927
1479670 926
1479680 926
1479690 926
1479700 926
1479710 926
1479720 925
1479730 925
1479740 925
1479750 925
1479760 925
1479770 925
1479780 925
1479790 925
1479800 926
1479810 926
1479820 928
1479830 930
1479840 930
1479850 931
1479860 932
1479870 932
1479880 934
1479890 935
1479900 935
1479910 937
1479920 937
1479930 937
1479940 937
1479950 937
1479960 937
1479970 937
1479980 937
1479990 937
