1460000 683
1460010 683
1460020 684
1460030 685
1460040 685
1460050 685
1460060 687
1460070 687
1460080 689
1460090 690
1460100 690
1460110 692
1460120 693
1460130 693
1460140 695
1460150 698
1460160 698
1460170 700
1460180 702
1460190 702
1460200 703
1460210 704
1460220 705
1460230 705
1460240 705
1460250 705
1460260 705
1460270 705
1460280 705
1460290 705
1460300 705
1460310 706
1460320 706
1460330 706
1460340 707
1460350 707
1460360 706
1460370 693
1460380 693
1460390 683
1460400 677
1460410 677
1460420 670
1460430 664
1460440 664
1460450 658
1460460 653
1460470 653
1460480 647
1460490 642
1460500 642
1460510 637
1460520 631
1460530 631
1460540 625
1460550 620
1460560 620
1460570 617
1460580 615
1460590 615
1460600 613
1460610 612
1460620 612
1460630 611
1460640 609
1460650 609
1460660 608
1460670 606
1460680 605
1460690 605
1460700 604
1460710 601
1460720 601
1460730 598
1460740 598
1460750 598
1460760 598
1460770 597
1460780 597
1460790 595
1460800 593
1460810 593
1460820 591
1460830 589
1460840 589
1460850 587
1460860 586
1460870 586
1460880 584
1460890 581
1460900 581
1460910 579
1460920 577
1460930 577
1460940 575
1460950 572
1460960 572
1460970 572
1460980 574
1460990 574
1461000 575
1461010 576
1461020 576
1461030 577
1461040 578
1461050 578
1461060 577
1461070 576
1461080 576
1461090 574
1461100 572
1461110 572
1461120 569
1461130 566
1461140 566
1461150 563
1461160 561
1461170 560
1461180 560
1461190 560
1461200 560
1461210 560
1461220 561
1461230 562
1461240 562
1461250 564
1461260 566
1461270 566
1461280 568
1461290 568
1461300 568
1461310 568
1461320 568
1461330 568
1461340 568
1461350 567
1461360 567
1461370 567
1461380 566
1461390 566
1461400 565
1461410 563
1461420 563
1461430 561
1461440 560
1461450 560
1461460 559
1461470 559
1461480 559
1461490 561
1461500 561
1461510 561
1461520 562
1461530 563
1461540 563
1461550 565
1461560 568
1461570 568
1461580 571
1461590 574
1461600 574
1461610 577
1461620 576
1461630 574
1461640 574
1461650 573
1461660 569
1461670 569
1461680 564
1461690 562
1461700 562
1461710 559
1461720 558
1461730 558
1461740 559
1461750 558
1461760 558
1461770 559
1461780 559
1461790 559
1461800 559
1461810 562
1461820 562
1461830 565
1461840 565
1461850 565
1461860 565
1461870 566
1461880 566
1461890 567
1461900 568
1461910 568
1461920 569
1461930 570
1461940 570
1461950 572
1461960 574
1461970 574
1461980 573
1461990 574
1462000 574
1462010 575
1462020 577
1462030 577
1462040 579
1462050 581
1462060 581
1462070 584
1462080 588
1462090 588
1462100 596
1462110 605
1462120 611
1462130 611
1462140 615
1462150 618
1462160 618
1462170 622
1462180 625
1462190 625
1462200 627
1462210 629
1462220 629
1462230 630
1462240 632
1462250 632
1462260 631
1462270 630
1462280 630
1462290 630
1462300 631
1462310 631
1462320 632
1462330 633
1462340 633
1462350 633
1462360 633
1462370 633
1462380 632
1462390 630
1462400 630
1462410 628
1462420 627
1462430 627
1462440 626
1462450 625
1462460 625
1462470 624
1462480 624
1462490 624
1462500 624
1462510 624
1462520 624
1462530 623
1462540 621
1462550 621
1462560 620
1462570 619
1462580 617
1462590 617
1462600 615
1462610 614
1462620 614
1462630 612
1462640 611
1462650 611
1462660 610
1462670 609
1462680 609
1462690 608
1462700 607
1462710 607
1462720 607
1462730 606
1462740 606
1462750 605
1462760 605
1462770 605
1462780 604
1462790 603
1462800 603
1462810 601
1462820 599
1462830 599
1462840 597
1462850 595
1462860 595
1462870 593
1462880 592
1462890 592
1462900 589
1462910 586
1462920 586
1462930 583
1462940 580
1462950 580
1462960 578
1462970 575
1462980 575
1462990 571
1463000 566
1463010 566
1463020 559
1463030 553
1463040 545
1463050 545
1463060 532
1463070 515
1463080 515
1463090 502
1463100 489
1463110 489
1463120 480
1463130 476
1463140 476
1463150 477
1463160 487
1463170 487
1463180 506
1463190 514
1463200 514
1463210 526
1463220 531
1463230 531
1463240 537
1463250 542
1463260 542
1463270 545
1463280 547
1463290 547
1463300 551
1463310 557
1463320 557
1463330 561
1463340 565
1463350 565
1463360 570
1463370 572
1463380 572
1463390 574
1463400 576
1463410 576
1463420 578
1463430 580
1463440 580
1463450 582
1463460 583
1463470 583
1463480 583
1463490 584
1463500 584
1463510 587
1463520 592
1463530 596
1463540 596
1463550 600
1463560 604
1463570 604
1463580 608
1463590 610
1463600 610
1463610 613
1463620 615
1463630 615
1463640 619
1463650 622
1463660 622
1463670 625
1463680 630
1463690 630
1463700 634
1463710 639
1463720 639
1463730 643
1463740 646
1463750 646
1463760 648
1463770 651
1463780 651
1463790 652
1463800 652
1463810 652
1463820 651
1463830 651
1463840 651
1463850 652
1463860 655
1463870 655
1463880 657
1463890 660
1463900 660
1463910 664
1463920 667
1463930 667
1463940 669
1463950 672
1463960 672
1463970 674
1463980 677
1463990 680
1464000 680
1464010 683
1464020 686
1464030 686
1464040 690
1464050 693
1464060 693
1464070 697
1464080 700
1464090 700
1464100 704
1464110 707
1464120 707
1464130 709
1464140 711
1464150 711
1464160 711
1464170 712
1464180 712
1464190 712
1464200 713
1464210 713
1464220 713
1464230 714
1464240 714
1464250 715
1464260 717
1464270 717
1464280 719
1464290 721
1464300 721
1464310 722
1464320 724
1464330 724
1464340 726
1464350 729
1464360 729
1464370 732
1464380 733
1464390 733
1464400 734
1464410 735
1464420 735
1464430 738
1464440 742
1464450 742
1464460 747
1464470 751
1464480 755
1464490 755
1464500 758
1464510 762
1464520 762
1464530 765
1464540 769
1464550 769
1464560 771
1464570 772
1464580 772
1464590 773
1464600 774
1464610 774
1464620 775
1464630 777
1464640 777
1464650 779
1464660 780
1464670 780
1464680 782
1464690 784
1464700 784
1464710 787
1464720 789
1464730 789
1464740 791
1464750 794
1464760 794
1464770 796
1464780 798
1464790 798
1464800 801
1464810 805
1464820 805
1464830 808
1464840 810
1464850 810
1464860 812
1464870 813
1464880 813
1464890 814
1464900 816
1464910 816
1464920 817
1464930 818
1464940 820
1464950 820
1464960 821
1464970 823
1464980 823
1464990 825
1465000 827
1465010 827
1465020 830
1465030 831
1465040 831
1465050 833
1465060 836
1465070 836
1465080 838
1465090 841
1465100 841
1465110 844
1465120 846
1465130 846
1465140 849
1465150 852
1465160 852
1465170 854
1465180 857
1465190 857
1465200 860
1465210 863
1465220 863
1465230 865
1465240 867
1465250 867
1465260 869
1465270 870
1465280 870
1465290 871
1465300 871
1465310 871
1465320 871
1465330 872
1465340 872
1465350 874
1465360 876
1465370 876
1465380 878
1465390 880
1465400 880
1465410 881
1465420 882
1465430 883
1465440 883
1465450 882
1465460 880
1465470 880
1465480 877
1465490 873
1465500 873
1465510 869
1465520 867
1465530 867
1465540 865
1465550 863
1465560 863
1465570 861
1465580 858
1465590 858
1465600 855
1465610 851
1465620 851
1465630 847
1465640 842
1465650 842
1465660 836
1465670 829
1465680 829
1465690 823
1465700 816
1465710 816
1465720 810
1465730 802
1465740 802
1465750 794
1465760 785
1465770 785
1465780 776
1465790 768
1465800 768
1465810 762
1465820 755
1465830 755
1465840 749
1465850 743
1465860 743
1465870 737
1465880 732
1465890 727
1465900 727
1465910 722
1465920 718
1465930 718
1465940 714
1465950 710
1465960 710
1465970 706
1465980 705
1465990 705
1466000 704
1466010 701
1466020 701
1466030 695
1466040 689
1466050 689
1466060 682
1466070 674
1466080 674
1466090 667
1466100 661
1466110 661
1466120 652
1466130 643
1466140 643
1466150 637
1466160 636
1466170 636
1466180 640
1466190 644
1466200 644
1466210 649
1466220 654
1466230 654
1466240 658
1466250 662
1466260 662
1466270 665
1466280 670
1466290 670
1466300 675
1466310 680
1466320 680
1466330 685
1466340 689
1466350 689
1466360 692
1466370 692
1466380 693
1466390 693
1466400 697
1466410 702
1466420 702
1466430 706
1466440 707
1466450 707
1466460 707
1466470 707
1466480 707
1466490 707
1466500 706
1466510 706
1466520 705
1466530 702
1466540 702
1466550 700
1466560 699
1466570 699
1466580 697
1466590 696
1466600 696
1466610 697
1466620 696
1466630 696
1466640 697
1466650 695
1466660 695
1466670 695
1466680 697
1466690 697
1466700 700
1466710 703
1466720 703
1466730 703
1466740 703
1466750 703
1466760 701
1466770 699
1466780 699
1466790 697
1466800 695
1466810 695
1466820 694
1466830 694
1466840 693
1466850 693
1466860 693
1466870 692
1466880 692
1466890 692
1466900 696
1466910 696
1466920 701
1466930 703
1466940 703
1466950 701
1466960 698
1466970 698
1466980 698
1466990 699
1467000 699
1467010 699
1467020 700
1467030 700
1467040 702
1467050 702
1467060 702
1467070 702
1467080 701
1467090 701
1467100 698
1467110 696
1467120 696
1467130 696
1467140 695
1467150 695
1467160 693
1467170 693
1467180 693
1467190 692
1467200 691
1467210 691
1467220 689
1467230 687
1467240 687
1467250 685
1467260 684
1467270 684
1467280 680
1467290 677
1467300 677
1467310 677
1467320 676
1467330 668
1467340 668
1467350 662
1467360 655
1467370 655
1467380 649
1467390 642
1467400 642
1467410 634
1467420 626
1467430 626
1467440 617
1467450 615
1467460 615
1467470 615
1467480 615
1467490 615
1467500 615
1467510 617
1467520 617
1467530 620
1467540 624
1467550 624
1467560 628
1467570 632
1467580 632
1467590 632
1467600 634
1467610 634
1467620 639
1467630 641
1467640 641
1467650 640
1467660 640
1467670 640
1467680 640
1467690 639
1467700 639
1467710 643
1467720 652
1467730 652
1467740 653
1467750 657
1467760 657
1467770 662
1467780 666
1467790 669
1467800 669
1467810 671
1467820 673
1467830 673
1467840 675
1467850 678
1467860 678
1467870 680
1467880 681
1467890 681
1467900 682
1467910 682
1467920 682
1467930 683
1467940 685
1467950 685
1467960 686
1467970 686
1467980 686
1467990 686
1468000 686
1468010 686
1468020 687
1468030 687
1468040 687
1468050 688
1468060 688
1468070 688
1468080 688
1468090 688
1468100 688
1468110 688
1468120 688
1468130 688
1468140 689
1468150 689
1468160 689
1468170 689
1468180 689
1468190 689
1468200 689
1468210 688
1468220 688
1468230 688
1468240 688
1468250 688
1468260 688
1468270 688
1468280 687
1468290 687
1468300 684
1468310 682
1468320 682
1468330 685
1468340 689
1468350 689
1468360 691
1468370 691
1468380 691
1468390 692
1468400 692
1468410 692
1468420 692
1468430 693
1468440 693
1468450 693
1468460 693
1468470 693
1468480 693
1468490 694
1468500 694
1468510 695
1468520 696
1468530 696
1468540 697
1468550 698
1468560 698
1468570 699
1468580 701
1468590 701
1468600 704
1468610 706
1468620 706
1468630 707
1468640 708
1468650 708
1468660 710
1468670 711
1468680 711
1468690 712
1468700 714
1468710 714
1468720 717
1468730 719
1468740 721
1468750 721
1468760 723
1468770 726
1468780 726
1468790 727
1468800 729
1468810 729
1468820 730
1468830 732
1468840 732
1468850 735
1468860 737
1468870 737
1468880 740
1468890 743
1468900 743
1468910 745
1468920 748
1468930 748
1468940 750
1468950 753
1468960 753
1468970 757
1468980 761
1468990 761
1469000 764
1469010 767
1469020 767
1469030 770
1469040 773
1469050 773
1469060 776
1469070 778
1469080 778
1469090 780
1469100 783
1469110 783
1469120 785
1469130 787
1469140 787
1469150 789
1469160 792
1469170 792
1469180 794
1469190 797
1469200 797
1469210 800
1469220 803
1469230 806
1469240 806
1469250 809
1469260 813
1469270 813
1469280 817
1469290 821
1469300 821
1469310 824
1469320 827
1469330 827
1469340 832
1469350 838
1469360 838
1469370 842
1469380 845
1469390 845
1469400 848
1469410 851
1469420 851
1469430 854
1469440 857
1469450 857
1469460 861
1469470 865
1469480 865
1469490 870
1469500 874
1469510 874
1469520 879
1469530 883
1469540 883
1469550 886
1469560 888
1469570 888
1469580 892
1469590 896
1469600 896
1469610 899
1469620 904
1469630 904
1469640 910
1469650 913
1469660 913
1469670 915
1469680 916
1469690 917
1469700 917
1469710 918
1469720 919
1469730 919
1469740 920
1469750 922
1469760 922
1469770 923
1469780 925
1469790 925
1469800 926
1469810 927
1469820 927
1469830 928
1469840 929
1469850 929
1469860 930
1469870 931
1469880 931
1469890 932
1469900 933
1469910 933
1469920 934
1469930 935
1469940 935
1469950 937
1469960 939
1469970 939
1469980 940
1469990 942
1470000 942
1470010 944
1470020 945
1470030 945
1470040 946
1470050 948
1470060 948
1470070 951
1470080 953
1470090 953
1470100 954
1470110 956
1470120 956
1470130 958
1470140 962
1470150 962
1470160 964
1470170 967
1470180 970
1470190 970
1470200 973
1470210 976
1470220 976
1470230 981
1470240 985
1470250 985
1470260 988
1470270 990
1470280 990
1470290 992
1470300 993
1470310 993
1470320 992
1470330 995
1470340 995
1470350 999
1470360 1004
1470370 1004
1470380 1008
1470390 1012
1470400 1012
1470410 1016
1470420 1019
1470430 1019
1470440 1023
1470450 1027
1470460 1027
1470470 1031
1470480 1036
1470490 1036
1470500 1039
1470510 1044
1470520 1044
1470530 1048
1470540 1052
1470550 1052
1470560 1055
1470570 1059
1470580 1059
1470590 1065
1470600 1071
1470610 1071
1470620 1078
1470630 1084
1470640 1085
1470650 1085
1470660 1088
1470670 1096
1470680 1096
1470690 1100
1470700 1105
1470710 1105
1470720 1110
1470730 1115
1470740 1115
1470750 1120
1470760 1125
1470770 1125
1470780 1129
1470790 1134
1470800 1134
1470810 1138
1470820 1143
1470830 1143
1470840 1148
1470850 1152
1470860 1152
1470870 1156
1470880 1161
1470890 1161
1470900 1168
1470910 1174
1470920 1174
1470930 1180
1470940 1186
1470950 1186
1470960 1192
1470970 1195
1470980 1195
1470990 1198
1471000 1202
1471010 1202
1471020 1206
1471030 1209
1471040 1209
1471050 1214
1471060 1220
1471070 1220
1471080 1225
1471090 1230
1471100 1230
1471110 1235
1471120 1240
1471130 1245
1471140 1245
1471150 1250
1471160 1256
1471170 1256
1471180 1262
1471190 1267
1471200 1267
1471210 1272
1471220 1278
1471230 1278
1471240 1283
1471250 1287
1471260 1287
1471270 1297
1471280 1309
1471290 1309
1471300 1314
1471310 1319
1471320 1319
1471330 1324
1471340 1329
1471350 1329
1471360 1333
1471370 1338
1471380 1338
1471390 1343
1471400 1347
1471410 1347
1471420 1352
1471430 1356
1471440 1356
1471450 1361
1471460 1365
1471470 1365
1471480 1370
1471490 1374
1471500 1374
1471510 1378
1471520 1383
1471530 1383
1471540 1387
1471550 1391
1471560 1391
1471570 1395
1471580 1399
1471590 1402
1471600 1402
1471610 1406
1471620 1410
1471630 1410
1471640 1414
1471650 1417
1471660 1417
1471670 1420
1471680 1423
1471690 1423
1471700 1426
1471710 1426
1471720 1426
1471730 1425
1471740 1423
1471750 1423
1471760 1421
1471770 1418
1471780 1418
1471790 1414
1471800 1410
1471810 1410
1471820 1404
1471830 1395
1471840 1395
1471850 1385
1471860 1382
1471870 1382
1471880 1378
1471890 1376
1471900 1376
1471910 1362
1471920 1341
1471930 1341
1471940 1335
1471950 1330
1471960 1330
1471970 1329
1471980 1329
1471990 1329
1472000 1325
1472010 1324
1472020 1324
1472030 1323
1472040 1323
1472050 1323
1472060 1322
1472070 1323
1472080 1323
1472090 1323
1472100 1321
1472110 1320
1472120 1320
1472130 1320
1472140 1320
1472150 1320
1472160 1320
1472170 1321
1472180 1321
1472190 1321
1472200 1320
1472210 1320
1472220 1321
1472230 1320
1472240 1320
1472250 1321
1472260 1323
1472270 1323
1472280 1324
1472290 1327
1472300 1327
1472310 1327
1472320 1330
1472330 1330
1472340 1333
1472350 1336
1472360 1336
1472370 1339
1472380 1340
1472390 1340
1472400 1343
1472410 1343
1472420 1343
1472430 1343
1472440 1340
1472450 1340
1472460 1340
1472470 1337
1472480 1337
1472490 1344
1472500 1363
1472510 1363
1472520 1376
1472530 1385
1472540 1396
1472550 1396
1472560 1402
1472570 1408
1472580 1408
1472590 1414
1472600 1417
1472610 1417
1472620 1421
1472630 1426
1472640 1426
1472650 1433
1472660 1438
1472670 1438
1472680 1441
1472690 1447
1472700 1447
1472710 1454
1472720 1459
1472730 1459
1472740 1466
1472750 1474
1472760 1474
1472770 1482
1472780 1487
1472790 1487
1472800 1494
1472810 1500
1472820 1500
1472830 1506
1472840 1513
1472850 1513
1472860 1518
1472870 1525
1472880 1525
1472890 1531
1472900 1533
1472910 1533
1472920 1534
1472930 1535
1472940 1535
1472950 1535
1472960 1534
1472970 1534
1472980 1535
1472990 1535
1473000 1535
1473010 1535
1473020 1534
1473030 1534
1473040 1534
1473050 1533
1473060 1532
1473070 1532
1473080 1532
1473090 1532
1473100 1532
1473110 1532
1473120 1533
1473130 1533
1473140 1533
1473150 1533
1473160 1533
1473170 1534
1473180 1534
1473190 1534
1473200 1535
1473210 1531
1473220 1531
1473230 1521
1473240 1508
1473250 1508
1473260 1495
1473270 1484
1473280 1484
1473290 1474
1473300 1462
1473310 1462
1473320 1449
1473330 1441
1473340 1441
1473350 1433
1473360 1428
1473370 1428
1473380 1424
1473390 1416
1473400 1416
1473410 1406
1473420 1397
1473430 1397
1473440 1383
1473450 1374
1473460 1374
1473470 1365
1473480 1358
1473490 1350
1473500 1350
1473510 1336
1473520 1328
1473530 1328
1473540 1315
1473550 1300
1473560 1300
1473570 1291
1473580 1281
1473590 1281
1473600 1274
1473610 1268
1473620 1268
1473630 1262
1473640 1255
1473650 1255
1473660 1248
1473670 1240
1473680 1240
1473690 1232
1473700 1225
1473710 1225
1473720 1221
1473730 1214
1473740 1214
1473750 1204
1473760 1194
1473770 1194
1473780 1182
1473790 1174
1473800 1174
1473810 1165
1473820 1154
1473830 1154
1473840 1144
1473850 1131
1473860 1131
1473870 1123
1473880 1118
1473890 1118
1473900 1113
1473910 1107
1473920 1107
1473930 1103
1473940 1099
1473950 1099
1473960 1092
1473970 1086
1473980 1082
1473990 1082
1474000 1077
1474010 1072
1474020 1072
1474030 1067
1474040 1064
1474050 1064
1474060 1061
1474070 1059
1474080 1059
1474090 1055
1474100 1049
1474110 1049
1474120 1049
1474130 1045
1474140 1045
1474150 1045
1474160 1044
1474170 1044
1474180 1040
1474190 1042
1474200 1042
1474210 1044
1474220 1044
1474230 1044
1474240 1043
1474250 1041
1474260 1041
1474270 1039
1474280 1043
1474290 1043
1474300 1048
1474310 1052
1474320 1052
1474330 1055
1474340 1055
1474350 1055
1474360 1061
1474370 1061
1474380 1061
1474390 1066
1474400 1081
1474410 1081
1474420 1093
1474430 1094
1474440 1095
1474450 1095
1474460 1094
1474470 1095
1474480 1095
1474490 1098
1474500 1107
1474510 1107
1474520 1111
1474530 1114
1474540 1114
1474550 1120
1474560 1127
1474570 1127
1474580 1128
1474590 1132
1474600 1132
1474610 1145
1474620 1152
1474630 1152
1474640 1156
1474650 1156
1474660 1156
1474670 1157
1474680 1160
1474690 1160
1474700 1160
1474710 1159
1474720 1159
1474730 1158
1474740 1157
1474750 1157
1474760 1153
1474770 1157
1474780 1157
1474790 1158
1474800 1159
1474810 1159
1474820 1162
1474830 1168
1474840 1168
1474850 1175
1474860 1181
1474870 1181
1474880 1183
1474890 1185
1474900 1185
1474910 1183
1474920 1178
1474930 1172
1474940 1172
1474950 1165
1474960 1158
1474970 1158
1474980 1152
1474990 1145
1475000 1145
1475010 1138
1475020 1130
1475030 1130
1475040 1121
1475050 1112
1475060 1112
1475070 1104
1475080 1096
1475090 1096
1475100 1089
1475110 1082
1475120 1082
1475130 1074
1475140 1067
1475150 1067
1475160 1059
1475170 1052
1475180 1052
1475190 1044
1475200 1036
1475210 1036
1475220 1030
1475230 1024
1475240 1024
1475250 1018
1475260 1012
1475270 1012
1475280 1007
1475290 1001
1475300 1001
1475310 996
1475320 991
1475330 991
1475340 986
1475350 981
1475360 981
1475370 975
1475380 971
1475390 966
1475400 966
1475410 962
1475420 958
1475430 958
1475440 954
1475450 950
1475460 950
1475470 946
1475480 941
1475490 941
1475500 939
1475510 936
1475520 936
1475530 933
1475540 927
1475550 927
1475560 919
1475570 914
1475580 914
1475590 912
1475600 914
1475610 914
1475620 919
1475630 926
1475640 926
1475650 931
1475660 931
1475670 931
1475680 931
1475690 930
1475700 930
1475710 930
1475720 930
1475730 930
1475740 930
1475750 930
1475760 930
1475770 931
1475780 932
1475790 932
1475800 933
1475810 933
1475820 933
1475830 932
1475840 933
1475850 933
1475860 935
1475870 938
1475880 942
1475890 942
1475900 946
1475910 948
1475920 948
1475930 951
1475940 954
1475950 954
1475960 957
1475970 960
1475980 960
1475990 964
1476000 967
1476010 967
1476020 971
1476030 975
1476040 975
1476050 979
1476060 983
1476070 983
1476080 985
1476090 988
1476100 988
1476110 989
1476120 988
1476130 988
1476140 988
1476150 988
1476160 988
1476170 988
1476180 988
1476190 988
1476200 989
1476210 988
1476220 988
1476230 988
1476240 988
1476250 988
1476260 988
1476270 988
1476280 988
1476290 988
1476300 987
1476310 987
1476320 987
1476330 987
1476340 986
1476350 986
1476360 986
1476370 985
1476380 985
1476390 983
1476400 981
1476410 981
1476420 979
1476430 977
1476440 977
1476450 975
1476460 973
1476470 973
1476480 971
1476490 969
1476500 969
1476510 967
1476520 964
1476530 964
1476540 963
1476550 962
1476560 962
1476570 961
1476580 958
1476590 958
1476600 956
1476610 954
1476620 954
1476630 953
1476640 952
1476650 952
1476660 951
1476670 950
1476680 950
1476690 950
1476700 949
1476710 949
1476720 949
1476730 949
1476740 949
1476750 950
1476760 951
1476770 951
1476780 950
1476790 947
1476800 947
1476810 946
1476820 943
1476830 941
1476840 941
1476850 939
1476860 937
1476870 937
1476880 934
1476890 931
1476900 931
1476910 928
1476920 923
1476930 923
1476940 918
1476950 915
1476960 915
1476970 910
1476980 907
1476990 907
1477000 901
1477010 896
1477020 896
1477030 888
1477040 882
1477050 882
1477060 876
1477070 868
1477080 868
1477090 860
1477100 852
1477110 852
1477120 844
1477130 837
1477140 837
1477150 832
1477160 827
1477170 827
1477180 818
1477190 808
1477200 808
1477210 801
1477220 795
1477230 795
1477240 787
1477250 780
1477260 780
1477270 775
1477280 770
1477290 766
1477300 766
1477310 761
1477320 753
1477330 753
1477340 745
1477350 736
1477360 736
1477370 730
1477380 725
1477390 725
1477400 725
1477410 725
1477420 725
1477430 725
1477440 725
1477450 725
1477460 725
1477470 725
1477480 725
1477490 725
1477500 724
1477510 724
1477520 724
1477530 723
1477540 723
1477550 724
1477560 724
1477570 724
1477580 725
1477590 723
1477600 723
1477610 722
1477620 721
1477630 721
1477640 721
1477650 721
1477660 721
1477670 720
1477680 720
1477690 720
1477700 719
1477710 719
1477720 719
1477730 718
1477740 717
1477750 717
1477760 717
1477770 717
1477780 717
1477790 717
1477800 717
1477810 717
1477820 717
1477830 717
1477840 717
1477850 717
1477860 717
1477870 717
1477880 717
1477890 717
1477900 717
1477910 717
1477920 717
1477930 718
1477940 718
1477950 718
1477960 716
1477970 716
1477980 714
1477990 714
1478000 714
1478010 714
1478020 714
1478030 714
1478040 715
1478050 716
1478060 716
1478070 716
1478080 717
1478090 717
1478100 717
1478110 717
1478120 717
1478130 717
1478140 717
1478150 717
1478160 717
1478170 718
1478180 718
1478190 719
1478200 724
1478210 724
1478220 733
1478230 743
1478240 751
1478250 751
1478260 760
1478270 770
1478280 770
1478290 781
1478300 792
1478310 792
1478320 805
1478330 814
1478340 814
1478350 816
1478360 820
1478370 820
1478380 825
1478390 829
1478400 829
1478410 834
1478420 838
1478430 838
1478440 843
1478450 847
1478460 847
1478470 852
1478480 857
1478490 857
1478500 858
1478510 858
1478520 858
1478530 858
1478540 857
1478550 857
1478560 858
1478570 861
1478580 861
1478590 865
1478600 869
1478610 869
1478620 874
1478630 878
1478640 878
1478650 881
1478660 882
1478670 882
1478680 881
1478690 881
1478700 881
1478710 880
1478720 876
1478730 871
1478740 871
1478750 866
1478760 860
1478770 860
1478780 854
1478790 848
1478800 848
1478810 842
1478820 835
1478830 835
1478840 829
1478850 826
1478860 826
1478870 823
1478880 818
1478890 818
1478900 814
1478910 809
1478920 809
1478930 805
1478940 801
1478950 801
1478960 797
1478970 798
1478980 798
1478990 806
1479000 812
1479010 812
1479020 818
1479030 824
1479040 824
1479050 830
1479060 836
1479070 836
1479080 841
1479090 846
1479100 846
1479110 852
1479120 856
1479130 856
1479140 861
1479150 865
1479160 865
1479170 870
1479180 874
1479190 879
1479200 879
1479210 883
1479220 887
1479230 887
1479240 890
1479250 893
1479260 893
1479270 898
1479280 903
1479290 903
1479300 908
1479310 912
1479320 912
1479330 916
1479340 920
1479350 920
1479360 924
1479370 928
1479380 928
1479390 932
1479400 936
1479410 936
1479420 939
1479430 942
1479440 942
1479450 945
1479460 947
1479470 947
1479480 949
1479490 950
1479500 950
1479510 951
1479520 952
1479530 952
1479540 953
1479550 954
1479560 954
1479570 955
1479580 954
1479590 954
1479600 952
1479610 952
1479620 952
1479630 956
1479640 960
1479650 960
1479660 962
1479670 967
1479680 971
1479690 971
1479700 974
1479710 978
1479720 978
1479730 983
1479740 988
1479750 988
1479760 993
1479770 999
1479780 999
1479790 1004
1479800 1009
1479810 1009
1479820 1013
1479830 1016
1479840 1016
1479850 1018
1479860 1021
1479870 1021
1479880 1025
1479890 1027
1479900 1027
1479910 1030
1479920 1034
1479930 1034
1479940 1039
1479950 1043
1479960 1043
1479970 1049
1479980 1054
1479990 1054
