1460000 717
1460010 717
1460020 717
1460030 717
1460040 717
1460050 717
1460060 717
1460070 717
1460080 717
1460090 717
1460100 717
1460110 718
1460120 719
1460130 719
1460140 720
1460150 723
1460160 723
1460170 726
1460180 731
1460190 731
1460200 734
1460210 738
1460220 738
1460230 740
1460240 742
1460250 742
1460260 745
1460270 747
1460280 747
1460290 749
1460300 752
1460310 755
1460320 755
1460330 758
1460340 760
1460350 760
1460360 762
1460370 765
1460380 765
1460390 768
1460400 771
1460410 771
1460420 773
1460430 774
1460440 774
1460450 775
1460460 777
1460470 777
1460480 777
1460490 773
1460500 773
1460510 770
1460520 767
1460530 767
1460540 762
1460550 755
1460560 755
1460570 749
1460580 744
1460590 744
1460600 742
1460610 742
1460620 742
1460630 743
1460640 740
1460650 740
1460660 714
1460670 691
1460680 691
1460690 684
1460700 677
1460710 677
1460720 671
1460730 665
1460740 665
1460750 659
1460760 653
1460770 647
1460780 647
1460790 641
1460800 635
1460810 635
1460820 630
1460830 625
1460840 625
1460850 621
1460860 617
1460870 617
1460880 615
1460890 613
1460900 613
1460910 610
1460920 608
1460930 608
1460940 606
1460950 604
1460960 604
1460970 602
1460980 600
1460990 600
1461000 598
1461010 596
1461020 596
1461030 594
1461040 592
1461050 592
1461060 590
1461070 587
1461080 587
1461090 584
1461100 580
1461110 580
1461120 578
1461130 575
1461140 575
1461150 573
1461160 571
1461170 571
1461180 569
1461190 567
1461200 567
1461210 565
1461220 562
1461230 562
1461240 560
1461250 558
1461260 556
1461270 556
1461280 554
1461290 553
1461300 553
1461310 551
1461320 549
1461330 549
1461340 548
1461350 548
1461360 548
1461370 548
1461380 547
1461390 547
1461400 547
1461410 547
1461420 547
1461430 547
1461440 547
1461450 547
1461460 546
1461470 546
1461480 546
1461490 546
1461500 546
1461510 546
1461520 545
1461530 545
1461540 545
1461550 545
1461560 545
1461570 545
1461580 545
1461590 545
1461600 545
1461610 545
1461620 545
1461630 545
1461640 545
1461650 545
1461660 545
1461670 545
1461680 545
1461690 545
1461700 545
1461710 546
1461720 546
1461730 546
1461740 546
1461750 546
1461760 546
1461770 546
1461780 546
1461790 546
1461800 546
1461810 545
1461820 545
1461830 546
1461840 546
1461850 546
1461860 545
1461870 545
1461880 545
1461890 545
1461900 545
1461910 545
1461920 546
1461930 546
1461940 546
1461950 546
1461960 546
1461970 546
1461980 546
1461990 546
1462000 546
1462010 546
1462020 546
1462030 546
1462040 546
1462050 546
1462060 546
1462070 546
1462080 546
1462090 546
1462100 547
1462110 547
1462120 547
1462130 547
1462140 547
1462150 547
1462160 547
1462170 548
1462180 548
1462190 548
1462200 548
1462210 548
1462220 548
1462230 548
1462240 549
1462250 549
1462260 550
1462270 550
1462280 550
1462290 551
1462300 552
1462310 552
1462320 553
1462330 554
1462340 554
1462350 555
1462360 556
1462370 556
1462380 558
1462390 559
1462400 559
1462410 561
1462420 562
1462430 562
1462440 565
1462450 568
1462460 568
1462470 570
1462480 573
1462490 573
1462500 574
1462510 575
1462520 575
1462530 576
1462540 576
1462550 576
1462560 577
1462570 577
1462580 577
1462590 575
1462600 574
1462610 574
1462620 572
1462630 567
1462640 567
1462650 563
1462660 559
1462670 554
1462680 554
1462690 548
1462700 542
1462710 542
1462720 540
1462730 537
1462740 537
1462750 533
1462760 530
1462770 530
1462780 525
1462790 518
1462800 518
1462810 508
1462820 500
1462830 500
1462840 492
1462850 488
1462860 488
1462870 486
1462880 482
1462890 482
1462900 478
1462910 476
1462920 476
1462930 475
1462940 474
1462950 474
1462960 473
1462970 473
1462980 473
1462990 473
1463000 475
1463010 475
1463020 478
1463030 478
1463040 478
1463050 476
1463060 481
1463070 481
1463080 484
1463090 485
1463100 485
1463110 489
1463120 494
1463130 505
1463140 505
1463150 518
1463160 527
1463170 527
1463180 536
1463190 544
1463200 544
1463210 550
1463220 554
1463230 554
1463240 556
1463250 559
1463260 559
1463270 563
1463280 569
1463290 569
1463300 573
1463310 577
1463320 577
1463330 581
1463340 583
1463350 583
1463360 583
1463370 584
1463380 584
1463390 584
1463400 585
1463410 585
1463420 586
1463430 587
1463440 587
1463450 589
1463460 591
1463470 591
1463480 592
1463490 595
1463500 595
1463510 597
1463520 598
1463530 598
1463540 600
1463550 602
1463560 602
1463570 604
1463580 607
1463590 607
1463600 610
1463610 613
1463620 616
1463630 616
1463640 619
1463650 623
1463660 623
1463670 627
1463680 631
1463690 631
1463700 635
1463710 638
1463720 638
1463730 642
1463740 644
1463750 644
1463760 645
1463770 645
1463780 645
1463790 646
1463800 646
1463810 646
1463820 646
1463830 646
1463840 646
1463850 646
1463860 648
1463870 648
1463880 649
1463890 652
1463900 652
1463910 655
1463920 657
1463930 657
1463940 660
1463950 663
1463960 663
1463970 667
1463980 671
1463990 671
1464000 674
1464010 677
1464020 677
1464030 681
1464040 684
1464050 684
1464060 687
1464070 690
1464080 691
1464090 691
1464100 692
1464110 693
1464120 693
1464130 693
1464140 693
1464150 693
1464160 689
1464170 690
1464180 690
1464190 693
1464200 695
1464210 695
1464220 696
1464230 696
1464240 696
1464250 697
1464260 696
1464270 696
1464280 698
1464290 701
1464300 701
1464310 704
1464320 708
1464330 708
1464340 709
1464350 714
1464360 714
1464370 717
1464380 721
1464390 721
1464400 725
1464410 729
1464420 729
1464430 733
1464440 737
1464450 737
1464460 740
1464470 745
1464480 745
1464490 747
1464500 749
1464510 749
1464520 752
1464530 754
1464540 754
1464550 757
1464560 758
1464570 761
1464580 761
1464590 765
1464600 767
1464610 767
1464620 769
1464630 771
1464640 771
1464650 773
1464660 775
1464670 775
1464680 777
1464690 780
1464700 780
1464710 783
1464720 786
1464730 786
1464740 789
1464750 792
1464760 792
1464770 795
1464780 799
1464790 799
1464800 801
1464810 804
1464820 804
1464830 805
1464840 805
1464850 805
1464860 803
1464870 801
1464880 801
1464890 802
1464900 802
1464910 802
1464920 802
1464930 804
1464940 804
1464950 806
1464960 809
1464970 809
1464980 812
1464990 815
1465000 815
1465010 818
1465020 820
1465030 821
1465040 821
1465050 823
1465060 825
1465070 825
1465080 825
1465090 825
1465100 825
1465110 827
1465120 831
1465130 831
1465140 835
1465150 837
1465160 837
1465170 840
1465180 842
1465190 842
1465200 844
1465210 846
1465220 846
1465230 848
1465240 850
1465250 850
1465260 852
1465270 854
1465280 854
1465290 856
1465300 859
1465310 859
1465320 862
1465330 864
1465340 864
1465350 866
1465360 869
1465370 869
1465380 872
1465390 874
1465400 874
1465410 876
1465420 879
1465430 879
1465440 881
1465450 884
1465460 884
1465470 886
1465480 889
1465490 892
1465500 892
1465510 895
1465520 897
1465530 897
1465540 899
1465550 902
1465560 902
1465570 904
1465580 906
1465590 906
1465600 907
1465610 907
1465620 907
1465630 904
1465640 900
1465650 900
1465660 895
1465670 889
1465680 889
1465690 881
1465700 873
1465710 873
1465720 867
1465730 861
1465740 861
1465750 856
1465760 850
1465770 850
1465780 845
1465790 840
1465800 840
1465810 836
1465820 832
1465830 832
1465840 828
1465850 823
1465860 823
1465870 818
1465880 815
1465890 815
1465900 811
1465910 807
1465920 807
1465930 802
1465940 798
1465950 798
1465960 795
1465970 794
1465980 791
1465990 791
1466000 788
1466010 785
1466020 785
1466030 783
1466040 781
1466050 781
1466060 779
1466070 778
1466080 778
1466090 775
1466100 774
1466110 774
1466120 774
1466130 774
1466140 774
1466150 772
1466160 767
1466170 767
1466180 759
1466190 751
1466200 751
1466210 741
1466220 730
1466230 730
1466240 727
1466250 733
1466260 733
1466270 740
1466280 748
1466290 748
1466300 755
1466310 760
1466320 760
1466330 764
1466340 772
1466350 772
1466360 779
1466370 784
1466380 784
1466390 789
1466400 794
1466410 794
1466420 799
1466430 803
1466440 807
1466450 807
1466460 810
1466470 813
1466480 813
1466490 816
1466500 818
1466510 818
1466520 820
1466530 822
1466540 822
1466550 824
1466560 826
1466570 826
1466580 828
1466590 829
1466600 829
1466610 830
1466620 831
1466630 831
1466640 831
1466650 828
1466660 828
1466670 824
1466680 822
1466690 822
1466700 822
1466710 823
1466720 823
1466730 825
1466740 827
1466750 827
1466760 829
1466770 828
1466780 828
1466790 826
1466800 824
1466810 824
1466820 823
1466830 822
1466840 822
1466850 820
1466860 819
1466870 819
1466880 817
1466890 815
1466900 815
1466910 814
1466920 812
1466930 811
1466940 811
1466950 810
1466960 809
1466970 809
1466980 809
1466990 808
1467000 808
1467010 807
1467020 807
1467030 807
1467040 805
1467050 803
1467060 803
1467070 801
1467080 799
1467090 799
1467100 797
1467110 795
1467120 795
1467130 793
1467140 791
1467150 791
1467160 788
1467170 785
1467180 785
1467190 781
1467200 778
1467210 778
1467220 776
1467230 771
1467240 771
1467250 767
1467260 762
1467270 762
1467280 758
1467290 753
1467300 753
1467310 749
1467320 745
1467330 745
1467340 741
1467350 737
1467360 737
1467370 733
1467380 729
1467390 724
1467400 724
1467410 722
1467420 719
1467430 719
1467440 716
1467450 714
1467460 714
1467470 712
1467480 710
1467490 710
1467500 709
1467510 707
1467520 707
1467530 705
1467540 703
1467550 703
1467560 701
1467570 699
1467580 699
1467590 695
1467600 689
1467610 689
1467620 681
1467630 673
1467640 673
1467650 667
1467660 663
1467670 663
1467680 659
1467690 654
1467700 654
1467710 648
1467720 641
1467730 641
1467740 635
1467750 632
1467760 632
1467770 629
1467780 627
1467790 627
1467800 626
1467810 627
1467820 627
1467830 627
1467840 626
1467850 624
1467860 624
1467870 623
1467880 626
1467890 626
1467900 630
1467910 635
1467920 635
1467930 638
1467940 647
1467950 647
1467960 653
1467970 657
1467980 657
1467990 659
1468000 660
1468010 660
1468020 661
1468030 663
1468040 663
1468050 664
1468060 665
1468070 665
1468080 667
1468090 668
1468100 668
1468110 670
1468120 673
1468130 673
1468140 678
1468150 682
1468160 682
1468170 686
1468180 691
1468190 691
1468200 694
1468210 696
1468220 696
1468230 696
1468240 696
1468250 696
1468260 696
1468270 696
1468280 696
1468290 696
1468300 697
1468310 697
1468320 697
1468330 698
1468340 698
1468350 698
1468360 699
1468370 699
1468380 699
1468390 700
1468400 700
1468410 700
1468420 701
1468430 702
1468440 702
1468450 703
1468460 703
1468470 703
1468480 705
1468490 706
1468500 706
1468510 708
1468520 709
1468530 709
1468540 710
1468550 712
1468560 712
1468570 713
1468580 714
1468590 714
1468600 715
1468610 717
1468620 717
1468630 718
1468640 719
1468650 719
1468660 720
1468670 721
1468680 721
1468690 723
1468700 725
1468710 725
1468720 726
1468730 729
1468740 729
1468750 731
1468760 733
1468770 733
1468780 735
1468790 736
1468800 738
1468810 738
1468820 739
1468830 741
1468840 741
1468850 743
1468860 744
1468870 744
1468880 746
1468890 747
1468900 747
1468910 749
1468920 750
1468930 750
1468940 752
1468950 753
1468960 753
1468970 755
1468980 757
1468990 757
1469000 760
1469010 763
1469020 763
1469030 766
1469040 768
1469050 768
1469060 770
1469070 772
1469080 772
1469090 774
1469100 777
1469110 777
1469120 780
1469130 783
1469140 783
1469150 786
1469160 789
1469170 789
1469180 791
1469190 794
1469200 794
1469210 798
1469220 802
1469230 802
1469240 806
1469250 809
1469260 809
1469270 812
1469280 816
1469290 820
1469300 820
1469310 828
1469320 835
1469330 835
1469340 838
1469350 839
1469360 839
1469370 840
1469380 842
1469390 842
1469400 843
1469410 845
1469420 845
1469430 847
1469440 849
1469450 849
1469460 850
1469470 852
1469480 852
1469490 854
1469500 856
1469510 856
1469520 857
1469530 860
1469540 860
1469550 862
1469560 864
1469570 864
1469580 865
1469590 866
1469600 866
1469610 867
1469620 868
1469630 868
1469640 868
1469650 868
1469660 868
1469670 869
1469680 869
1469690 869
1469700 870
1469710 871
1469720 871
1469730 874
1469740 878
1469750 880
1469760 880
1469770 882
1469780 885
1469790 885
1469800 887
1469810 889
1469820 889
1469830 891
1469840 893
1469850 893
1469860 894
1469870 895
1469880 895
1469890 898
1469900 900
1469910 900
1469920 903
1469930 905
1469940 905
1469950 908
1469960 911
1469970 911
1469980 914
1469990 918
1470000 918
1470010 922
1470020 926
1470030 926
1470040 930
1470050 934
1470060 934
1470070 938
1470080 942
1470090 942
1470100 946
1470110 949
1470120 949
1470130 953
1470140 956
1470150 956
1470160 959
1470170 961
1470180 961
1470190 964
1470200 967
1470210 967
1470220 970
1470230 974
1470240 978
1470250 978
1470260 983
1470270 987
1470280 987
1470290 991
1470300 996
1470310 996
1470320 1001
1470330 1006
1470340 1006
1470350 1010
1470360 1014
1470370 1014
1470380 1018
1470390 1022
1470400 1022
1470410 1026
1470420 1029
1470430 1029
1470440 1031
1470450 1034
1470460 1034
1470470 1036
1470480 1039
1470490 1039
1470500 1040
1470510 1042
1470520 1042
1470530 1043
1470540 1044
1470550 1044
1470560 1044
1470570 1046
1470580 1046
1470590 1049
1470600 1052
1470610 1052
1470620 1056
1470630 1061
1470640 1061
1470650 1066
1470660 1070
1470670 1070
1470680 1075
1470690 1080
1470700 1085
1470710 1085
1470720 1090
1470730 1095
1470740 1095
1470750 1101
1470760 1106
1470770 1106
1470780 1112
1470790 1119
1470800 1119
1470810 1124
1470820 1130
1470830 1130
1470840 1137
1470850 1143
1470860 1143
1470870 1150
1470880 1155
1470890 1155
1470900 1158
1470910 1162
1470920 1162
1470930 1169
1470940 1175
1470950 1175
1470960 1182
1470970 1189
1470980 1189
1470990 1195
1471000 1202
1471010 1202
1471020 1208
1471030 1214
1471040 1214
1471050 1219
1471060 1224
1471070 1224
1471080 1229
1471090 1235
1471100 1235
1471110 1242
1471120 1249
1471130 1249
1471140 1256
1471150 1264
1471160 1273
1471170 1273
1471180 1283
1471190 1292
1471200 1292
1471210 1299
1471220 1306
1471230 1306
1471240 1313
1471250 1319
1471260 1319
1471270 1324
1471280 1332
1471290 1332
1471300 1339
1471310 1346
1471320 1346
1471330 1351
1471340 1355
1471350 1355
1471360 1358
1471370 1361
1471380 1361
1471390 1363
1471400 1365
1471410 1365
1471420 1366
1471430 1366
1471440 1366
1471450 1367
1471460 1368
1471470 1368
1471480 1367
1471490 1367
1471500 1367
1471510 1365
1471520 1362
1471530 1362
1471540 1358
1471550 1355
1471560 1355
1471570 1353
1471580 1349
1471590 1349
1471600 1344
1471610 1339
1471620 1339
1471630 1334
1471640 1331
1471650 1330
1471660 1330
1471670 1328
1471680 1326
1471690 1326
1471700 1324
1471710 1322
1471720 1322
1471730 1321
1471740 1322
1471750 1322
1471760 1323
1471770 1322
1471780 1322
1471790 1319
1471800 1316
1471810 1316
1471820 1316
1471830 1316
1471840 1316
1471850 1317
1471860 1318
1471870 1318
1471880 1319
1471890 1320
1471900 1320
1471910 1320
1471920 1320
1471930 1320
1471940 1321
1471950 1321
1471960 1321
1471970 1320
1471980 1320
1471990 1320
1472000 1319
1472010 1320
1472020 1320
1472030 1320
1472040 1321
1472050 1321
1472060 1322
1472070 1323
1472080 1323
1472090 1325
1472100 1326
1472110 1327
1472120 1327
1472130 1328
1472140 1330
1472150 1330
1472160 1331
1472170 1334
1472180 1334
1472190 1337
1472200 1340
1472210 1340
1472220 1343
1472230 1346
1472240 1346
1472250 1349
1472260 1351
1472270 1351
1472280 1355
1472290 1358
1472300 1358
1472310 1361
1472320 1364
1472330 1364
1472340 1366
1472350 1369
1472360 1369
1472370 1372
1472380 1375
1472390 1375
1472400 1379
1472410 1383
1472420 1383
1472430 1387
1472440 1392
1472450 1392
1472460 1397
1472470 1401
1472480 1401
1472490 1405
1472500 1409
1472510 1409
1472520 1413
1472530 1416
1472540 1416
1472550 1419
1472560 1423
1472570 1423
1472580 1426
1472590 1429
1472600 1431
1472610 1431
1472620 1433
1472630 1434
1472640 1434
1472650 1436
1472660 1438
1472670 1438
1472680 1439
1472690 1441
1472700 1441
1472710 1443
1472720 1445
1472730 1445
1472740 1447
1472750 1449
1472760 1449
1472770 1451
1472780 1452
1472790 1452
1472800 1453
1472810 1454
1472820 1454
1472830 1456
1472840 1457
1472850 1457
1472860 1459
1472870 1462
1472880 1462
1472890 1464
1472900 1465
1472910 1465
1472920 1466
1472930 1466
1472940 1466
1472950 1467
1472960 1468
1472970 1468
1472980 1470
1472990 1470
1473000 1470
1473010 1470
1473020 1470
1473030 1470
1473040 1471
1473050 1470
1473060 1470
1473070 1470
1473080 1469
1473090 1470
1473100 1470
1473110 1469
1473120 1465
1473130 1465
1473140 1462
1473150 1458
1473160 1458
1473170 1454
1473180 1451
1473190 1451
1473200 1447
1473210 1445
1473220 1445
1473230 1444
1473240 1443
1473250 1443
1473260 1441
1473270 1440
1473280 1440
1473290 1438
1473300 1437
1473310 1437
1473320 1433
1473330 1430
1473340 1430
1473350 1426
1473360 1424
1473370 1424
1473380 1421
1473390 1418
1473400 1418
1473410 1419
1473420 1418
1473430 1418
1473440 1417
1473450 1416
1473460 1416
1473470 1416
1473480 1417
1473490 1417
1473500 1416
1473510 1417
1473520 1417
1473530 1415
1473540 1415
1473550 1417
1473560 1417
1473570 1418
1473580 1420
1473590 1420
1473600 1424
1473610 1426
1473620 1426
1473630 1429
1473640 1430
1473650 1430
1473660 1426
1473670 1419
1473680 1419
1473690 1412
1473700 1393
1473710 1393
1473720 1369
1473730 1357
1473740 1357
1473750 1348
1473760 1342
1473770 1342
1473780 1336
1473790 1330
1473800 1330
1473810 1323
1473820 1317
1473830 1317
1473840 1310
1473850 1303
1473860 1303
1473870 1297
1473880 1289
1473890 1289
1473900 1290
1473910 1291
1473920 1291
1473930 1294
1473940 1295
1473950 1295
1473960 1296
1473970 1301
1473980 1301
1473990 1306
1474000 1310
1474010 1316
1474020 1316
1474030 1318
1474040 1316
1474050 1316
1474060 1313
1474070 1312
1474080 1312
1474090 1311
1474100 1310
1474110 1310
1474120 1310
1474130 1310
1474140 1310
1474150 1311
1474160 1310
1474170 1310
1474180 1310
1474190 1312
1474200 1312
1474210 1313
1474220 1316
1474230 1316
1474240 1319
1474250 1324
1474260 1324
1474270 1329
1474280 1333
1474290 1333
1474300 1341
1474310 1344
1474320 1344
1474330 1345
1474340 1344
1474350 1344
1474360 1340
1474370 1335
1474380 1335
1474390 1334
1474400 1334
1474410 1334
1474420 1333
1474430 1331
1474440 1331
1474450 1330
1474460 1330
1474470 1330
1474480 1329
1474490 1330
1474500 1333
1474510 1333
1474520 1335
1474530 1337
1474540 1337
1474550 1338
1474560 1341
1474570 1341
1474580 1344
1474590 1346
1474600 1346
1474610 1341
1474620 1330
1474630 1330
1474640 1322
1474650 1314
1474660 1314
1474670 1306
1474680 1298
1474690 1298
1474700 1290
1474710 1284
1474720 1284
1474730 1275
1474740 1266
1474750 1266
1474760 1258
1474770 1250
1474780 1250
1474790 1243
1474800 1236
1474810 1236
1474820 1230
1474830 1224
1474840 1224
1474850 1217
1474860 1211
1474870 1211
1474880 1205
1474890 1200
1474900 1200
1474910 1193
1474920 1187
1474930 1187
1474940 1178
1474950 1172
1474960 1166
1474970 1166
1474980 1160
1474990 1153
1475000 1153
1475010 1147
1475020 1139
1475030 1139
1475040 1133
1475050 1124
1475060 1124
1475070 1114
1475080 1102
1475090 1102
1475100 1089
1475110 1083
1475120 1083
1475130 1077
1475140 1071
1475150 1071
1475160 1066
1475170 1061
1475180 1061
1475190 1054
1475200 1046
1475210 1046
1475220 1040
1475230 1035
1475240 1035
1475250 1032
1475260 1026
1475270 1026
1475280 1019
1475290 1012
1475300 1012
1475310 1005
1475320 1001
1475330 1001
1475340 1000
1475350 1000
1475360 1000
1475370 1001
1475380 1005
1475390 1005
1475400 1009
1475410 1007
1475420 1007
1475430 1005
1475440 1003
1475450 1002
1475460 1002
1475470 1002
1475480 1000
1475490 1000
1475500 1002
1475510 1005
1475520 1005
1475530 1003
1475540 1000
1475550 1000
1475560 998
1475570 998
1475580 998
1475590 1001
1475600 1003
1475610 1003
1475620 1003
1475630 1002
1475640 1002
1475650 996
1475660 996
1475670 996
1475680 1000
1475690 1009
1475700 1009
1475710 1014
1475720 1016
1475730 1016
1475740 1017
1475750 1019
1475760 1019
1475770 1020
1475780 1020
1475790 1020
1475800 1025
1475810 1032
1475820 1032
1475830 1036
1475840 1039
1475850 1039
1475860 1043
1475870 1047
1475880 1047
1475890 1052
1475900 1053
1475910 1057
1475920 1057
1475930 1063
1475940 1070
1475950 1070
1475960 1074
1475970 1079
1475980 1079
1475990 1086
1476000 1094
1476010 1094
1476020 1097
1476030 1098
1476040 1098
1476050 1103
1476060 1109
1476070 1109
1476080 1116
1476090 1120
1476100 1120
1476110 1124
1476120 1125
1476130 1125
1476140 1126
1476150 1127
1476160 1127
1476170 1127
1476180 1126
1476190 1126
1476200 1125
1476210 1122
1476220 1122
1476230 1120
1476240 1117
1476250 1117
1476260 1114
1476270 1111
1476280 1111
1476290 1108
1476300 1105
1476310 1105
1476320 1102
1476330 1099
1476340 1099
1476350 1096
1476360 1093
1476370 1091
1476380 1091
1476390 1088
1476400 1084
1476410 1084
1476420 1077
1476430 1067
1476440 1067
1476450 1059
1476460 1052
1476470 1052
1476480 1045
1476490 1039
1476500 1039
1476510 1034
1476520 1031
1476530 1031
1476540 1027
1476550 1021
1476560 1021
1476570 1015
1476580 1008
1476590 1008
1476600 1002
1476610 997
1476620 997
1476630 989
1476640 981
1476650 981
1476660 973
1476670 965
1476680 965
1476690 958
1476700 950
1476710 950
1476720 940
1476730 931
1476740 931
1476750 922
1476760 915
1476770 915
1476780 907
1476790 900
1476800 900
1476810 894
1476820 890
1476830 890
1476840 884
1476850 879
1476860 874
1476870 874
1476880 869
1476890 864
1476900 864
1476910 858
1476920 855
1476930 855
1476940 849
1476950 843
1476960 843
1476970 838
1476980 834
1476990 834
1477000 830
1477010 826
1477020 826
1477030 823
1477040 819
1477050 819
1477060 816
1477070 811
1477080 811
1477090 806
1477100 800
1477110 800
1477120 795
1477130 792
1477140 792
1477150 791
1477160 787
1477170 787
1477180 781
1477190 775
1477200 775
1477210 772
1477220 767
1477230 767
1477240 763
1477250 759
1477260 759
1477270 757
1477280 753
1477290 753
1477300 751
1477310 748
1477320 747
1477330 747
1477340 746
1477350 746
1477360 746
1477370 746
1477380 746
1477390 746
1477400 745
1477410 743
1477420 743
1477430 742
1477440 741
1477450 741
1477460 740
1477470 740
1477480 740
1477490 739
1477500 738
1477510 738
1477520 736
1477530 734
1477540 734
1477550 734
1477560 734
1477570 734
1477580 733
1477590 732
1477600 732
1477610 731
1477620 730
1477630 730
1477640 730
1477650 730
1477660 730
1477670 729
1477680 728
1477690 728
1477700 727
1477710 726
1477720 726
1477730 726
1477740 725
1477750 725
1477760 724
1477770 723
1477780 723
1477790 722
1477800 720
1477810 719
1477820 719
1477830 719
1477840 719
1477850 719
1477860 719
1477870 719
1477880 719
1477890 720
1477900 720
1477910 720
1477920 720
1477930 720
1477940 720
1477950 720
1477960 719
1477970 719
1477980 719
1477990 720
1478000 720
1478010 720
1478020 720
1478030 720
1478040 720
1478050 720
1478060 720
1478070 720
1478080 720
1478090 720
1478100 720
1478110 720
1478120 720
1478130 720
1478140 720
1478150 720
1478160 718
1478170 718
1478180 718
1478190 718
1478200 718
1478210 718
1478220 718
1478230 719
1478240 719
1478250 721
1478260 721
1478270 721
1478280 721
1478290 721
1478300 721
1478310 721
1478320 721
1478330 721
1478340 721
1478350 721
1478360 722
1478370 722
1478380 725
1478390 726
1478400 726
1478410 729
1478420 733
1478430 733
1478440 735
1478450 736
1478460 736
1478470 737
1478480 738
1478490 738
1478500 738
1478510 739
1478520 739
1478530 740
1478540 741
1478550 741
1478560 742
1478570 743
1478580 743
1478590 745
1478600 746
1478610 746
1478620 747
1478630 748
1478640 748
1478650 749
1478660 750
1478670 750
1478680 750
1478690 749
1478700 749
1478710 750
1478720 750
1478730 750
1478740 749
1478750 747
1478760 743
1478770 743
1478780 742
1478790 747
1478800 747
1478810 754
1478820 759
1478830 759
1478840 762
1478850 764
1478860 764
1478870 768
1478880 774
1478890 774
1478900 780
1478910 786
1478920 786
1478930 791
1478940 795
1478950 795
1478960 798
1478970 801
1478980 801
1478990 804
1479000 808
1479010 808
1479020 812
1479030 817
1479040 817
1479050 822
1479060 828
1479070 828
1479080 832
1479090 837
1479100 837
1479110 842
1479120 845
1479130 845
1479140 849
1479150 854
1479160 854
1479170 859
1479180 863
1479190 863
1479200 868
1479210 874
1479220 880
1479230 880
1479240 886
1479250 892
1479260 892
1479270 896
1479280 900
1479290 900
1479300 905
1479310 911
1479320 911
1479330 916
1479340 920
1479350 920
1479360 924
1479370 930
1479380 930
1479390 936
1479400 942
1479410 942
1479420 949
1479430 956
1479440 956
1479450 964
1479460 972
1479470 972
1479480 980
1479490 987
1479500 987
1479510 991
1479520 992
1479530 992
1479540 997
1479550 1002
1479560 1002
1479570 1008
1479580 1015
1479590 1015
1479600 1023
1479610 1030
1479620 1030
1479630 1037
1479640 1044
1479650 1044
1479660 1050
1479670 1056
1479680 1056
1479690 1063
1479700 1065
1479710 1068
1479720 1068
1479730 1072
1479740 1076
1479750 1076
1479760 1079
1479770 1083
1479780 1083
1479790 1087
1479800 1091
1479810 1091
1479820 1094
1479830 1097
1479840 1097
1479850 1099
1479860 1102
1479870 1102
1479880 1104
1479890 1106
1479900 1106
1479910 1108
1479920 1110
1479930 1110
1479940 1111
1479950 1113
1479960 1113
1479970 1112
1479980 1112
1479990 1112
