1460000 643
1460010 643
1460020 645
1460030 646
1460040 646
1460050 647
1460060 648
1460070 649
1460080 649
1460090 650
1460100 651
1460110 651
1460120 653
1460130 654
1460140 654
1460150 655
1460160 657
1460170 657
1460180 659
1460190 662
1460200 662
1460210 665
1460220 666
1460230 666
1460240 668
1460250 669
1460260 669
1460270 670
1460280 670
1460290 670
1460300 671
1460310 672
1460320 672
1460330 673
1460340 673
1460350 673
1460360 673
1460370 673
1460380 673
1460390 673
1460400 673
1460410 673
1460420 672
1460430 671
1460440 671
1460450 671
1460460 671
1460470 671
1460480 673
1460490 674
1460500 674
1460510 677
1460520 679
1460530 679
1460540 680
1460550 679
1460560 674
1460570 674
1460580 668
1460590 666
1460600 666
1460610 663
1460620 660
1460630 660
1460640 658
1460650 655
1460660 655
1460670 652
1460680 649
1460690 649
1460700 644
1460710 638
1460720 638
1460730 631
1460740 624
1460750 624
1460760 620
1460770 620
1460780 620
1460790 622
1460800 623
1460810 623
1460820 624
1460830 626
1460840 626
1460850 628
1460860 627
1460870 627
1460880 626
1460890 627
1460900 627
1460910 627
1460920 628
1460930 628
1460940 629
1460950 630
1460960 630
1460970 631
1460980 632
1460990 632
1461000 633
1461010 634
1461020 634
1461030 634
1461040 635
1461050 635
1461060 635
1461070 635
1461080 634
1461090 634
1461100 634
1461110 633
1461120 633
1461130 633
1461140 630
1461150 630
1461160 625
1461170 619
1461180 619
1461190 615
1461200 614
1461210 614
1461220 614
1461230 615
1461240 615
1461250 616
1461260 617
1461270 617
1461280 618
1461290 619
1461300 619
1461310 619
1461320 619
1461330 619
1461340 619
1461350 619
1461360 619
1461370 620
1461380 622
1461390 622
1461400 622
1461410 620
1461420 620
1461430 619
1461440 618
1461450 618
1461460 617
1461470 616
1461480 616
1461490 616
1461500 617
1461510 620
1461520 620
1461530 622
1461540 624
1461550 624
1461560 627
1461570 630
1461580 630
1461590 632
1461600 633
1461610 633
1461620 630
1461630 624
1461640 624
1461650 616
1461660 612
1461670 612
1461680 614
1461690 618
1461700 618
1461710 620
1461720 620
1461730 620
1461740 620
1461750 620
1461760 620
1461770 621
1461780 621
1461790 621
1461800 621
1461810 623
1461820 623
1461830 624
1461840 626
1461850 626
1461860 627
1461870 629
1461880 629
1461890 631
1461900 633
1461910 633
1461920 634
1461930 636
1461940 636
1461950 637
1461960 638
1461970 640
1461980 640
1461990 643
1462000 645
1462010 645
1462020 647
1462030 649
1462040 649
1462050 651
1462060 655
1462070 655
1462080 660
1462090 666
1462100 666
1462110 671
1462120 673
1462130 673
1462140 675
1462150 677
1462160 677
1462170 680
1462180 682
1462190 682
1462200 685
1462210 686
1462220 686
1462230 689
1462240 692
1462250 692
1462260 694
1462270 697
1462280 697
1462290 698
1462300 700
1462310 700
1462320 704
1462330 708
1462340 708
1462350 712
1462360 715
1462370 715
1462380 717
1462390 718
1462400 718
1462410 718
1462420 718
1462430 718
1462440 719
1462450 724
1462460 727
1462470 727
1462480 729
1462490 730
1462500 730
1462510 729
1462520 728
1462530 728
1462540 726
1462550 721
1462560 721
1462570 715
1462580 710
1462590 710
1462600 706
1462610 702
1462620 702
1462630 699
1462640 697
1462650 697
1462660 693
1462670 688
1462680 688
1462690 684
1462700 680
1462710 680
1462720 678
1462730 675
1462740 675
1462750 670
1462760 665
1462770 665
1462780 660
1462790 655
1462800 655
1462810 650
1462820 645
1462830 645
1462840 639
1462850 623
1462860 623
1462870 618
1462880 619
1462890 619
1462900 615
1462910 608
1462920 608
1462930 602
1462940 593
1462950 586
1462960 586
1462970 579
1462980 573
1462990 573
1463000 567
1463010 561
1463020 561
1463030 556
1463040 553
1463050 553
1463060 549
1463070 541
1463080 541
1463090 531
1463100 522
1463110 522
1463120 514
1463130 509
1463140 509
1463150 504
1463160 492
1463170 492
1463180 479
1463190 481
1463200 481
1463210 498
1463220 514
1463230 514
1463240 520
1463250 526
1463260 526
1463270 533
1463280 536
1463290 536
1463300 543
1463310 555
1463320 555
1463330 564
1463340 569
1463350 569
1463360 572
1463370 574
1463380 574
1463390 577
1463400 580
1463410 582
1463420 582
1463430 585
1463440 586
1463450 586
1463460 588
1463470 590
1463480 590
1463490 590
1463500 590
1463510 590
1463520 592
1463530 595
1463540 595
1463550 596
1463560 597
1463570 597
1463580 599
1463590 602
1463600 602
1463610 605
1463620 609
1463630 609
1463640 612
1463650 615
1463660 615
1463670 617
1463680 620
1463690 620
1463700 622
1463710 623
1463720 623
1463730 626
1463740 628
1463750 628
1463760 631
1463770 633
1463780 633
1463790 635
1463800 637
1463810 637
1463820 638
1463830 638
1463840 638
1463850 639
1463860 639
1463870 639
1463880 640
1463890 641
1463900 644
1463910 644
1463920 646
1463930 648
1463940 648
1463950 651
1463960 653
1463970 653
1463980 656
1463990 659
1464000 659
1464010 662
1464020 665
1464030 665
1464040 667
1464050 670
1464060 670
1464070 673
1464080 674
1464090 674
1464100 677
1464110 679
1464120 679
1464130 682
1464140 684
1464150 684
1464160 687
1464170 691
1464180 691
1464190 694
1464200 698
1464210 698
1464220 701
1464230 705
1464240 705
1464250 710
1464260 714
1464270 714
1464280 719
1464290 722
1464300 722
1464310 726
1464320 730
1464330 730
1464340 733
1464350 736
1464360 740
1464370 740
1464380 742
1464390 744
1464400 744
1464410 747
1464420 751
1464430 751
1464440 755
1464450 758
1464460 758
1464470 760
1464480 762
1464490 762
1464500 765
1464510 768
1464520 768
1464530 771
1464540 775
1464550 775
1464560 778
1464570 779
1464580 779
1464590 780
1464600 780
1464610 780
1464620 780
1464630 781
1464640 781
1464650 782
1464660 784
1464670 784
1464680 785
1464690 786
1464700 786
1464710 787
1464720 791
1464730 791
1464740 797
1464750 801
1464760 801
1464770 804
1464780 807
1464790 807
1464800 809
1464810 811
1464820 811
1464830 811
1464840 812
1464850 813
1464860 813
1464870 813
1464880 811
1464890 811
1464900 812
1464910 813
1464920 813
1464930 813
1464940 812
1464950 812
1464960 812
1464970 811
1464980 811
1464990 809
1465000 807
1465010 807
1465020 805
1465030 804
1465040 804
1465050 803
1465060 801
1465070 801
1465080 800
1465090 798
1465100 798
1465110 795
1465120 792
1465130 792
1465140 788
1465150 786
1465160 786
1465170 784
1465180 782
1465190 782
1465200 780
1465210 779
1465220 779
1465230 776
1465240 773
1465250 773
1465260 770
1465270 766
1465280 766
1465290 763
1465300 759
1465310 753
1465320 753
1465330 747
1465340 742
1465350 742
1465360 738
1465370 734
1465380 734
1465390 730
1465400 727
1465410 727
1465420 725
1465430 722
1465440 722
1465450 720
1465460 716
1465470 716
1465480 713
1465490 709
1465500 709
1465510 705
1465520 699
1465530 699
1465540 694
1465550 689
1465560 689
1465570 686
1465580 683
1465590 683
1465600 679
1465610 675
1465620 675
1465630 670
1465640 665
1465650 665
1465660 662
1465670 660
1465680 660
1465690 658
1465700 654
1465710 654
1465720 650
1465730 647
1465740 647
1465750 645
1465760 642
1465770 642
1465780 640
1465790 637
1465800 633
1465810 633
1465820 631
1465830 627
1465840 627
1465850 623
1465860 619
1465870 619
1465880 616
1465890 611
1465900 611
1465910 606
1465920 601
1465930 601
1465940 598
1465950 598
1465960 598
1465970 597
1465980 597
1465990 597
1466000 597
1466010 597
1466020 597
1466030 597
1466040 597
1466050 597
1466060 600
1466070 603
1466080 603
1466090 609
1466100 616
1466110 616
1466120 621
1466130 626
1466140 626
1466150 630
1466160 634
1466170 634
1466180 638
1466190 642
1466200 642
1466210 645
1466220 648
1466230 648
1466240 650
1466250 653
1466260 653
1466270 655
1466280 657
1466290 659
1466300 659
1466310 661
1466320 662
1466330 662
1466340 664
1466350 667
1466360 667
1466370 669
1466380 670
1466390 670
1466400 670
1466410 670
1466420 670
1466430 672
1466440 673
1466450 673
1466460 675
1466470 676
1466480 676
1466490 679
1466500 682
1466510 682
1466520 684
1466530 686
1466540 686
1466550 688
1466560 689
1466570 689
1466580 689
1466590 688
1466600 688
1466610 685
1466620 683
1466630 683
1466640 680
1466650 679
1466660 679
1466670 680
1466680 682
1466690 682
1466700 684
1466710 685
1466720 685
1466730 687
1466740 689
1466750 691
1466760 691
1466770 693
1466780 695
1466790 695
1466800 696
1466810 697
1466820 697
1466830 697
1466840 698
1466850 698
1466860 699
1466870 700
1466880 700
1466890 700
1466900 700
1466910 700
1466920 701
1466930 700
1466940 700
1466950 700
1466960 700
1466970 700
1466980 699
1466990 699
1467000 699
1467010 699
1467020 699
1467030 699
1467040 699
1467050 699
1467060 699
1467070 699
1467080 699
1467090 699
1467100 699
1467110 699
1467120 699
1467130 699
1467140 698
1467150 698
1467160 697
1467170 697
1467180 697
1467190 697
1467200 697
1467210 697
1467220 697
1467230 697
1467240 697
1467250 697
1467260 698
1467270 696
1467280 696
1467290 694
1467300 690
1467310 690
1467320 686
1467330 683
1467340 683
1467350 679
1467360 677
1467370 677
1467380 673
1467390 670
1467400 670
1467410 670
1467420 670
1467430 670
1467440 668
1467450 664
1467460 664
1467470 662
1467480 662
1467490 662
1467500 661
1467510 658
1467520 658
1467530 657
1467540 653
1467550 653
1467560 651
1467570 651
1467580 651
1467590 649
1467600 651
1467610 651
1467620 653
1467630 653
1467640 653
1467650 654
1467660 653
1467670 653
1467680 655
1467690 661
1467700 665
1467710 665
1467720 666
1467730 663
1467740 663
1467750 659
1467760 653
1467770 653
1467780 647
1467790 645
1467800 645
1467810 645
1467820 646
1467830 646
1467840 647
1467850 647
1467860 647
1467870 647
1467880 647
1467890 647
1467900 648
1467910 648
1467920 648
1467930 648
1467940 649
1467950 649
1467960 651
1467970 653
1467980 653
1467990 653
1468000 654
1468010 654
1468020 656
1468030 657
1468040 657
1468050 657
1468060 657
1468070 657
1468080 657
1468090 657
1468100 657
1468110 658
1468120 660
1468130 660
1468140 662
1468150 663
1468160 663
1468170 664
1468180 663
1468190 664
1468200 664
1468210 665
1468220 665
1468230 665
1468240 666
1468250 668
1468260 668
1468270 670
1468280 670
1468290 670
1468300 671
1468310 672
1468320 672
1468330 673
1468340 676
1468350 676
1468360 680
1468370 686
1468380 686
1468390 688
1468400 690
1468410 690
1468420 695
1468430 697
1468440 697
1468450 697
1468460 698
1468470 698
1468480 700
1468490 701
1468500 701
1468510 702
1468520 703
1468530 703
1468540 705
1468550 706
1468560 706
1468570 708
1468580 709
1468590 709
1468600 711
1468610 713
1468620 713
1468630 715
1468640 717
1468650 719
1468660 719
1468670 720
1468680 722
1468690 722
1468700 724
1468710 725
1468720 725
1468730 727
1468740 728
1468750 728
1468760 730
1468770 731
1468780 731
1468790 733
1468800 735
1468810 735
1468820 738
1468830 739
1468840 739
1468850 741
1468860 743
1468870 743
1468880 744
1468890 746
1468900 746
1468910 748
1468920 750
1468930 750
1468940 754
1468950 756
1468960 756
1468970 757
1468980 759
1468990 759
1469000 760
1469010 763
1469020 763
1469030 766
1469040 769
1469050 769
1469060 772
1469070 774
1469080 774
1469090 777
1469100 780
1469110 780
1469120 783
1469130 786
1469140 790
1469150 790
1469160 794
1469170 799
1469180 799
1469190 803
1469200 808
1469210 808
1469220 811
1469230 815
1469240 815
1469250 818
1469260 821
1469270 821
1469280 824
1469290 826
1469300 826
1469310 828
1469320 829
1469330 829
1469340 830
1469350 831
1469360 831
1469370 832
1469380 834
1469390 834
1469400 835
1469410 836
1469420 836
1469430 838
1469440 840
1469450 840
1469460 842
1469470 843
1469480 843
1469490 845
1469500 847
1469510 847
1469520 848
1469530 849
1469540 849
1469550 850
1469560 851
1469570 851
1469580 852
1469590 853
1469600 853
1469610 854
1469620 855
1469630 856
1469640 856
1469650 857
1469660 858
1469670 858
1469680 861
1469690 863
1469700 863
1469710 865
1469720 867
1469730 867
1469740 870
1469750 873
1469760 873
1469770 876
1469780 879
1469790 879
1469800 882
1469810 885
1469820 885
1469830 887
1469840 888
1469850 888
1469860 890
1469870 892
1469880 892
1469890 894
1469900 896
1469910 896
1469920 898
1469930 899
1469940 899
1469950 901
1469960 903
1469970 903
1469980 906
1469990 908
1470000 908
1470010 910
1470020 912
1470030 912
1470040 913
1470050 915
1470060 915
1470070 917
1470080 920
1470090 922
1470100 922
1470110 924
1470120 926
1470130 926
1470140 929
1470150 930
1470160 930
1470170 932
1470180 933
1470190 933
1470200 934
1470210 935
1470220 935
1470230 936
1470240 936
1470250 936
1470260 936
1470270 937
1470280 937
1470290 937
1470300 937
1470310 937
1470320 939
1470330 941
1470340 941
1470350 944
1470360 948
1470370 948
1470380 951
1470390 955
1470400 955
1470410 960
1470420 963
1470430 963
1470440 966
1470450 969
1470460 969
1470470 973
1470480 975
1470490 975
1470500 978
1470510 982
1470520 982
1470530 986
1470540 989
1470550 989
1470560 992
1470570 996
1470580 998
1470590 998
1470600 1002
1470610 1007
1470620 1007
1470630 1012
1470640 1015
1470650 1015
1470660 1018
1470670 1021
1470680 1021
1470690 1024
1470700 1028
1470710 1028
1470720 1031
1470730 1035
1470740 1035
1470750 1040
1470760 1044
1470770 1044
1470780 1048
1470790 1052
1470800 1052
1470810 1056
1470820 1061
1470830 1061
1470840 1065
1470850 1067
1470860 1067
1470870 1069
1470880 1072
1470890 1072
1470900 1076
1470910 1080
1470920 1080
1470930 1083
1470940 1087
1470950 1087
1470960 1090
1470970 1093
1470980 1093
1470990 1097
1471000 1100
1471010 1100
1471020 1106
1471030 1111
1471040 1115
1471050 1115
1471060 1118
1471070 1120
1471080 1120
1471090 1124
1471100 1127
1471110 1127
1471120 1132
1471130 1137
1471140 1137
1471150 1141
1471160 1144
1471170 1144
1471180 1148
1471190 1151
1471200 1151
1471210 1154
1471220 1157
1471230 1157
1471240 1160
1471250 1164
1471260 1164
1471270 1169
1471280 1173
1471290 1173
1471300 1176
1471310 1180
1471320 1180
1471330 1184
1471340 1187
1471350 1187
1471360 1191
1471370 1194
1471380 1194
1471390 1198
1471400 1201
1471410 1201
1471420 1204
1471430 1207
1471440 1207
1471450 1210
1471460 1213
1471470 1213
1471480 1215
1471490 1218
1471500 1218
1471510 1220
1471520 1223
1471530 1227
1471540 1227
1471550 1229
1471560 1233
1471570 1233
1471580 1237
1471590 1241
1471600 1241
1471610 1244
1471620 1247
1471630 1247
1471640 1251
1471650 1253
1471660 1253
1471670 1256
1471680 1258
1471690 1258
1471700 1258
1471710 1250
1471720 1250
1471730 1242
1471740 1235
1471750 1235
1471760 1229
1471770 1222
1471780 1222
1471790 1215
1471800 1210
1471810 1210
1471820 1207
1471830 1206
1471840 1206
1471850 1205
1471860 1203
1471870 1203
1471880 1201
1471890 1200
1471900 1200
1471910 1199
1471920 1198
1471930 1198
1471940 1197
1471950 1197
1471960 1197
1471970 1196
1471980 1195
1471990 1195
1472000 1195
1472010 1194
1472020 1193
1472030 1193
1472040 1191
1472050 1189
1472060 1189
1472070 1186
1472080 1184
1472090 1184
1472100 1182
1472110 1179
1472120 1179
1472130 1178
1472140 1176
1472150 1176
1472160 1175
1472170 1174
1472180 1174
1472190 1172
1472200 1173
1472210 1173
1472220 1174
1472230 1175
1472240 1175
1472250 1177
1472260 1179
1472270 1179
1472280 1180
1472290 1184
1472300 1184
1472310 1187
1472320 1190
1472330 1190
1472340 1190
1472350 1190
1472360 1190
1472370 1192
1472380 1194
1472390 1194
1472400 1194
1472410 1194
1472420 1194
1472430 1196
1472440 1199
1472450 1199
1472460 1198
1472470 1200
1472480 1205
1472490 1205
1472500 1213
1472510 1220
1472520 1220
1472530 1227
1472540 1235
1472550 1235
1472560 1245
1472570 1253
1472580 1253
1472590 1262
1472600 1270
1472610 1270
1472620 1276
1472630 1281
1472640 1281
1472650 1288
1472660 1296
1472670 1296
1472680 1305
1472690 1313
1472700 1313
1472710 1321
1472720 1329
1472730 1329
1472740 1337
1472750 1344
1472760 1344
1472770 1351
1472780 1357
1472790 1357
1472800 1364
1472810 1370
1472820 1370
1472830 1377
1472840 1382
1472850 1382
1472860 1388
1472870 1394
1472880 1394
1472890 1400
1472900 1406
1472910 1406
1472920 1411
1472930 1417
1472940 1417
1472950 1424
1472960 1430
1472970 1436
1472980 1436
1472990 1443
1473000 1449
1473010 1449
1473020 1454
1473030 1447
1473040 1447
1473050 1436
1473060 1426
1473070 1426
1473080 1416
1473090 1406
1473100 1406
1473110 1397
1473120 1389
1473130 1389
1473140 1380
1473150 1372
1473160 1372
1473170 1364
1473180 1353
1473190 1353
1473200 1345
1473210 1348
1473220 1348
1473230 1349
1473240 1343
1473250 1343
1473260 1335
1473270 1318
1473280 1318
1473290 1303
1473300 1295
1473310 1295
1473320 1289
1473330 1283
1473340 1283
1473350 1276
1473360 1266
1473370 1266
1473380 1252
1473390 1243
1473400 1243
1473410 1227
1473420 1217
1473430 1205
1473440 1205
1473450 1182
1473460 1170
1473470 1170
1473480 1160
1473490 1154
1473500 1154
1473510 1144
1473520 1135
1473530 1135
1473540 1127
1473550 1114
1473560 1114
1473570 1106
1473580 1099
1473590 1099
1473600 1093
1473610 1087
1473620 1087
1473630 1078
1473640 1065
1473650 1065
1473660 1060
1473670 1057
1473680 1057
1473690 1052
1473700 1047
1473710 1047
1473720 1041
1473730 1031
1473740 1031
1473750 1021
1473760 1012
1473770 1012
1473780 1005
1473790 999
1473800 999
1473810 991
1473820 983
1473830 983
1473840 973
1473850 960
1473860 960
1473870 949
1473880 942
1473890 942
1473900 934
1473910 921
1473920 907
1473930 907
1473940 897
1473950 892
1473960 892
1473970 885
1473980 877
1473990 877
1474000 867
1474010 856
1474020 856
1474030 847
1474040 839
1474050 839
1474060 834
1474070 828
1474080 828
1474090 822
1474100 817
1474110 817
1474120 815
1474130 815
1474140 815
1474150 816
1474160 819
1474170 819
1474180 822
1474190 829
1474200 829
1474210 836
1474220 842
1474230 842
1474240 845
1474250 849
1474260 849
1474270 852
1474280 856
1474290 856
1474300 861
1474310 862
1474320 862
1474330 854
1474340 845
1474350 845
1474360 836
1474370 828
1474380 821
1474390 821
1474400 819
1474410 820
1474420 820
1474430 821
1474440 824
1474450 824
1474460 829
1474470 834
1474480 834
1474490 840
1474500 848
1474510 848
1474520 853
1474530 859
1474540 859
1474550 867
1474560 873
1474570 873
1474580 880
1474590 888
1474600 888
1474610 896
1474620 904
1474630 904
1474640 911
1474650 916
1474660 916
1474670 922
1474680 931
1474690 931
1474700 940
1474710 949
1474720 949
1474730 957
1474740 964
1474750 964
1474760 971
1474770 979
1474780 979
1474790 988
1474800 996
1474810 996
1474820 1002
1474830 1004
1474840 1004
1474850 1005
1474860 1004
1474870 1003
1474880 1003
1474890 1002
1474900 1002
1474910 1002
1474920 1002
1474930 1001
1474940 1001
1474950 1000
1474960 996
1474970 996
1474980 990
1474990 985
1475000 985
1475010 981
1475020 987
1475030 987
1475040 993
1475050 996
1475060 996
1475070 1000
1475080 1005
1475090 1005
1475100 1011
1475110 1018
1475120 1018
1475130 1024
1475140 1030
1475150 1030
1475160 1037
1475170 1044
1475180 1044
1475190 1049
1475200 1054
1475210 1054
1475220 1056
1475230 1055
1475240 1055
1475250 1051
1475260 1047
1475270 1047
1475280 1041
1475290 1036
1475300 1036
1475310 1030
1475320 1024
1475330 1024
1475340 1019
1475350 1013
1475360 1008
1475370 1008
1475380 1005
1475390 1001
1475400 1001
1475410 998
1475420 995
1475430 995
1475440 990
1475450 984
1475460 984
1475470 979
1475480 973
1475490 973
1475500 968
1475510 964
1475520 964
1475530 959
1475540 954
1475550 954
1475560 948
1475570 942
1475580 942
1475590 936
1475600 933
1475610 933
1475620 929
1475630 925
1475640 925
1475650 921
1475660 917
1475670 917
1475680 912
1475690 908
1475700 908
1475710 903
1475720 899
1475730 899
1475740 893
1475750 888
1475760 888
1475770 883
1475780 880
1475790 880
1475800 879
1475810 875
1475820 871
1475830 871
1475840 868
1475850 866
1475860 866
1475870 862
1475880 857
1475890 857
1475900 854
1475910 850
1475920 850
1475930 846
1475940 843
1475950 843
1475960 840
1475970 838
1475980 838
1475990 835
1476000 831
1476010 831
1476020 827
1476030 823
1476040 823
1476050 819
1476060 815
1476070 815
1476080 812
1476090 809
1476100 809
1476110 805
1476120 803
1476130 803
1476140 800
1476150 798
1476160 798
1476170 794
1476180 791
1476190 791
1476200 788
1476210 786
1476220 786
1476230 782
1476240 779
1476250 779
1476260 777
1476270 775
1476280 775
1476290 774
1476300 776
1476310 780
1476320 780
1476330 786
1476340 793
1476350 793
1476360 801
1476370 806
1476380 806
1476390 806
1476400 805
1476410 805
1476420 804
1476430 803
1476440 803
1476450 803
1476460 801
1476470 801
1476480 800
1476490 799
1476500 799
1476510 800
1476520 801
1476530 801
1476540 801
1476550 801
1476560 801
1476570 800
1476580 799
1476590 799
1476600 797
1476610 795
1476620 795
1476630 795
1476640 794
1476650 794
1476660 793
1476670 791
1476680 791
1476690 789
1476700 785
1476710 785
1476720 782
1476730 779
1476740 779
1476750 775
1476760 771
1476770 768
1476780 768
1476790 767
1476800 769
1476810 769
1476820 770
1476830 769
1476840 769
1476850 768
1476860 768
1476870 768
1476880 767
1476890 766
1476900 766
1476910 764
1476920 760
1476930 760
1476940 757
1476950 754
1476960 754
1476970 751
1476980 748
1476990 748
1477000 744
1477010 740
1477020 740
1477030 736
1477040 731
1477050 731
1477060 726
1477070 721
1477080 721
1477090 718
1477100 716
1477110 716
1477120 714
1477130 713
1477140 713
1477150 712
1477160 713
1477170 713
1477180 713
1477190 713
1477200 713
1477210 712
1477220 712
1477230 712
1477240 712
1477250 712
1477260 712
1477270 712
1477280 712
1477290 713
1477300 713
1477310 713
1477320 713
1477330 713
1477340 713
1477350 713
1477360 713
1477370 713
1477380 713
1477390 713
1477400 713
1477410 713
1477420 713
1477430 713
1477440 713
1477450 713
1477460 713
1477470 713
1477480 713
1477490 713
1477500 713
1477510 713
1477520 713
1477530 713
1477540 713
1477550 713
1477560 713
1477570 713
1477580 713
1477590 712
1477600 712
1477610 713
1477620 712
1477630 712
1477640 712
1477650 713
1477660 713
1477670 713
1477680 713
1477690 713
1477700 713
1477710 713
1477720 713
1477730 713
1477740 713
1477750 713
1477760 713
1477770 713
1477780 713
1477790 713
1477800 713
1477810 713
1477820 713
1477830 714
1477840 714
1477850 714
1477860 714
1477870 714
1477880 714
1477890 713
1477900 712
1477910 712
1477920 710
1477930 710
1477940 710
1477950 710
1477960 712
1477970 712
1477980 722
1477990 731
1478000 731
1478010 738
1478020 745
1478030 745
1478040 753
1478050 760
1478060 760
1478070 762
1478080 767
1478090 767
1478100 776
1478110 783
1478120 783
1478130 791
1478140 798
1478150 798
1478160 805
1478170 813
1478180 813
1478190 820
1478200 827
1478210 833
1478220 833
1478230 839
1478240 844
1478250 844
1478260 850
1478270 858
1478280 858
1478290 867
1478300 877
1478310 877
1478320 884
1478330 892
1478340 892
1478350 904
1478360 909
1478370 909
1478380 914
1478390 920
1478400 920
1478410 926
1478420 933
1478430 933
1478440 939
1478450 944
1478460 944
1478470 949
1478480 955
1478490 955
1478500 957
1478510 962
1478520 962
1478530 965
1478540 967
1478550 967
1478560 969
1478570 970
1478580 970
1478590 973
1478600 976
1478610 976
1478620 977
1478630 977
1478640 977
1478650 977
1478660 976
1478670 976
1478680 973
1478690 968
1478700 963
1478710 963
1478720 957
1478730 949
1478740 949
1478750 944
1478760 937
1478770 937
1478780 930
1478790 923
1478800 923
1478810 917
1478820 911
1478830 911
1478840 905
1478850 902
1478860 902
1478870 900
1478880 896
1478890 896
1478900 890
1478910 885
1478920 885
1478930 879
1478940 874
1478950 874
1478960 868
1478970 862
1478980 862
1478990 857
1479000 864
1479010 864
1479020 871
1479030 877
1479040 877
1479050 883
1479060 888
1479070 888
1479080 893
1479090 898
1479100 898
1479110 902
1479120 907
1479130 907
1479140 912
1479150 917
1479160 922
1479170 922
1479180 926
1479190 930
1479200 930
1479210 934
1479220 939
1479230 939
1479240 943
1479250 946
1479260 946
1479270 950
1479280 955
1479290 955
1479300 959
1479310 964
1479320 964
1479330 968
1479340 973
1479350 973
1479360 977
1479370 980
1479380 980
1479390 984
1479400 988
1479410 988
1479420 993
1479430 998
1479440 998
1479450 1003
1479460 1008
1479470 1008
1479480 1013
1479490 1018
1479500 1018
1479510 1023
1479520 1028
1479530 1028
1479540 1032
1479550 1037
1479560 1037
1479570 1041
1479580 1046
1479590 1046
1479600 1051
1479610 1058
1479620 1058
1479630 1065
1479640 1071
1479650 1077
1479660 1077
1479670 1083
1479680 1088
1479690 1088
1479700 1094
1479710 1100
1479720 1100
1479730 1105
1479740 1111
1479750 1111
1479760 1116
1479770 1122
1479780 1122
1479790 1128
1479800 1133
1479810 1133
1479820 1138
1479830 1144
1479840 1144
1479850 1149
1479860 1155
1479870 1155
1479880 1160
1479890 1165
1479900 1165
1479910 1171
1479920 1176
1479930 1176
1479940 1181
1479950 1186
1479960 1186
1479970 1191
1479980 1194
1479990 1194
