1460000 926
1460010 927
1460020 929
1460030 929
1460040 931
1460050 933
1460060 933
1460070 934
1460080 935
1460090 935
1460100 936
1460110 937
1460120 937
1460130 939
1460140 943
1460150 948
1460160 948
1460170 951
1460180 954
1460190 954
1460200 955
1460210 956
1460220 956
1460230 957
1460240 957
1460250 957
1460260 957
1460270 957
1460280 957
1460290 958
1460300 959
1460310 959
1460320 959
1460330 961
1460340 961
1460350 962
1460360 963
1460370 963
1460380 963
1460390 964
1460400 964
1460410 964
1460420 964
1460430 964
1460440 964
1460450 963
1460460 963
1460470 964
1460480 965
1460490 965
1460500 967
1460510 968
1460520 968
1460530 970
1460540 971
1460550 971
1460560 973
1460570 976
1460580 976
1460590 978
1460600 981
1460610 981
1460620 984
1460630 987
1460640 991
1460650 991
1460660 994
1460670 997
1460680 997
1460690 999
1460700 1001
1460710 1001
1460720 1005
1460730 1009
1460740 1009
1460750 1011
1460760 1013
1460770 1013
1460780 1014
1460790 1016
1460800 1016
1460810 1018
1460820 1019
1460830 1019
1460840 1021
1460850 1022
1460860 1022
1460870 1024
1460880 1024
1460890 1024
1460900 1024
1460910 1024
1460920 1024
1460930 1024
1460940 1024
1460950 1024
1460960 1025
1460970 1025
1460980 1025
1460990 1027
1461000 1028
1461010 1028
1461020 1032
1461030 1033
1461040 1033
1461050 1033
1461060 1034
1461070 1034
1461080 1034
1461090 1034
1461100 1034
1461110 1035
1461120 1036
1461130 1037
1461140 1037
1461150 1038
1461160 1039
1461170 1039
1461180 1040
1461190 1040
1461200 1040
1461210 1040
1461220 1040
1461230 1040
1461240 1039
1461250 1037
1461260 1037
1461270 1035
1461280 1034
1461290 1034
1461300 1034
1461310 1035
1461320 1035
1461330 1035
1461340 1034
1461350 1034
1461360 1034
1461370 1034
1461380 1034
1461390 1035
1461400 1035
1461410 1035
1461420 1035
1461430 1034
1461440 1034
1461450 1034
1461460 1033
1461470 1033
1461480 1033
1461490 1032
1461500 1032
1461510 1030
1461520 1029
1461530 1029
1461540 1027
1461550 1025
1461560 1025
1461570 1023
1461580 1021
1461590 1021
1461600 1018
1461610 1015
1461620 1015
1461630 1015
1461640 1016
1461650 1015
1461660 1015
1461670 1012
1461680 1009
1461690 1009
1461700 1008
1461710 1008
1461720 1008
1461730 1007
1461740 1008
1461750 1008
1461760 1003
1461770 962
1461780 962
1461790 943
1461800 936
1461810 936
1461820 927
1461830 917
1461840 917
1461850 905
1461860 896
1461870 896
1461880 891
1461890 887
1461900 887
1461910 878
1461920 870
1461930 870
1461940 863
1461950 856
1461960 856
1461970 850
1461980 843
1461990 843
1462000 836
1462010 829
1462020 829
1462030 822
1462040 814
1462050 814
1462060 807
1462070 801
1462080 801
1462090 795
1462100 790
1462110 790
1462120 786
1462130 784
1462140 780
1462150 780
1462160 776
1462170 773
1462180 773
1462190 774
1462200 774
1462210 774
1462220 773
1462230 770
1462240 770
1462250 766
1462260 764
1462270 764
1462280 762
1462290 758
1462300 758
1462310 752
1462320 746
1462330 746
1462340 741
1462350 736
1462360 736
1462370 730
1462380 724
1462390 724
1462400 721
1462410 719
1462420 719
1462430 717
1462440 716
1462450 716
1462460 715
1462470 714
1462480 714
1462490 713
1462500 712
1462510 712
1462520 710
1462530 708
1462540 708
1462550 707
1462560 706
1462570 706
1462580 706
1462590 705
1462600 705
1462610 704
1462620 703
1462630 703
1462640 703
1462650 703
1462660 703
1462670 703
1462680 702
1462690 702
1462700 702
1462710 702
1462720 702
1462730 702
1462740 701
1462750 701
1462760 701
1462770 701
1462780 700
1462790 700
1462800 700
1462810 700
1462820 700
1462830 700
1462840 700
1462850 700
1462860 699
1462870 699
1462880 699
1462890 699
1462900 699
1462910 699
1462920 699
1462930 699
1462940 699
1462950 699
1462960 699
1462970 699
1462980 699
1462990 699
1463000 699
1463010 699
1463020 699
1463030 699
1463040 699
1463050 699
1463060 699
1463070 699
1463080 699
1463090 699
1463100 699
1463110 700
1463120 700
1463130 700
1463140 700
1463150 700
1463160 700
1463170 700
1463180 701
1463190 701
1463200 701
1463210 701
1463220 701
1463230 703
1463240 705
1463250 705
1463260 704
1463270 704
1463280 704
1463290 704
1463300 705
1463310 705
1463320 705
1463330 707
1463340 707
1463350 708
1463360 711
1463370 711
1463380 713
1463390 717
1463400 717
1463410 720
1463420 725
1463430 725
1463440 728
1463450 732
1463460 732
1463470 735
1463480 739
1463490 739
1463500 743
1463510 748
1463520 748
1463530 752
1463540 757
1463550 757
1463560 761
1463570 764
1463580 764
1463590 768
1463600 771
1463610 775
1463620 775
1463630 779
1463640 782
1463650 782
1463660 785
1463670 788
1463680 788
1463690 791
1463700 794
1463710 794
1463720 796
1463730 800
1463740 800
1463750 802
1463760 805
1463770 805
1463780 808
1463790 811
1463800 811
1463810 813
1463820 816
1463830 816
1463840 818
1463850 820
1463860 820
1463870 822
1463880 825
1463890 825
1463900 827
1463910 830
1463920 830
1463930 833
1463940 836
1463950 836
1463960 840
1463970 842
1463980 842
1463990 845
1464000 850
1464010 850
1464020 854
1464030 858
1464040 858
1464050 861
1464060 864
1464070 864
1464080 867
1464090 870
1464100 873
1464110 873
1464120 875
1464130 878
1464140 878
1464150 880
1464160 881
1464170 881
1464180 883
1464190 884
1464200 884
1464210 886
1464220 886
1464230 886
1464240 887
1464250 888
1464260 888
1464270 887
1464280 886
1464290 886
1464300 884
1464310 880
1464320 880
1464330 877
1464340 875
1464350 875
1464360 872
1464370 869
1464380 869
1464390 867
1464400 865
1464410 865
1464420 862
1464430 859
1464440 859
1464450 853
1464460 847
1464470 847
1464480 841
1464490 835
1464500 835
1464510 830
1464520 825
1464530 825
1464540 820
1464550 815
1464560 815
1464570 809
1464580 803
1464590 797
1464600 797
1464610 796
1464620 794
1464630 794
1464640 794
1464650 793
1464660 793
1464670 789
1464680 788
1464690 788
1464700 788
1464710 787
1464720 787
1464730 784
1464740 783
1464750 783
1464760 784
1464770 784
1464780 784
1464790 784
1464800 782
1464810 782
1464820 779
1464830 773
1464840 773
1464850 767
1464860 764
1464870 764
1464880 764
1464890 765
1464900 765
1464910 767
1464920 767
1464930 767
1464940 768
1464950 768
1464960 768
1464970 769
1464980 768
1464990 768
1465000 769
1465010 771
1465020 771
1465030 771
1465040 771
1465050 771
1465060 772
1465070 773
1465080 773
1465090 774
1465100 775
1465110 774
1465120 774
1465130 773
1465140 772
1465150 772
1465160 769
1465170 767
1465180 767
1465190 760
1465200 750
1465210 750
1465220 738
1465230 727
1465240 727
1465250 718
1465260 708
1465270 708
1465280 695
1465290 688
1465300 688
1465310 680
1465320 672
1465330 672
1465340 666
1465350 658
1465360 658
1465370 652
1465380 646
1465390 646
1465400 641
1465410 635
1465420 635
1465430 630
1465440 626
1465450 626
1465460 624
1465470 622
1465480 622
1465490 621
1465500 618
1465510 618
1465520 614
1465530 611
1465540 611
1465550 609
1465560 607
1465570 607
1465580 603
1465590 598
1465600 593
1465610 593
1465620 588
1465630 583
1465640 583
1465650 578
1465660 580
1465670 580
1465680 580
1465690 578
1465700 578
1465710 575
1465720 573
1465730 573
1465740 571
1465750 570
1465760 570
1465770 565
1465780 559
1465790 559
1465800 557
1465810 557
1465820 557
1465830 557
1465840 557
1465850 557
1465860 557
1465870 557
1465880 557
1465890 557
1465900 557
1465910 557
1465920 557
1465930 557
1465940 557
1465950 557
1465960 557
1465970 557
1465980 557
1465990 557
1466000 557
1466010 557
1466020 557
1466030 557
1466040 557
1466050 557
1466060 557
1466070 557
1466080 557
1466090 557
1466100 557
1466110 557
1466120 557
1466130 557
1466140 557
1466150 557
1466160 557
1466170 557
1466180 557
1466190 557
1466200 557
1466210 557
1466220 557
1466230 557
1466240 557
1466250 557
1466260 557
1466270 557
1466280 557
1466290 557
1466300 557
1466310 557
1466320 557
1466330 557
1466340 557
1466350 557
1466360 557
1466370 557
1466380 557
1466390 557
1466400 557
1466410 557
1466420 560
1466430 560
1466440 565
1466450 571
1466460 571
1466470 578
1466480 581
1466490 581
1466500 585
1466510 588
1466520 588
1466530 590
1466540 592
1466550 592
1466560 590
1466570 590
1466580 594
1466590 594
1466600 599
1466610 602
1466620 602
1466630 606
1466640 609
1466650 609
1466660 612
1466670 615
1466680 615
1466690 618
1466700 620
1466710 620
1466720 620
1466730 622
1466740 622
1466750 626
1466760 628
1466770 628
1466780 631
1466790 634
1466800 634
1466810 637
1466820 640
1466830 640
1466840 643
1466850 646
1466860 646
1466870 650
1466880 654
1466890 654
1466900 659
1466910 666
1466920 666
1466930 672
1466940 677
1466950 677
1466960 682
1466970 685
1466980 685
1466990 690
1467000 694
1467010 694
1467020 699
1467030 701
1467040 701
1467050 706
1467060 712
1467070 717
1467080 717
1467090 723
1467100 729
1467110 729
1467120 735
1467130 742
1467140 742
1467150 748
1467160 751
1467170 751
1467180 758
1467190 765
1467200 765
1467210 772
1467220 779
1467230 779
1467240 785
1467250 790
1467260 790
1467270 795
1467280 800
1467290 800
1467300 807
1467310 813
1467320 813
1467330 819
1467340 825
1467350 825
1467360 831
1467370 837
1467380 837
1467390 844
1467400 849
1467410 849
1467420 856
1467430 862
1467440 862
1467450 869
1467460 875
1467470 875
1467480 876
1467490 876
1467500 876
1467510 876
1467520 880
1467530 880
1467540 884
1467550 893
1467560 900
1467570 900
1467580 905
1467590 910
1467600 910
1467610 916
1467620 922
1467630 922
1467640 928
1467650 932
1467660 932
1467670 938
1467680 943
1467690 943
1467700 949
1467710 951
1467720 951
1467730 954
1467740 958
1467750 958
1467760 963
1467770 969
1467780 969
1467790 977
1467800 983
1467810 983
1467820 990
1467830 997
1467840 997
1467850 1004
1467860 1009
1467870 1009
1467880 1015
1467890 1019
1467900 1019
1467910 1023
1467920 1027
1467930 1027
1467940 1032
1467950 1037
1467960 1037
1467970 1043
1467980 1048
1467990 1048
1468000 1053
1468010 1057
1468020 1057
1468030 1062
1468040 1066
1468050 1066
1468060 1070
1468070 1075
1468080 1080
1468090 1080
1468100 1085
1468110 1090
1468120 1090
1468130 1094
1468140 1098
1468150 1098
1468160 1103
1468170 1105
1468180 1105
1468190 1102
1468200 1100
1468210 1100
1468220 1098
1468230 1100
1468240 1100
1468250 1101
1468260 1103
1468270 1103
1468280 1105
1468290 1110
1468300 1110
1468310 1115
1468320 1120
1468330 1120
1468340 1123
1468350 1126
1468360 1126
1468370 1130
1468380 1134
1468390 1134
1468400 1137
1468410 1140
1468420 1140
1468430 1144
1468440 1147
1468450 1147
1468460 1151
1468470 1155
1468480 1155
1468490 1159
1468500 1164
1468510 1164
1468520 1168
1468530 1171
1468540 1171
1468550 1172
1468560 1170
1468570 1167
1468580 1167
1468590 1165
1468600 1164
1468610 1164
1468620 1165
1468630 1166
1468640 1166
1468650 1167
1468660 1168
1468670 1168
1468680 1168
1468690 1168
1468700 1168
1468710 1167
1468720 1167
1468730 1167
1468740 1166
1468750 1165
1468760 1165
1468770 1164
1468780 1165
1468790 1165
1468800 1162
1468810 1161
1468820 1161
1468830 1160
1468840 1159
1468850 1159
1468860 1159
1468870 1161
1468880 1161
1468890 1168
1468900 1174
1468910 1174
1468920 1179
1468930 1184
1468940 1184
1468950 1189
1468960 1195
1468970 1195
1468980 1202
1468990 1206
1469000 1206
1469010 1209
1469020 1211
1469030 1211
1469040 1212
1469050 1213
1469060 1213
1469070 1213
1469080 1214
1469090 1219
1469100 1219
1469110 1223
1469120 1228
1469130 1228
1469140 1233
1469150 1238
1469160 1238
1469170 1243
1469180 1248
1469190 1248
1469200 1253
1469210 1259
1469220 1259
1469230 1264
1469240 1269
1469250 1269
1469260 1274
1469270 1280
1469280 1280
1469290 1285
1469300 1290
1469310 1290
1469320 1296
1469330 1302
1469340 1302
1469350 1307
1469360 1313
1469370 1313
1469380 1320
1469390 1326
1469400 1326
1469410 1332
1469420 1338
1469430 1338
1469440 1345
1469450 1351
1469460 1351
1469470 1357
1469480 1364
1469490 1364
1469500 1370
1469510 1378
1469520 1378
1469530 1384
1469540 1391
1469550 1397
1469560 1397
1469570 1404
1469580 1411
1469590 1411
1469600 1417
1469610 1424
1469620 1424
1469630 1431
1469640 1437
1469650 1437
1469660 1444
1469670 1449
1469680 1449
1469690 1451
1469700 1452
1469710 1452
1469720 1450
1469730 1451
1469740 1451
1469750 1455
1469760 1460
1469770 1460
1469780 1466
1469790 1469
1469800 1469
1469810 1470
1469820 1464
1469830 1464
1469840 1457
1469850 1450
1469860 1450
1469870 1441
1469880 1433
1469890 1433
1469900 1425
1469910 1417
1469920 1417
1469930 1408
1469940 1400
1469950 1400
1469960 1393
1469970 1385
1469980 1385
1469990 1377
1470000 1369
1470010 1369
1470020 1360
1470030 1353
1470040 1346
1470050 1346
1470060 1338
1470070 1330
1470080 1330
1470090 1321
1470100 1314
1470110 1314
1470120 1306
1470130 1299
1470140 1299
1470150 1292
1470160 1284
1470170 1284
1470180 1277
1470190 1269
1470200 1269
1470210 1262
1470220 1254
1470230 1254
1470240 1247
1470250 1241
1470260 1241
1470270 1234
1470280 1228
1470290 1228
1470300 1222
1470310 1215
1470320 1215
1470330 1209
1470340 1202
1470350 1202
1470360 1193
1470370 1186
1470380 1186
1470390 1178
1470400 1171
1470410 1171
1470420 1164
1470430 1157
1470440 1157
1470450 1151
1470460 1142
1470470 1142
1470480 1139
1470490 1137
1470500 1137
1470510 1132
1470520 1125
1470530 1119
1470540 1119
1470550 1113
1470560 1106
1470570 1106
1470580 1101
1470590 1095
1470600 1095
1470610 1088
1470620 1079
1470630 1079
1470640 1069
1470650 1062
1470660 1062
1470670 1056
1470680 1048
1470690 1048
1470700 1035
1470710 1029
1470720 1029
1470730 1025
1470740 1020
1470750 1020
1470760 1017
1470770 1011
1470780 1011
1470790 1006
1470800 1002
1470810 1002
1470820 993
1470830 984
1470840 984
1470850 980
1470860 964
1470870 964
1470880 948
1470890 938
1470900 938
1470910 926
1470920 920
1470930 920
1470940 915
1470950 912
1470960 912
1470970 908
1470980 906
1470990 906
1471000 904
1471010 901
1471020 901
1471030 897
1471040 893
1471050 888
1471060 888
1471070 884
1471080 881
1471090 881
1471100 877
1471110 874
1471120 874
1471130 870
1471140 866
1471150 866
1471160 854
1471170 837
1471180 837
1471190 817
1471200 799
1471210 799
1471220 792
1471230 791
1471240 791
1471250 788
1471260 785
1471270 785
1471280 782
1471290 779
1471300 779
1471310 778
1471320 778
1471330 778
1471340 778
1471350 780
1471360 780
1471370 783
1471380 788
1471390 788
1471400 793
1471410 799
1471420 799
1471430 804
1471440 809
1471450 809
1471460 813
1471470 817
1471480 817
1471490 823
1471500 829
1471510 829
1471520 837
1471530 845
1471540 852
1471550 852
1471560 855
1471570 859
1471580 859
1471590 863
1471600 866
1471610 866
1471620 866
1471630 867
1471640 867
1471650 867
1471660 865
1471670 865
1471680 863
1471690 861
1471700 861
1471710 860
1471720 858
1471730 858
1471740 856
1471750 851
1471760 851
1471770 845
1471780 839
1471790 839
1471800 833
1471810 827
1471820 827
1471830 820
1471840 814
1471850 814
1471860 808
1471870 801
1471880 801
1471890 793
1471900 780
1471910 780
1471920 764
1471930 757
1471940 757
1471950 752
1471960 751
1471970 751
1471980 749
1471990 748
1472000 748
1472010 747
1472020 748
1472030 752
1472040 752
1472050 757
1472060 760
1472070 760
1472080 762
1472090 767
1472100 767
1472110 770
1472120 773
1472130 773
1472140 777
1472150 782
1472160 782
1472170 786
1472180 792
1472190 792
1472200 798
1472210 802
1472220 802
1472230 803
1472240 803
1472250 803
1472260 804
1472270 804
1472280 804
1472290 804
1472300 804
1472310 804
1472320 804
1472330 805
1472340 805
1472350 805
1472360 805
1472370 805
1472380 806
1472390 806
1472400 806
1472410 806
1472420 806
1472430 806
1472440 806
1472450 807
1472460 807
1472470 807
1472480 807
1472490 807
1472500 808
1472510 808
1472520 808
1472530 808
1472540 809
1472550 809
1472560 809
1472570 808
1472580 808
1472590 808
1472600 808
1472610 808
1472620 808
1472630 808
1472640 809
1472650 809
1472660 809
1472670 811
1472680 811
1472690 812
1472700 814
1472710 814
1472720 816
1472730 818
1472740 818
1472750 822
1472760 825
1472770 825
1472780 830
1472790 834
1472800 834
1472810 838
1472820 843
1472830 843
1472840 847
1472850 853
1472860 853
1472870 859
1472880 865
1472890 865
1472900 871
1472910 877
1472920 877
1472930 883
1472940 890
1472950 890
1472960 896
1472970 902
1472980 902
1472990 909
1473000 916
1473010 925
1473020 925
1473030 931
1473040 936
1473050 936
1473060 941
1473070 944
1473080 944
1473090 946
1473100 955
1473110 955
1473120 962
1473130 965
1473140 965
1473150 963
1473160 966
1473170 966
1473180 970
1473190 973
1473200 973
1473210 977
1473220 980
1473230 980
1473240 983
1473250 987
1473260 987
1473270 993
1473280 996
1473290 996
1473300 995
1473310 993
1473320 993
1473330 989
1473340 984
1473350 984
1473360 978
1473370 972
1473380 972
1473390 967
1473400 960
1473410 960
1473420 953
1473430 947
1473440 947
1473450 942
1473460 936
1473470 936
1473480 931
1473490 927
1473500 921
1473510 921
1473520 918
1473530 913
1473540 913
1473550 908
1473560 901
1473570 901
1473580 894
1473590 888
1473600 888
1473610 882
1473620 876
1473630 876
1473640 870
1473650 864
1473660 864
1473670 858
1473680 852
1473690 852
1473700 846
1473710 840
1473720 840
1473730 834
1473740 830
1473750 830
1473760 828
1473770 825
1473780 825
1473790 821
1473800 818
1473810 818
1473820 813
1473830 808
1473840 808
1473850 801
1473860 796
1473870 796
1473880 791
1473890 787
1473900 787
1473910 782
1473920 776
1473930 776
1473940 772
1473950 766
1473960 766
1473970 762
1473980 758
1473990 758
1474000 754
1474010 748
1474020 742
1474030 742
1474040 737
1474050 730
1474060 730
1474070 723
1474080 718
1474090 718
1474100 718
1474110 714
1474120 714
1474130 709
1474140 704
1474150 704
1474160 696
1474170 688
1474180 688
1474190 686
1474200 686
1474210 686
1474220 686
1474230 686
1474240 686
1474250 686
1474260 686
1474270 686
1474280 686
1474290 686
1474300 686
1474310 686
1474320 686
1474330 686
1474340 686
1474350 686
1474360 686
1474370 686
1474380 686
1474390 686
1474400 686
1474410 686
1474420 686
1474430 686
1474440 686
1474450 686
1474460 686
1474470 686
1474480 686
1474490 686
1474500 686
1474510 686
1474520 686
1474530 686
1474540 686
1474550 686
1474560 686
1474570 686
1474580 686
1474590 686
1474600 686
1474610 686
1474620 686
1474630 686
1474640 686
1474650 686
1474660 686
1474670 686
1474680 686
1474690 686
1474700 686
1474710 686
1474720 686
1474730 686
1474740 686
1474750 686
1474760 686
1474770 686
1474780 686
1474790 686
1474800 686
1474810 686
1474820 686
1474830 686
1474840 686
1474850 686
1474860 686
1474870 686
1474880 686
1474890 686
1474900 686
1474910 686
1474920 686
1474930 686
1474940 686
1474950 686
1474960 686
1474970 686
1474980 686
1474990 686
1475000 686
1475010 686
1475020 686
1475030 686
1475040 686
1475050 686
1475060 686
1475070 686
1475080 686
1475090 686
1475100 686
1475110 686
1475120 686
1475130 686
1475140 686
1475150 686
1475160 686
1475170 686
1475180 686
1475190 686
1475200 686
1475210 687
1475220 687
1475230 688
1475240 688
1475250 688
1475260 689
1475270 690
1475280 690
1475290 690
1475300 690
1475310 690
1475320 691
1475330 691
1475340 691
1475350 693
1475360 693
1475370 693
1475380 694
1475390 694
1475400 694
1475410 695
1475420 695
1475430 695
1475440 695
1475450 697
1475460 697
1475470 701
1475480 702
1475490 702
1475500 702
1475510 703
1475520 709
1475530 709
1475540 715
1475550 720
1475560 720
1475570 723
1475580 726
1475590 726
1475600 729
1475610 733
1475620 733
1475630 737
1475640 743
1475650 743
1475660 749
1475670 754
1475680 754
1475690 758
1475700 762
1475710 762
1475720 765
1475730 768
1475740 768
1475750 772
1475760 776
1475770 776
1475780 780
1475790 783
1475800 783
1475810 785
1475820 787
1475830 787
1475840 791
1475850 797
1475860 797
1475870 803
1475880 808
1475890 808
1475900 814
1475910 820
1475920 820
1475930 826
1475940 831
1475950 831
1475960 837
1475970 843
1475980 849
1475990 849
1476000 857
1476010 866
1476020 866
1476030 872
1476040 879
1476050 879
1476060 887
1476070 895
1476080 895
1476090 902
1476100 908
1476110 908
1476120 915
1476130 923
1476140 923
1476150 930
1476160 937
1476170 937
1476180 944
1476190 951
1476200 951
1476210 958
1476220 963
1476230 963
1476240 968
1476250 972
1476260 972
1476270 976
1476280 982
1476290 982
1476300 986
1476310 992
1476320 992
1476330 998
1476340 1003
1476350 1003
1476360 1008
1476370 1012
1476380 1012
1476390 1017
1476400 1021
1476410 1021
1476420 1026
1476430 1030
1476440 1030
1476450 1035
1476460 1039
1476470 1039
1476480 1044
1476490 1048
1476500 1053
1476510 1053
1476520 1058
1476530 1063
1476540 1063
1476550 1068
1476560 1073
1476570 1073
1476580 1077
1476590 1082
1476600 1082
1476610 1087
1476620 1092
1476630 1092
1476640 1094
1476650 1097
1476660 1097
1476670 1099
1476680 1101
1476690 1101
1476700 1102
1476710 1102
1476720 1102
1476730 1103
1476740 1102
1476750 1102
1476760 1103
1476770 1103
1476780 1103
1476790 1104
1476800 1106
1476810 1106
1476820 1107
1476830 1108
1476840 1108
1476850 1108
1476860 1109
1476870 1109
1476880 1114
1476890 1119
1476900 1119
1476910 1124
1476920 1129
1476930 1129
1476940 1135
1476950 1140
1476960 1140
1476970 1145
1476980 1150
1476990 1155
1477000 1155
1477010 1160
1477020 1166
1477030 1166
1477040 1171
1477050 1177
1477060 1177
1477070 1182
1477080 1188
1477090 1188
1477100 1193
1477110 1199
1477120 1199
1477130 1205
1477140 1210
1477150 1210
1477160 1215
1477170 1221
1477180 1221
1477190 1226
1477200 1231
1477210 1231
1477220 1236
1477230 1239
1477240 1239
1477250 1242
1477260 1244
1477270 1244
1477280 1241
1477290 1237
1477300 1237
1477310 1234
1477320 1230
1477330 1230
1477340 1226
1477350 1221
1477360 1221
1477370 1215
1477380 1209
1477390 1209
1477400 1203
1477410 1198
1477420 1198
1477430 1194
1477440 1190
1477450 1190
1477460 1186
1477470 1176
1477480 1172
1477490 1172
1477500 1169
1477510 1167
1477520 1167
1477530 1165
1477540 1164
1477550 1164
1477560 1166
1477570 1166
1477580 1166
1477590 1165
1477600 1164
1477610 1164
1477620 1164
1477630 1165
1477640 1165
1477650 1166
1477660 1168
1477670 1168
1477680 1169
1477690 1170
1477700 1170
1477710 1172
1477720 1174
1477730 1174
1477740 1177
1477750 1177
1477760 1177
1477770 1177
1477780 1176
1477790 1176
1477800 1175
1477810 1174
1477820 1174
1477830 1174
1477840 1175
1477850 1175
1477860 1176
1477870 1178
1477880 1178
1477890 1180
1477900 1181
1477910 1181
1477920 1182
1477930 1184
1477940 1184
1477950 1186
1477960 1188
1477970 1190
1477980 1190
1477990 1191
1478000 1190
1478010 1190
1478020 1189
1478030 1188
1478040 1188
1478050 1185
1478060 1183
1478070 1183
1478080 1182
1478090 1181
1478100 1181
1478110 1180
1478120 1180
1478130 1180
1478140 1179
1478150 1178
1478160 1178
1478170 1178
1478180 1177
1478190 1177
1478200 1176
1478210 1174
1478220 1174
1478230 1173
1478240 1171
1478250 1171
1478260 1168
1478270 1166
1478280 1166
1478290 1165
1478300 1164
1478310 1164
1478320 1164
1478330 1164
1478340 1164
1478350 1164
1478360 1164
1478370 1164
1478380 1164
1478390 1161
1478400 1161
1478410 1157
1478420 1156
1478430 1156
1478440 1156
1478450 1155
1478460 1154
1478470 1154
1478480 1153
1478490 1152
1478500 1152
1478510 1152
1478520 1152
1478530 1152
1478540 1151
1478550 1151
1478560 1151
1478570 1152
1478580 1152
1478590 1152
1478600 1152
1478610 1152
1478620 1152
1478630 1153
1478640 1154
1478650 1154
1478660 1154
1478670 1154
1478680 1154
1478690 1154
1478700 1150
1478710 1150
1478720 1147
1478730 1145
1478740 1145
1478750 1146
1478760 1146
1478770 1146
1478780 1147
1478790 1147
1478800 1147
1478810 1146
1478820 1145
1478830 1145
1478840 1145
1478850 1145
1478860 1145
1478870 1145
1478880 1143
1478890 1143
1478900 1143
1478910 1144
1478920 1144
1478930 1145
1478940 1146
1478950 1147
1478960 1147
1478970 1148
1478980 1147
1478990 1147
1479000 1147
1479010 1147
1479020 1147
1479030 1146
1479040 1146
1479050 1146
1479060 1146
1479070 1147
1479080 1147
1479090 1146
1479100 1145
1479110 1145
1479120 1143
1479130 1140
1479140 1140
1479150 1136
1479160 1132
1479170 1132
1479180 1128
1479190 1124
1479200 1124
1479210 1121
1479220 1118
1479230 1118
1479240 1114
1479250 1110
1479260 1110
1479270 1108
1479280 1107
1479290 1107
1479300 1107
1479310 1106
1479320 1106
1479330 1105
1479340 1104
1479350 1104
1479360 1102
1479370 1101
1479380 1101
1479390 1101
1479400 1101
1479410 1101
1479420 1102
1479430 1102
1479440 1102
1479450 1102
1479460 1103
1479470 1104
1479480 1104
1479490 1103
1479500 1101
1479510 1101
1479520 1100
1479530 1100
1479540 1100
1479550 1100
1479560 1100
1479570 1100
1479580 1099
1479590 1099
1479600 1099
1479610 1098
1479620 1097
1479630 1097
1479640 1095
1479650 1092
1479660 1092
1479670 1093
1479680 1094
1479690 1094
1479700 1093
1479710 1090
1479720 1090
1479730 1089
1479740 1092
1479750 1092
1479760 1093
1479770 1092
1479780 1092
1479790 1097
1479800 1099
1479810 1099
1479820 1102
1479830 1103
1479840 1103
1479850 1103
1479860 1104
1479870 1104
1479880 1104
1479890 1106
1479900 1106
1479910 1108
1479920 1109
1479930 1109
1479940 1111
1479950 1113
1479960 1114
1479970 1114
1479980 1116
1479990 1118
