1460000 574
1460010 570
1460020 570
1460030 565
1460040 561
1460050 561
1460060 551
1460070 547
1460080 547
1460090 544
1460100 542
1460110 542
1460120 546
1460130 553
1460140 553
1460150 565
1460160 570
1460170 570
1460180 573
1460190 581
1460200 581
1460210 592
1460220 597
1460230 603
1460240 603
1460250 608
1460260 614
1460270 614
1460280 618
1460290 620
1460300 620
1460310 624
1460320 631
1460330 631
1460340 638
1460350 644
1460360 644
1460370 651
1460380 653
1460390 653
1460400 654
1460410 655
1460420 655
1460430 655
1460440 656
1460450 656
1460460 658
1460470 659
1460480 659
1460490 659
1460500 659
1460510 659
1460520 658
1460530 658
1460540 658
1460550 657
1460560 655
1460570 655
1460580 653
1460590 652
1460600 652
1460610 651
1460620 650
1460630 650
1460640 650
1460650 650
1460660 650
1460670 650
1460680 650
1460690 650
1460700 650
1460710 649
1460720 649
1460730 649
1460740 648
1460750 648
1460760 648
1460770 648
1460780 648
1460790 648
1460800 648
1460810 648
1460820 648
1460830 648
1460840 648
1460850 648
1460860 647
1460870 647
1460880 647
1460890 647
1460900 647
1460910 647
1460920 646
1460930 645
1460940 645
1460950 644
1460960 644
1460970 644
1460980 643
1460990 640
1461000 640
1461010 636
1461020 635
1461030 635
1461040 634
1461050 633
1461060 633
1461070 632
1461080 632
1461090 632
1461100 631
1461110 632
1461120 632
1461130 631
1461140 627
1461150 627
1461160 624
1461170 624
1461180 624
1461190 625
1461200 625
1461210 625
1461220 624
1461230 624
1461240 625
1461250 625
1461260 625
1461270 626
1461280 626
1461290 628
1461300 628
1461310 628
1461320 629
1461330 632
1461340 632
1461350 637
1461360 644
1461370 644
1461380 649
1461390 650
1461400 650
1461410 650
1461420 650
1461430 650
1461440 650
1461450 650
1461460 650
1461470 650
1461480 650
1461490 650
1461500 651
1461510 651
1461520 651
1461530 652
1461540 653
1461550 653
1461560 655
1461570 658
1461580 658
1461590 661
1461600 664
1461610 664
1461620 668
1461630 671
1461640 671
1461650 675
1461660 676
1461670 676
1461680 679
1461690 683
1461700 683
1461710 687
1461720 691
1461730 691
1461740 695
1461750 699
1461760 704
1461770 704
1461780 709
1461790 713
1461800 713
1461810 718
1461820 724
1461830 724
1461840 731
1461850 738
1461860 738
1461870 746
1461880 752
1461890 752
1461900 758
1461910 763
1461920 763
1461930 769
1461940 774
1461950 774
1461960 779
1461970 784
1461980 784
1461990 790
1462000 795
1462010 795
1462020 799
1462030 803
1462040 803
1462050 806
1462060 809
1462070 809
1462080 811
1462090 811
1462100 811
1462110 812
1462120 812
1462130 812
1462140 813
1462150 816
1462160 816
1462170 819
1462180 821
1462190 821
1462200 823
1462210 822
1462220 822
1462230 821
1462240 821
1462250 821
1462260 821
1462270 823
1462280 827
1462290 827
1462300 831
1462310 838
1462320 838
1462330 840
1462340 843
1462350 843
1462360 850
1462370 855
1462380 855
1462390 860
1462400 864
1462410 864
1462420 867
1462430 870
1462440 870
1462450 872
1462460 874
1462470 874
1462480 875
1462490 875
1462500 875
1462510 875
1462520 875
1462530 875
1462540 875
1462550 875
1462560 875
1462570 876
1462580 876
1462590 876
1462600 877
1462610 879
1462620 879
1462630 881
1462640 883
1462650 883
1462660 884
1462670 885
1462680 885
1462690 885
1462700 885
1462710 885
1462720 886
1462730 887
1462740 887
1462750 888
1462760 889
1462770 889
1462780 891
1462790 893
1462800 893
1462810 893
1462820 894
1462830 896
1462840 896
1462850 896
1462860 896
1462870 896
1462880 899
1462890 905
1462900 905
1462910 910
1462920 914
1462930 914
1462940 919
1462950 922
1462960 922
1462970 927
1462980 932
1462990 932
1463000 937
1463010 941
1463020 941
1463030 946
1463040 950
1463050 950
1463060 956
1463070 961
1463080 961
1463090 964
1463100 967
1463110 967
1463120 970
1463130 975
1463140 975
1463150 978
1463160 981
1463170 981
1463180 985
1463190 989
1463200 989
1463210 992
1463220 996
1463230 996
1463240 1000
1463250 1005
1463260 1005
1463270 1009
1463280 1014
1463290 1014
1463300 1018
1463310 1023
1463320 1027
1463330 1027
1463340 1031
1463350 1036
1463360 1036
1463370 1040
1463380 1045
1463390 1045
1463400 1049
1463410 1053
1463420 1053
1463430 1057
1463440 1061
1463450 1061
1463460 1064
1463470 1068
1463480 1068
1463490 1070
1463500 1073
1463510 1073
1463520 1076
1463530 1081
1463540 1081
1463550 1085
1463560 1088
1463570 1088
1463580 1089
1463590 1086
1463600 1086
1463610 1081
1463620 1078
1463630 1078
1463640 1075
1463650 1071
1463660 1071
1463670 1068
1463680 1067
1463690 1067
1463700 1065
1463710 1062
1463720 1062
1463730 1059
1463740 1057
1463750 1057
1463760 1055
1463770 1054
1463780 1054
1463790 1054
1463800 1054
1463810 1053
1463820 1053
1463830 1053
1463840 1052
1463850 1052
1463860 1052
1463870 1051
1463880 1051
1463890 1050
1463900 1049
1463910 1049
1463920 1048
1463930 1047
1463940 1047
1463950 1046
1463960 1045
1463970 1045
1463980 1044
1463990 1042
1464000 1042
1464010 1041
1464020 1039
1464030 1039
1464040 1037
1464050 1035
1464060 1035
1464070 1033
1464080 1031
1464090 1031
1464100 1029
1464110 1027
1464120 1027
1464130 1025
1464140 1023
1464150 1023
1464160 1020
1464170 1018
1464180 1018
1464190 1016
1464200 1014
1464210 1014
1464220 1012
1464230 1009
1464240 1009
1464250 1006
1464260 1004
1464270 1004
1464280 1001
1464290 998
1464300 998
1464310 995
1464320 994
1464330 992
1464340 992
1464350 990
1464360 987
1464370 987
1464380 984
1464390 981
1464400 981
1464410 978
1464420 975
1464430 975
1464440 972
1464450 968
1464460 968
1464470 965
1464480 962
1464490 962
1464500 958
1464510 954
1464520 954
1464530 949
1464540 943
1464550 943
1464560 938
1464570 933
1464580 933
1464590 928
1464600 923
1464610 923
1464620 918
1464630 913
1464640 913
1464650 909
1464660 904
1464670 904
1464680 899
1464690 893
1464700 893
1464710 887
1464720 882
1464730 882
1464740 876
1464750 869
1464760 869
1464770 864
1464780 859
1464790 859
1464800 854
1464810 849
1464820 849
1464830 843
1464840 836
1464850 830
1464860 830
1464870 826
1464880 821
1464890 821
1464900 813
1464910 806
1464920 806
1464930 799
1464940 793
1464950 793
1464960 788
1464970 783
1464980 783
1464990 782
1465000 783
1465010 783
1465020 783
1465030 786
1465040 786
1465050 789
1465060 789
1465070 789
1465080 786
1465090 784
1465100 784
1465110 782
1465120 780
1465130 780
1465140 778
1465150 775
1465160 775
1465170 773
1465180 771
1465190 771
1465200 769
1465210 767
1465220 767
1465230 766
1465240 765
1465250 765
1465260 763
1465270 761
1465280 761
1465290 757
1465300 754
1465310 754
1465320 751
1465330 748
1465340 748
1465350 745
1465360 741
1465370 737
1465380 737
1465390 734
1465400 729
1465410 729
1465420 723
1465430 718
1465440 718
1465450 713
1465460 709
1465470 709
1465480 707
1465490 705
1465500 705
1465510 702
1465520 700
1465530 700
1465540 698
1465550 697
1465560 697
1465570 695
1465580 693
1465590 693
1465600 690
1465610 688
1465620 688
1465630 688
1465640 687
1465650 687
1465660 686
1465670 684
1465680 684
1465690 681
1465700 679
1465710 679
1465720 676
1465730 674
1465740 674
1465750 671
1465760 670
1465770 670
1465780 669
1465790 668
1465800 668
1465810 667
1465820 664
1465830 664
1465840 661
1465850 654
1465860 654
1465870 650
1465880 647
1465890 644
1465900 644
1465910 642
1465920 640
1465930 640
1465940 638
1465950 637
1465960 637
1465970 636
1465980 636
1465990 636
1466000 636
1466010 636
1466020 636
1466030 636
1466040 635
1466050 635
1466060 632
1466070 629
1466080 629
1466090 627
1466100 626
1466110 626
1466120 624
1466130 621
1466140 621
1466150 619
1466160 617
1466170 617
1466180 614
1466190 612
1466200 612
1466210 610
1466220 609
1466230 609
1466240 608
1466250 607
1466260 607
1466270 605
1466280 600
1466290 600
1466300 595
1466310 592
1466320 592
1466330 590
1466340 588
1466350 588
1466360 587
1466370 584
1466380 580
1466390 580
1466400 578
1466410 577
1466420 577
1466430 578
1466440 580
1466450 580
1466460 582
1466470 584
1466480 584
1466490 585
1466500 586
1466510 586
1466520 588
1466530 590
1466540 590
1466550 592
1466560 593
1466570 593
1466580 596
1466590 598
1466600 598
1466610 600
1466620 602
1466630 602
1466640 604
1466650 605
1466660 605
1466670 604
1466680 604
1466690 604
1466700 605
1466710 607
1466720 607
1466730 608
1466740 610
1466750 610
1466760 612
1466770 612
1466780 612
1466790 612
1466800 612
1466810 612
1466820 611
1466830 611
1466840 611
1466850 613
1466860 614
1466870 614
1466880 614
1466890 614
1466900 614
1466910 614
1466920 614
1466930 615
1466940 615
1466950 615
1466960 613
1466970 613
1466980 612
1466990 612
1467000 612
1467010 611
1467020 611
1467030 611
1467040 610
1467050 608
1467060 608
1467070 604
1467080 600
1467090 600
1467100 597
1467110 593
1467120 593
1467130 587
1467140 582
1467150 582
1467160 578
1467170 574
1467180 574
1467190 569
1467200 566
1467210 566
1467220 563
1467230 562
1467240 562
1467250 562
1467260 563
1467270 563
1467280 563
1467290 563
1467300 563
1467310 563
1467320 562
1467330 562
1467340 563
1467350 562
1467360 562
1467370 563
1467380 562
1467390 562
1467400 563
1467410 563
1467420 563
1467430 563
1467440 562
1467450 563
1467460 563
1467470 562
1467480 563
1467490 563
1467500 563
1467510 563
1467520 563
1467530 563
1467540 563
1467550 563
1467560 564
1467570 564
1467580 564
1467590 566
1467600 569
1467610 569
1467620 575
1467630 583
1467640 583
1467650 589
1467660 595
1467670 595
1467680 600
1467690 603
1467700 603
1467710 607
1467720 611
1467730 611
1467740 614
1467750 618
1467760 618
1467770 621
1467780 624
1467790 624
1467800 627
1467810 629
1467820 629
1467830 630
1467840 633
1467850 633
1467860 637
1467870 641
1467880 641
1467890 645
1467900 646
1467910 646
1467920 646
1467930 646
1467940 646
1467950 646
1467960 646
1467970 646
1467980 646
1467990 646
1468000 646
1468010 646
1468020 646
1468030 646
1468040 646
1468050 646
1468060 646
1468070 646
1468080 646
1468090 646
1468100 646
1468110 646
1468120 643
1468130 643
1468140 639
1468150 635
1468160 630
1468170 627
1468180 624
1468190 624
1468200 621
1468210 618
1468220 618
1468230 616
1468240 614
1468250 614
1468260 608
1468270 598
1468280 598
1468290 591
1468300 579
1468310 579
1468320 570
1468330 587
1468340 587
1468350 619
1468360 632
1468370 632
1468380 638
1468390 643
1468400 643
1468410 648
1468420 653
1468430 653
1468440 658
1468450 663
1468460 668
1468470 668
1468480 671
1468490 671
1468500 671
1468510 671
1468520 672
1468530 672
1468540 672
1468550 672
1468560 672
1468570 673
1468580 674
1468590 674
1468600 674
1468610 674
1468620 674
1468630 674
1468640 674
1468650 674
1468660 674
1468670 675
1468680 675
1468690 677
1468700 679
1468710 679
1468720 682
1468730 685
1468740 685
1468750 688
1468760 690
1468770 690
1468780 691
1468790 690
1468800 690
1468810 686
1468820 682
1468830 682
1468840 682
1468850 686
1468860 686
1468870 690
1468880 693
1468890 693
1468900 696
1468910 700
1468920 700
1468930 703
1468940 704
1468950 706
1468960 706
1468970 710
1468980 713
1468990 713
1469000 715
1469010 716
1469020 716
1469030 718
1469040 723
1469050 723
1469060 730
1469070 736
1469080 736
1469090 742
1469100 749
1469110 749
1469120 754
1469130 758
1469140 758
1469150 757
1469160 756
1469170 756
1469180 756
1469190 753
1469200 753
1469210 750
1469220 749
1469230 749
1469240 753
1469250 758
1469260 758
1469270 762
1469280 766
1469290 766
1469300 769
1469310 772
1469320 772
1469330 776
1469340 779
1469350 779
1469360 785
1469370 790
1469380 790
1469390 792
1469400 796
1469410 796
1469420 801
1469430 804
1469440 804
1469450 808
1469460 813
1469470 818
1469480 818
1469490 823
1469500 828
1469510 828
1469520 833
1469530 838
1469540 838
1469550 842
1469560 844
1469570 844
1469580 847
1469590 850
1469600 850
1469610 851
1469620 853
1469630 853
1469640 855
1469650 858
1469660 858
1469670 862
1469680 866
1469690 866
1469700 871
1469710 874
1469720 874
1469730 876
1469740 879
1469750 879
1469760 882
1469770 885
1469780 885
1469790 888
1469800 892
1469810 892
1469820 893
1469830 893
1469840 893
1469850 894
1469860 895
1469870 895
1469880 893
1469890 890
1469900 890
1469910 887
1469920 885
1469930 885
1469940 887
1469950 889
1469960 889
1469970 890
1469980 892
1469990 894
1470000 894
1470010 897
1470020 898
1470030 898
1470040 897
1470050 898
1470060 898
1470070 899
1470080 898
1470090 898
1470100 898
1470110 898
1470120 898
1470130 897
1470140 894
1470150 894
1470160 892
1470170 890
1470180 890
1470190 888
1470200 885
1470210 885
1470220 881
1470230 878
1470240 878
1470250 876
1470260 873
1470270 873
1470280 870
1470290 867
1470300 867
1470310 863
1470320 861
1470330 861
1470340 858
1470350 855
1470360 855
1470370 853
1470380 850
1470390 850
1470400 846
1470410 842
1470420 842
1470430 838
1470440 834
1470450 834
1470460 832
1470470 828
1470480 828
1470490 824
1470500 820
1470510 816
1470520 816
1470530 813
1470540 810
1470550 810
1470560 806
1470570 802
1470580 802
1470590 798
1470600 797
1470610 797
1470620 795
1470630 795
1470640 795
1470650 794
1470660 795
1470670 795
1470680 795
1470690 796
1470700 796
1470710 796
1470720 796
1470730 796
1470740 796
1470750 796
1470760 796
1470770 794
1470780 794
1470790 794
1470800 794
1470810 795
1470820 795
1470830 797
1470840 797
1470850 797
1470860 796
1470870 797
1470880 797
1470890 797
1470900 797
1470910 797
1470920 797
1470930 797
1470940 797
1470950 799
1470960 799
1470970 799
1470980 799
1470990 799
1471000 799
1471010 799
1471020 799
1471030 798
1471040 798
1471050 798
1471060 799
1471070 799
1471080 799
1471090 799
1471100 799
1471110 799
1471120 797
1471130 797
1471140 796
1471150 795
1471160 795
1471170 791
1471180 789
1471190 789
1471200 786
1471210 785
1471220 785
1471230 784
1471240 782
1471250 782
1471260 780
1471270 777
1471280 777
1471290 775
1471300 771
1471310 771
1471320 768
1471330 766
1471340 766
1471350 764
1471360 763
1471370 763
1471380 761
1471390 759
1471400 759
1471410 756
1471420 754
1471430 754
1471440 750
1471450 747
1471460 747
1471470 744
1471480 742
1471490 742
1471500 740
1471510 738
1471520 734
1471530 734
1471540 728
1471550 720
1471560 720
1471570 713
1471580 707
1471590 707
1471600 702
1471610 697
1471620 697
1471630 693
1471640 689
1471650 689
1471660 686
1471670 685
1471680 685
1471690 685
1471700 685
1471710 685
1471720 684
1471730 684
1471740 684
1471750 683
1471760 683
1471770 683
1471780 683
1471790 683
1471800 683
1471810 682
1471820 682
1471830 682
1471840 681
1471850 680
1471860 680
1471870 680
1471880 679
1471890 679
1471900 672
1471910 668
1471920 668
1471930 666
1471940 667
1471950 667
1471960 669
1471970 671
1471980 671
1471990 672
1472000 672
1472010 672
1472020 673
1472030 673
1472040 673
1472050 673
1472060 673
1472070 672
1472080 672
1472090 672
1472100 672
1472110 672
1472120 673
1472130 673
1472140 673
1472150 673
1472160 674
1472170 674
1472180 674
1472190 676
1472200 676
1472210 677
1472220 677
1472230 677
1472240 678
1472250 681
1472260 681
1472270 685
1472280 690
1472290 690
1472300 696
1472310 702
1472320 702
1472330 709
1472340 716
1472350 716
1472360 724
1472370 730
1472380 730
1472390 731
1472400 729
1472410 729
1472420 725
1472430 727
1472440 727
1472450 728
1472460 732
1472470 732
1472480 734
1472490 737
1472500 737
1472510 741
1472520 744
1472530 744
1472540 747
1472550 749
1472560 750
1472570 750
1472580 753
1472590 753
1472600 753
1472610 750
1472620 756
1472630 756
1472640 763
1472650 769
1472660 769
1472670 776
1472680 782
1472690 782
1472700 787
1472710 793
1472720 793
1472730 798
1472740 804
1472750 804
1472760 809
1472770 814
1472780 814
1472790 820
1472800 826
1472810 826
1472820 832
1472830 838
1472840 838
1472850 843
1472860 850
1472870 850
1472880 855
1472890 861
1472900 861
1472910 867
1472920 875
1472930 875
1472940 881
1472950 887
1472960 887
1472970 894
1472980 900
1472990 900
1473000 902
1473010 899
1473020 899
1473030 894
1473040 889
1473050 889
1473060 884
1473070 880
1473080 876
1473090 876
1473100 873
1473110 870
1473120 870
1473130 868
1473140 865
1473150 865
1473160 861
1473170 858
1473180 858
1473190 854
1473200 847
1473210 847
1473220 841
1473230 834
1473240 834
1473250 829
1473260 825
1473270 825
1473280 821
1473290 819
1473300 819
1473310 817
1473320 815
1473330 815
1473340 815
1473350 814
1473360 814
1473370 814
1473380 813
1473390 813
1473400 811
1473410 810
1473420 810
1473430 809
1473440 807
1473450 807
1473460 807
1473470 806
1473480 806
1473490 806
1473500 805
1473510 805
1473520 805
1473530 806
1473540 806
1473550 806
1473560 805
1473570 805
1473580 804
1473590 803
1473600 802
1473610 802
1473620 801
1473630 799
1473640 799
1473650 798
1473660 796
1473670 796
1473680 795
1473690 794
1473700 794
1473710 795
1473720 799
1473730 799
1473740 802
1473750 799
1473760 799
1473770 793
1473780 786
1473790 786
1473800 780
1473810 771
1473820 771
1473830 762
1473840 756
1473850 756
1473860 752
1473870 750
1473880 750
1473890 750
1473900 750
1473910 750
1473920 752
1473930 753
1473940 753
1473950 753
1473960 754
1473970 754
1473980 755
1473990 755
1474000 755
1474010 755
1474020 757
1474030 757
1474040 757
1474050 757
1474060 757
1474070 758
1474080 758
1474090 758
1474100 758
1474110 758
1474120 758
1474130 758
1474140 758
1474150 758
1474160 758
1474170 758
1474180 758
1474190 758
1474200 758
1474210 758
1474220 758
1474230 758
1474240 759
1474250 759
1474260 759
1474270 759
1474280 759
1474290 759
1474300 759
1474310 759
1474320 759
1474330 759
1474340 759
1474350 759
1474360 759
1474370 759
1474380 759
1474390 759
1474400 759
1474410 759
1474420 759
1474430 759
1474440 759
1474450 759
1474460 759
1474470 759
1474480 759
1474490 759
1474500 756
1474510 750
1474520 750
1474530 743
1474540 735
1474550 735
1474560 727
1474570 719
1474580 719
1474590 715
1474600 715
1474610 716
1474620 716
1474630 717
1474640 717
1474650 717
1474660 718
1474670 719
1474680 719
1474690 720
1474700 721
1474710 721
1474720 723
1474730 728
1474740 728
1474750 731
1474760 724
1474770 724
1474780 719
1474790 719
1474800 719
1474810 720
1474820 721
1474830 721
1474840 722
1474850 723
1474860 723
1474870 721
1474880 719
1474890 719
1474900 721
1474910 721
1474920 721
1474930 722
1474940 725
1474950 725
1474960 729
1474970 734
1474980 734
1474990 734
1475000 734
1475010 734
1475020 735
1475030 738
1475040 738
1475050 742
1475060 744
1475070 744
1475080 744
1475090 745
1475100 745
1475110 746
1475120 747
1475130 750
1475140 750
1475150 746
1475160 739
1475170 739
1475180 730
1475190 726
1475200 726
1475210 725
1475220 725
1475230 725
1475240 725
1475250 726
1475260 726
1475270 727
1475280 730
1475290 730
1475300 732
1475310 732
1475320 732
1475330 734
1475340 735
1475350 735
1475360 736
1475370 738
1475380 738
1475390 742
1475400 744
1475410 744
1475420 745
1475430 744
1475440 744
1475450 742
1475460 741
1475470 741
1475480 740
1475490 739
1475500 739
1475510 738
1475520 737
1475530 737
1475540 736
1475550 735
1475560 735
1475570 734
1475580 734
1475590 734
1475600 733
1475610 733
1475620 733
1475630 734
1475640 734
1475650 734
1475660 734
1475670 734
1475680 734
1475690 734
1475700 735
1475710 734
1475720 734
1475730 733
1475740 734
1475750 734
1475760 734
1475770 734
1475780 734
1475790 734
1475800 734
1475810 734
1475820 735
1475830 735
1475840 735
1475850 735
1475860 735
1475870 735
1475880 735
1475890 735
1475900 735
1475910 734
1475920 734
1475930 734
1475940 734
1475950 734
1475960 734
1475970 734
1475980 733
1475990 733
1476000 733
1476010 732
1476020 732
1476030 732
1476040 732
1476050 732
1476060 732
1476070 732
1476080 732
1476090 732
1476100 732
1476110 732
1476120 732
1476130 732
1476140 732
1476150 732
1476160 732
1476170 732
1476180 732
1476190 732
1476200 731
1476210 731
1476220 731
1476230 731
1476240 731
1476250 731
1476260 731
1476270 731
1476280 731
1476290 731
1476300 731
1476310 731
1476320 731
1476330 731
1476340 731
1476350 731
1476360 731
1476370 731
1476380 731
1476390 731
1476400 731
1476410 731
1476420 731
1476430 731
1476440 731
1476450 731
1476460 731
1476470 731
1476480 731
1476490 731
1476500 731
1476510 731
1476520 731
1476530 731
1476540 731
1476550 731
1476560 732
1476570 732
1476580 733
1476590 735
1476600 735
1476610 736
1476620 737
1476630 737
1476640 737
1476650 737
1476660 737
1476670 738
1476680 739
1476690 739
1476700 739
1476710 740
1476720 740
1476730 740
1476740 740
1476750 740
1476760 740
1476770 740
1476780 740
1476790 740
1476800 740
1476810 740
1476820 740
1476830 740
1476840 740
1476850 740
1476860 740
1476870 739
1476880 739
1476890 740
1476900 740
1476910 740
1476920 740
1476930 741
1476940 741
1476950 742
1476960 742
1476970 742
1476980 742
1476990 742
1477000 742
1477010 742
1477020 742
1477030 742
1477040 742
1477050 742
1477060 742
1477070 741
1477080 741
1477090 741
1477100 740
1477110 740
1477120 740
1477130 739
1477140 739
1477150 739
1477160 738
1477170 738
1477180 738
1477190 737
1477200 737
1477210 737
1477220 737
1477230 737
1477240 736
1477250 736
1477260 736
1477270 736
1477280 736
1477290 736
1477300 735
1477310 735
1477320 734
1477330 734
1477340 734
1477350 733
1477360 733
1477370 733
1477380 732
1477390 730
1477400 730
1477410 730
1477420 731
1477430 731
1477440 731
1477450 731
1477460 731
1477470 730
1477480 731
1477490 731
1477500 732
1477510 733
1477520 733
1477530 733
1477540 733
1477550 733
1477560 734
1477570 734
1477580 734
1477590 735
1477600 735
1477610 735
1477620 735
1477630 735
1477640 735
1477650 735
1477660 735
1477670 735
1477680 735
1477690 736
1477700 736
1477710 736
1477720 736
1477730 736
1477740 736
1477750 737
1477760 737
1477770 737
1477780 738
1477790 738
1477800 738
1477810 739
1477820 739
1477830 739
1477840 739
1477850 740
1477860 740
1477870 739
1477880 741
1477890 741
1477900 741
1477910 740
1477920 740
1477930 740
1477940 740
1477950 740
1477960 740
1477970 740
1477980 740
1477990 740
1478000 740
1478010 740
1478020 740
1478030 740
1478040 740
1478050 740
1478060 740
1478070 740
1478080 740
1478090 739
1478100 739
1478110 739
1478120 739
1478130 739
1478140 739
1478150 739
1478160 739
1478170 739
1478180 739
1478190 739
1478200 739
1478210 739
1478220 739
1478230 739
1478240 739
1478250 739
1478260 739
1478270 738
1478280 738
1478290 738
1478300 738
1478310 738
1478320 738
1478330 738
1478340 737
1478350 737
1478360 737
1478370 737
1478380 737
1478390 736
1478400 736
1478410 736
1478420 736
1478430 735
1478440 735
1478450 735
1478460 735
1478470 735
1478480 735
1478490 734
1478500 734
1478510 734
1478520 734
1478530 734
1478540 734
1478550 734
1478560 734
1478570 735
1478580 735
1478590 735
1478600 735
1478610 735
1478620 735
1478630 736
1478640 736
1478650 736
1478660 736
1478670 736
1478680 736
1478690 736
1478700 735
1478710 735
1478720 735
1478730 735
1478740 735
1478750 735
1478760 735
1478770 735
1478780 735
1478790 735
1478800 735
1478810 735
1478820 735
1478830 735
1478840 735
1478850 735
1478860 735
1478870 735
1478880 735
1478890 736
1478900 736
1478910 736
1478920 736
1478930 736
1478940 736
1478950 736
1478960 736
1478970 736
1478980 737
1478990 737
1479000 737
1479010 737
1479020 737
1479030 737
1479040 738
1479050 738
1479060 738
1479070 738
1479080 738
1479090 739
1479100 740
1479110 740
1479120 740
1479130 740
1479140 740
1479150 741
1479160 741
1479170 741
1479180 741
1479190 741
1479200 741
1479210 741
1479220 741
1479230 741
1479240 741
1479250 741
1479260 740
1479270 740
1479280 741
1479290 741
1479300 741
1479310 741
1479320 741
1479330 741
1479340 740
1479350 740
1479360 740
1479370 740
1479380 740
1479390 740
1479400 740
1479410 740
1479420 740
1479430 740
1479440 740
1479450 740
1479460 740
1479470 740
1479480 740
1479490 740
1479500 742
1479510 742
1479520 743
1479530 746
1479540 746
1479550 746
1479560 749
1479570 749
1479580 751
1479590 753
1479600 753
1479610 754
1479620 755
1479630 755
1479640 757
1479650 759
1479660 759
1479670 762
1479680 764
1479690 764
1479700 765
1479710 767
1479720 767
1479730 770
1479740 773
1479750 773
1479760 775
1479770 778
1479780 781
1479790 781
1479800 784
1479810 787
1479820 787
1479830 789
1479840 790
1479850 790
1479860 792
1479870 795
1479880 795
1479890 800
1479900 805
1479910 805
1479920 810
1479930 814
1479940 814
1479950 818
1479960 822
1479970 822
1479980 828
1479990 833
