1460000 628
1460010 626
1460020 624
1460030 624
1460040 622
1460050 618
1460060 618
1460070 614
1460080 610
1460090 610
1460100 607
1460110 602
1460120 602
1460130 597
1460140 595
1460150 595
1460160 596
1460170 596
1460180 596
1460190 595
1460200 593
1460210 593
1460220 594
1460230 595
1460240 595
1460250 596
1460260 597
1460270 597
1460280 597
1460290 598
1460300 598
1460310 599
1460320 602
1460330 602
1460340 604
1460350 604
1460360 604
1460370 604
1460380 606
1460390 606
1460400 607
1460410 606
1460420 606
1460430 605
1460440 605
1460450 605
1460460 605
1460470 605
1460480 605
1460490 605
1460500 605
1460510 606
1460520 606
1460530 606
1460540 607
1460550 607
1460560 606
1460570 604
1460580 604
1460590 602
1460600 603
1460610 603
1460620 606
1460630 607
1460640 607
1460650 609
1460660 613
1460670 613
1460680 618
1460690 620
1460700 620
1460710 621
1460720 623
1460730 623
1460740 625
1460750 625
1460760 625
1460770 626
1460780 627
1460790 627
1460800 628
1460810 630
1460820 630
1460830 631
1460840 632
1460850 632
1460860 633
1460870 633
1460880 633
1460890 634
1460900 634
1460910 634
1460920 635
1460930 636
1460940 636
1460950 636
1460960 637
1460970 637
1460980 638
1460990 639
1461000 639
1461010 639
1461020 640
1461030 639
1461040 639
1461050 637
1461060 636
1461070 636
1461080 635
1461090 634
1461100 634
1461110 632
1461120 631
1461130 631
1461140 629
1461150 629
1461160 629
1461170 633
1461180 636
1461190 636
1461200 637
1461210 638
1461220 638
1461230 643
1461240 645
1461250 645
1461260 647
1461270 648
1461280 648
1461290 648
1461300 649
1461310 649
1461320 649
1461330 649
1461340 649
1461350 649
1461360 649
1461370 649
1461380 650
1461390 652
1461400 652
1461410 653
1461420 654
1461430 654
1461440 655
1461450 656
1461460 656
1461470 656
1461480 656
1461490 656
1461500 656
1461510 656
1461520 656
1461530 656
1461540 656
1461550 656
1461560 656
1461570 656
1461580 656
1461590 656
1461600 656
1461610 656
1461620 656
1461630 656
1461640 656
1461650 656
1461660 656
1461670 656
1461680 656
1461690 656
1461700 656
1461710 656
1461720 657
1461730 657
1461740 657
1461750 657
1461760 657
1461770 657
1461780 657
1461790 657
1461800 657
1461810 657
1461820 657
1461830 657
1461840 657
1461850 657
1461860 657
1461870 657
1461880 656
1461890 656
1461900 652
1461910 648
1461920 648
1461930 643
1461940 640
1461950 640
1461960 637
1461970 635
1461980 635
1461990 632
1462000 630
1462010 630
1462020 628
1462030 628
1462040 628
1462050 629
1462060 629
1462070 629
1462080 629
1462090 630
1462100 631
1462110 631
1462120 631
1462130 632
1462140 632
1462150 633
1462160 633
1462170 633
1462180 633
1462190 634
1462200 634
1462210 635
1462220 635
1462230 635
1462240 635
1462250 636
1462260 636
1462270 637
1462280 638
1462290 638
1462300 638
1462310 639
1462320 639
1462330 642
1462340 647
1462350 647
1462360 649
1462370 651
1462380 651
1462390 652
1462400 653
1462410 653
1462420 653
1462430 654
1462440 654
1462450 655
1462460 657
1462470 657
1462480 658
1462490 659
1462500 659
1462510 660
1462520 661
1462530 661
1462540 662
1462550 663
1462560 663
1462570 663
1462580 664
1462590 665
1462600 665
1462610 666
1462620 667
1462630 667
1462640 668
1462650 669
1462660 669
1462670 670
1462680 671
1462690 671
1462700 671
1462710 672
1462720 672
1462730 674
1462740 676
1462750 676
1462760 678
1462770 679
1462780 679
1462790 681
1462800 684
1462810 684
1462820 687
1462830 691
1462840 691
1462850 694
1462860 697
1462870 697
1462880 698
1462890 695
1462900 695
1462910 700
1462920 705
1462930 705
1462940 708
1462950 710
1462960 710
1462970 712
1462980 716
1462990 716
1463000 721
1463010 725
1463020 725
1463030 728
1463040 731
1463050 731
1463060 734
1463070 736
1463080 736
1463090 736
1463100 734
1463110 733
1463120 733
1463130 734
1463140 737
1463150 737
1463160 739
1463170 740
1463180 740
1463190 743
1463200 746
1463210 746
1463220 749
1463230 750
1463240 750
1463250 753
1463260 758
1463270 758
1463280 760
1463290 762
1463300 762
1463310 764
1463320 766
1463330 766
1463340 769
1463350 772
1463360 772
1463370 774
1463380 776
1463390 776
1463400 778
1463410 780
1463420 780
1463430 781
1463440 779
1463450 779
1463460 777
1463470 782
1463480 782
1463490 787
1463500 791
1463510 791
1463520 794
1463530 796
1463540 796
1463550 798
1463560 799
1463570 799
1463580 801
1463590 802
1463600 802
1463610 803
1463620 805
1463630 807
1463640 807
1463650 808
1463660 809
1463670 809
1463680 811
1463690 812
1463700 812
1463710 812
1463720 812
1463730 812
1463740 812
1463750 810
1463760 810
1463770 808
1463780 805
1463790 805
1463800 800
1463810 793
1463820 793
1463830 789
1463840 790
1463850 790
1463860 793
1463870 795
1463880 795
1463890 796
1463900 795
1463910 795
1463920 793
1463930 792
1463940 792
1463950 795
1463960 799
1463970 799
1463980 800
1463990 800
1464000 800
1464010 801
1464020 802
1464030 802
1464040 801
1464050 800
1464060 800
1464070 799
1464080 800
1464090 800
1464100 800
1464110 799
1464120 799
1464130 798
1464140 796
1464150 794
1464160 794
1464170 793
1464180 794
1464190 794
1464200 793
1464210 794
1464220 794
1464230 796
1464240 797
1464250 797
1464260 794
1464270 790
1464280 790
1464290 787
1464300 785
1464310 785
1464320 785
1464330 787
1464340 787
1464350 790
1464360 790
1464370 790
1464380 788
1464390 791
1464400 791
1464410 792
1464420 791
1464430 791
1464440 789
1464450 788
1464460 788
1464470 786
1464480 786
1464490 786
1464500 786
1464510 785
1464520 785
1464530 783
1464540 780
1464550 780
1464560 774
1464570 768
1464580 768
1464590 766
1464600 765
1464610 765
1464620 764
1464630 761
1464640 761
1464650 756
1464660 750
1464670 747
1464680 747
1464690 745
1464700 742
1464710 742
1464720 741
1464730 740
1464740 740
1464750 741
1464760 742
1464770 742
1464780 742
1464790 742
1464800 742
1464810 737
1464820 732
1464830 732
1464840 729
1464850 726
1464860 726
1464870 725
1464880 724
1464890 724
1464900 725
1464910 727
1464920 727
1464930 730
1464940 730
1464950 730
1464960 728
1464970 725
1464980 725
1464990 721
1465000 716
1465010 716
1465020 711
1465030 707
1465040 707
1465050 704
1465060 703
1465070 703
1465080 702
1465090 701
1465100 701
1465110 700
1465120 699
1465130 699
1465140 698
1465150 697
1465160 697
1465170 694
1465180 693
1465190 694
1465200 694
1465210 696
1465220 699
1465230 699
1465240 702
1465250 703
1465260 703
1465270 703
1465280 702
1465290 702
1465300 700
1465310 697
1465320 697
1465330 694
1465340 691
1465350 691
1465360 689
1465370 687
1465380 687
1465390 686
1465400 685
1465410 685
1465420 685
1465430 684
1465440 684
1465450 683
1465460 682
1465470 682
1465480 681
1465490 680
1465500 680
1465510 680
1465520 679
1465530 679
1465540 679
1465550 678
1465560 678
1465570 676
1465580 676
1465590 676
1465600 674
1465610 672
1465620 672
1465630 671
1465640 669
1465650 669
1465660 666
1465670 664
1465680 664
1465690 663
1465700 662
1465710 659
1465720 659
1465730 655
1465740 653
1465750 653
1465760 654
1465770 652
1465780 652
1465790 650
1465800 647
1465810 647
1465820 645
1465830 642
1465840 642
1465850 639
1465860 636
1465870 636
1465880 633
1465890 630
1465900 630
1465910 627
1465920 623
1465930 623
1465940 618
1465950 615
1465960 615
1465970 614
1465980 611
1465990 611
1466000 608
1466010 607
1466020 607
1466030 607
1466040 607
1466050 607
1466060 607
1466070 608
1466080 608
1466090 609
1466100 610
1466110 610
1466120 611
1466130 613
1466140 613
1466150 614
1466160 614
1466170 614
1466180 616
1466190 617
1466200 617
1466210 618
1466220 618
1466230 618
1466240 618
1466250 618
1466260 620
1466270 620
1466280 622
1466290 622
1466300 622
1466310 622
1466320 623
1466330 623
1466340 625
1466350 627
1466360 627
1466370 629
1466380 631
1466390 631
1466400 633
1466410 636
1466420 636
1466430 637
1466440 641
1466450 641
1466460 644
1466470 647
1466480 647
1466490 650
1466500 654
1466510 654
1466520 659
1466530 662
1466540 662
1466550 664
1466560 665
1466570 665
1466580 667
1466590 668
1466600 668
1466610 669
1466620 670
1466630 670
1466640 671
1466650 672
1466660 672
1466670 673
1466680 676
1466690 676
1466700 676
1466710 676
1466720 676
1466730 675
1466740 676
1466750 672
1466760 672
1466770 667
1466780 660
1466790 660
1466800 655
1466810 652
1466820 652
1466830 646
1466840 638
1466850 638
1466860 632
1466870 628
1466880 628
1466890 625
1466900 621
1466910 621
1466920 618
1466930 617
1466940 617
1466950 615
1466960 613
1466970 613
1466980 609
1466990 606
1467000 606
1467010 605
1467020 604
1467030 604
1467040 601
1467050 593
1467060 593
1467070 585
1467080 582
1467090 582
1467100 581
1467110 581
1467120 581
1467130 581
1467140 581
1467150 581
1467160 581
1467170 580
1467180 580
1467190 580
1467200 577
1467210 577
1467220 574
1467230 572
1467240 572
1467250 570
1467260 568
1467270 568
1467280 568
1467290 568
1467300 568
1467310 568
1467320 567
1467330 567
1467340 567
1467350 568
1467360 567
1467370 567
1467380 567
1467390 567
1467400 567
1467410 567
1467420 567
1467430 567
1467440 566
1467450 565
1467460 565
1467470 565
1467480 566
1467490 566
1467500 566
1467510 570
1467520 570
1467530 578
1467540 584
1467550 584
1467560 589
1467570 593
1467580 593
1467590 596
1467600 599
1467610 599
1467620 601
1467630 603
1467640 603
1467650 605
1467660 608
1467670 608
1467680 611
1467690 613
1467700 613
1467710 615
1467720 616
1467730 616
1467740 618
1467750 620
1467760 620
1467770 622
1467780 623
1467790 624
1467800 624
1467810 627
1467820 631
1467830 631
1467840 633
1467850 635
1467860 635
1467870 636
1467880 637
1467890 637
1467900 638
1467910 639
1467920 639
1467930 640
1467940 643
1467950 643
1467960 647
1467970 652
1467980 652
1467990 655
1468000 658
1468010 658
1468020 661
1468030 663
1468040 663
1468050 667
1468060 671
1468070 671
1468080 675
1468090 679
1468100 679
1468110 682
1468120 687
1468130 687
1468140 689
1468150 690
1468160 690
1468170 691
1468180 692
1468190 692
1468200 692
1468210 692
1468220 692
1468230 692
1468240 692
1468250 692
1468260 692
1468270 692
1468280 692
1468290 692
1468300 695
1468310 697
1468320 697
1468330 700
1468340 701
1468350 701
1468360 701
1468370 701
1468380 701
1468390 701
1468400 701
1468410 701
1468420 702
1468430 701
1468440 701
1468450 699
1468460 695
1468470 695
1468480 692
1468490 691
1468500 691
1468510 691
1468520 692
1468530 692
1468540 691
1468550 689
1468560 689
1468570 686
1468580 682
1468590 682
1468600 678
1468610 674
1468620 674
1468630 671
1468640 670
1468650 670
1468660 668
1468670 665
1468680 665
1468690 658
1468700 646
1468710 646
1468720 636
1468730 614
1468740 614
1468750 608
1468760 627
1468770 627
1468780 640
1468790 649
1468800 649
1468810 656
1468820 659
1468830 655
1468840 655
1468850 652
1468860 645
1468870 645
1468880 636
1468890 629
1468900 629
1468910 625
1468920 626
1468930 626
1468940 627
1468950 627
1468960 627
1468970 633
1468980 645
1468990 645
1469000 652
1469010 655
1469020 655
1469030 663
1469040 667
1469050 667
1469060 668
1469070 670
1469080 670
1469090 675
1469100 679
1469110 679
1469120 694
1469130 701
1469140 701
1469150 709
1469160 712
1469170 712
1469180 717
1469190 720
1469200 720
1469210 722
1469220 725
1469230 725
1469240 728
1469250 732
1469260 732
1469270 738
1469280 744
1469290 744
1469300 748
1469310 752
1469320 752
1469330 757
1469340 763
1469350 768
1469360 768
1469370 770
1469380 772
1469390 772
1469400 774
1469410 775
1469420 775
1469430 772
1469440 768
1469450 768
1469460 763
1469470 759
1469480 759
1469490 755
1469500 751
1469510 751
1469520 748
1469530 746
1469540 746
1469550 746
1469560 745
1469570 745
1469580 745
1469590 744
1469600 744
1469610 745
1469620 746
1469630 746
1469640 746
1469650 744
1469660 744
1469670 743
1469680 739
1469690 739
1469700 734
1469710 729
1469720 729
1469730 726
1469740 724
1469750 724
1469760 723
1469770 722
1469780 722
1469790 721
1469800 720
1469810 720
1469820 719
1469830 718
1469840 718
1469850 717
1469860 716
1469870 716
1469880 716
1469890 716
1469900 716
1469910 716
1469920 714
1469930 715
1469940 715
1469950 716
1469960 716
1469970 716
1469980 716
1469990 717
1470000 717
1470010 717
1470020 717
1470030 717
1470040 717
1470050 716
1470060 716
1470070 716
1470080 716
1470090 716
1470100 716
1470110 716
1470120 716
1470130 715
1470140 714
1470150 714
1470160 713
1470170 713
1470180 713
1470190 713
1470200 714
1470210 714
1470220 713
1470230 712
1470240 712
1470250 711
1470260 710
1470270 710
1470280 709
1470290 709
1470300 709
1470310 709
1470320 710
1470330 710
1470340 710
1470350 709
1470360 709
1470370 707
1470380 706
1470390 705
1470400 705
1470410 705
1470420 705
1470430 705
1470440 705
1470450 702
1470460 702
1470470 700
1470480 698
1470490 698
1470500 697
1470510 697
1470520 697
1470530 697
1470540 696
1470550 696
1470560 693
1470570 691
1470580 691
1470590 690
1470600 690
1470610 690
1470620 691
1470630 691
1470640 691
1470650 692
1470660 692
1470670 692
1470680 686
1470690 680
1470700 680
1470710 685
1470720 689
1470730 689
1470740 686
1470750 689
1470760 689
1470770 690
1470780 686
1470790 686
1470800 681
1470810 680
1470820 680
1470830 680
1470840 679
1470850 679
1470860 681
1470870 682
1470880 682
1470890 683
1470900 686
1470910 690
1470920 690
1470930 693
1470940 697
1470950 697
1470960 698
1470970 700
1470980 700
1470990 700
1471000 699
1471010 699
1471020 698
1471030 699
1471040 699
1471050 699
1471060 699
1471070 699
1471080 699
1471090 699
1471100 699
1471110 699
1471120 700
1471130 700
1471140 701
1471150 702
1471160 702
1471170 702
1471180 702
1471190 702
1471200 702
1471210 695
1471220 695
1471230 688
1471240 680
1471250 680
1471260 673
1471270 668
1471280 668
1471290 665
1471300 664
1471310 664
1471320 664
1471330 664
1471340 664
1471350 664
1471360 664
1471370 664
1471380 664
1471390 664
1471400 664
1471410 664
1471420 665
1471430 665
1471440 665
1471450 665
1471460 666
1471470 666
1471480 666
1471490 666
1471500 666
1471510 666
1471520 666
1471530 666
1471540 666
1471550 666
1471560 666
1471570 666
1471580 666
1471590 666
1471600 666
1471610 667
1471620 667
1471630 666
1471640 666
1471650 666
1471660 667
1471670 668
1471680 668
1471690 669
1471700 670
1471710 670
1471720 670
1471730 670
1471740 670
1471750 670
1471760 670
1471770 670
1471780 671
1471790 671
1471800 671
1471810 671
1471820 670
1471830 670
1471840 669
1471850 669
1471860 669
1471870 670
1471880 670
1471890 670
1471900 670
1471910 672
1471920 674
1471930 674
1471940 674
1471950 674
1471960 674
1471970 672
1471980 670
1471990 670
1472000 670
1472010 671
1472020 671
1472030 673
1472040 673
1472050 673
1472060 673
1472070 672
1472080 672
1472090 673
1472100 675
1472110 675
1472120 679
1472130 685
1472140 685
1472150 689
1472160 693
1472170 693
1472180 698
1472190 704
1472200 704
1472210 711
1472220 718
1472230 718
1472240 727
1472250 734
1472260 734
1472270 741
1472280 747
1472290 747
1472300 752
1472310 758
1472320 758
1472330 762
1472340 764
1472350 764
1472360 765
1472370 767
1472380 767
1472390 768
1472400 770
1472410 770
1472420 772
1472430 775
1472440 778
1472450 778
1472460 781
1472470 786
1472480 786
1472490 790
1472500 794
1472510 794
1472520 797
1472530 798
1472540 798
1472550 797
1472560 795
1472570 795
1472580 793
1472590 791
1472600 791
1472610 790
1472620 790
1472630 790
1472640 789
1472650 788
1472660 788
1472670 787
1472680 784
1472690 784
1472700 782
1472710 781
1472720 781
1472730 780
1472740 780
1472750 780
1472760 780
1472770 780
1472780 780
1472790 780
1472800 779
1472810 779
1472820 779
1472830 779
1472840 779
1472850 779
1472860 779
1472870 779
1472880 778
1472890 778
1472900 778
1472910 778
1472920 777
1472930 777
1472940 777
1472950 778
1472960 778
1472970 778
1472980 778
1472990 779
1473000 779
1473010 779
1473020 781
1473030 781
1473040 783
1473050 784
1473060 784
1473070 785
1473080 787
1473090 787
1473100 787
1473110 787
1473120 787
1473130 786
1473140 786
1473150 786
1473160 785
1473170 785
1473180 785
1473190 784
1473200 783
1473210 783
1473220 782
1473230 781
1473240 781
1473250 780
1473260 778
1473270 778
1473280 777
1473290 777
1473300 777
1473310 777
1473320 777
1473330 777
1473340 777
1473350 777
1473360 777
1473370 778
1473380 778
1473390 778
1473400 779
1473410 780
1473420 780
1473430 780
1473440 781
1473450 781
1473460 780
1473470 780
1473480 779
1473490 779
1473500 777
1473510 775
1473520 775
1473530 774
1473540 772
1473550 772
1473560 771
1473570 769
1473580 769
1473590 766
1473600 763
1473610 763
1473620 762
1473630 761
1473640 761
1473650 761
1473660 760
1473670 760
1473680 760
1473690 760
1473700 760
1473710 760
1473720 760
1473730 760
1473740 761
1473750 761
1473760 761
1473770 762
1473780 763
1473790 763
1473800 763
1473810 763
1473820 763
1473830 764
1473840 764
1473850 764
1473860 764
1473870 764
1473880 764
1473890 765
1473900 765
1473910 765
1473920 764
1473930 764
1473940 764
1473950 764
1473960 764
1473970 764
1473980 764
1473990 763
1474000 763
1474010 763
1474020 763
1474030 762
1474040 762
1474050 761
1474060 758
1474070 758
1474080 758
1474090 757
1474100 757
1474110 757
1474120 757
1474130 757
1474140 755
1474150 755
1474160 755
1474170 756
1474180 756
1474190 756
1474200 756
1474210 756
1474220 756
1474230 757
1474240 757
1474250 757
1474260 758
1474270 758
1474280 758
1474290 759
1474300 759
1474310 759
1474320 760
1474330 760
1474340 760
1474350 761
1474360 762
1474370 762
1474380 763
1474390 763
1474400 763
1474410 764
1474420 765
1474430 765
1474440 766
1474450 766
1474460 766
1474470 767
1474480 767
1474490 767
1474500 768
1474510 768
1474520 769
1474530 769
1474540 769
1474550 770
1474560 770
1474570 772
1474580 775
1474590 775
1474600 777
1474610 778
1474620 778
1474630 778
1474640 778
1474650 778
1474660 779
1474670 779
1474680 779
1474690 780
1474700 782
1474710 782
1474720 784
1474730 785
1474740 785
1474750 786
1474760 787
1474770 787
1474780 786
1474790 788
1474800 788
1474810 789
1474820 789
1474830 789
1474840 789
1474850 789
1474860 789
1474870 788
1474880 787
1474890 787
1474900 786
1474910 784
1474920 784
1474930 784
1474940 785
1474950 785
1474960 786
1474970 787
1474980 787
1474990 789
1475000 789
1475010 789
1475020 790
1475030 790
1475040 790
1475050 790
1475060 790
1475070 791
1475080 791
1475090 791
1475100 792
1475110 792
1475120 791
1475130 787
1475140 787
1475150 785
1475160 783
1475170 783
1475180 782
1475190 781
1475200 781
1475210 780
1475220 778
1475230 778
1475240 777
1475250 776
1475260 776
1475270 776
1475280 776
1475290 776
1475300 776
1475310 775
1475320 775
1475330 773
1475340 772
1475350 772
1475360 772
1475370 772
1475380 772
1475390 772
1475400 772
1475410 772
1475420 771
1475430 770
1475440 770
1475450 769
1475460 767
1475470 767
1475480 767
1475490 766
1475500 766
1475510 766
1475520 765
1475530 765
1475540 766
1475550 766
1475560 766
1475570 766
1475580 764
1475590 762
1475600 762
1475610 759
1475620 758
1475630 758
1475640 756
1475650 754
1475660 754
1475670 753
1475680 752
1475690 752
1475700 751
1475710 750
1475720 750
1475730 749
1475740 748
1475750 748
1475760 747
1475770 747
1475780 747
1475790 747
1475800 748
1475810 748
1475820 748
1475830 748
1475840 748
1475850 748
1475860 748
1475870 748
1475880 748
1475890 748
1475900 748
1475910 748
1475920 749
1475930 749
1475940 749
1475950 749
1475960 749
1475970 750
1475980 750
1475990 750
1476000 750
1476010 751
1476020 751
1476030 751
1476040 751
1476050 751
1476060 752
1476070 752
1476080 752
1476090 752
1476100 753
1476110 754
1476120 754
1476130 754
1476140 752
1476150 752
1476160 752
1476170 752
1476180 752
1476190 751
1476200 750
1476210 750
1476220 750
1476230 749
1476240 749
1476250 749
1476260 749
1476270 749
1476280 748
1476290 748
1476300 748
1476310 748
1476320 748
1476330 748
1476340 747
1476350 747
1476360 747
1476370 747
1476380 747
1476390 747
1476400 746
1476410 745
1476420 745
1476430 745
1476440 744
1476450 744
1476460 744
1476470 743
1476480 743
1476490 742
1476500 741
1476510 741
1476520 740
1476530 739
1476540 739
1476550 738
1476560 738
1476570 738
1476580 737
1476590 737
1476600 736
1476610 736
1476620 736
1476630 736
1476640 736
1476650 736
1476660 736
1476670 736
1476680 735
1476690 735
1476700 735
1476710 735
1476720 735
1476730 735
1476740 735
1476750 735
1476760 735
1476770 736
1476780 736
1476790 736
1476800 737
1476810 738
1476820 738
1476830 738
1476840 740
1476850 740
1476860 741
1476870 743
1476880 743
1476890 745
1476900 747
1476910 747
1476920 749
1476930 750
1476940 750
1476950 751
1476960 751
1476970 751
1476980 752
1476990 754
1477000 754
1477010 756
1477020 759
1477030 759
1477040 761
1477050 762
1477060 762
1477070 764
1477080 766
1477090 766
1477100 767
1477110 769
1477120 771
1477130 771
1477140 772
1477150 773
1477160 773
1477170 775
1477180 776
1477190 776
1477200 778
1477210 779
1477220 779
1477230 781
1477240 782
1477250 782
1477260 784
1477270 785
1477280 785
1477290 787
1477300 788
1477310 788
1477320 788
1477330 789
1477340 789
1477350 790
1477360 791
1477370 791
1477380 793
1477390 793
1477400 793
1477410 794
1477420 795
1477430 795
1477440 796
1477450 797
1477460 797
1477470 798
1477480 799
1477490 799
1477500 800
1477510 801
1477520 801
1477530 802
1477540 802
1477550 802
1477560 803
1477570 804
1477580 804
1477590 804
1477600 805
1477610 805
1477620 807
1477630 808
1477640 809
1477650 809
1477660 811
1477670 812
1477680 812
1477690 814
1477700 816
1477710 816
1477720 818
1477730 820
1477740 820
1477750 822
1477760 824
1477770 824
1477780 825
1477790 829
1477800 829
1477810 832
1477820 835
1477830 835
1477840 839
1477850 843
1477860 843
1477870 848
1477880 856
1477890 856
1477900 864
1477910 871
1477920 871
1477930 872
1477940 872
1477950 872
1477960 873
1477970 875
1477980 875
1477990 877
1478000 879
1478010 879
1478020 880
1478030 882
1478040 882
1478050 884
1478060 886
1478070 886
1478080 888
1478090 891
1478100 891
1478110 894
1478120 893
1478130 893
1478140 891
1478150 887
1478160 883
1478170 883
1478180 879
1478190 874
1478200 874
1478210 870
1478220 866
1478230 866
1478240 862
1478250 859
1478260 859
1478270 856
1478280 854
1478290 854
1478300 852
1478310 850
1478320 850
1478330 848
1478340 847
1478350 847
1478360 846
1478370 845
1478380 845
1478390 844
1478400 843
1478410 843
1478420 843
1478430 843
1478440 843
1478450 842
1478460 842
1478470 842
1478480 842
1478490 842
1478500 842
1478510 842
1478520 843
1478530 843
1478540 843
1478550 844
1478560 844
1478570 845
1478580 845
1478590 845
1478600 845
1478610 846
1478620 846
1478630 845
1478640 845
1478650 845
1478660 845
1478670 845
1478680 845
1478690 845
1478700 845
1478710 846
1478720 846
1478730 846
1478740 846
1478750 846
1478760 846
1478770 845
1478780 845
1478790 843
1478800 840
1478810 840
1478820 836
1478830 832
1478840 832
1478850 827
1478860 823
1478870 823
1478880 820
1478890 817
1478900 817
1478910 813
1478920 810
1478930 810
1478940 807
1478950 804
1478960 804
1478970 800
1478980 797
1478990 797
1479000 794
1479010 790
1479020 790
1479030 786
1479040 782
1479050 782
1479060 777
1479070 773
1479080 773
1479090 769
1479100 766
1479110 766
1479120 763
1479130 761
1479140 761
1479150 758
1479160 753
1479170 753
1479180 752
1479190 752
1479200 752
1479210 752
1479220 751
1479230 751
1479240 751
1479250 751
1479260 750
1479270 750
1479280 750
1479290 749
1479300 749
1479310 748
1479320 747
1479330 747
1479340 747
1479350 746
1479360 746
1479370 745
1479380 744
1479390 744
1479400 743
1479410 743
1479420 743
1479430 742
1479440 741
1479450 741
1479460 740
1479470 738
1479480 738
1479490 739
1479500 738
1479510 738
1479520 738
1479530 738
1479540 738
1479550 737
1479560 737
1479570 737
1479580 737
1479590 737
1479600 737
1479610 737
1479620 737
1479630 737
1479640 738
1479650 738
1479660 738
1479670 738
1479680 738
1479690 738
1479700 739
1479710 739
1479720 739
1479730 739
1479740 739
1479750 739
1479760 739
1479770 739
1479780 739
1479790 739
1479800 739
1479810 739
1479820 739
1479830 739
1479840 739
1479850 739
1479860 739
1479870 739
1479880 739
1479890 739
1479900 739
1479910 739
1479920 740
1479930 740
1479940 740
1479950 740
1479960 740
1479970 740
1479980 740
1479990 741
