1460000 631
1460010 617
1460020 615
1460030 615
1460040 620
1460050 625
1460060 625
1460070 628
1460080 629
1460090 629
1460100 633
1460110 639
1460120 639
1460130 645
1460140 650
1460150 650
1460160 654
1460170 656
1460180 656
1460190 657
1460200 658
1460210 658
1460220 658
1460230 658
1460240 658
1460250 656
1460260 654
1460270 654
1460280 653
1460290 652
1460300 652
1460310 651
1460320 650
1460330 650
1460340 650
1460350 649
1460360 649
1460370 648
1460380 648
1460390 648
1460400 647
1460410 646
1460420 646
1460430 646
1460440 645
1460450 644
1460460 644
1460470 644
1460480 644
1460490 644
1460500 645
1460510 645
1460520 645
1460530 644
1460540 643
1460550 643
1460560 642
1460570 642
1460580 642
1460590 642
1460600 643
1460610 643
1460620 643
1460630 643
1460640 643
1460650 644
1460660 644
1460670 644
1460680 645
1460690 646
1460700 646
1460710 646
1460720 646
1460730 646
1460740 646
1460750 648
1460760 648
1460770 650
1460780 652
1460790 652
1460800 654
1460810 654
1460820 654
1460830 653
1460840 652
1460850 652
1460860 651
1460870 651
1460880 651
1460890 651
1460900 652
1460910 652
1460920 652
1460930 652
1460940 652
1460950 652
1460960 652
1460970 651
1460980 651
1460990 650
1461000 650
1461010 650
1461020 651
1461030 652
1461040 652
1461050 653
1461060 653
1461070 653
1461080 654
1461090 656
1461100 656
1461110 656
1461120 656
1461130 656
1461140 658
1461150 660
1461160 660
1461170 662
1461180 664
1461190 664
1461200 668
1461210 672
1461220 672
1461230 675
1461240 677
1461250 677
1461260 677
1461270 678
1461280 678
1461290 679
1461300 680
1461310 680
1461320 681
1461330 681
1461340 681
1461350 682
1461360 681
1461370 681
1461380 681
1461390 680
1461400 680
1461410 680
1461420 680
1461430 680
1461440 679
1461450 679
1461460 678
1461470 678
1461480 677
1461490 677
1461500 677
1461510 677
1461520 676
1461530 676
1461540 675
1461550 674
1461560 674
1461570 673
1461580 673
1461590 673
1461600 672
1461610 671
1461620 671
1461630 669
1461640 667
1461650 667
1461660 665
1461670 663
1461680 663
1461690 662
1461700 660
1461710 660
1461720 659
1461730 658
1461740 658
1461750 657
1461760 657
1461770 657
1461780 657
1461790 657
1461800 657
1461810 657
1461820 658
1461830 658
1461840 658
1461850 658
1461860 658
1461870 658
1461880 658
1461890 658
1461900 657
1461910 657
1461920 657
1461930 658
1461940 658
1461950 658
1461960 658
1461970 659
1461980 659
1461990 659
1462000 659
1462010 660
1462020 660
1462030 660
1462040 659
1462050 659
1462060 659
1462070 659
1462080 659
1462090 659
1462100 658
1462110 658
1462120 659
1462130 658
1462140 658
1462150 658
1462160 657
1462170 657
1462180 655
1462190 654
1462200 654
1462210 653
1462220 651
1462230 651
1462240 649
1462250 646
1462260 646
1462270 643
1462280 640
1462290 640
1462300 638
1462310 636
1462320 636
1462330 633
1462340 632
1462350 632
1462360 632
1462370 633
1462380 633
1462390 633
1462400 634
1462410 634
1462420 634
1462430 635
1462440 635
1462450 635
1462460 635
1462470 635
1462480 635
1462490 635
1462500 636
1462510 636
1462520 636
1462530 637
1462540 637
1462550 636
1462560 636
1462570 636
1462580 636
1462590 636
1462600 636
1462610 636
1462620 638
1462630 638
1462640 640
1462650 642
1462660 642
1462670 644
1462680 647
1462690 647
1462700 650
1462710 652
1462720 652
1462730 654
1462740 655
1462750 655
1462760 656
1462770 658
1462780 658
1462790 660
1462800 662
1462810 662
1462820 664
1462830 665
1462840 665
1462850 666
1462860 666
1462870 666
1462880 666
1462890 667
1462900 667
1462910 667
1462920 666
1462930 666
1462940 666
1462950 667
1462960 667
1462970 666
1462980 666
1462990 666
1463000 667
1463010 667
1463020 667
1463030 667
1463040 667
1463050 667
1463060 667
1463070 667
1463080 667
1463090 667
1463100 667
1463110 667
1463120 667
1463130 667
1463140 668
1463150 668
1463160 669
1463170 670
1463180 670
1463190 671
1463200 672
1463210 672
1463220 673
1463230 675
1463240 675
1463250 676
1463260 677
1463270 677
1463280 679
1463290 680
1463300 680
1463310 683
1463320 684
1463330 684
1463340 685
1463350 686
1463360 686
1463370 687
1463380 689
1463390 689
1463400 690
1463410 691
1463420 691
1463430 692
1463440 693
1463450 693
1463460 694
1463470 695
1463480 695
1463490 696
1463500 698
1463510 698
1463520 699
1463530 700
1463540 700
1463550 702
1463560 703
1463570 704
1463580 704
1463590 706
1463600 707
1463610 707
1463620 709
1463630 711
1463640 711
1463650 713
1463660 714
1463670 714
1463680 718
1463690 719
1463700 719
1463710 720
1463720 721
1463730 721
1463740 723
1463750 725
1463760 725
1463770 726
1463780 727
1463790 727
1463800 729
1463810 730
1463820 730
1463830 732
1463840 731
1463850 731
1463860 732
1463870 733
1463880 733
1463890 736
1463900 738
1463910 738
1463920 740
1463930 743
1463940 743
1463950 745
1463960 746
1463970 746
1463980 745
1463990 745
1464000 745
1464010 745
1464020 745
1464030 745
1464040 744
1464050 743
1464060 743
1464070 745
1464080 745
1464090 743
1464100 743
1464110 742
1464120 742
1464130 742
1464140 740
1464150 737
1464160 737
1464170 735
1464180 732
1464190 732
1464200 731
1464210 733
1464220 733
1464230 735
1464240 738
1464250 738
1464260 738
1464270 734
1464280 734
1464290 731
1464300 729
1464310 729
1464320 728
1464330 727
1464340 727
1464350 727
1464360 728
1464370 728
1464380 731
1464390 736
1464400 736
1464410 737
1464420 736
1464430 736
1464440 734
1464450 730
1464460 730
1464470 726
1464480 726
1464490 726
1464500 728
1464510 730
1464520 730
1464530 730
1464540 730
1464550 730
1464560 730
1464570 729
1464580 729
1464590 728
1464600 728
1464610 728
1464620 728
1464630 726
1464640 725
1464650 725
1464660 723
1464670 719
1464680 719
1464690 715
1464700 711
1464710 711
1464720 707
1464730 703
1464740 703
1464750 700
1464760 697
1464770 697
1464780 694
1464790 691
1464800 691
1464810 689
1464820 688
1464830 688
1464840 687
1464850 686
1464860 686
1464870 686
1464880 685
1464890 685
1464900 684
1464910 683
1464920 683
1464930 681
1464940 680
1464950 680
1464960 679
1464970 678
1464980 678
1464990 676
1465000 675
1465010 675
1465020 673
1465030 672
1465040 672
1465050 670
1465060 669
1465070 669
1465080 668
1465090 667
1465100 667
1465110 667
1465120 667
1465130 667
1465140 667
1465150 666
1465160 666
1465170 666
1465180 665
1465190 665
1465200 665
1465210 665
1465220 665
1465230 665
1465240 664
1465250 660
1465260 660
1465270 662
1465280 664
1465290 664
1465300 665
1465310 666
1465320 666
1465330 666
1465340 667
1465350 667
1465360 667
1465370 668
1465380 668
1465390 668
1465400 668
1465410 668
1465420 668
1465430 668
1465440 668
1465450 667
1465460 666
1465470 666
1465480 666
1465490 664
1465500 664
1465510 662
1465520 657
1465530 657
1465540 652
1465550 652
1465560 652
1465570 649
1465580 648
1465590 648
1465600 647
1465610 646
1465620 646
1465630 645
1465640 643
1465650 638
1465660 638
1465670 632
1465680 627
1465690 627
1465700 625
1465710 626
1465720 626
1465730 630
1465740 635
1465750 635
1465760 638
1465770 641
1465780 641
1465790 643
1465800 642
1465810 642
1465820 646
1465830 649
1465840 649
1465850 649
1465860 650
1465870 650
1465880 652
1465890 653
1465900 653
1465910 653
1465920 652
1465930 652
1465940 652
1465950 651
1465960 651
1465970 647
1465980 642
1465990 642
1466000 639
1466010 641
1466020 641
1466030 641
1466040 642
1466050 642
1466060 643
1466070 642
1466080 642
1466090 644
1466100 649
1466110 649
1466120 649
1466130 649
1466140 649
1466150 649
1466160 650
1466170 651
1466180 651
1466190 651
1466200 652
1466210 652
1466220 653
1466230 653
1466240 653
1466250 653
1466260 656
1466270 656
1466280 659
1466290 664
1466300 664
1466310 670
1466320 677
1466330 677
1466340 683
1466350 689
1466360 689
1466370 694
1466380 699
1466390 699
1466400 703
1466410 708
1466420 708
1466430 713
1466440 716
1466450 716
1466460 719
1466470 722
1466480 722
1466490 726
1466500 728
1466510 728
1466520 730
1466530 733
1466540 733
1466550 734
1466560 734
1466570 734
1466580 733
1466590 732
1466600 732
1466610 731
1466620 729
1466630 729
1466640 726
1466650 724
1466660 724
1466670 717
1466680 710
1466690 702
1466700 702
1466710 696
1466720 694
1466730 694
1466740 691
1466750 684
1466760 684
1466770 675
1466780 666
1466790 666
1466800 659
1466810 653
1466820 653
1466830 646
1466840 639
1466850 639
1466860 632
1466870 625
1466880 625
1466890 620
1466900 615
1466910 615
1466920 611
1466930 607
1466940 607
1466950 604
1466960 600
1466970 600
1466980 594
1466990 587
1467000 587
1467010 584
1467020 582
1467030 582
1467040 582
1467050 581
1467060 581
1467070 581
1467080 582
1467090 582
1467100 583
1467110 583
1467120 583
1467130 583
1467140 583
1467150 583
1467160 582
1467170 581
1467180 581
1467190 580
1467200 576
1467210 573
1467220 573
1467230 572
1467240 571
1467250 571
1467260 572
1467270 571
1467280 571
1467290 570
1467300 570
1467310 570
1467320 569
1467330 569
1467340 569
1467350 568
1467360 567
1467370 567
1467380 568
1467390 568
1467400 568
1467410 570
1467420 573
1467430 573
1467440 576
1467450 579
1467460 579
1467470 582
1467480 585
1467490 585
1467500 587
1467510 590
1467520 590
1467530 593
1467540 596
1467550 596
1467560 599
1467570 602
1467580 602
1467590 604
1467600 607
1467610 607
1467620 608
1467630 611
1467640 611
1467650 614
1467660 616
1467670 616
1467680 616
1467690 617
1467700 617
1467710 619
1467720 621
1467730 623
1467740 623
1467750 628
1467760 634
1467770 634
1467780 637
1467790 640
1467800 640
1467810 644
1467820 648
1467830 648
1467840 651
1467850 655
1467860 655
1467870 662
1467880 667
1467890 667
1467900 672
1467910 676
1467920 676
1467930 683
1467940 688
1467950 688
1467960 690
1467970 690
1467980 690
1467990 687
1468000 684
1468010 684
1468020 684
1468030 685
1468040 685
1468050 683
1468060 680
1468070 680
1468080 686
1468090 690
1468100 690
1468110 694
1468120 694
1468130 694
1468140 694
1468150 697
1468160 697
1468170 703
1468180 710
1468190 710
1468200 715
1468210 721
1468220 721
1468230 725
1468240 727
1468250 729
1468260 729
1468270 734
1468280 735
1468290 735
1468300 734
1468310 735
1468320 735
1468330 739
1468340 742
1468350 742
1468360 743
1468370 741
1468380 741
1468390 740
1468400 741
1468410 741
1468420 742
1468430 741
1468440 741
1468450 741
1468460 742
1468470 742
1468480 741
1468490 741
1468500 741
1468510 742
1468520 738
1468530 738
1468540 733
1468550 729
1468560 729
1468570 727
1468580 727
1468590 727
1468600 727
1468610 730
1468620 730
1468630 732
1468640 732
1468650 732
1468660 733
1468670 734
1468680 734
1468690 735
1468700 734
1468710 734
1468720 732
1468730 730
1468740 730
1468750 727
1468760 724
1468770 724
1468780 724
1468790 723
1468800 722
1468810 722
1468820 721
1468830 720
1468840 720
1468850 720
1468860 721
1468870 721
1468880 721
1468890 720
1468900 720
1468910 720
1468920 723
1468930 723
1468940 728
1468950 733
1468960 733
1468970 735
1468980 736
1468990 736
1469000 737
1469010 738
1469020 738
1469030 740
1469040 743
1469050 743
1469060 742
1469070 737
1469080 737
1469090 732
1469100 729
1469110 729
1469120 726
1469130 723
1469140 723
1469150 721
1469160 717
1469170 717
1469180 712
1469190 707
1469200 707
1469210 704
1469220 698
1469230 698
1469240 703
1469250 710
1469260 710
1469270 719
1469280 723
1469290 718
1469300 718
1469310 709
1469320 702
1469330 702
1469340 690
1469350 683
1469360 683
1469370 684
1469380 683
1469390 683
1469400 678
1469410 673
1469420 673
1469430 641
1469440 621
1469450 621
1469460 626
1469470 624
1469480 624
1469490 616
1469500 620
1469510 620
1469520 625
1469530 629
1469540 629
1469550 630
1469560 632
1469570 632
1469580 638
1469590 641
1469600 641
1469610 646
1469620 649
1469630 649
1469640 651
1469650 652
1469660 652
1469670 657
1469680 664
1469690 664
1469700 675
1469710 681
1469720 681
1469730 691
1469740 698
1469750 698
1469760 699
1469770 699
1469780 699
1469790 700
1469800 701
1469810 701
1469820 701
1469830 700
1469840 699
1469850 699
1469860 698
1469870 695
1469880 695
1469890 692
1469900 690
1469910 690
1469920 688
1469930 687
1469940 687
1469950 687
1469960 686
1469970 686
1469980 684
1469990 683
1470000 683
1470010 684
1470020 685
1470030 685
1470040 685
1470050 685
1470060 685
1470070 685
1470080 685
1470090 685
1470100 685
1470110 685
1470120 685
1470130 685
1470140 685
1470150 685
1470160 684
1470170 683
1470180 683
1470190 683
1470200 683
1470210 683
1470220 681
1470230 680
1470240 680
1470250 679
1470260 679
1470270 679
1470280 679
1470290 680
1470300 680
1470310 680
1470320 680
1470330 681
1470340 681
1470350 679
1470360 676
1470370 676
1470380 672
1470390 669
1470400 669
1470410 668
1470420 662
1470430 662
1470440 652
1470450 647
1470460 647
1470470 645
1470480 647
1470490 647
1470500 654
1470510 667
1470520 667
1470530 670
1470540 672
1470550 672
1470560 670
1470570 670
1470580 670
1470590 669
1470600 665
1470610 665
1470620 664
1470630 664
1470640 664
1470650 664
1470660 664
1470670 664
1470680 664
1470690 664
1470700 664
1470710 664
1470720 664
1470730 664
1470740 664
1470750 664
1470760 664
1470770 664
1470780 664
1470790 664
1470800 664
1470810 664
1470820 664
1470830 664
1470840 664
1470850 664
1470860 664
1470870 664
1470880 664
1470890 664
1470900 664
1470910 664
1470920 664
1470930 664
1470940 664
1470950 664
1470960 664
1470970 664
1470980 664
1470990 664
1471000 664
1471010 664
1471020 664
1471030 664
1471040 664
1471050 664
1471060 664
1471070 664
1471080 664
1471090 664
1471100 664
1471110 664
1471120 664
1471130 664
1471140 664
1471150 664
1471160 664
1471170 664
1471180 664
1471190 664
1471200 664
1471210 664
1471220 664
1471230 664
1471240 664
1471250 664
1471260 664
1471270 664
1471280 664
1471290 664
1471300 664
1471310 664
1471320 664
1471330 664
1471340 664
1471350 664
1471360 664
1471370 664
1471380 664
1471390 664
1471400 664
1471410 664
1471420 664
1471430 664
1471440 664
1471450 665
1471460 665
1471470 665
1471480 665
1471490 666
1471500 666
1471510 666
1471520 667
1471530 667
1471540 667
1471550 667
1471560 667
1471570 667
1471580 667
1471590 667
1471600 668
1471610 668
1471620 668
1471630 669
1471640 672
1471650 672
1471660 674
1471670 674
1471680 674
1471690 674
1471700 674
1471710 674
1471720 675
1471730 675
1471740 675
1471750 677
1471760 678
1471770 678
1471780 680
1471790 682
1471800 682
1471810 687
1471820 695
1471830 695
1471840 698
1471850 697
1471860 697
1471870 694
1471880 692
1471890 690
1471900 690
1471910 688
1471920 687
1471930 687
1471940 688
1471950 688
1471960 688
1471970 687
1471980 687
1471990 687
1472000 687
1472010 687
1472020 687
1472030 687
1472040 687
1472050 687
1472060 686
1472070 686
1472080 686
1472090 686
1472100 686
1472110 686
1472120 686
1472130 686
1472140 686
1472150 686
1472160 687
1472170 687
1472180 688
1472190 690
1472200 690
1472210 693
1472220 697
1472230 697
1472240 703
1472250 710
1472260 710
1472270 715
1472280 719
1472290 717
1472300 722
1472310 727
1472320 727
1472330 733
1472340 740
1472350 740
1472360 746
1472370 752
1472380 752
1472390 758
1472400 761
1472410 762
1472420 762
1472430 762
1472440 762
1472450 762
1472460 763
1472470 764
1472480 764
1472490 766
1472500 767
1472510 767
1472520 769
1472530 770
1472540 770
1472550 772
1472560 773
1472570 773
1472580 775
1472590 776
1472600 776
1472610 776
1472620 777
1472630 777
1472640 777
1472650 779
1472660 779
1472670 779
1472680 778
1472690 778
1472700 778
1472710 779
1472720 779
1472730 780
1472740 780
1472750 780
1472760 779
1472770 780
1472780 780
1472790 778
1472800 777
1472810 777
1472820 777
1472830 776
1472840 776
1472850 776
1472860 776
1472870 776
1472880 775
1472890 775
1472900 775
1472910 775
1472920 775
1472930 776
1472940 776
1472950 777
1472960 778
1472970 778
1472980 780
1472990 783
1473000 783
1473010 786
1473020 787
1473030 787
1473040 789
1473050 790
1473060 790
1473070 791
1473080 791
1473090 791
1473100 791
1473110 791
1473120 791
1473130 790
1473140 788
1473150 788
1473160 786
1473170 784
1473180 784
1473190 783
1473200 781
1473210 781
1473220 780
1473230 779
1473240 779
1473250 778
1473260 778
1473270 778
1473280 778
1473290 778
1473300 778
1473310 779
1473320 779
1473330 779
1473340 780
1473350 780
1473360 780
1473370 780
1473380 781
1473390 781
1473400 779
1473410 779
1473420 779
1473430 778
1473440 778
1473450 777
1473460 777
1473470 776
1473480 774
1473490 774
1473500 773
1473510 772
1473520 772
1473530 771
1473540 770
1473550 770
1473560 769
1473570 768
1473580 768
1473590 767
1473600 765
1473610 765
1473620 764
1473630 764
1473640 764
1473650 763
1473660 761
1473670 761
1473680 760
1473690 760
1473700 760
1473710 760
1473720 759
1473730 759
1473740 759
1473750 759
1473760 759
1473770 759
1473780 759
1473790 759
1473800 759
1473810 759
1473820 759
1473830 759
1473840 759
1473850 759
1473860 758
1473870 758
1473880 758
1473890 758
1473900 758
1473910 758
1473920 758
1473930 758
1473940 758
1473950 758
1473960 759
1473970 759
1473980 759
1473990 759
1474000 759
1474010 759
1474020 758
1474030 758
1474040 758
1474050 758
1474060 757
1474070 757
1474080 757
1474090 757
1474100 757
1474110 757
1474120 758
1474130 758
1474140 758
1474150 759
1474160 759
1474170 760
1474180 760
1474190 760
1474200 761
1474210 761
1474220 761
1474230 762
1474240 763
1474250 763
1474260 764
1474270 765
1474280 765
1474290 766
1474300 766
1474310 766
1474320 767
1474330 767
1474340 767
1474350 768
1474360 768
1474370 768
1474380 769
1474390 769
1474400 769
1474410 770
1474420 770
1474430 770
1474440 771
1474450 772
1474460 772
1474470 772
1474480 772
1474490 772
1474500 772
1474510 772
1474520 773
1474530 773
1474540 773
1474550 773
1474560 773
1474570 771
1474580 773
1474590 773
1474600 776
1474610 776
1474620 776
1474630 778
1474640 779
1474650 779
1474660 779
1474670 779
1474680 779
1474690 780
1474700 780
1474710 780
1474720 780
1474730 779
1474740 779
1474750 779
1474760 778
1474770 778
1474780 778
1474790 779
1474800 779
1474810 779
1474820 779
1474830 779
1474840 781
1474850 782
1474860 782
1474870 784
1474880 785
1474890 785
1474900 785
1474910 784
1474920 784
1474930 784
1474940 783
1474950 783
1474960 782
1474970 782
1474980 782
1474990 781
1475000 781
1475010 781
1475020 781
1475030 781
1475040 781
1475050 781
1475060 781
1475070 781
1475080 781
1475090 781
1475100 781
1475110 781
1475120 782
1475130 783
1475140 783
1475150 784
1475160 784
1475170 784
1475180 783
1475190 781
1475200 781
1475210 780
1475220 780
1475230 780
1475240 779
1475250 780
1475260 780
1475270 780
1475280 780
1475290 780
1475300 781
1475310 781
1475320 781
1475330 781
1475340 781
1475350 781
1475360 781
1475370 780
1475380 780
1475390 780
1475400 780
1475410 780
1475420 780
1475430 780
1475440 780
1475450 780
1475460 780
1475470 780
1475480 779
1475490 780
1475500 780
1475510 779
1475520 779
1475530 779
1475540 779
1475550 778
1475560 778
1475570 778
1475580 777
1475590 776
1475600 776
1475610 775
1475620 774
1475630 774
1475640 773
1475650 773
1475660 773
1475670 773
1475680 773
1475690 773
1475700 774
1475710 774
1475720 774
1475730 774
1475740 773
1475750 773
1475760 772
1475770 772
1475780 772
1475790 772
1475800 771
1475810 771
1475820 771
1475830 771
1475840 771
1475850 770
1475860 770
1475870 770
1475880 770
1475890 770
1475900 770
1475910 769
1475920 769
1475930 769
1475940 768
1475950 767
1475960 767
1475970 767
1475980 766
1475990 766
1476000 766
1476010 766
1476020 766
1476030 766
1476040 766
1476050 767
1476060 767
1476070 767
1476080 768
1476090 768
1476100 768
1476110 767
1476120 767
1476130 769
1476140 770
1476150 770
1476160 769
1476170 770
1476180 770
1476190 770
1476200 770
1476210 770
1476220 768
1476230 769
1476240 769
1476250 769
1476260 769
1476270 769
1476280 768
1476290 767
1476300 767
1476310 766
1476320 766
1476330 766
1476340 766
1476350 765
1476360 765
1476370 765
1476380 766
1476390 766
1476400 767
1476410 768
1476420 768
1476430 770
1476440 771
1476450 771
1476460 773
1476470 775
1476480 775
1476490 777
1476500 779
1476510 779
1476520 781
1476530 783
1476540 783
1476550 785
1476560 787
1476570 790
1476580 790
1476590 793
1476600 796
1476610 796
1476620 799
1476630 801
1476640 801
1476650 804
1476660 806
1476670 806
1476680 808
1476690 810
1476700 810
1476710 813
1476720 816
1476730 816
1476740 819
1476750 821
1476760 821
1476770 824
1476780 826
1476790 826
1476800 829
1476810 832
1476820 832
1476830 835
1476840 838
1476850 838
1476860 840
1476870 843
1476880 843
1476890 846
1476900 850
1476910 850
1476920 853
1476930 855
1476940 855
1476950 858
1476960 860
1476970 860
1476980 862
1476990 865
1477000 865
1477010 869
1477020 872
1477030 872
1477040 874
1477050 876
1477060 876
1477070 879
1477080 882
1477090 884
1477100 884
1477110 887
1477120 890
1477130 890
1477140 893
1477150 896
1477160 896
1477170 899
1477180 903
1477190 903
1477200 906
1477210 909
1477220 909
1477230 912
1477240 915
1477250 915
1477260 918
1477270 922
1477280 922
1477290 928
1477300 939
1477310 939
1477320 946
1477330 950
1477340 950
1477350 950
1477360 953
1477370 953
1477380 957
1477390 960
1477400 960
1477410 961
1477420 963
1477430 963
1477440 964
1477450 965
1477460 965
1477470 967
1477480 968
1477490 968
1477500 969
1477510 970
1477520 970
1477530 972
1477540 973
1477550 973
1477560 974
1477570 975
1477580 975
1477590 976
1477600 978
1477610 980
1477620 980
1477630 982
1477640 983
1477650 983
1477660 984
1477670 985
1477680 985
1477690 986
1477700 986
1477710 986
1477720 987
1477730 987
1477740 987
1477750 987
1477760 987
1477770 987
1477780 987
1477790 987
1477800 987
1477810 986
1477820 984
1477830 984
1477840 980
1477850 975
1477860 975
1477870 970
1477880 964
1477890 964
1477900 959
1477910 954
1477920 954
1477930 949
1477940 944
1477950 944
1477960 939
1477970 934
1477980 934
1477990 929
1478000 923
1478010 923
1478020 918
1478030 913
1478040 913
1478050 909
1478060 905
1478070 905
1478080 900
1478090 896
1478100 896
1478110 891
1478120 887
1478130 884
1478140 884
1478150 880
1478160 876
1478170 876
1478180 873
1478190 870
1478200 870
1478210 868
1478220 867
1478230 867
1478240 865
1478250 863
1478260 863
1478270 861
1478280 858
1478290 858
1478300 856
1478310 853
1478320 853
1478330 849
1478340 845
1478350 845
1478360 845
1478370 848
1478380 848
1478390 852
1478400 854
1478410 854
1478420 856
1478430 856
1478440 856
1478450 855
1478460 854
1478470 854
1478480 853
1478490 852
1478500 852
1478510 851
1478520 848
1478530 848
1478540 848
1478550 847
1478560 847
1478570 844
1478580 839
1478590 839
1478600 838
1478610 838
1478620 838
1478630 836
1478640 834
1478650 833
1478660 833
1478670 834
1478680 835
1478690 835
1478700 832
1478710 831
1478720 831
1478730 832
1478740 833
1478750 833
1478760 833
1478770 832
1478780 832
1478790 833
1478800 832
1478810 832
1478820 831
1478830 829
1478840 829
1478850 827
1478860 825
1478870 825
1478880 824
1478890 822
1478900 822
1478910 821
1478920 819
1478930 819
1478940 816
1478950 814
1478960 814
1478970 814
1478980 814
1478990 814
1479000 814
1479010 813
1479020 813
1479030 812
1479040 811
1479050 811
1479060 809
1479070 809
1479080 809
1479090 808
1479100 808
1479110 808
1479120 808
1479130 807
1479140 807
1479150 807
1479160 807
1479170 807
1479180 807
1479190 808
1479200 809
1479210 809
1479220 811
1479230 811
1479240 811
1479250 811
1479260 810
1479270 810
1479280 808
1479290 806
1479300 806
1479310 803
1479320 801
1479330 801
1479340 798
1479350 794
1479360 794
1479370 790
1479380 788
1479390 788
1479400 784
1479410 781
1479420 781
1479430 778
1479440 775
1479450 775
1479460 772
1479470 768
1479480 768
1479490 764
1479500 761
1479510 761
1479520 757
1479530 753
1479540 753
1479550 750
1479560 747
1479570 747
1479580 745
1479590 741
1479600 741
1479610 738
1479620 738
1479630 738
1479640 738
1479650 738
1479660 738
1479670 737
1479680 738
1479690 738
1479700 738
1479710 738
1479720 738
1479730 738
1479740 738
1479750 738
1479760 738
1479770 738
1479780 738
1479790 738
1479800 738
1479810 739
1479820 739
1479830 739
1479840 739
1479850 739
1479860 739
1479870 739
1479880 739
1479890 739
1479900 739
1479910 739
1479920 739
1479930 740
1479940 740
1479950 740
1479960 740
1479970 740
1479980 740
1479990 740
