1460000 834
1460010 832
1460020 828
1460030 828
1460040 823
1460050 817
1460060 817
1460070 812
1460080 807
1460090 807
1460100 803
1460110 799
1460120 799
1460130 795
1460140 791
1460150 787
1460160 787
1460170 784
1460180 780
1460190 780
1460200 777
1460210 775
1460220 775
1460230 774
1460240 771
1460250 771
1460260 767
1460270 761
1460280 761
1460290 759
1460300 757
1460310 757
1460320 756
1460330 755
1460340 755
1460350 753
1460360 749
1460370 749
1460380 745
1460390 741
1460400 741
1460410 739
1460420 737
1460430 737
1460440 734
1460450 731
1460460 731
1460470 728
1460480 725
1460490 725
1460500 723
1460510 720
1460520 720
1460530 717
1460540 713
1460550 713
1460560 711
1460570 710
1460580 710
1460590 708
1460600 706
1460610 706
1460620 704
1460630 703
1460640 703
1460650 701
1460660 700
1460670 700
1460680 699
1460690 699
1460700 699
1460710 699
1460720 698
1460730 697
1460740 697
1460750 697
1460760 696
1460770 696
1460780 695
1460790 694
1460800 694
1460810 693
1460820 691
1460830 691
1460840 690
1460850 686
1460860 686
1460870 688
1460880 689
1460890 689
1460900 687
1460910 687
1460920 687
1460930 689
1460940 691
1460950 691
1460960 691
1460970 691
1460980 691
1460990 687
1461000 685
1461010 685
1461020 679
1461030 674
1461040 674
1461050 672
1461060 672
1461070 672
1461080 676
1461090 681
1461100 681
1461110 686
1461120 691
1461130 691
1461140 693
1461150 694
1461160 694
1461170 696
1461180 697
1461190 697
1461200 699
1461210 701
1461220 702
1461230 702
1461240 705
1461250 706
1461260 706
1461270 708
1461280 711
1461290 711
1461300 715
1461310 720
1461320 720
1461330 725
1461340 732
1461350 732
1461360 739
1461370 749
1461380 749
1461390 757
1461400 763
1461410 763
1461420 769
1461430 774
1461440 774
1461450 778
1461460 781
1461470 781
1461480 784
1461490 787
1461500 787
1461510 790
1461520 795
1461530 795
1461540 799
1461550 803
1461560 803
1461570 807
1461580 809
1461590 809
1461600 809
1461610 809
1461620 809
1461630 810
1461640 811
1461650 811
1461660 814
1461670 818
1461680 818
1461690 821
1461700 825
1461710 825
1461720 829
1461730 832
1461740 836
1461750 836
1461760 839
1461770 842
1461780 842
1461790 846
1461800 849
1461810 849
1461820 853
1461830 855
1461840 855
1461850 857
1461860 861
1461870 861
1461880 864
1461890 867
1461900 867
1461910 869
1461920 870
1461930 870
1461940 870
1461950 871
1461960 871
1461970 873
1461980 875
1461990 875
1462000 878
1462010 880
1462020 880
1462030 881
1462040 882
1462050 882
1462060 882
1462070 879
1462080 879
1462090 872
1462100 866
1462110 866
1462120 860
1462130 855
1462140 855
1462150 850
1462160 846
1462170 846
1462180 843
1462190 839
1462200 839
1462210 836
1462220 834
1462230 834
1462240 832
1462250 830
1462260 828
1462270 828
1462280 826
1462290 822
1462300 822
1462310 817
1462320 812
1462330 812
1462340 809
1462350 805
1462360 805
1462370 802
1462380 800
1462390 800
1462400 798
1462410 795
1462420 795
1462430 792
1462440 789
1462450 789
1462460 787
1462470 784
1462480 784
1462490 783
1462500 782
1462510 782
1462520 780
1462530 779
1462540 779
1462550 778
1462560 776
1462570 776
1462580 774
1462590 773
1462600 773
1462610 770
1462620 766
1462630 766
1462640 763
1462650 758
1462660 758
1462670 755
1462680 754
1462690 754
1462700 753
1462710 752
1462720 752
1462730 751
1462740 749
1462750 749
1462760 747
1462770 744
1462780 744
1462790 741
1462800 738
1462810 735
1462820 735
1462830 732
1462840 729
1462850 729
1462860 728
1462870 728
1462880 728
1462890 727
1462900 726
1462910 726
1462920 724
1462930 723
1462940 723
1462950 722
1462960 720
1462970 720
1462980 718
1462990 716
1463000 716
1463010 714
1463020 713
1463030 713
1463040 711
1463050 709
1463060 709
1463070 707
1463080 704
1463090 704
1463100 702
1463110 701
1463120 701
1463130 700
1463140 700
1463150 700
1463160 699
1463170 698
1463180 698
1463190 696
1463200 695
1463210 695
1463220 695
1463230 693
1463240 693
1463250 694
1463260 695
1463270 695
1463280 694
1463290 693
1463300 693
1463310 687
1463320 684
1463330 685
1463340 685
1463350 687
1463360 688
1463370 688
1463380 688
1463390 692
1463400 692
1463410 694
1463420 694
1463430 694
1463440 690
1463450 685
1463460 685
1463470 683
1463480 681
1463490 681
1463500 680
1463510 679
1463520 679
1463530 678
1463540 678
1463550 678
1463560 679
1463570 681
1463580 681
1463590 682
1463600 681
1463610 681
1463620 680
1463630 677
1463640 677
1463650 675
1463660 674
1463670 674
1463680 672
1463690 670
1463700 670
1463710 666
1463720 664
1463730 664
1463740 665
1463750 664
1463760 664
1463770 663
1463780 662
1463790 662
1463800 660
1463810 660
1463820 660
1463830 663
1463840 667
1463850 669
1463860 669
1463870 670
1463880 671
1463890 671
1463900 671
1463910 672
1463920 672
1463930 672
1463940 673
1463950 673
1463960 673
1463970 673
1463980 673
1463990 671
1464000 676
1464010 676
1464020 678
1464030 679
1464040 679
1464050 680
1464060 682
1464070 682
1464080 683
1464090 685
1464100 685
1464110 686
1464120 689
1464130 689
1464140 691
1464150 693
1464160 693
1464170 695
1464180 697
1464190 697
1464200 700
1464210 702
1464220 702
1464230 705
1464240 708
1464250 708
1464260 712
1464270 715
1464280 715
1464290 719
1464300 722
1464310 722
1464320 724
1464330 725
1464340 725
1464350 726
1464360 726
1464370 726
1464380 726
1464390 725
1464400 724
1464410 724
1464420 723
1464430 723
1464440 723
1464450 723
1464460 723
1464470 723
1464480 723
1464490 722
1464500 722
1464510 721
1464520 720
1464530 720
1464540 719
1464550 719
1464560 719
1464570 718
1464580 716
1464590 716
1464600 713
1464610 711
1464620 711
1464630 711
1464640 711
1464650 711
1464660 710
1464670 713
1464680 713
1464690 715
1464700 716
1464710 716
1464720 718
1464730 718
1464740 718
1464750 716
1464760 711
1464770 711
1464780 708
1464790 708
1464800 708
1464810 715
1464820 722
1464830 722
1464840 726
1464850 729
1464860 729
1464870 732
1464880 734
1464890 735
1464900 735
1464910 738
1464920 741
1464930 741
1464940 746
1464950 750
1464960 750
1464970 755
1464980 760
1464990 760
1465000 765
1465010 770
1465020 770
1465030 776
1465040 781
1465050 781
1465060 786
1465070 792
1465080 792
1465090 797
1465100 802
1465110 802
1465120 808
1465130 814
1465140 814
1465150 820
1465160 826
1465170 826
1465180 831
1465190 833
1465200 833
1465210 832
1465220 832
1465230 832
1465240 831
1465250 831
1465260 831
1465270 831
1465280 831
1465290 831
1465300 832
1465310 834
1465320 834
1465330 835
1465340 836
1465350 836
1465360 838
1465370 840
1465380 840
1465390 841
1465400 841
1465410 841
1465420 841
1465430 841
1465440 841
1465450 841
1465460 839
1465470 837
1465480 837
1465490 838
1465500 840
1465510 840
1465520 842
1465530 841
1465540 841
1465550 838
1465560 831
1465570 831
1465580 824
1465590 821
1465600 821
1465610 818
1465620 814
1465630 814
1465640 812
1465650 812
1465660 812
1465670 813
1465680 814
1465690 814
1465700 811
1465710 805
1465720 805
1465730 798
1465740 789
1465750 789
1465760 780
1465770 774
1465780 774
1465790 771
1465800 767
1465810 767
1465820 760
1465830 753
1465840 753
1465850 749
1465860 748
1465870 748
1465880 749
1465890 750
1465900 750
1465910 752
1465920 754
1465930 754
1465940 754
1465950 756
1465960 759
1465970 759
1465980 763
1465990 767
1466000 767
1466010 770
1466020 774
1466030 774
1466040 777
1466050 781
1466060 781
1466070 785
1466080 790
1466090 790
1466100 794
1466110 798
1466120 798
1466130 804
1466140 807
1466150 807
1466160 811
1466170 814
1466180 814
1466190 816
1466200 816
1466210 816
1466220 814
1466230 813
1466240 813
1466250 810
1466260 805
1466270 805
1466280 799
1466290 793
1466300 793
1466310 787
1466320 781
1466330 781
1466340 775
1466350 767
1466360 767
1466370 762
1466380 762
1466390 762
1466400 757
1466410 749
1466420 749
1466430 742
1466440 736
1466450 736
1466460 732
1466470 728
1466480 725
1466490 725
1466500 720
1466510 715
1466520 715
1466530 711
1466540 708
1466550 708
1466560 705
1466570 702
1466580 702
1466590 699
1466600 692
1466610 692
1466620 684
1466630 678
1466640 678
1466650 673
1466660 668
1466670 668
1466680 663
1466690 658
1466700 658
1466710 650
1466720 643
1466730 643
1466740 635
1466750 631
1466760 631
1466770 631
1466780 634
1466790 634
1466800 635
1466810 633
1466820 633
1466830 625
1466840 614
1466850 614
1466860 606
1466870 601
1466880 601
1466890 593
1466900 588
1466910 588
1466920 581
1466930 577
1466940 577
1466950 577
1466960 577
1466970 577
1466980 577
1466990 576
1467000 576
1467010 576
1467020 576
1467030 574
1467040 574
1467050 574
1467060 573
1467070 573
1467080 573
1467090 574
1467100 574
1467110 575
1467120 576
1467130 576
1467140 578
1467150 579
1467160 579
1467170 580
1467180 581
1467190 581
1467200 583
1467210 584
1467220 584
1467230 586
1467240 588
1467250 588
1467260 589
1467270 589
1467280 589
1467290 589
1467300 589
1467310 589
1467320 589
1467330 589
1467340 589
1467350 590
1467360 591
1467370 591
1467380 591
1467390 589
1467400 589
1467410 586
1467420 589
1467430 589
1467440 595
1467450 597
1467460 597
1467470 599
1467480 603
1467490 603
1467500 607
1467510 609
1467520 609
1467530 612
1467540 614
1467550 618
1467560 618
1467570 621
1467580 624
1467590 624
1467600 630
1467610 633
1467620 633
1467630 636
1467640 641
1467650 641
1467660 647
1467670 651
1467680 651
1467690 655
1467700 658
1467710 658
1467720 662
1467730 669
1467740 669
1467750 677
1467760 681
1467770 681
1467780 684
1467790 685
1467800 685
1467810 685
1467820 687
1467830 687
1467840 689
1467850 689
1467860 689
1467870 687
1467880 687
1467890 687
1467900 687
1467910 683
1467920 683
1467930 686
1467940 694
1467950 694
1467960 703
1467970 710
1467980 710
1467990 717
1468000 723
1468010 723
1468020 729
1468030 734
1468040 734
1468050 737
1468060 738
1468070 737
1468080 737
1468090 735
1468100 735
1468110 735
1468120 736
1468130 736
1468140 736
1468150 735
1468160 736
1468170 736
1468180 738
1468190 740
1468200 740
1468210 744
1468220 750
1468230 750
1468240 756
1468250 763
1468260 763
1468270 769
1468280 778
1468290 778
1468300 787
1468310 796
1468320 796
1468330 805
1468340 812
1468350 812
1468360 821
1468370 829
1468380 829
1468390 837
1468400 846
1468410 846
1468420 858
1468430 869
1468440 869
1468450 881
1468460 891
1468470 891
1468480 901
1468490 915
1468500 915
1468510 923
1468520 931
1468530 931
1468540 936
1468550 941
1468560 941
1468570 945
1468580 948
1468590 951
1468600 951
1468610 954
1468620 957
1468630 957
1468640 961
1468650 965
1468660 965
1468670 969
1468680 972
1468690 972
1468700 976
1468710 978
1468720 978
1468730 979
1468740 978
1468750 978
1468760 977
1468770 972
1468780 972
1468790 967
1468800 961
1468810 961
1468820 954
1468830 947
1468840 947
1468850 940
1468860 935
1468870 935
1468880 930
1468890 927
1468900 927
1468910 926
1468920 921
1468930 921
1468940 916
1468950 908
1468960 908
1468970 902
1468980 895
1468990 895
1469000 886
1469010 879
1469020 879
1469030 872
1469040 862
1469050 862
1469060 854
1469070 846
1469080 846
1469090 839
1469100 832
1469110 826
1469120 826
1469130 821
1469140 817
1469150 817
1469160 813
1469170 809
1469180 809
1469190 805
1469200 801
1469210 801
1469220 798
1469230 795
1469240 795
1469250 791
1469260 788
1469270 788
1469280 784
1469290 781
1469300 781
1469310 777
1469320 773
1469330 773
1469340 771
1469350 769
1469360 769
1469370 767
1469380 766
1469390 766
1469400 764
1469410 763
1469420 763
1469430 763
1469440 763
1469450 763
1469460 763
1469470 763
1469480 763
1469490 763
1469500 761
1469510 761
1469520 762
1469530 764
1469540 764
1469550 766
1469560 768
1469570 768
1469580 770
1469590 773
1469600 773
1469610 775
1469620 779
1469630 782
1469640 782
1469650 785
1469660 789
1469670 789
1469680 792
1469690 794
1469700 794
1469710 797
1469720 801
1469730 801
1469740 803
1469750 807
1469760 807
1469770 811
1469780 813
1469790 813
1469800 814
1469810 817
1469820 817
1469830 820
1469840 822
1469850 822
1469860 822
1469870 822
1469880 822
1469890 821
1469900 820
1469910 820
1469920 820
1469930 821
1469940 821
1469950 821
1469960 821
1469970 821
1469980 820
1469990 818
1470000 818
1470010 816
1470020 812
1470030 812
1470040 808
1470050 804
1470060 804
1470070 799
1470080 795
1470090 795
1470100 790
1470110 785
1470120 785
1470130 780
1470140 776
1470150 776
1470160 772
1470170 768
1470180 763
1470190 763
1470200 761
1470210 758
1470220 758
1470230 755
1470240 751
1470250 751
1470260 747
1470270 744
1470280 744
1470290 741
1470300 740
1470310 740
1470320 739
1470330 737
1470340 737
1470350 735
1470360 732
1470370 732
1470380 729
1470390 726
1470400 726
1470410 723
1470420 721
1470430 721
1470440 720
1470450 720
1470460 720
1470470 720
1470480 720
1470490 720
1470500 720
1470510 720
1470520 720
1470530 719
1470540 719
1470550 719
1470560 719
1470570 718
1470580 718
1470590 718
1470600 717
1470610 717
1470620 716
1470630 715
1470640 715
1470650 715
1470660 715
1470670 715
1470680 716
1470690 717
1470700 717
1470710 717
1470720 717
1470730 717
1470740 717
1470750 718
1470760 718
1470770 718
1470780 718
1470790 718
1470800 718
1470810 719
1470820 719
1470830 719
1470840 720
1470850 721
1470860 721
1470870 722
1470880 723
1470890 723
1470900 723
1470910 723
1470920 723
1470930 724
1470940 724
1470950 724
1470960 724
1470970 723
1470980 723
1470990 722
1471000 720
1471010 720
1471020 718
1471030 717
1471040 717
1471050 714
1471060 716
1471070 716
1471080 716
1471090 716
1471100 716
1471110 715
1471120 714
1471130 714
1471140 715
1471150 714
1471160 714
1471170 713
1471180 712
1471190 712
1471200 709
1471210 705
1471220 704
1471230 704
1471240 709
1471250 714
1471260 714
1471270 717
1471280 720
1471290 720
1471300 721
1471310 722
1471320 722
1471330 724
1471340 726
1471350 726
1471360 731
1471370 732
1471380 732
1471390 732
1471400 733
1471410 733
1471420 733
1471430 733
1471440 733
1471450 733
1471460 734
1471470 734
1471480 733
1471490 734
1471500 734
1471510 734
1471520 735
1471530 735
1471540 735
1471550 735
1471560 735
1471570 735
1471580 736
1471590 736
1471600 735
1471610 735
1471620 735
1471630 735
1471640 735
1471650 735
1471660 735
1471670 735
1471680 735
1471690 734
1471700 734
1471710 734
1471720 734
1471730 734
1471740 733
1471750 733
1471760 732
1471770 730
1471780 730
1471790 729
1471800 727
1471810 727
1471820 726
1471830 725
1471840 725
1471850 724
1471860 724
1471870 724
1471880 723
1471890 723
1471900 723
1471910 722
1471920 722
1471930 722
1471940 721
1471950 721
1471960 721
1471970 720
1471980 720
1471990 720
1472000 720
1472010 719
1472020 719
1472030 718
1472040 716
1472050 716
1472060 708
1472070 703
1472080 703
1472090 702
1472100 700
1472110 700
1472120 704
1472130 709
1472140 709
1472150 714
1472160 721
1472170 721
1472180 728
1472190 733
1472200 733
1472210 738
1472220 741
1472230 741
1472240 743
1472250 747
1472260 747
1472270 750
1472280 751
1472290 751
1472300 751
1472310 751
1472320 751
1472330 751
1472340 751
1472350 751
1472360 751
1472370 748
1472380 745
1472390 745
1472400 744
1472410 744
1472420 744
1472430 744
1472440 744
1472450 744
1472460 744
1472470 744
1472480 744
1472490 744
1472500 744
1472510 744
1472520 745
1472530 745
1472540 745
1472550 746
1472560 746
1472570 746
1472580 747
1472590 748
1472600 748
1472610 750
1472620 752
1472630 752
1472640 754
1472650 755
1472660 755
1472670 756
1472680 757
1472690 757
1472700 758
1472710 760
1472720 760
1472730 760
1472740 761
1472750 761
1472760 761
1472770 762
1472780 762
1472790 762
1472800 763
1472810 764
1472820 764
1472830 765
1472840 766
1472850 766
1472860 767
1472870 769
1472880 769
1472890 770
1472900 771
1472910 771
1472920 773
1472930 774
1472940 774
1472950 775
1472960 776
1472970 776
1472980 776
1472990 775
1473000 775
1473010 774
1473020 772
1473030 772
1473040 770
1473050 768
1473060 768
1473070 766
1473080 765
1473090 765
1473100 763
1473110 760
1473120 760
1473130 758
1473140 756
1473150 756
1473160 755
1473170 751
1473180 751
1473190 747
1473200 749
1473210 749
1473220 749
1473230 749
1473240 749
1473250 746
1473260 744
1473270 744
1473280 744
1473290 743
1473300 743
1473310 743
1473320 744
1473330 746
1473340 746
1473350 747
1473360 751
1473370 751
1473380 756
1473390 758
1473400 758
1473410 759
1473420 760
1473430 760
1473440 761
1473450 762
1473460 762
1473470 762
1473480 762
1473490 762
1473500 763
1473510 763
1473520 763
1473530 763
1473540 762
1473550 762
1473560 762
1473570 761
1473580 761
1473590 761
1473600 760
1473610 760
1473620 758
1473630 756
1473640 756
1473650 754
1473660 751
1473670 751
1473680 754
1473690 756
1473700 756
1473710 756
1473720 757
1473730 757
1473740 757
1473750 758
1473760 758
1473770 760
1473780 762
1473790 762
1473800 763
1473810 764
1473820 764
1473830 765
1473840 766
1473850 766
1473860 766
1473870 765
1473880 766
1473890 766
1473900 765
1473910 765
1473920 765
1473930 765
1473940 765
1473950 765
1473960 764
1473970 762
1473980 762
1473990 761
1474000 761
1474010 761
1474020 762
1474030 762
1474040 762
1474050 764
1474060 768
1474070 768
1474080 771
1474090 775
1474100 775
1474110 780
1474120 786
1474130 786
1474140 791
1474150 794
1474160 794
1474170 795
1474180 795
1474190 795
1474200 795
1474210 794
1474220 794
1474230 794
1474240 797
1474250 797
1474260 800
1474270 804
1474280 804
1474290 809
1474300 813
1474310 813
1474320 818
1474330 823
1474340 823
1474350 828
1474360 833
1474370 839
1474380 839
1474390 844
1474400 849
1474410 849
1474420 855
1474430 857
1474440 857
1474450 856
1474460 856
1474470 856
1474480 854
1474490 851
1474500 851
1474510 848
1474520 846
1474530 846
1474540 845
1474550 842
1474560 842
1474570 840
1474580 840
1474590 840
1474600 840
1474610 841
1474620 841
1474630 842
1474640 842
1474650 842
1474660 843
1474670 842
1474680 842
1474690 842
1474700 841
1474710 841
1474720 840
1474730 840
1474740 840
1474750 839
1474760 838
1474770 838
1474780 837
1474790 836
1474800 836
1474810 832
1474820 827
1474830 827
1474840 823
1474850 818
1474860 818
1474870 817
1474880 820
1474890 820
1474900 822
1474910 825
1474920 828
1474930 828
1474940 833
1474950 838
1474960 838
1474970 843
1474980 849
1474990 849
1475000 857
1475010 863
1475020 863
1475030 872
1475040 880
1475050 880
1475060 888
1475070 894
1475080 894
1475090 900
1475100 904
1475110 904
1475120 908
1475130 912
1475140 912
1475150 917
1475160 922
1475170 922
1475180 928
1475190 933
1475200 933
1475210 938
1475220 944
1475230 944
1475240 949
1475250 955
1475260 955
1475270 960
1475280 966
1475290 966
1475300 971
1475310 977
1475320 977
1475330 982
1475340 988
1475350 988
1475360 994
1475370 999
1475380 999
1475390 1005
1475400 1011
1475410 1011
1475420 1016
1475430 1022
1475440 1027
1475450 1027
1475460 1033
1475470 1039
1475480 1039
1475490 1045
1475500 1051
1475510 1051
1475520 1057
1475530 1062
1475540 1062
1475550 1068
1475560 1074
1475570 1074
1475580 1080
1475590 1085
1475600 1085
1475610 1091
1475620 1095
1475630 1095
1475640 1098
1475650 1100
1475660 1100
1475670 1100
1475680 1098
1475690 1098
1475700 1096
1475710 1093
1475720 1093
1475730 1089
1475740 1086
1475750 1086
1475760 1082
1475770 1078
1475780 1078
1475790 1074
1475800 1070
1475810 1070
1475820 1067
1475830 1063
1475840 1063
1475850 1060
1475860 1057
1475870 1057
1475880 1054
1475890 1050
1475900 1050
1475910 1047
1475920 1043
1475930 1043
1475940 1039
1475950 1035
1475960 1030
1475970 1030
1475980 1025
1475990 1019
1476000 1019
1476010 1014
1476020 1009
1476030 1009
1476040 1004
1476050 999
1476060 999
1476070 994
1476080 991
1476090 991
1476100 988
1476110 985
1476120 985
1476130 982
1476140 979
1476150 979
1476160 977
1476170 974
1476180 974
1476190 970
1476200 967
1476210 967
1476220 962
1476230 958
1476240 958
1476250 954
1476260 950
1476270 950
1476280 946
1476290 943
1476300 943
1476310 939
1476320 936
1476330 936
1476340 932
1476350 928
1476360 928
1476370 924
1476380 921
1476390 921
1476400 918
1476410 916
1476420 916
1476430 914
1476440 912
1476450 912
1476460 910
1476470 907
1476480 905
1476490 905
1476500 903
1476510 901
1476520 901
1476530 898
1476540 896
1476550 896
1476560 895
1476570 895
1476580 895
1476590 893
1476600 890
1476610 890
1476620 887
1476630 885
1476640 885
1476650 882
1476660 885
1476670 885
1476680 888
1476690 891
1476700 891
1476710 892
1476720 894
1476730 894
1476740 897
1476750 899
1476760 899
1476770 901
1476780 904
1476790 904
1476800 906
1476810 913
1476820 913
1476830 917
1476840 923
1476850 923
1476860 928
1476870 932
1476880 932
1476890 937
1476900 942
1476910 942
1476920 946
1476930 950
1476940 950
1476950 954
1476960 958
1476970 958
1476980 961
1476990 964
1477000 964
1477010 968
1477020 971
1477030 974
1477040 974
1477050 977
1477060 979
1477070 979
1477080 982
1477090 985
1477100 985
1477110 987
1477120 990
1477130 990
1477140 993
1477150 995
1477160 995
1477170 998
1477180 1000
1477190 1000
1477200 1001
1477210 1003
1477220 1003
1477230 1005
1477240 1006
1477250 1006
1477260 1007
1477270 1008
1477280 1008
1477290 1009
1477300 1011
1477310 1011
1477320 1012
1477330 1013
1477340 1013
1477350 1014
1477360 1014
1477370 1014
1477380 1015
1477390 1016
1477400 1016
1477410 1016
1477420 1017
1477430 1017
1477440 1018
1477450 1018
1477460 1018
1477470 1017
1477480 1017
1477490 1017
1477500 1017
1477510 1017
1477520 1017
1477530 1017
1477540 1017
1477550 1017
1477560 1017
1477570 1017
1477580 1017
1477590 1017
1477600 1017
1477610 1015
1477620 1015
1477630 1014
1477640 1016
1477650 1016
1477660 1016
1477670 1017
1477680 1017
1477690 1017
1477700 1018
1477710 1018
1477720 1019
1477730 1020
1477740 1020
1477750 1021
1477760 1022
1477770 1022
1477780 1023
1477790 1024
1477800 1024
1477810 1026
1477820 1027
1477830 1027
1477840 1029
1477850 1030
1477860 1030
1477870 1030
1477880 1029
1477890 1029
1477900 1030
1477910 1033
1477920 1033
1477930 1035
1477940 1036
1477950 1036
1477960 1038
1477970 1041
1477980 1041
1477990 1044
1478000 1046
1478010 1046
1478020 1048
1478030 1053
1478040 1053
1478050 1057
1478060 1061
1478070 1064
1478080 1064
1478090 1067
1478100 1071
1478110 1071
1478120 1074
1478130 1078
1478140 1078
1478150 1081
1478160 1084
1478170 1084
1478180 1087
1478190 1091
1478200 1091
1478210 1094
1478220 1097
1478230 1097
1478240 1100
1478250 1103
1478260 1103
1478270 1106
1478280 1109
1478290 1109
1478300 1111
1478310 1114
1478320 1114
1478330 1117
1478340 1119
1478350 1119
1478360 1121
1478370 1123
1478380 1123
1478390 1123
1478400 1121
1478410 1121
1478420 1116
1478430 1110
1478440 1110
1478450 1104
1478460 1099
1478470 1099
1478480 1095
1478490 1092
1478500 1092
1478510 1089
1478520 1088
1478530 1088
1478540 1088
1478550 1089
1478560 1089
1478570 1091
1478580 1092
1478590 1093
1478600 1093
1478610 1097
1478620 1102
1478630 1102
1478640 1108
1478650 1111
1478660 1111
1478670 1113
1478680 1114
1478690 1114
1478700 1116
1478710 1117
1478720 1117
1478730 1119
1478740 1120
1478750 1120
1478760 1120
1478770 1119
1478780 1119
1478790 1119
1478800 1117
1478810 1117
1478820 1116
1478830 1114
1478840 1114
1478850 1110
1478860 1105
1478870 1105
1478880 1100
1478890 1095
1478900 1095
1478910 1089
1478920 1083
1478930 1083
1478940 1078
1478950 1073
1478960 1073
1478970 1067
1478980 1062
1478990 1062
1479000 1056
1479010 1050
1479020 1050
1479030 1047
1479040 1044
1479050 1044
1479060 1041
1479070 1038
1479080 1038
1479090 1035
1479100 1033
1479110 1033
1479120 1032
1479130 1031
1479140 1029
1479150 1029
1479160 1026
1479170 1022
1479180 1022
1479190 1016
1479200 1010
1479210 1010
1479220 1005
1479230 999
1479240 999
1479250 994
1479260 989
1479270 989
1479280 985
1479290 982
1479300 982
1479310 978
1479320 972
1479330 972
1479340 966
1479350 961
1479360 961
1479370 955
1479380 949
1479390 949
1479400 945
1479410 941
1479420 941
1479430 938
1479440 935
1479450 935
1479460 933
1479470 932
1479480 932
1479490 932
1479500 932
1479510 932
1479520 931
1479530 930
1479540 930
1479550 930
1479560 929
1479570 929
1479580 929
1479590 930
1479600 930
1479610 930
1479620 928
1479630 928
1479640 926
1479650 923
1479660 918
1479670 918
1479680 913
1479690 908
1479700 908
1479710 902
1479720 897
1479730 897
1479740 892
1479750 886
1479760 886
1479770 881
1479780 878
1479790 878
1479800 876
1479810 873
1479820 873
1479830 871
1479840 867
1479850 867
1479860 865
1479870 861
1479880 861
1479890 856
1479900 851
1479910 851
1479920 847
1479930 843
1479940 843
1479950 841
1479960 837
1479970 837
1479980 834
1479990 831
