1460000 955
1460010 955
1460020 953
1460030 948
1460040 948
1460050 938
1460060 931
1460070 931
1460080 926
1460090 916
1460100 916
1460110 913
1460120 910
1460130 910
1460140 907
1460150 905
1460160 905
1460170 905
1460180 906
1460190 906
1460200 905
1460210 905
1460220 905
1460230 903
1460240 899
1460250 899
1460260 896
1460270 893
1460280 893
1460290 891
1460300 889
1460310 889
1460320 886
1460330 883
1460340 883
1460350 879
1460360 876
1460370 873
1460380 873
1460390 869
1460400 863
1460410 863
1460420 857
1460430 852
1460440 852
1460450 846
1460460 840
1460470 840
1460480 832
1460490 825
1460500 825
1460510 820
1460520 818
1460530 818
1460540 817
1460550 815
1460560 815
1460570 814
1460580 813
1460590 813
1460600 813
1460610 813
1460620 813
1460630 811
1460640 810
1460650 810
1460660 809
1460670 809
1460680 809
1460690 808
1460700 806
1460710 806
1460720 804
1460730 802
1460740 802
1460750 800
1460760 797
1460770 797
1460780 795
1460790 792
1460800 792
1460810 789
1460820 787
1460830 787
1460840 786
1460850 785
1460860 785
1460870 783
1460880 782
1460890 780
1460900 780
1460910 780
1460920 781
1460930 781
1460940 781
1460950 781
1460960 781
1460970 782
1460980 782
1460990 782
1461000 781
1461010 779
1461020 779
1461030 777
1461040 774
1461050 774
1461060 771
1461070 767
1461080 767
1461090 764
1461100 762
1461110 762
1461120 760
1461130 760
1461140 760
1461150 765
1461160 765
1461170 765
1461180 766
1461190 767
1461200 767
1461210 770
1461220 773
1461230 773
1461240 775
1461250 777
1461260 777
1461270 779
1461280 780
1461290 780
1461300 781
1461310 783
1461320 783
1461330 784
1461340 785
1461350 785
1461360 787
1461370 787
1461380 787
1461390 787
1461400 788
1461410 788
1461420 788
1461430 789
1461440 791
1461450 791
1461460 792
1461470 793
1461480 793
1461490 792
1461500 792
1461510 792
1461520 792
1461530 793
1461540 793
1461550 794
1461560 796
1461570 796
1461580 798
1461590 800
1461600 800
1461610 803
1461620 805
1461630 805
1461640 807
1461650 811
1461660 811
1461670 814
1461680 818
1461690 818
1461700 822
1461710 825
1461720 825
1461730 827
1461740 828
1461750 828
1461760 828
1461770 831
1461780 831
1461790 834
1461800 837
1461810 837
1461820 841
1461830 846
1461840 846
1461850 850
1461860 856
1461870 856
1461880 860
1461890 865
1461900 865
1461910 870
1461920 874
1461930 874
1461940 879
1461950 884
1461960 889
1461970 889
1461980 894
1461990 900
1462000 900
1462010 906
1462020 910
1462030 910
1462040 915
1462050 920
1462060 920
1462070 924
1462080 929
1462090 929
1462100 933
1462110 938
1462120 938
1462130 943
1462140 947
1462150 947
1462160 952
1462170 956
1462180 956
1462190 960
1462200 964
1462210 964
1462220 969
1462230 974
1462240 974
1462250 979
1462260 984
1462270 984
1462280 990
1462290 995
1462300 995
1462310 1001
1462320 1007
1462330 1007
1462340 1013
1462350 1018
1462360 1018
1462370 1024
1462380 1030
1462390 1030
1462400 1035
1462410 1041
1462420 1041
1462430 1046
1462440 1051
1462450 1051
1462460 1056
1462470 1060
1462480 1065
1462490 1065
1462500 1069
1462510 1074
1462520 1074
1462530 1077
1462540 1080
1462550 1080
1462560 1083
1462570 1087
1462580 1087
1462590 1091
1462600 1094
1462610 1094
1462620 1098
1462630 1101
1462640 1101
1462650 1104
1462660 1107
1462670 1107
1462680 1110
1462690 1112
1462700 1112
1462710 1115
1462720 1118
1462730 1118
1462740 1120
1462750 1122
1462760 1122
1462770 1124
1462780 1127
1462790 1127
1462800 1128
1462810 1130
1462820 1130
1462830 1131
1462840 1133
1462850 1133
1462860 1135
1462870 1136
1462880 1136
1462890 1134
1462900 1128
1462910 1128
1462920 1123
1462930 1119
1462940 1119
1462950 1116
1462960 1113
1462970 1113
1462980 1111
1462990 1109
1463000 1109
1463010 1107
1463020 1107
1463030 1106
1463040 1106
1463050 1106
1463060 1107
1463070 1107
1463080 1106
1463090 1103
1463100 1103
1463110 1101
1463120 1097
1463130 1097
1463140 1091
1463150 1085
1463160 1085
1463170 1079
1463180 1075
1463190 1075
1463200 1070
1463210 1066
1463220 1066
1463230 1062
1463240 1057
1463250 1057
1463260 1051
1463270 1045
1463280 1045
1463290 1040
1463300 1036
1463310 1036
1463320 1032
1463330 1027
1463340 1027
1463350 1023
1463360 1020
1463370 1020
1463380 1017
1463390 1013
1463400 1013
1463410 1007
1463420 1000
1463430 1000
1463440 993
1463450 985
1463460 985
1463470 977
1463480 969
1463490 969
1463500 961
1463510 953
1463520 953
1463530 946
1463540 939
1463550 933
1463560 933
1463570 926
1463580 920
1463590 920
1463600 914
1463610 908
1463620 908
1463630 902
1463640 895
1463650 895
1463660 888
1463670 882
1463680 882
1463690 876
1463700 871
1463710 871
1463720 864
1463730 857
1463740 857
1463750 849
1463760 842
1463770 842
1463780 835
1463790 828
1463800 828
1463810 822
1463820 817
1463830 817
1463840 811
1463850 803
1463860 803
1463870 797
1463880 792
1463890 792
1463900 788
1463910 784
1463920 784
1463930 780
1463940 777
1463950 777
1463960 773
1463970 767
1463980 767
1463990 758
1464000 752
1464010 752
1464020 747
1464030 742
1464040 742
1464050 738
1464060 734
1464070 734
1464080 730
1464090 726
1464100 722
1464110 722
1464120 717
1464130 712
1464140 712
1464150 709
1464160 705
1464170 705
1464180 703
1464190 703
1464200 703
1464210 701
1464220 700
1464230 700
1464240 697
1464250 694
1464260 694
1464270 695
1464280 696
1464290 696
1464300 696
1464310 695
1464320 695
1464330 692
1464340 689
1464350 689
1464360 693
1464370 694
1464380 694
1464390 697
1464400 702
1464410 702
1464420 703
1464430 706
1464440 706
1464450 712
1464460 715
1464470 715
1464480 718
1464490 721
1464500 721
1464510 724
1464520 725
1464530 725
1464540 722
1464550 718
1464560 718
1464570 717
1464580 717
1464590 717
1464600 718
1464610 719
1464620 720
1464630 720
1464640 720
1464650 719
1464660 719
1464670 723
1464680 725
1464690 725
1464700 729
1464710 736
1464720 736
1464730 742
1464740 748
1464750 748
1464760 755
1464770 759
1464780 759
1464790 761
1464800 765
1464810 765
1464820 770
1464830 776
1464840 776
1464850 782
1464860 790
1464870 790
1464880 796
1464890 800
1464900 800
1464910 805
1464920 810
1464930 810
1464940 816
1464950 821
1464960 821
1464970 826
1464980 826
1464990 826
1465000 822
1465010 818
1465020 818
1465030 816
1465040 816
1465050 816
1465060 816
1465070 817
1465080 817
1465090 817
1465100 816
1465110 816
1465120 815
1465130 813
1465140 813
1465150 814
1465160 815
1465170 816
1465180 816
1465190 815
1465200 815
1465210 815
1465220 815
1465230 815
1465240 815
1465250 814
1465260 814
1465270 814
1465280 813
1465290 813
1465300 813
1465310 812
1465320 811
1465330 811
1465340 810
1465350 809
1465360 809
1465370 808
1465380 806
1465390 806
1465400 804
1465410 802
1465420 802
1465430 800
1465440 798
1465450 798
1465460 795
1465470 791
1465480 791
1465490 784
1465500 776
1465510 776
1465520 769
1465530 762
1465540 762
1465550 755
1465560 747
1465570 747
1465580 738
1465590 730
1465600 730
1465610 731
1465620 730
1465630 730
1465640 726
1465650 722
1465660 722
1465670 721
1465680 720
1465690 719
1465700 719
1465710 717
1465720 721
1465730 721
1465740 723
1465750 726
1465760 726
1465770 728
1465780 729
1465790 729
1465800 724
1465810 717
1465820 717
1465830 710
1465840 705
1465850 705
1465860 702
1465870 699
1465880 699
1465890 696
1465900 694
1465910 694
1465920 693
1465930 691
1465940 691
1465950 690
1465960 688
1465970 688
1465980 687
1465990 684
1466000 684
1466010 680
1466020 677
1466030 677
1466040 674
1466050 668
1466060 668
1466070 663
1466080 658
1466090 658
1466100 653
1466110 648
1466120 648
1466130 644
1466140 637
1466150 637
1466160 628
1466170 617
1466180 617
1466190 609
1466200 606
1466210 606
1466220 606
1466230 606
1466240 605
1466250 605
1466260 605
1466270 605
1466280 605
1466290 605
1466300 605
1466310 605
1466320 605
1466330 605
1466340 605
1466350 605
1466360 605
1466370 605
1466380 605
1466390 605
1466400 605
1466410 604
1466420 604
1466430 604
1466440 603
1466450 603
1466460 603
1466470 603
1466480 603
1466490 603
1466500 601
1466510 600
1466520 600
1466530 599
1466540 599
1466550 599
1466560 597
1466570 594
1466580 594
1466590 592
1466600 592
1466610 592
1466620 591
1466630 591
1466640 591
1466650 589
1466660 588
1466670 588
1466680 588
1466690 588
1466700 588
1466710 588
1466720 588
1466730 588
1466740 588
1466750 588
1466760 588
1466770 588
1466780 587
1466790 585
1466800 585
1466810 584
1466820 584
1466830 584
1466840 582
1466850 582
1466860 582
1466870 581
1466880 581
1466890 581
1466900 585
1466910 589
1466920 589
1466930 593
1466940 595
1466950 595
1466960 595
1466970 596
1466980 596
1466990 597
1467000 598
1467010 598
1467020 600
1467030 600
1467040 600
1467050 600
1467060 601
1467070 601
1467080 601
1467090 602
1467100 602
1467110 602
1467120 603
1467130 603
1467140 604
1467150 605
1467160 605
1467170 606
1467180 610
1467190 610
1467200 614
1467210 617
1467220 617
1467230 620
1467240 622
1467250 622
1467260 625
1467270 629
1467280 629
1467290 633
1467300 637
1467310 640
1467320 640
1467330 645
1467340 650
1467350 650
1467360 655
1467370 658
1467380 658
1467390 657
1467400 657
1467410 657
1467420 658
1467430 659
1467440 659
1467450 661
1467460 666
1467470 666
1467480 671
1467490 676
1467500 676
1467510 677
1467520 678
1467530 678
1467540 680
1467550 684
1467560 684
1467570 688
1467580 691
1467590 691
1467600 697
1467610 703
1467620 703
1467630 707
1467640 711
1467650 711
1467660 717
1467670 721
1467680 721
1467690 723
1467700 722
1467710 722
1467720 725
1467730 729
1467740 729
1467750 735
1467760 738
1467770 738
1467780 739
1467790 735
1467800 735
1467810 731
1467820 727
1467830 721
1467840 721
1467850 715
1467860 710
1467870 710
1467880 705
1467890 703
1467900 703
1467910 702
1467920 700
1467930 700
1467940 699
1467950 696
1467960 696
1467970 691
1467980 686
1467990 686
1468000 682
1468010 679
1468020 679
1468030 675
1468040 671
1468050 671
1468060 668
1468070 666
1468080 666
1468090 664
1468100 664
1468110 664
1468120 665
1468130 665
1468140 665
1468150 666
1468160 667
1468170 667
1468180 669
1468190 670
1468200 670
1468210 672
1468220 676
1468230 676
1468240 680
1468250 685
1468260 685
1468270 688
1468280 692
1468290 692
1468300 695
1468310 701
1468320 701
1468330 701
1468340 697
1468350 697
1468360 698
1468370 703
1468380 709
1468390 709
1468400 705
1468410 699
1468420 699
1468430 694
1468440 689
1468450 689
1468460 689
1468470 690
1468480 690
1468490 690
1468500 691
1468510 691
1468520 691
1468530 691
1468540 691
1468550 690
1468560 689
1468570 689
1468580 687
1468590 685
1468600 685
1468610 684
1468620 683
1468630 683
1468640 681
1468650 680
1468660 680
1468670 679
1468680 678
1468690 678
1468700 677
1468710 675
1468720 675
1468730 673
1468740 672
1468750 672
1468760 671
1468770 669
1468780 669
1468790 668
1468800 667
1468810 667
1468820 666
1468830 666
1468840 666
1468850 664
1468860 663
1468870 663
1468880 662
1468890 661
1468900 660
1468910 660
1468920 658
1468930 657
1468940 657
1468950 656
1468960 653
1468970 653
1468980 650
1468990 648
1469000 648
1469010 649
1469020 651
1469030 651
1469040 652
1469050 655
1469060 655
1469070 657
1469080 657
1469090 657
1469100 658
1469110 660
1469120 660
1469130 661
1469140 662
1469150 662
1469160 664
1469170 665
1469180 665
1469190 666
1469200 667
1469210 667
1469220 668
1469230 668
1469240 668
1469250 669
1469260 669
1469270 669
1469280 668
1469290 668
1469300 668
1469310 667
1469320 666
1469330 666
1469340 666
1469350 667
1469360 667
1469370 668
1469380 669
1469390 669
1469400 670
1469410 670
1469420 670
1469430 671
1469440 672
1469450 674
1469460 674
1469470 674
1469480 675
1469490 675
1469500 675
1469510 675
1469520 675
1469530 676
1469540 677
1469550 677
1469560 677
1469570 677
1469580 677
1469590 677
1469600 678
1469610 678
1469620 679
1469630 678
1469640 678
1469650 679
1469660 681
1469670 681
1469680 684
1469690 687
1469700 687
1469710 690
1469720 694
1469730 694
1469740 698
1469750 702
1469760 702
1469770 706
1469780 710
1469790 710
1469800 712
1469810 710
1469820 710
1469830 710
1469840 709
1469850 709
1469860 706
1469870 703
1469880 703
1469890 702
1469900 701
1469910 701
1469920 701
1469930 704
1469940 704
1469950 710
1469960 712
1469970 712
1469980 712
1469990 712
1470000 712
1470010 712
1470020 710
1470030 706
1470040 706
1470050 706
1470060 708
1470070 708
1470080 709
1470090 706
1470100 706
1470110 703
1470120 699
1470130 699
1470140 693
1470150 691
1470160 691
1470170 693
1470180 696
1470190 696
1470200 697
1470210 696
1470220 696
1470230 692
1470240 688
1470250 688
1470260 685
1470270 685
1470280 685
1470290 685
1470300 683
1470310 683
1470320 682
1470330 679
1470340 679
1470350 681
1470360 683
1470370 683
1470380 685
1470390 688
1470400 688
1470410 694
1470420 695
1470430 695
1470440 699
1470450 704
1470460 704
1470470 707
1470480 710
1470490 711
1470500 711
1470510 713
1470520 715
1470530 715
1470540 717
1470550 718
1470560 718
1470570 720
1470580 720
1470590 720
1470600 721
1470610 721
1470620 721
1470630 722
1470640 724
1470650 724
1470660 727
1470670 727
1470680 727
1470690 728
1470700 729
1470710 729
1470720 729
1470730 730
1470740 730
1470750 730
1470760 731
1470770 731
1470780 731
1470790 732
1470800 732
1470810 733
1470820 733
1470830 733
1470840 734
1470850 734
1470860 734
1470870 734
1470880 734
1470890 734
1470900 734
1470910 734
1470920 734
1470930 734
1470940 733
1470950 733
1470960 734
1470970 733
1470980 733
1470990 733
1471000 732
1471010 732
1471020 729
1471030 727
1471040 728
1471050 728
1471060 725
1471070 721
1471080 721
1471090 718
1471100 717
1471110 717
1471120 720
1471130 724
1471140 724
1471150 731
1471160 732
1471170 732
1471180 732
1471190 732
1471200 732
1471210 732
1471220 731
1471230 731
1471240 730
1471250 730
1471260 730
1471270 730
1471280 730
1471290 730
1471300 731
1471310 734
1471320 734
1471330 739
1471340 743
1471350 743
1471360 749
1471370 753
1471380 753
1471390 756
1471400 760
1471410 760
1471420 763
1471430 765
1471440 765
1471450 768
1471460 768
1471470 768
1471480 769
1471490 770
1471500 770
1471510 771
1471520 771
1471530 771
1471540 772
1471550 772
1471560 772
1471570 772
1471580 772
1471590 772
1471600 772
1471610 773
1471620 773
1471630 773
1471640 773
1471650 772
1471660 772
1471670 771
1471680 771
1471690 771
1471700 771
1471710 771
1471720 771
1471730 771
1471740 771
1471750 771
1471760 771
1471770 770
1471780 770
1471790 769
1471800 769
1471810 769
1471820 769
1471830 769
1471840 769
1471850 769
1471860 769
1471870 769
1471880 769
1471890 770
1471900 770
1471910 771
1471920 772
1471930 772
1471940 775
1471950 779
1471960 779
1471970 781
1471980 784
1471990 784
1472000 787
1472010 791
1472020 791
1472030 795
1472040 799
1472050 799
1472060 806
1472070 816
1472080 816
1472090 823
1472100 827
1472110 830
1472120 830
1472130 831
1472140 828
1472150 828
1472160 826
1472170 823
1472180 823
1472190 818
1472200 815
1472210 815
1472220 813
1472230 811
1472240 811
1472250 814
1472260 820
1472270 820
1472280 823
1472290 823
1472300 823
1472310 826
1472320 830
1472330 830
1472340 834
1472350 838
1472360 838
1472370 843
1472380 844
1472390 844
1472400 844
1472410 843
1472420 843
1472430 841
1472440 839
1472450 839
1472460 838
1472470 837
1472480 837
1472490 837
1472500 841
1472510 841
1472520 843
1472530 847
1472540 847
1472550 850
1472560 852
1472570 852
1472580 854
1472590 858
1472600 858
1472610 862
1472620 867
1472630 872
1472640 872
1472650 877
1472660 882
1472670 882
1472680 888
1472690 894
1472700 894
1472710 900
1472720 905
1472730 905
1472740 911
1472750 917
1472760 917
1472770 922
1472780 928
1472790 928
1472800 933
1472810 939
1472820 939
1472830 944
1472840 949
1472850 949
1472860 954
1472870 959
1472880 959
1472890 963
1472900 968
1472910 968
1472920 972
1472930 976
1472940 976
1472950 981
1472960 985
1472970 985
1472980 989
1472990 994
1473000 994
1473010 998
1473020 1002
1473030 1002
1473040 1007
1473050 1011
1473060 1011
1473070 1016
1473080 1021
1473090 1021
1473100 1027
1473110 1032
1473120 1032
1473130 1036
1473140 1041
1473150 1041
1473160 1044
1473170 1046
1473180 1046
1473190 1046
1473200 1045
1473210 1043
1473220 1043
1473230 1040
1473240 1037
1473250 1037
1473260 1033
1473270 1029
1473280 1029
1473290 1023
1473300 1018
1473310 1018
1473320 1014
1473330 1009
1473340 1009
1473350 1005
1473360 1001
1473370 1001
1473380 996
1473390 992
1473400 992
1473410 987
1473420 983
1473430 983
1473440 979
1473450 975
1473460 975
1473470 971
1473480 967
1473490 967
1473500 962
1473510 959
1473520 959
1473530 955
1473540 951
1473550 951
1473560 947
1473570 944
1473580 944
1473590 940
1473600 935
1473610 935
1473620 932
1473630 928
1473640 928
1473650 924
1473660 920
1473670 920
1473680 916
1473690 913
1473700 909
1473710 909
1473720 906
1473730 901
1473740 901
1473750 897
1473760 893
1473770 893
1473780 890
1473790 886
1473800 886
1473810 883
1473820 880
1473830 880
1473840 878
1473850 876
1473860 876
1473870 873
1473880 871
1473890 871
1473900 868
1473910 865
1473920 865
1473930 863
1473940 860
1473950 860
1473960 857
1473970 854
1473980 854
1473990 851
1474000 849
1474010 849
1474020 846
1474030 842
1474040 842
1474050 839
1474060 836
1474070 836
1474080 834
1474090 832
1474100 832
1474110 829
1474120 825
1474130 825
1474140 821
1474150 819
1474160 819
1474170 818
1474180 817
1474190 817
1474200 816
1474210 814
1474220 814
1474230 814
1474240 815
1474250 815
1474260 815
1474270 816
1474280 815
1474290 815
1474300 813
1474310 810
1474320 810
1474330 805
1474340 800
1474350 800
1474360 798
1474370 796
1474380 796
1474390 794
1474400 794
1474410 794
1474420 793
1474430 790
1474440 790
1474450 790
1474460 790
1474470 790
1474480 790
1474490 789
1474500 789
1474510 789
1474520 790
1474530 790
1474540 790
1474550 788
1474560 788
1474570 785
1474580 785
1474590 785
1474600 785
1474610 786
1474620 786
1474630 786
1474640 786
1474650 786
1474660 786
1474670 786
1474680 786
1474690 786
1474700 787
1474710 787
1474720 787
1474730 788
1474740 788
1474750 788
1474760 789
1474770 789
1474780 789
1474790 789
1474800 790
1474810 790
1474820 792
1474830 794
1474840 794
1474850 797
1474860 798
1474870 798
1474880 799
1474890 801
1474900 801
1474910 804
1474920 807
1474930 807
1474940 810
1474950 813
1474960 813
1474970 815
1474980 818
1474990 818
1475000 821
1475010 824
1475020 824
1475030 827
1475040 830
1475050 830
1475060 834
1475070 838
1475080 838
1475090 842
1475100 845
1475110 845
1475120 849
1475130 852
1475140 852
1475150 854
1475160 855
1475170 855
1475180 856
1475190 858
1475200 858
1475210 861
1475220 865
1475230 865
1475240 870
1475250 876
1475260 876
1475270 881
1475280 887
1475290 887
1475300 893
1475310 899
1475320 906
1475330 906
1475340 911
1475350 919
1475360 919
1475370 925
1475380 932
1475390 932
1475400 939
1475410 947
1475420 947
1475430 954
1475440 962
1475450 962
1475460 968
1475470 976
1475480 976
1475490 982
1475500 987
1475510 987
1475520 992
1475530 998
1475540 998
1475550 1006
1475560 1014
1475570 1014
1475580 1018
1475590 1017
1475600 1017
1475610 1017
1475620 1018
1475630 1018
1475640 1019
1475650 1019
1475660 1019
1475670 1020
1475680 1022
1475690 1022
1475700 1022
1475710 1022
1475720 1022
1475730 1023
1475740 1023
1475750 1023
1475760 1023
1475770 1021
1475780 1021
1475790 1019
1475800 1018
1475810 1018
1475820 1017
1475830 1016
1475840 1015
1475850 1015
1475860 1015
1475870 1015
1475880 1015
1475890 1015
1475900 1014
1475910 1014
1475920 1014
1475930 1013
1475940 1013
1475950 1012
1475960 1011
1475970 1011
1475980 1010
1475990 1009
1476000 1009
1476010 1009
1476020 1009
1476030 1009
1476040 1009
1476050 1008
1476060 1008
1476070 1007
1476080 1007
1476090 1007
1476100 1006
1476110 1005
1476120 1005
1476130 1003
1476140 1000
1476150 1000
1476160 1000
1476170 1001
1476180 1001
1476190 1003
1476200 1006
1476210 1006
1476220 1010
1476230 1015
1476240 1015
1476250 1021
1476260 1027
1476270 1027
1476280 1033
1476290 1038
1476300 1038
1476310 1043
1476320 1047
1476330 1047
1476340 1050
1476350 1051
1476360 1051
1476370 1054
1476380 1058
1476390 1063
1476400 1063
1476410 1068
1476420 1073
1476430 1073
1476440 1079
1476450 1084
1476460 1084
1476470 1088
1476480 1091
1476490 1091
1476500 1094
1476510 1097
1476520 1097
1476530 1099
1476540 1101
1476550 1101
1476560 1106
1476570 1113
1476580 1113
1476590 1120
1476600 1129
1476610 1129
1476620 1137
1476630 1144
1476640 1144
1476650 1150
1476660 1156
1476670 1156
1476680 1163
1476690 1168
1476700 1168
1476710 1174
1476720 1181
1476730 1181
1476740 1187
1476750 1193
1476760 1193
1476770 1199
1476780 1205
1476790 1205
1476800 1211
1476810 1216
1476820 1216
1476830 1222
1476840 1228
1476850 1228
1476860 1234
1476870 1240
1476880 1240
1476890 1245
1476900 1251
1476910 1256
1476920 1256
1476930 1261
1476940 1266
1476950 1266
1476960 1271
1476970 1275
1476980 1275
1476990 1280
1477000 1284
1477010 1284
1477020 1287
1477030 1291
1477040 1291
1477050 1294
1477060 1297
1477070 1297
1477080 1299
1477090 1300
1477100 1300
1477110 1297
1477120 1292
1477130 1292
1477140 1287
1477150 1283
1477160 1283
1477170 1279
1477180 1275
1477190 1275
1477200 1272
1477210 1269
1477220 1269
1477230 1266
1477240 1263
1477250 1263
1477260 1260
1477270 1257
1477280 1257
1477290 1255
1477300 1252
1477310 1252
1477320 1250
1477330 1247
1477340 1247
1477350 1243
1477360 1240
1477370 1240
1477380 1236
1477390 1232
1477400 1232
1477410 1228
1477420 1223
1477430 1223
1477440 1218
1477450 1213
1477460 1207
1477470 1207
1477480 1201
1477490 1196
1477500 1196
1477510 1189
1477520 1183
1477530 1183
1477540 1177
1477550 1175
1477560 1175
1477570 1174
1477580 1171
1477590 1171
1477600 1167
1477610 1164
1477620 1164
1477630 1162
1477640 1160
1477650 1160
1477660 1158
1477670 1157
1477680 1157
1477690 1156
1477700 1156
1477710 1156
1477720 1156
1477730 1156
1477740 1156
1477750 1157
1477760 1159
1477770 1159
1477780 1158
1477790 1155
1477800 1155
1477810 1151
1477820 1148
1477830 1148
1477840 1144
1477850 1139
1477860 1139
1477870 1134
1477880 1129
1477890 1129
1477900 1125
1477910 1120
1477920 1120
1477930 1115
1477940 1110
1477950 1110
1477960 1105
1477970 1099
1477980 1095
1477990 1095
1478000 1089
1478010 1084
1478020 1084
1478030 1077
1478040 1070
1478050 1070
1478060 1064
1478070 1055
1478080 1055
1478090 1045
1478100 1040
1478110 1040
1478120 1032
1478130 1020
1478140 1020
1478150 1009
1478160 994
1478170 994
1478180 980
1478190 968
1478200 968
1478210 954
1478220 946
1478230 946
1478240 937
1478250 930
1478260 930
1478270 924
1478280 916
1478290 916
1478300 912
1478310 910
1478320 910
1478330 911
1478340 912
1478350 912
1478360 913
1478370 913
1478380 913
1478390 916
1478400 920
1478410 920
1478420 925
1478430 927
1478440 927
1478450 926
1478460 924
1478470 924
1478480 923
1478490 925
1478500 924
1478510 924
1478520 926
1478530 928
1478540 928
1478550 929
1478560 931
1478570 931
1478580 931
1478590 928
1478600 928
1478610 923
1478620 917
1478630 917
1478640 911
1478650 905
1478660 905
1478670 896
1478680 886
1478690 886
1478700 877
1478710 871
1478720 871
1478730 865
1478740 869
1478750 869
1478760 871
1478770 870
1478780 870
1478790 870
1478800 869
1478810 869
1478820 868
1478830 867
1478840 867
1478850 866
1478860 864
1478870 864
1478880 863
1478890 861
1478900 861
1478910 859
1478920 857
1478930 857
1478940 856
1478950 856
1478960 856
1478970 854
1478980 853
1478990 853
1479000 852
1479010 850
1479020 850
1479030 848
1479040 846
1479050 844
1479060 844
1479070 842
1479080 840
1479090 840
1479100 841
1479110 841
1479120 841
1479130 839
1479140 838
1479150 838
1479160 835
1479170 831
1479180 831
1479190 827
1479200 823
1479210 823
1479220 818
1479230 812
1479240 812
1479250 807
1479260 803
1479270 803
1479280 797
1479290 792
1479300 792
1479310 786
1479320 782
1479330 782
1479340 776
1479350 770
1479360 770
1479370 764
1479380 758
1479390 758
1479400 753
1479410 747
1479420 747
1479430 742
1479440 738
1479450 738
1479460 737
1479470 736
1479480 736
1479490 735
1479500 733
1479510 733
1479520 732
1479530 731
1479540 731
1479550 730
1479560 729
1479570 727
1479580 727
1479590 726
1479600 725
1479610 725
1479620 723
1479630 722
1479640 722
1479650 720
1479660 719
1479670 719
1479680 717
1479690 714
1479700 714
1479710 714
1479720 715
1479730 715
1479740 714
1479750 711
1479760 711
1479770 708
1479780 707
1479790 707
1479800 708
1479810 708
1479820 708
1479830 707
1479840 706
1479850 706
1479860 705
1479870 705
1479880 705
1479890 704
1479900 703
1479910 703
1479920 702
1479930 701
1479940 701
1479950 700
1479960 699
1479970 699
1479980 698
1479990 697
