1460000 1044
1460010 1041
1460020 1041
1460030 1039
1460040 1035
1460050 1035
1460060 1033
1460070 1031
1460080 1031
1460090 1029
1460100 1028
1460110 1028
1460120 1027
1460130 1026
1460140 1026
1460150 1025
1460160 1023
1460170 1023
1460180 1022
1460190 1021
1460200 1021
1460210 1020
1460220 1019
1460230 1019
1460240 1018
1460250 1017
1460260 1016
1460270 1016
1460280 1015
1460290 1014
1460300 1014
1460310 1013
1460320 1012
1460330 1012
1460340 1012
1460350 1012
1460360 1012
1460370 1011
1460380 1011
1460390 1011
1460400 1009
1460410 1009
1460420 1009
1460430 1010
1460440 1010
1460450 1010
1460460 1010
1460470 1011
1460480 1011
1460490 1011
1460500 1011
1460510 1011
1460520 1012
1460530 1012
1460540 1012
1460550 1012
1460560 1012
1460570 1012
1460580 1012
1460590 1012
1460600 1012
1460610 1011
1460620 1011
1460630 1011
1460640 1011
1460650 1010
1460660 1010
1460670 1011
1460680 1010
1460690 1010
1460700 1010
1460710 1009
1460720 1009
1460730 1009
1460740 1008
1460750 1008
1460760 1007
1460770 1006
1460780 1006
1460790 1005
1460800 1004
1460810 1002
1460820 1002
1460830 1000
1460840 999
1460850 999
1460860 999
1460870 999
1460880 999
1460890 999
1460900 998
1460910 998
1460920 994
1460930 990
1460940 990
1460950 989
1460960 990
1460970 990
1460980 989
1460990 988
1461000 988
1461010 986
1461020 985
1461030 985
1461040 983
1461050 982
1461060 982
1461070 980
1461080 978
1461090 978
1461100 976
1461110 974
1461120 974
1461130 970
1461140 966
1461150 966
1461160 964
1461170 963
1461180 963
1461190 960
1461200 956
1461210 956
1461220 952
1461230 951
1461240 951
1461250 949
1461260 947
1461270 947
1461280 944
1461290 942
1461300 942
1461310 941
1461320 940
1461330 940
1461340 939
1461350 938
1461360 936
1461370 936
1461380 934
1461390 932
1461400 932
1461410 930
1461420 927
1461430 927
1461440 924
1461450 922
1461460 922
1461470 920
1461480 918
1461490 918
1461500 914
1461510 912
1461520 912
1461530 911
1461540 908
1461550 908
1461560 906
1461570 902
1461580 902
1461590 899
1461600 897
1461610 897
1461620 895
1461630 893
1461640 893
1461650 890
1461660 888
1461670 888
1461680 886
1461690 883
1461700 883
1461710 880
1461720 879
1461730 879
1461740 878
1461750 878
1461760 878
1461770 878
1461780 878
1461790 878
1461800 877
1461810 877
1461820 877
1461830 876
1461840 876
1461850 876
1461860 875
1461870 874
1461880 874
1461890 874
1461900 873
1461910 873
1461920 873
1461930 873
1461940 874
1461950 874
1461960 874
1461970 875
1461980 875
1461990 875
1462000 875
1462010 875
1462020 876
1462030 877
1462040 877
1462050 878
1462060 879
1462070 879
1462080 880
1462090 881
1462100 881
1462110 883
1462120 884
1462130 884
1462140 885
1462150 886
1462160 886
1462170 887
1462180 887
1462190 887
1462200 887
1462210 887
1462220 887
1462230 887
1462240 887
1462250 887
1462260 888
1462270 888
1462280 888
1462290 889
1462300 889
1462310 889
1462320 889
1462330 890
1462340 890
1462350 890
1462360 891
1462370 891
1462380 891
1462390 892
1462400 892
1462410 894
1462420 895
1462430 895
1462440 897
1462450 898
1462460 899
1462470 899
1462480 900
1462490 899
1462500 899
1462510 899
1462520 899
1462530 899
1462540 899
1462550 898
1462560 898
1462570 898
1462580 897
1462590 897
1462600 895
1462610 893
1462620 893
1462630 890
1462640 887
1462650 887
1462660 885
1462670 883
1462680 883
1462690 881
1462700 879
1462710 879
1462720 876
1462730 874
1462740 874
1462750 872
1462760 870
1462770 870
1462780 870
1462790 870
1462800 870
1462810 870
1462820 868
1462830 868
1462840 867
1462850 868
1462860 868
1462870 868
1462880 869
1462890 869
1462900 867
1462910 866
1462920 866
1462930 868
1462940 868
1462950 868
1462960 869
1462970 870
1462980 870
1462990 870
1463000 868
1463010 866
1463020 866
1463030 863
1463040 861
1463050 861
1463060 857
1463070 856
1463080 856
1463090 853
1463100 851
1463110 851
1463120 848
1463130 846
1463140 846
1463150 844
1463160 841
1463170 841
1463180 838
1463190 834
1463200 834
1463210 829
1463220 825
1463230 825
1463240 823
1463250 822
1463260 822
1463270 822
1463280 823
1463290 823
1463300 824
1463310 825
1463320 825
1463330 824
1463340 824
1463350 824
1463360 824
1463370 824
1463380 824
1463390 823
1463400 822
1463410 822
1463420 822
1463430 822
1463440 822
1463450 823
1463460 824
1463470 824
1463480 824
1463490 822
1463500 822
1463510 821
1463520 821
1463530 821
1463540 821
1463550 818
1463560 815
1463570 815
1463580 812
1463590 809
1463600 809
1463610 806
1463620 803
1463630 803
1463640 801
1463650 797
1463660 797
1463670 794
1463680 792
1463690 792
1463700 790
1463710 789
1463720 789
1463730 787
1463740 785
1463750 785
1463760 783
1463770 780
1463780 780
1463790 778
1463800 774
1463810 774
1463820 770
1463830 764
1463840 764
1463850 759
1463860 755
1463870 755
1463880 752
1463890 748
1463900 748
1463910 745
1463920 743
1463930 743
1463940 742
1463950 742
1463960 742
1463970 741
1463980 740
1463990 740
1464000 738
1464010 735
1464020 735
1464030 734
1464040 734
1464050 734
1464060 734
1464070 733
1464080 733
1464090 732
1464100 731
1464110 730
1464120 730
1464130 729
1464140 729
1464150 729
1464160 729
1464170 730
1464180 730
1464190 730
1464200 728
1464210 728
1464220 726
1464230 726
1464240 726
1464250 726
1464260 726
1464270 726
1464280 726
1464290 726
1464300 726
1464310 725
1464320 724
1464330 724
1464340 721
1464350 717
1464360 717
1464370 714
1464380 709
1464390 709
1464400 705
1464410 701
1464420 701
1464430 698
1464440 695
1464450 695
1464460 694
1464470 692
1464480 692
1464490 690
1464500 686
1464510 686
1464520 683
1464530 682
1464540 682
1464550 681
1464560 680
1464570 680
1464580 679
1464590 678
1464600 678
1464610 676
1464620 675
1464630 673
1464640 673
1464650 672
1464660 672
1464670 672
1464680 671
1464690 670
1464700 670
1464710 669
1464720 668
1464730 668
1464740 668
1464750 668
1464760 668
1464770 668
1464780 668
1464790 668
1464800 668
1464810 668
1464820 668
1464830 668
1464840 667
1464850 667
1464860 666
1464870 666
1464880 666
1464890 666
1464900 666
1464910 666
1464920 666
1464930 665
1464940 665
1464950 665
1464960 665
1464970 665
1464980 666
1464990 667
1465000 667
1465010 668
1465020 668
1465030 668
1465040 669
1465050 670
1465060 670
1465070 671
1465080 671
1465090 671
1465100 670
1465110 666
1465120 666
1465130 664
1465140 663
1465150 663
1465160 663
1465170 662
1465180 661
1465190 661
1465200 661
1465210 661
1465220 661
1465230 661
1465240 661
1465250 661
1465260 661
1465270 662
1465280 662
1465290 661
1465300 663
1465310 663
1465320 668
1465330 671
1465340 671
1465350 674
1465360 678
1465370 678
1465380 680
1465390 683
1465400 683
1465410 688
1465420 688
1465430 688
1465440 687
1465450 688
1465460 688
1465470 688
1465480 689
1465490 689
1465500 690
1465510 690
1465520 690
1465530 693
1465540 696
1465550 696
1465560 700
1465570 702
1465580 702
1465590 704
1465600 705
1465610 705
1465620 707
1465630 707
1465640 707
1465650 707
1465660 707
1465670 707
1465680 709
1465690 711
1465700 711
1465710 713
1465720 714
1465730 717
1465740 717
1465750 718
1465760 718
1465770 718
1465780 719
1465790 719
1465800 719
1465810 719
1465820 720
1465830 720
1465840 720
1465850 720
1465860 720
1465870 720
1465880 720
1465890 720
1465900 719
1465910 718
1465920 718
1465930 719
1465940 719
1465950 719
1465960 719
1465970 721
1465980 721
1465990 722
1466000 724
1466010 724
1466020 726
1466030 730
1466040 730
1466050 733
1466060 735
1466070 735
1466080 737
1466090 738
1466100 738
1466110 736
1466120 730
1466130 730
1466140 726
1466150 723
1466160 723
1466170 716
1466180 711
1466190 711
1466200 707
1466210 701
1466220 701
1466230 700
1466240 702
1466250 702
1466260 707
1466270 709
1466280 709
1466290 709
1466300 708
1466310 708
1466320 708
1466330 709
1466340 711
1466350 711
1466360 714
1466370 717
1466380 717
1466390 716
1466400 715
1466410 715
1466420 714
1466430 713
1466440 713
1466450 712
1466460 711
1466470 711
1466480 711
1466490 713
1466500 713
1466510 714
1466520 716
1466530 716
1466540 719
1466550 723
1466560 723
1466570 725
1466580 728
1466590 728
1466600 727
1466610 725
1466620 725
1466630 723
1466640 723
1466650 723
1466660 722
1466670 721
1466680 721
1466690 721
1466700 721
1466710 721
1466720 721
1466730 719
1466740 719
1466750 719
1466760 718
1466770 718
1466780 717
1466790 718
1466800 718
1466810 717
1466820 716
1466830 715
1466840 715
1466850 715
1466860 714
1466870 714
1466880 715
1466890 716
1466900 716
1466910 716
1466920 716
1466930 716
1466940 717
1466950 718
1466960 718
1466970 718
1466980 718
1466990 718
1467000 718
1467010 718
1467020 718
1467030 716
1467040 712
1467050 712
1467060 709
1467070 707
1467080 707
1467090 706
1467100 700
1467110 700
1467120 697
1467130 693
1467140 693
1467150 690
1467160 689
1467170 689
1467180 689
1467190 689
1467200 689
1467210 689
1467220 688
1467230 688
1467240 688
1467250 688
1467260 688
1467270 688
1467280 688
1467290 688
1467300 687
1467310 687
1467320 687
1467330 688
1467340 687
1467350 687
1467360 687
1467370 685
1467380 680
1467390 680
1467400 674
1467410 666
1467420 666
1467430 658
1467440 653
1467450 653
1467460 655
1467470 659
1467480 659
1467490 662
1467500 661
1467510 661
1467520 659
1467530 662
1467540 662
1467550 664
1467560 664
1467570 664
1467580 662
1467590 657
1467600 657
1467610 654
1467620 650
1467630 650
1467640 650
1467650 652
1467660 652
1467670 652
1467680 651
1467690 651
1467700 648
1467710 648
1467720 648
1467730 652
1467740 653
1467750 653
1467760 655
1467770 656
1467780 656
1467790 657
1467800 657
1467810 657
1467820 657
1467830 658
1467840 658
1467850 659
1467860 660
1467870 660
1467880 659
1467890 658
1467900 658
1467910 656
1467920 655
1467930 655
1467940 655
1467950 657
1467960 658
1467970 658
1467980 658
1467990 657
1468000 657
1468010 657
1468020 657
1468030 657
1468040 657
1468050 658
1468060 658
1468070 659
1468080 658
1468090 658
1468100 657
1468110 656
1468120 656
1468130 657
1468140 656
1468150 656
1468160 653
1468170 655
1468180 655
1468190 655
1468200 654
1468210 654
1468220 652
1468230 649
1468240 649
1468250 648
1468260 646
1468270 646
1468280 645
1468290 644
1468300 644
1468310 643
1468320 643
1468330 643
1468340 642
1468350 642
1468360 642
1468370 642
1468380 643
1468390 643
1468400 643
1468410 643
1468420 643
1468430 644
1468440 644
1468450 644
1468460 643
1468470 642
1468480 643
1468490 643
1468500 644
1468510 644
1468520 644
1468530 644
1468540 644
1468550 644
1468560 644
1468570 647
1468580 647
1468590 649
1468600 650
1468610 650
1468620 650
1468630 650
1468640 650
1468650 651
1468660 653
1468670 653
1468680 655
1468690 656
1468700 656
1468710 656
1468720 655
1468730 655
1468740 655
1468750 656
1468760 656
1468770 657
1468780 657
1468790 657
1468800 658
1468810 659
1468820 659
1468830 659
1468840 659
1468850 659
1468860 660
1468870 661
1468880 661
1468890 662
1468900 663
1468910 663
1468920 665
1468930 666
1468940 666
1468950 665
1468960 666
1468970 666
1468980 668
1468990 670
1469000 670
1469010 674
1469020 676
1469030 678
1469040 678
1469050 680
1469060 684
1469070 684
1469080 690
1469090 696
1469100 696
1469110 701
1469120 702
1469130 702
1469140 701
1469150 700
1469160 700
1469170 698
1469180 696
1469190 696
1469200 694
1469210 691
1469220 691
1469230 688
1469240 686
1469250 686
1469260 683
1469270 681
1469280 681
1469290 680
1469300 680
1469310 680
1469320 680
1469330 681
1469340 681
1469350 680
1469360 679
1469370 679
1469380 681
1469390 682
1469400 682
1469410 682
1469420 683
1469430 683
1469440 682
1469450 682
1469460 682
1469470 682
1469480 682
1469490 682
1469500 682
1469510 682
1469520 682
1469530 682
1469540 681
1469550 681
1469560 681
1469570 680
1469580 678
1469590 678
1469600 679
1469610 681
1469620 681
1469630 683
1469640 685
1469650 685
1469660 688
1469670 691
1469680 691
1469690 692
1469700 694
1469710 694
1469720 696
1469730 698
1469740 698
1469750 699
1469760 698
1469770 698
1469780 698
1469790 700
1469800 700
1469810 703
1469820 704
1469830 704
1469840 704
1469850 704
1469860 704
1469870 701
1469880 702
1469890 702
1469900 703
1469910 706
1469920 706
1469930 706
1469940 707
1469950 707
1469960 709
1469970 711
1469980 711
1469990 712
1470000 713
1470010 713
1470020 714
1470030 715
1470040 715
1470050 716
1470060 716
1470070 716
1470080 714
1470090 712
1470100 712
1470110 713
1470120 714
1470130 716
1470140 716
1470150 716
1470160 716
1470170 716
1470180 716
1470190 717
1470200 717
1470210 718
1470220 717
1470230 717
1470240 714
1470250 712
1470260 712
1470270 713
1470280 717
1470290 717
1470300 719
1470310 721
1470320 721
1470330 721
1470340 722
1470350 722
1470360 723
1470370 724
1470380 724
1470390 726
1470400 727
1470410 727
1470420 727
1470430 726
1470440 726
1470450 726
1470460 727
1470470 727
1470480 728
1470490 729
1470500 729
1470510 731
1470520 733
1470530 733
1470540 735
1470550 737
1470560 737
1470570 740
1470580 743
1470590 743
1470600 744
1470610 747
1470620 747
1470630 750
1470640 753
1470650 753
1470660 754
1470670 751
1470680 753
1470690 753
1470700 758
1470710 763
1470720 763
1470730 765
1470740 765
1470750 765
1470760 766
1470770 769
1470780 769
1470790 772
1470800 773
1470810 773
1470820 775
1470830 777
1470840 777
1470850 779
1470860 782
1470870 782
1470880 787
1470890 791
1470900 791
1470910 795
1470920 798
1470930 798
1470940 801
1470950 804
1470960 804
1470970 806
1470980 808
1470990 808
1471000 810
1471010 812
1471020 812
1471030 814
1471040 814
1471050 814
1471060 813
1471070 812
1471080 812
1471090 812
1471100 815
1471110 815
1471120 819
1471130 822
1471140 822
1471150 823
1471160 824
1471170 824
1471180 827
1471190 833
1471200 833
1471210 838
1471220 843
1471230 847
1471240 847
1471250 852
1471260 856
1471270 856
1471280 860
1471290 865
1471300 865
1471310 869
1471320 874
1471330 874
1471340 878
1471350 882
1471360 882
1471370 887
1471380 891
1471390 891
1471400 895
1471410 900
1471420 900
1471430 903
1471440 908
1471450 908
1471460 912
1471470 915
1471480 915
1471490 919
1471500 923
1471510 923
1471520 926
1471530 929
1471540 929
1471550 931
1471560 933
1471570 933
1471580 936
1471590 940
1471600 940
1471610 945
1471620 950
1471630 950
1471640 956
1471650 961
1471660 961
1471670 966
1471680 971
1471690 971
1471700 976
1471710 980
1471720 980
1471730 985
1471740 989
1471750 989
1471760 993
1471770 997
1471780 1001
1471790 1001
1471800 1004
1471810 1008
1471820 1008
1471830 1011
1471840 1015
1471850 1015
1471860 1018
1471870 1021
1471880 1021
1471890 1025
1471900 1028
1471910 1028
1471920 1031
1471930 1034
1471940 1034
1471950 1038
1471960 1040
1471970 1040
1471980 1043
1471990 1045
1472000 1045
1472010 1048
1472020 1050
1472030 1050
1472040 1051
1472050 1053
1472060 1053
1472070 1055
1472080 1057
1472090 1057
1472100 1058
1472110 1059
1472120 1059
1472130 1060
1472140 1061
1472150 1061
1472160 1062
1472170 1062
1472180 1062
1472190 1062
1472200 1062
1472210 1062
1472220 1062
1472230 1062
1472240 1062
1472250 1062
1472260 1061
1472270 1061
1472280 1060
1472290 1059
1472300 1059
1472310 1058
1472320 1057
1472330 1055
1472340 1055
1472350 1054
1472360 1050
1472370 1050
1472380 1046
1472390 1041
1472400 1041
1472410 1036
1472420 1034
1472430 1034
1472440 1031
1472450 1028
1472460 1028
1472470 1023
1472480 1020
1472490 1020
1472500 1017
1472510 1012
1472520 1012
1472530 1009
1472540 1007
1472550 1007
1472560 1005
1472570 1003
1472580 1003
1472590 1000
1472600 998
1472610 998
1472620 996
1472630 994
1472640 994
1472650 991
1472660 990
1472670 990
1472680 989
1472690 986
1472700 986
1472710 984
1472720 984
1472730 984
1472740 984
1472750 985
1472760 985
1472770 986
1472780 987
1472790 987
1472800 989
1472810 989
1472820 989
1472830 988
1472840 988
1472850 988
1472860 986
1472870 985
1472880 983
1472890 983
1472900 982
1472910 981
1472920 981
1472930 981
1472940 980
1472950 980
1472960 976
1472970 971
1472980 971
1472990 965
1473000 961
1473010 961
1473020 956
1473030 952
1473040 952
1473050 949
1473060 946
1473070 946
1473080 944
1473090 943
1473100 943
1473110 942
1473120 938
1473130 938
1473140 934
1473150 930
1473160 930
1473170 926
1473180 924
1473190 924
1473200 923
1473210 920
1473220 920
1473230 916
1473240 913
1473250 913
1473260 909
1473270 905
1473280 905
1473290 900
1473300 896
1473310 896
1473320 891
1473330 887
1473340 887
1473350 884
1473360 880
1473370 880
1473380 876
1473390 872
1473400 868
1473410 868
1473420 863
1473430 859
1473440 859
1473450 854
1473460 851
1473470 851
1473480 848
1473490 846
1473500 846
1473510 844
1473520 840
1473530 840
1473540 836
1473550 830
1473560 830
1473570 824
1473580 820
1473590 820
1473600 817
1473610 816
1473620 816
1473630 814
1473640 811
1473650 811
1473660 808
1473670 805
1473680 805
1473690 803
1473700 802
1473710 802
1473720 800
1473730 798
1473740 798
1473750 798
1473760 797
1473770 797
1473780 796
1473790 795
1473800 795
1473810 794
1473820 795
1473830 795
1473840 794
1473850 791
1473860 791
1473870 793
1473880 792
1473890 792
1473900 789
1473910 788
1473920 788
1473930 790
1473940 790
1473950 789
1473960 789
1473970 788
1473980 788
1473990 788
1474000 787
1474010 786
1474020 786
1474030 784
1474040 782
1474050 782
1474060 779
1474070 777
1474080 777
1474090 775
1474100 775
1474110 775
1474120 774
1474130 774
1474140 774
1474150 774
1474160 773
1474170 773
1474180 773
1474190 772
1474200 772
1474210 771
1474220 772
1474230 772
1474240 774
1474250 779
1474260 779
1474270 782
1474280 787
1474290 787
1474300 792
1474310 796
1474320 796
1474330 801
1474340 806
1474350 806
1474360 810
1474370 814
1474380 814
1474390 819
1474400 825
1474410 825
1474420 829
1474430 833
1474440 833
1474450 836
1474460 841
1474470 841
1474480 846
1474490 851
1474500 856
1474510 856
1474520 861
1474530 866
1474540 866
1474550 871
1474560 876
1474570 876
1474580 881
1474590 885
1474600 885
1474610 892
1474620 898
1474630 898
1474640 904
1474650 914
1474660 914
1474670 924
1474680 931
1474690 931
1474700 937
1474710 942
1474720 942
1474730 947
1474740 951
1474750 951
1474760 955
1474770 959
1474780 959
1474790 962
1474800 964
1474810 964
1474820 965
1474830 964
1474840 964
1474850 961
1474860 957
1474870 957
1474880 952
1474890 948
1474900 948
1474910 945
1474920 942
1474930 942
1474940 940
1474950 938
1474960 938
1474970 935
1474980 933
1474990 933
1475000 930
1475010 927
1475020 927
1475030 926
1475040 924
1475050 922
1475060 922
1475070 918
1475080 920
1475090 920
1475100 920
1475110 919
1475120 919
1475130 918
1475140 918
1475150 918
1475160 917
1475170 917
1475180 917
1475190 916
1475200 916
1475210 916
1475220 915
1475230 914
1475240 914
1475250 912
1475260 909
1475270 909
1475280 904
1475290 901
1475300 901
1475310 897
1475320 893
1475330 893
1475340 889
1475350 886
1475360 886
1475370 884
1475380 882
1475390 882
1475400 880
1475410 877
1475420 877
1475430 875
1475440 874
1475450 874
1475460 873
1475470 871
1475480 871
1475490 869
1475500 869
1475510 869
1475520 868
1475530 866
1475540 866
1475550 865
1475560 866
1475570 866
1475580 866
1475590 864
1475600 861
1475610 861
1475620 857
1475630 855
1475640 855
1475650 852
1475660 848
1475670 848
1475680 843
1475690 840
1475700 840
1475710 840
1475720 843
1475730 843
1475740 845
1475750 845
1475760 845
1475770 844
1475780 842
1475790 842
1475800 840
1475810 838
1475820 838
1475830 834
1475840 828
1475850 828
1475860 820
1475870 823
1475880 823
1475890 828
1475900 828
1475910 828
1475920 827
1475930 826
1475940 826
1475950 825
1475960 825
1475970 825
1475980 824
1475990 824
1476000 824
1476010 824
1476020 823
1476030 823
1476040 822
1476050 821
1476060 821
1476070 819
1476080 815
1476090 815
1476100 810
1476110 806
1476120 806
1476130 805
1476140 808
1476150 809
1476160 809
1476170 807
1476180 805
1476190 805
1476200 803
1476210 800
1476220 800
1476230 798
1476240 796
1476250 796
1476260 794
1476270 793
1476280 793
1476290 793
1476300 793
1476310 793
1476320 791
1476330 790
1476340 790
1476350 786
1476360 783
1476370 783
1476380 783
1476390 783
1476400 783
1476410 783
1476420 783
1476430 783
1476440 782
1476450 780
1476460 780
1476470 776
1476480 774
1476490 774
1476500 776
1476510 774
1476520 774
1476530 772
1476540 770
1476550 770
1476560 769
1476570 767
1476580 767
1476590 766
1476600 764
1476610 764
1476620 763
1476630 763
1476640 763
1476650 762
1476660 761
1476670 761
1476680 760
1476690 760
1476700 760
1476710 760
1476720 759
1476730 759
1476740 759
1476750 759
1476760 758
1476770 758
1476780 757
1476790 756
1476800 756
1476810 756
1476820 756
1476830 756
1476840 755
1476850 754
1476860 754
1476870 753
1476880 752
1476890 752
1476900 751
1476910 749
1476920 749
1476930 747
1476940 746
1476950 746
1476960 744
1476970 743
1476980 743
1476990 743
1477000 742
1477010 742
1477020 741
1477030 740
1477040 740
1477050 739
1477060 739
1477070 739
1477080 739
1477090 739
1477100 739
1477110 737
1477120 734
1477130 734
1477140 733
1477150 733
1477160 733
1477170 732
1477180 731
1477190 731
1477200 730
1477210 729
1477220 729
1477230 729
1477240 729
1477250 728
1477260 728
1477270 727
1477280 726
1477290 726
1477300 725
1477310 724
1477320 724
1477330 722
1477340 720
1477350 720
1477360 718
1477370 718
1477380 718
1477390 717
1477400 716
1477410 716
1477420 713
1477430 707
1477440 707
1477450 703
1477460 704
1477470 704
1477480 703
1477490 702
1477500 702
1477510 702
1477520 700
1477530 700
1477540 699
1477550 697
1477560 697
1477570 695
1477580 694
1477590 694
1477600 692
1477610 691
1477620 691
1477630 689
1477640 690
1477650 690
1477660 688
1477670 687
1477680 687
1477690 685
1477700 685
1477710 685
1477720 684
1477730 683
1477740 683
1477750 683
1477760 680
1477770 680
1477780 674
1477790 676
1477800 677
1477810 677
1477820 676
1477830 675
1477840 675
1477850 672
1477860 669
1477870 669
1477880 669
1477890 668
1477900 668
1477910 668
1477920 667
1477930 667
1477940 667
1477950 666
1477960 666
1477970 665
1477980 664
1477990 664
1478000 664
1478010 663
1478020 663
1478030 663
1478040 663
1478050 663
1478060 663
1478070 663
1478080 663
1478090 663
1478100 663
1478110 663
1478120 663
1478130 663
1478140 663
1478150 663
1478160 663
1478170 663
1478180 663
1478190 663
1478200 663
1478210 663
1478220 663
1478230 663
1478240 663
1478250 663
1478260 663
1478270 663
1478280 663
1478290 663
1478300 663
1478310 663
1478320 663
1478330 663
1478340 663
1478350 663
1478360 663
1478370 663
1478380 663
1478390 663
1478400 663
1478410 663
1478420 663
1478430 663
1478440 663
1478450 663
1478460 663
1478470 663
1478480 663
1478490 663
1478500 663
1478510 663
1478520 663
1478530 663
1478540 663
1478550 663
1478560 663
1478570 663
1478580 663
1478590 663
1478600 663
1478610 663
1478620 663
1478630 663
1478640 663
1478650 663
1478660 663
1478670 663
1478680 663
1478690 663
1478700 663
1478710 663
1478720 663
1478730 663
1478740 663
1478750 663
1478760 663
1478770 663
1478780 663
1478790 663
1478800 663
1478810 663
1478820 663
1478830 663
1478840 663
1478850 663
1478860 663
1478870 663
1478880 663
1478890 663
1478900 663
1478910 663
1478920 663
1478930 663
1478940 663
1478950 663
1478960 663
1478970 663
1478980 663
1478990 663
1479000 663
1479010 663
1479020 663
1479030 663
1479040 663
1479050 663
1479060 663
1479070 663
1479080 663
1479090 663
1479100 663
1479110 663
1479120 663
1479130 663
1479140 663
1479150 663
1479160 663
1479170 663
1479180 663
1479190 663
1479200 663
1479210 663
1479220 663
1479230 663
1479240 663
1479250 663
1479260 663
1479270 663
1479280 663
1479290 663
1479300 663
1479310 663
1479320 663
1479330 663
1479340 663
1479350 663
1479360 663
1479370 663
1479380 663
1479390 663
1479400 663
1479410 663
1479420 663
1479430 663
1479440 663
1479450 663
1479460 663
1479470 663
1479480 663
1479490 663
1479500 663
1479510 663
1479520 663
1479530 663
1479540 663
1479550 663
1479560 663
1479570 663
1479580 663
1479590 663
1479600 663
1479610 663
1479620 663
1479630 663
1479640 663
1479650 663
1479660 663
1479670 663
1479680 663
1479690 663
1479700 663
1479710 663
1479720 663
1479730 663
1479740 663
1479750 663
1479760 663
1479770 663
1479780 663
1479790 663
1479800 663
1479810 663
1479820 663
1479830 663
1479840 663
1479850 663
1479860 663
1479870 663
1479880 663
1479890 663
1479900 663
1479910 663
1479920 663
1479930 663
1479940 663
1479950 663
1479960 663
1479970 663
1479980 663
1479990 663
