1460000 1041
1460010 1037
1460020 1037
1460030 1033
1460040 1031
1460050 1031
1460060 1028
1460070 1025
1460080 1025
1460090 1023
1460100 1021
1460110 1021
1460120 1019
1460130 1018
1460140 1018
1460150 1017
1460160 1016
1460170 1016
1460180 1016
1460190 1016
1460200 1016
1460210 1015
1460220 1014
1460230 1014
1460240 1013
1460250 1012
1460260 1012
1460270 1012
1460280 1011
1460290 1010
1460300 1010
1460310 1009
1460320 1008
1460330 1008
1460340 1008
1460350 1007
1460360 1007
1460370 1006
1460380 1006
1460390 1006
1460400 1006
1460410 1005
1460420 1005
1460430 1005
1460440 1006
1460450 1006
1460460 1006
1460470 1006
1460480 1006
1460490 1007
1460500 1008
1460510 1008
1460520 1008
1460530 1009
1460540 1009
1460550 1009
1460560 1008
1460570 1008
1460580 1008
1460590 1008
1460600 1008
1460610 1007
1460620 1007
1460630 1007
1460640 1007
1460650 1006
1460660 1006
1460670 1006
1460680 1005
1460690 1005
1460700 1005
1460710 1004
1460720 1004
1460730 1004
1460740 1004
1460750 1004
1460760 1003
1460770 1003
1460780 1003
1460790 1002
1460800 1001
1460810 1001
1460820 1001
1460830 1001
1460840 1000
1460850 1000
1460860 1000
1460870 999
1460880 999
1460890 996
1460900 993
1460910 993
1460920 991
1460930 987
1460940 987
1460950 981
1460960 980
1460970 980
1460980 980
1460990 979
1461000 979
1461010 978
1461020 977
1461030 977
1461040 976
1461050 974
1461060 974
1461070 972
1461080 970
1461090 970
1461100 968
1461110 965
1461120 965
1461130 962
1461140 957
1461150 957
1461160 953
1461170 952
1461180 952
1461190 951
1461200 948
1461210 948
1461220 943
1461230 940
1461240 940
1461250 939
1461260 938
1461270 938
1461280 935
1461290 932
1461300 932
1461310 931
1461320 930
1461330 930
1461340 928
1461350 927
1461360 925
1461370 925
1461380 923
1461390 921
1461400 921
1461410 918
1461420 916
1461430 916
1461440 913
1461450 911
1461460 911
1461470 909
1461480 908
1461490 908
1461500 905
1461510 901
1461520 901
1461530 899
1461540 897
1461550 897
1461560 895
1461570 892
1461580 892
1461590 889
1461600 885
1461610 885
1461620 882
1461630 878
1461640 878
1461650 875
1461660 873
1461670 873
1461680 871
1461690 869
1461700 869
1461710 868
1461720 867
1461730 867
1461740 866
1461750 866
1461760 866
1461770 867
1461780 868
1461790 868
1461800 867
1461810 867
1461820 867
1461830 866
1461840 864
1461850 864
1461860 863
1461870 863
1461880 863
1461890 862
1461900 861
1461910 861
1461920 861
1461930 862
1461940 864
1461950 864
1461960 865
1461970 865
1461980 865
1461990 866
1462000 867
1462010 867
1462020 868
1462030 868
1462040 868
1462050 869
1462060 870
1462070 870
1462080 871
1462090 872
1462100 872
1462110 873
1462120 875
1462130 875
1462140 876
1462150 877
1462160 877
1462170 878
1462180 879
1462190 879
1462200 879
1462210 880
1462220 880
1462230 881
1462240 882
1462250 882
1462260 882
1462270 883
1462280 883
1462290 883
1462300 883
1462310 883
1462320 883
1462330 883
1462340 883
1462350 883
1462360 884
1462370 884
1462380 885
1462390 886
1462400 886
1462410 887
1462420 889
1462430 889
1462440 892
1462450 894
1462460 896
1462470 896
1462480 898
1462490 899
1462500 899
1462510 901
1462520 901
1462530 901
1462540 901
1462550 901
1462560 901
1462570 900
1462580 899
1462590 899
1462600 898
1462610 896
1462620 896
1462630 894
1462640 891
1462650 891
1462660 888
1462670 886
1462680 886
1462690 884
1462700 881
1462710 881
1462720 880
1462730 878
1462740 878
1462750 876
1462760 874
1462770 874
1462780 873
1462790 872
1462800 872
1462810 872
1462820 872
1462830 872
1462840 871
1462850 870
1462860 870
1462870 870
1462880 870
1462890 870
1462900 870
1462910 869
1462920 869
1462930 870
1462940 872
1462950 872
1462960 873
1462970 875
1462980 875
1462990 877
1463000 879
1463010 878
1463020 878
1463030 876
1463040 871
1463050 871
1463060 869
1463070 866
1463080 866
1463090 863
1463100 860
1463110 860
1463120 857
1463130 855
1463140 855
1463150 852
1463160 851
1463170 851
1463180 848
1463190 845
1463200 845
1463210 842
1463220 837
1463230 837
1463240 833
1463250 830
1463260 830
1463270 830
1463280 831
1463290 831
1463300 831
1463310 832
1463320 832
1463330 831
1463340 830
1463350 830
1463360 830
1463370 831
1463380 831
1463390 831
1463400 831
1463410 831
1463420 832
1463430 832
1463440 832
1463450 834
1463460 834
1463470 834
1463480 834
1463490 834
1463500 834
1463510 832
1463520 831
1463530 831
1463540 830
1463550 831
1463560 830
1463570 830
1463580 828
1463590 824
1463600 824
1463610 820
1463620 818
1463630 818
1463640 813
1463650 809
1463660 809
1463670 805
1463680 804
1463690 804
1463700 803
1463710 800
1463720 800
1463730 797
1463740 795
1463750 795
1463760 793
1463770 791
1463780 791
1463790 787
1463800 783
1463810 783
1463820 780
1463830 775
1463840 775
1463850 768
1463860 763
1463870 763
1463880 759
1463890 755
1463900 755
1463910 750
1463920 747
1463930 747
1463940 744
1463950 742
1463960 742
1463970 742
1463980 742
1463990 742
1464000 741
1464010 741
1464020 741
1464030 741
1464040 741
1464050 741
1464060 741
1464070 740
1464080 740
1464090 739
1464100 738
1464110 736
1464120 736
1464130 734
1464140 734
1464150 734
1464160 734
1464170 733
1464180 733
1464190 733
1464200 732
1464210 732
1464220 730
1464230 729
1464240 729
1464250 728
1464260 729
1464270 729
1464280 729
1464290 729
1464300 729
1464310 729
1464320 728
1464330 728
1464340 726
1464350 724
1464360 724
1464370 720
1464380 715
1464390 715
1464400 711
1464410 709
1464420 709
1464430 708
1464440 706
1464450 706
1464460 703
1464470 700
1464480 700
1464490 695
1464500 691
1464510 691
1464520 687
1464530 685
1464540 685
1464550 682
1464560 679
1464570 679
1464580 677
1464590 677
1464600 677
1464610 677
1464620 677
1464630 677
1464640 676
1464650 674
1464660 673
1464670 673
1464680 673
1464690 672
1464700 672
1464710 671
1464720 670
1464730 670
1464740 668
1464750 666
1464760 666
1464770 664
1464780 663
1464790 663
1464800 663
1464810 663
1464820 663
1464830 663
1464840 663
1464850 663
1464860 662
1464870 662
1464880 662
1464890 661
1464900 661
1464910 661
1464920 661
1464930 661
1464940 661
1464950 660
1464960 660
1464970 660
1464980 661
1464990 660
1465000 660
1465010 661
1465020 661
1465030 661
1465040 660
1465050 660
1465060 660
1465070 661
1465080 662
1465090 662
1465100 663
1465110 663
1465120 663
1465130 661
1465140 659
1465150 659
1465160 659
1465170 659
1465180 659
1465190 658
1465200 658
1465210 658
1465220 658
1465230 658
1465240 659
1465250 659
1465260 658
1465270 660
1465280 660
1465290 661
1465300 663
1465310 663
1465320 666
1465330 670
1465340 670
1465350 674
1465360 680
1465370 680
1465380 686
1465390 689
1465400 689
1465410 693
1465420 694
1465430 694
1465440 694
1465450 693
1465460 693
1465470 694
1465480 695
1465490 695
1465500 697
1465510 697
1465520 697
1465530 697
1465540 697
1465550 697
1465560 699
1465570 701
1465580 701
1465590 704
1465600 706
1465610 706
1465620 708
1465630 710
1465640 710
1465650 712
1465660 713
1465670 713
1465680 714
1465690 716
1465700 716
1465710 719
1465720 720
1465730 720
1465740 721
1465750 721
1465760 723
1465770 723
1465780 723
1465790 723
1465800 723
1465810 724
1465820 723
1465830 723
1465840 722
1465850 721
1465860 721
1465870 720
1465880 719
1465890 719
1465900 718
1465910 718
1465920 718
1465930 718
1465940 718
1465950 718
1465960 718
1465970 719
1465980 719
1465990 723
1466000 728
1466010 728
1466020 730
1466030 730
1466040 730
1466050 732
1466060 733
1466070 733
1466080 734
1466090 735
1466100 735
1466110 731
1466120 727
1466130 727
1466140 725
1466150 722
1466160 722
1466170 717
1466180 713
1466190 713
1466200 706
1466210 702
1466220 702
1466230 708
1466240 714
1466250 714
1466260 721
1466270 723
1466280 723
1466290 721
1466300 718
1466310 715
1466320 715
1466330 716
1466340 718
1466350 718
1466360 723
1466370 725
1466380 725
1466390 726
1466400 725
1466410 725
1466420 723
1466430 722
1466440 722
1466450 721
1466460 719
1466470 719
1466480 719
1466490 719
1466500 719
1466510 720
1466520 721
1466530 721
1466540 723
1466550 725
1466560 725
1466570 726
1466580 726
1466590 726
1466600 723
1466610 720
1466620 720
1466630 716
1466640 715
1466650 715
1466660 713
1466670 712
1466680 712
1466690 710
1466700 710
1466710 710
1466720 710
1466730 709
1466740 709
1466750 707
1466760 706
1466770 706
1466780 707
1466790 707
1466800 707
1466810 705
1466820 705
1466830 705
1466840 706
1466850 707
1466860 707
1466870 707
1466880 708
1466890 708
1466900 708
1466910 709
1466920 711
1466930 711
1466940 711
1466950 711
1466960 711
1466970 710
1466980 709
1466990 709
1467000 707
1467010 700
1467020 700
1467030 699
1467040 698
1467050 698
1467060 699
1467070 696
1467080 696
1467090 694
1467100 691
1467110 691
1467120 689
1467130 685
1467140 685
1467150 680
1467160 678
1467170 678
1467180 679
1467190 680
1467200 680
1467210 680
1467220 680
1467230 680
1467240 679
1467250 680
1467260 680
1467270 680
1467280 679
1467290 679
1467300 680
1467310 682
1467320 682
1467330 684
1467340 685
1467350 685
1467360 686
1467370 685
1467380 681
1467390 681
1467400 675
1467410 669
1467420 669
1467430 663
1467440 656
1467450 656
1467460 651
1467470 653
1467480 653
1467490 655
1467500 654
1467510 654
1467520 654
1467530 655
1467540 655
1467550 656
1467560 656
1467570 656
1467580 654
1467590 652
1467600 652
1467610 648
1467620 643
1467630 643
1467640 643
1467650 644
1467660 644
1467670 645
1467680 646
1467690 646
1467700 646
1467710 647
1467720 647
1467730 648
1467740 650
1467750 650
1467760 651
1467770 652
1467780 652
1467790 652
1467800 652
1467810 652
1467820 653
1467830 655
1467840 655
1467850 655
1467860 656
1467870 656
1467880 655
1467890 653
1467900 653
1467910 652
1467920 652
1467930 653
1467940 653
1467950 654
1467960 654
1467970 654
1467980 653
1467990 654
1468000 654
1468010 655
1468020 654
1468030 654
1468040 653
1468050 653
1468060 653
1468070 652
1468080 651
1468090 651
1468100 651
1468110 650
1468120 650
1468130 651
1468140 652
1468150 652
1468160 651
1468170 649
1468180 649
1468190 648
1468200 646
1468210 646
1468220 645
1468230 643
1468240 643
1468250 642
1468260 642
1468270 642
1468280 642
1468290 641
1468300 641
1468310 641
1468320 641
1468330 641
1468340 641
1468350 641
1468360 641
1468370 641
1468380 641
1468390 641
1468400 642
1468410 641
1468420 641
1468430 641
1468440 640
1468450 640
1468460 642
1468470 644
1468480 644
1468490 644
1468500 645
1468510 647
1468520 647
1468530 648
1468540 648
1468550 648
1468560 648
1468570 650
1468580 650
1468590 652
1468600 652
1468610 652
1468620 653
1468630 654
1468640 654
1468650 656
1468660 657
1468670 657
1468680 658
1468690 658
1468700 658
1468710 657
1468720 658
1468730 658
1468740 658
1468750 659
1468760 659
1468770 660
1468780 661
1468790 661
1468800 663
1468810 665
1468820 665
1468830 665
1468840 664
1468850 664
1468860 663
1468870 663
1468880 663
1468890 664
1468900 665
1468910 665
1468920 668
1468930 673
1468940 673
1468950 675
1468960 673
1468970 673
1468980 670
1468990 674
1469000 674
1469010 676
1469020 678
1469030 681
1469040 681
1469050 685
1469060 689
1469070 689
1469080 693
1469090 695
1469100 695
1469110 695
1469120 695
1469130 695
1469140 694
1469150 693
1469160 693
1469170 692
1469180 691
1469190 691
1469200 688
1469210 684
1469220 684
1469230 680
1469240 678
1469250 678
1469260 675
1469270 674
1469280 674
1469290 673
1469300 674
1469310 674
1469320 676
1469330 675
1469340 675
1469350 672
1469360 673
1469370 673
1469380 674
1469390 676
1469400 676
1469410 676
1469420 676
1469430 676
1469440 676
1469450 677
1469460 677
1469470 678
1469480 678
1469490 678
1469500 679
1469510 679
1469520 679
1469530 679
1469540 678
1469550 678
1469560 677
1469570 677
1469580 679
1469590 679
1469600 681
1469610 682
1469620 682
1469630 684
1469640 687
1469650 687
1469660 690
1469670 692
1469680 692
1469690 693
1469700 695
1469710 695
1469720 696
1469730 698
1469740 698
1469750 699
1469760 701
1469770 701
1469780 703
1469790 705
1469800 705
1469810 706
1469820 707
1469830 707
1469840 708
1469850 708
1469860 708
1469870 707
1469880 708
1469890 708
1469900 709
1469910 711
1469920 711
1469930 713
1469940 714
1469950 714
1469960 715
1469970 716
1469980 716
1469990 717
1470000 719
1470010 719
1470020 720
1470030 721
1470040 721
1470050 722
1470060 722
1470070 722
1470080 722
1470090 721
1470100 721
1470110 720
1470120 720
1470130 721
1470140 721
1470150 722
1470160 723
1470170 723
1470180 724
1470190 725
1470200 725
1470210 724
1470220 721
1470230 721
1470240 717
1470250 714
1470260 714
1470270 715
1470280 717
1470290 717
1470300 721
1470310 724
1470320 724
1470330 726
1470340 728
1470350 728
1470360 730
1470370 731
1470380 731
1470390 733
1470400 734
1470410 734
1470420 735
1470430 734
1470440 734
1470450 734
1470460 734
1470470 734
1470480 735
1470490 737
1470500 737
1470510 738
1470520 739
1470530 739
1470540 742
1470550 744
1470560 744
1470570 747
1470580 749
1470590 749
1470600 751
1470610 753
1470620 753
1470630 755
1470640 757
1470650 757
1470660 760
1470670 760
1470680 758
1470690 758
1470700 761
1470710 767
1470720 767
1470730 770
1470740 772
1470750 772
1470760 773
1470770 774
1470780 774
1470790 776
1470800 779
1470810 779
1470820 780
1470830 781
1470840 781
1470850 781
1470860 782
1470870 782
1470880 784
1470890 787
1470900 787
1470910 791
1470920 796
1470930 796
1470940 801
1470950 805
1470960 805
1470970 809
1470980 812
1470990 812
1471000 815
1471010 818
1471020 818
1471030 820
1471040 822
1471050 822
1471060 823
1471070 822
1471080 822
1471090 820
1471100 821
1471110 821
1471120 824
1471130 827
1471140 827
1471150 831
1471160 834
1471170 834
1471180 835
1471190 836
1471200 836
1471210 839
1471220 844
1471230 850
1471240 850
1471250 856
1471260 861
1471270 861
1471280 866
1471290 871
1471300 871
1471310 875
1471320 880
1471330 880
1471340 885
1471350 890
1471360 890
1471370 894
1471380 899
1471390 899
1471400 904
1471410 909
1471420 909
1471430 913
1471440 917
1471450 917
1471460 921
1471470 926
1471480 926
1471490 929
1471500 933
1471510 933
1471520 937
1471530 940
1471540 940
1471550 943
1471560 946
1471570 946
1471580 948
1471590 952
1471600 952
1471610 955
1471620 959
1471630 959
1471640 965
1471650 970
1471660 970
1471670 976
1471680 981
1471690 981
1471700 987
1471710 992
1471720 992
1471730 996
1471740 1001
1471750 1001
1471760 1005
1471770 1009
1471780 1012
1471790 1012
1471800 1016
1471810 1019
1471820 1019
1471830 1022
1471840 1026
1471850 1026
1471860 1029
1471870 1033
1471880 1033
1471890 1036
1471900 1041
1471910 1041
1471920 1046
1471930 1050
1471940 1050
1471950 1050
1471960 1053
1471970 1053
1471980 1055
1471990 1058
1472000 1058
1472010 1060
1472020 1062
1472030 1062
1472040 1064
1472050 1065
1472060 1065
1472070 1067
1472080 1067
1472090 1067
1472100 1069
1472110 1070
1472120 1070
1472130 1071
1472140 1072
1472150 1072
1472160 1072
1472170 1072
1472180 1072
1472190 1071
1472200 1071
1472210 1071
1472220 1072
1472230 1071
1472240 1071
1472250 1071
1472260 1070
1472270 1070
1472280 1070
1472290 1069
1472300 1069
1472310 1066
1472320 1064
1472330 1064
1472340 1064
1472350 1062
1472360 1060
1472370 1060
1472380 1056
1472390 1050
1472400 1050
1472410 1046
1472420 1045
1472430 1045
1472440 1041
1472450 1038
1472460 1038
1472470 1034
1472480 1029
1472490 1029
1472500 1023
1472510 1017
1472520 1017
1472530 1013
1472540 1012
1472550 1012
1472560 1010
1472570 1007
1472580 1007
1472590 1003
1472600 999
1472610 999
1472620 996
1472630 995
1472640 995
1472650 993
1472660 991
1472670 991
1472680 989
1472690 988
1472700 988
1472710 988
1472720 987
1472730 987
1472740 987
1472750 988
1472760 988
1472770 989
1472780 990
1472790 990
1472800 993
1472810 995
1472820 995
1472830 994
1472840 991
1472850 991
1472860 989
1472870 987
1472880 986
1472890 986
1472900 984
1472910 982
1472920 982
1472930 982
1472940 983
1472950 983
1472960 983
1472970 978
1472980 978
1472990 974
1473000 968
1473010 968
1473020 962
1473030 956
1473040 956
1473050 951
1473060 950
1473070 950
1473080 948
1473090 947
1473100 947
1473110 946
1473120 946
1473130 946
1473140 943
1473150 940
1473160 940
1473170 937
1473180 935
1473190 935
1473200 933
1473210 928
1473220 928
1473230 925
1473240 921
1473250 921
1473260 917
1473270 912
1473280 912
1473290 907
1473300 902
1473310 902
1473320 897
1473330 892
1473340 892
1473350 888
1473360 884
1473370 884
1473380 880
1473390 876
1473400 876
1473410 872
1473420 868
1473430 863
1473440 863
1473450 859
1473460 855
1473470 855
1473480 850
1473490 845
1473500 845
1473510 840
1473520 836
1473530 836
1473540 832
1473550 830
1473560 830
1473570 828
1473580 827
1473590 827
1473600 825
1473610 822
1473620 822
1473630 821
1473640 818
1473650 818
1473660 814
1473670 811
1473680 811
1473690 809
1473700 808
1473710 808
1473720 806
1473730 804
1473740 804
1473750 803
1473760 802
1473770 802
1473780 801
1473790 800
1473800 800
1473810 800
1473820 799
1473830 799
1473840 798
1473850 799
1473860 799
1473870 798
1473880 797
1473890 797
1473900 793
1473910 795
1473920 795
1473930 795
1473940 795
1473950 795
1473960 794
1473970 793
1473980 792
1473990 792
1474000 791
1474010 790
1474020 790
1474030 788
1474040 785
1474050 785
1474060 782
1474070 780
1474080 780
1474090 777
1474100 775
1474110 775
1474120 775
1474130 775
1474140 775
1474150 775
1474160 775
1474170 775
1474180 774
1474190 774
1474200 774
1474210 773
1474220 772
1474230 772
1474240 772
1474250 775
1474260 775
1474270 779
1474280 783
1474290 783
1474300 787
1474310 792
1474320 792
1474330 797
1474340 803
1474350 803
1474360 808
1474370 811
1474380 811
1474390 816
1474400 821
1474410 821
1474420 826
1474430 829
1474440 829
1474450 833
1474460 837
1474470 837
1474480 841
1474490 846
1474500 850
1474510 850
1474520 854
1474530 857
1474540 857
1474550 863
1474560 868
1474570 868
1474580 873
1474590 879
1474600 879
1474610 884
1474620 890
1474630 890
1474640 896
1474650 904
1474660 904
1474670 913
1474680 921
1474690 921
1474700 928
1474710 935
1474720 935
1474730 941
1474740 945
1474750 945
1474760 950
1474770 954
1474780 954
1474790 958
1474800 962
1474810 962
1474820 965
1474830 968
1474840 968
1474850 967
1474860 963
1474870 963
1474880 960
1474890 955
1474900 955
1474910 951
1474920 948
1474930 948
1474940 946
1474950 944
1474960 944
1474970 942
1474980 940
1474990 940
1475000 937
1475010 934
1475020 934
1475030 932
1475040 930
1475050 928
1475060 928
1475070 926
1475080 927
1475090 927
1475100 929
1475110 929
1475120 929
1475130 929
1475140 929
1475150 929
1475160 928
1475170 929
1475180 929
1475190 929
1475200 930
1475210 930
1475220 932
1475230 932
1475240 932
1475250 928
1475260 921
1475270 921
1475280 913
1475290 908
1475300 908
1475310 905
1475320 901
1475330 901
1475340 897
1475350 894
1475360 894
1475370 893
1475380 891
1475390 891
1475400 887
1475410 886
1475420 886
1475430 885
1475440 883
1475450 883
1475460 881
1475470 879
1475480 879
1475490 878
1475500 877
1475510 877
1475520 876
1475530 874
1475540 874
1475550 873
1475560 873
1475570 873
1475580 872
1475590 871
1475600 869
1475610 869
1475620 867
1475630 864
1475640 864
1475650 860
1475660 855
1475670 855
1475680 850
1475690 847
1475700 847
1475710 848
1475720 851
1475730 851
1475740 854
1475750 854
1475760 854
1475770 853
1475780 851
1475790 851
1475800 847
1475810 842
1475820 842
1475830 837
1475840 831
1475850 831
1475860 827
1475870 834
1475880 834
1475890 836
1475900 835
1475910 835
1475920 834
1475930 833
1475940 833
1475950 832
1475960 832
1475970 832
1475980 832
1475990 832
1476000 832
1476010 832
1476020 832
1476030 832
1476040 830
1476050 828
1476060 828
1476070 824
1476080 819
1476090 819
1476100 814
1476110 812
1476120 812
1476130 814
1476140 816
1476150 817
1476160 817
1476170 816
1476180 813
1476190 813
1476200 811
1476210 808
1476220 808
1476230 805
1476240 803
1476250 803
1476260 801
1476270 799
1476280 799
1476290 798
1476300 798
1476310 798
1476320 796
1476330 793
1476340 793
1476350 790
1476360 790
1476370 790
1476380 789
1476390 789
1476400 789
1476410 788
1476420 788
1476430 788
1476440 786
1476450 780
1476460 780
1476470 781
1476480 782
1476490 782
1476500 780
1476510 778
1476520 778
1476530 775
1476540 773
1476550 773
1476560 772
1476570 771
1476580 771
1476590 770
1476600 768
1476610 768
1476620 767
1476630 766
1476640 766
1476650 765
1476660 765
1476670 765
1476680 764
1476690 764
1476700 764
1476710 764
1476720 764
1476730 763
1476740 763
1476750 762
1476760 761
1476770 761
1476780 760
1476790 759
1476800 759
1476810 759
1476820 758
1476830 758
1476840 758
1476850 757
1476860 757
1476870 756
1476880 756
1476890 756
1476900 755
1476910 754
1476920 754
1476930 752
1476940 750
1476950 750
1476960 749
1476970 749
1476980 749
1476990 747
1477000 745
1477010 745
1477020 744
1477030 743
1477040 743
1477050 742
1477060 741
1477070 741
1477080 740
1477090 739
1477100 739
1477110 739
1477120 739
1477130 739
1477140 738
1477150 737
1477160 737
1477170 735
1477180 734
1477190 734
1477200 734
1477210 733
1477220 733
1477230 733
1477240 733
1477250 732
1477260 732
1477270 730
1477280 729
1477290 729
1477300 728
1477310 726
1477320 726
1477330 724
1477340 723
1477350 723
1477360 723
1477370 722
1477380 722
1477390 718
1477400 714
1477410 714
1477420 710
1477430 709
1477440 709
1477450 710
1477460 710
1477470 710
1477480 709
1477490 707
1477500 707
1477510 705
1477520 703
1477530 703
1477540 701
1477550 701
1477560 701
1477570 701
1477580 701
1477590 701
1477600 701
1477610 700
1477620 700
1477630 699
1477640 698
1477650 698
1477660 696
1477670 695
1477680 695
1477690 693
1477700 689
1477710 689
1477720 688
1477730 688
1477740 688
1477750 686
1477760 681
1477770 681
1477780 680
1477790 684
1477800 685
1477810 685
1477820 684
1477830 679
1477840 679
1477850 671
1477860 676
1477870 676
1477880 678
1477890 676
1477900 676
1477910 673
1477920 670
1477930 670
1477940 667
1477950 666
1477960 666
1477970 665
1477980 665
1477990 665
1478000 665
1478010 664
1478020 664
1478030 663
1478040 663
1478050 663
1478060 663
1478070 663
1478080 663
1478090 663
1478100 663
1478110 663
1478120 663
1478130 663
1478140 663
1478150 663
1478160 663
1478170 663
1478180 663
1478190 663
1478200 663
1478210 663
1478220 663
1478230 663
1478240 663
1478250 663
1478260 663
1478270 663
1478280 663
1478290 663
1478300 663
1478310 663
1478320 663
1478330 663
1478340 663
1478350 663
1478360 663
1478370 663
1478380 663
1478390 663
1478400 663
1478410 663
1478420 663
1478430 663
1478440 663
1478450 663
1478460 663
1478470 663
1478480 663
1478490 663
1478500 663
1478510 663
1478520 663
1478530 663
1478540 663
1478550 663
1478560 663
1478570 663
1478580 663
1478590 663
1478600 663
1478610 663
1478620 663
1478630 663
1478640 663
1478650 663
1478660 663
1478670 663
1478680 663
1478690 663
1478700 663
1478710 663
1478720 663
1478730 663
1478740 663
1478750 663
1478760 663
1478770 663
1478780 663
1478790 663
1478800 663
1478810 663
1478820 663
1478830 663
1478840 663
1478850 663
1478860 663
1478870 663
1478880 663
1478890 663
1478900 663
1478910 663
1478920 663
1478930 663
1478940 663
1478950 663
1478960 663
1478970 663
1478980 663
1478990 663
1479000 663
1479010 663
1479020 663
1479030 663
1479040 663
1479050 663
1479060 663
1479070 663
1479080 663
1479090 663
1479100 663
1479110 663
1479120 663
1479130 663
1479140 663
1479150 663
1479160 663
1479170 663
1479180 663
1479190 663
1479200 663
1479210 663
1479220 663
1479230 663
1479240 663
1479250 663
1479260 663
1479270 663
1479280 663
1479290 663
1479300 663
1479310 663
1479320 663
1479330 663
1479340 663
1479350 663
1479360 663
1479370 663
1479380 663
1479390 663
1479400 663
1479410 663
1479420 663
1479430 663
1479440 663
1479450 663
1479460 663
1479470 663
1479480 663
1479490 663
1479500 663
1479510 663
1479520 663
1479530 663
1479540 663
1479550 663
1479560 663
1479570 663
1479580 663
1479590 663
1479600 663
1479610 663
1479620 663
1479630 663
1479640 663
1479650 663
1479660 663
1479670 663
1479680 663
1479690 663
1479700 663
1479710 663
1479720 663
1479730 663
1479740 663
1479750 663
1479760 663
1479770 663
1479780 663
1479790 663
1479800 663
1479810 663
1479820 663
1479830 663
1479840 663
1479850 663
1479860 663
1479870 663
1479880 663
1479890 663
1479900 663
1479910 663
1479920 663
1479930 663
1479940 663
1479950 663
1479960 663
1479970 663
1479980 663
1479990 663
