1460000 1126
1460010 1124
1460020 1122
1460030 1122
1460040 1119
1460050 1116
1460060 1116
1460070 1111
1460080 1106
1460090 1106
1460100 1101
1460110 1096
1460120 1096
1460130 1090
1460140 1085
1460150 1085
1460160 1080
1460170 1077
1460180 1077
1460190 1074
1460200 1073
1460210 1073
1460220 1072
1460230 1071
1460240 1071
1460250 1069
1460260 1066
1460270 1066
1460280 1063
1460290 1062
1460300 1062
1460310 1061
1460320 1058
1460330 1058
1460340 1056
1460350 1055
1460360 1055
1460370 1053
1460380 1050
1460390 1050
1460400 1048
1460410 1045
1460420 1045
1460430 1042
1460440 1038
1460450 1035
1460460 1035
1460470 1032
1460480 1029
1460490 1029
1460500 1028
1460510 1025
1460520 1025
1460530 1021
1460540 1015
1460550 1015
1460560 1008
1460570 1002
1460580 1002
1460590 1004
1460600 1001
1460610 1001
1460620 997
1460630 991
1460640 991
1460650 986
1460660 982
1460670 982
1460680 979
1460690 974
1460700 974
1460710 972
1460720 969
1460730 969
1460740 965
1460750 962
1460760 962
1460770 961
1460780 958
1460790 958
1460800 957
1460810 956
1460820 956
1460830 954
1460840 952
1460850 952
1460860 949
1460870 947
1460880 947
1460890 944
1460900 942
1460910 942
1460920 938
1460930 936
1460940 936
1460950 932
1460960 930
1460970 930
1460980 927
1460990 925
1461000 923
1461010 923
1461020 922
1461030 920
1461040 920
1461050 918
1461060 916
1461070 916
1461080 915
1461090 914
1461100 914
1461110 913
1461120 912
1461130 912
1461140 911
1461150 911
1461160 911
1461170 910
1461180 909
1461190 909
1461200 908
1461210 907
1461220 907
1461230 906
1461240 904
1461250 904
1461260 902
1461270 900
1461280 900
1461290 898
1461300 896
1461310 896
1461320 894
1461330 892
1461340 892
1461350 889
1461360 885
1461370 885
1461380 881
1461390 877
1461400 877
1461410 874
1461420 872
1461430 872
1461440 869
1461450 867
1461460 867
1461470 865
1461480 864
1461490 864
1461500 861
1461510 860
1461520 860
1461530 858
1461540 857
1461550 857
1461560 855
1461570 853
1461580 850
1461590 850
1461600 848
1461610 847
1461620 847
1461630 845
1461640 844
1461650 844
1461660 843
1461670 842
1461680 842
1461690 842
1461700 841
1461710 841
1461720 840
1461730 839
1461740 839
1461750 838
1461760 837
1461770 837
1461780 835
1461790 834
1461800 834
1461810 832
1461820 829
1461830 829
1461840 827
1461850 825
1461860 825
1461870 823
1461880 821
1461890 821
1461900 820
1461910 818
1461920 818
1461930 817
1461940 815
1461950 815
1461960 813
1461970 812
1461980 812
1461990 811
1462000 809
1462010 809
1462020 808
1462030 805
1462040 805
1462050 801
1462060 797
1462070 797
1462080 792
1462090 787
1462100 787
1462110 785
1462120 783
1462130 782
1462140 782
1462150 781
1462160 780
1462170 780
1462180 779
1462190 778
1462200 778
1462210 776
1462220 774
1462230 774
1462240 772
1462250 770
1462260 770
1462270 770
1462280 769
1462290 769
1462300 769
1462310 769
1462320 769
1462330 768
1462340 768
1462350 768
1462360 767
1462370 767
1462380 767
1462390 767
1462400 766
1462410 766
1462420 766
1462430 765
1462440 765
1462450 764
1462460 764
1462470 764
1462480 763
1462490 763
1462500 763
1462510 763
1462520 762
1462530 762
1462540 762
1462550 762
1462560 762
1462570 761
1462580 761
1462590 761
1462600 761
1462610 761
1462620 761
1462630 761
1462640 761
1462650 761
1462660 761
1462670 760
1462680 760
1462690 760
1462700 760
1462710 760
1462720 760
1462730 760
1462740 761
1462750 761
1462760 761
1462770 761
1462780 761
1462790 762
1462800 762
1462810 762
1462820 762
1462830 762
1462840 762
1462850 761
1462860 761
1462870 761
1462880 761
1462890 761
1462900 761
1462910 761
1462920 761
1462930 761
1462940 761
1462950 761
1462960 761
1462970 761
1462980 760
1462990 760
1463000 759
1463010 758
1463020 758
1463030 758
1463040 757
1463050 757
1463060 758
1463070 758
1463080 758
1463090 758
1463100 757
1463110 757
1463120 757
1463130 757
1463140 757
1463150 757
1463160 757
1463170 757
1463180 757
1463190 757
1463200 757
1463210 756
1463220 756
1463230 757
1463240 757
1463250 757
1463260 757
1463270 757
1463280 757
1463290 757
1463300 757
1463310 756
1463320 755
1463330 755
1463340 755
1463350 755
1463360 755
1463370 755
1463380 755
1463390 755
1463400 755
1463410 755
1463420 755
1463430 755
1463440 756
1463450 756
1463460 756
1463470 756
1463480 755
1463490 756
1463500 755
1463510 755
1463520 755
1463530 755
1463540 755
1463550 755
1463560 757
1463570 757
1463580 757
1463590 757
1463600 757
1463610 757
1463620 757
1463630 757
1463640 757
1463650 757
1463660 757
1463670 756
1463680 755
1463690 755
1463700 755
1463710 756
1463720 756
1463730 755
1463740 755
1463750 755
1463760 756
1463770 756
1463780 756
1463790 756
1463800 756
1463810 755
1463820 755
1463830 755
1463840 755
1463850 755
1463860 754
1463870 754
1463880 754
1463890 754
1463900 754
1463910 754
1463920 754
1463930 754
1463940 754
1463950 754
1463960 754
1463970 754
1463980 754
1463990 754
1464000 754
1464010 754
1464020 754
1464030 754
1464040 754
1464050 754
1464060 754
1464070 755
1464080 755
1464090 755
1464100 755
1464110 755
1464120 755
1464130 755
1464140 755
1464150 755
1464160 755
1464170 755
1464180 755
1464190 755
1464200 755
1464210 755
1464220 755
1464230 755
1464240 755
1464250 755
1464260 755
1464270 755
1464280 757
1464290 757
1464300 757
1464310 756
1464320 756
1464330 756
1464340 756
1464350 757
1464360 758
1464370 758
1464380 758
1464390 757
1464400 757
1464410 755
1464420 755
1464430 755
1464440 754
1464450 754
1464460 754
1464470 754
1464480 754
1464490 754
1464500 754
1464510 752
1464520 752
1464530 752
1464540 751
1464550 751
1464560 751
1464570 751
1464580 751
1464590 750
1464600 750
1464610 750
1464620 751
1464630 752
1464640 752
1464650 754
1464660 755
1464670 755
1464680 757
1464690 759
1464700 759
1464710 760
1464720 761
1464730 761
1464740 761
1464750 760
1464760 760
1464770 759
1464780 759
1464790 759
1464800 757
1464810 757
1464820 757
1464830 756
1464840 756
1464850 756
1464860 756
1464870 756
1464880 756
1464890 756
1464900 757
1464910 758
1464920 758
1464930 758
1464940 758
1464950 758
1464960 759
1464970 758
1464980 758
1464990 756
1465000 754
1465010 754
1465020 752
1465030 750
1465040 750
1465050 750
1465060 750
1465070 750
1465080 750
1465090 750
1465100 750
1465110 751
1465120 751
1465130 751
1465140 752
1465150 753
1465160 753
1465170 754
1465180 754
1465190 754
1465200 754
1465210 753
1465220 753
1465230 752
1465240 750
1465250 750
1465260 748
1465270 747
1465280 747
1465290 746
1465300 746
1465310 746
1465320 745
1465330 745
1465340 745
1465350 745
1465360 746
1465370 746
1465380 746
1465390 746
1465400 746
1465410 745
1465420 743
1465430 743
1465440 741
1465450 739
1465460 739
1465470 739
1465480 738
1465490 737
1465500 737
1465510 737
1465520 736
1465530 736
1465540 736
1465550 736
1465560 736
1465570 736
1465580 737
1465590 737
1465600 737
1465610 737
1465620 737
1465630 737
1465640 737
1465650 737
1465660 738
1465670 738
1465680 738
1465690 738
1465700 738
1465710 738
1465720 738
1465730 738
1465740 738
1465750 738
1465760 738
1465770 738
1465780 739
1465790 739
1465800 739
1465810 741
1465820 744
1465830 744
1465840 746
1465850 746
1465860 746
1465870 746
1465880 745
1465890 745
1465900 745
1465910 746
1465920 746
1465930 747
1465940 749
1465950 749
1465960 750
1465970 751
1465980 751
1465990 752
1466000 753
1466010 753
1466020 753
1466030 751
1466040 748
1466050 748
1466060 745
1466070 744
1466080 744
1466090 743
1466100 742
1466110 742
1466120 742
1466130 741
1466140 741
1466150 741
1466160 741
1466170 741
1466180 740
1466190 740
1466200 740
1466210 739
1466220 739
1466230 739
1466240 738
1466250 738
1466260 738
1466270 737
1466280 737
1466290 737
1466300 737
1466310 736
1466320 736
1466330 736
1466340 735
1466350 735
1466360 735
1466370 735
1466380 735
1466390 735
1466400 734
1466410 734
1466420 734
1466430 734
1466440 734
1466450 733
1466460 732
1466470 732
1466480 732
1466490 732
1466500 732
1466510 732
1466520 732
1466530 732
1466540 732
1466550 733
1466560 733
1466570 734
1466580 734
1466590 734
1466600 734
1466610 734
1466620 735
1466630 735
1466640 734
1466650 734
1466660 734
1466670 734
1466680 734
1466690 734
1466700 734
1466710 734
1466720 734
1466730 734
1466740 733
1466750 733
1466760 733
1466770 732
1466780 732
1466790 732
1466800 732
1466810 732
1466820 733
1466830 733
1466840 733
1466850 732
1466860 731
1466870 731
1466880 732
1466890 732
1466900 732
1466910 734
1466920 735
1466930 735
1466940 736
1466950 737
1466960 737
1466970 738
1466980 739
1466990 739
1467000 739
1467010 739
1467020 739
1467030 739
1467040 739
1467050 739
1467060 739
1467070 739
1467080 739
1467090 739
1467100 739
1467110 739
1467120 740
1467130 740
1467140 741
1467150 741
1467160 741
1467170 742
1467180 742
1467190 742
1467200 741
1467210 741
1467220 741
1467230 741
1467240 741
1467250 741
1467260 741
1467270 741
1467280 741
1467290 741
1467300 741
1467310 741
1467320 741
1467330 741
1467340 741
1467350 742
1467360 742
1467370 742
1467380 742
1467390 742
1467400 741
1467410 740
1467420 740
1467430 739
1467440 739
1467450 739
1467460 738
1467470 737
1467480 737
1467490 737
1467500 736
1467510 736
1467520 736
1467530 735
1467540 735
1467550 735
1467560 734
1467570 734
1467580 734
1467590 734
1467600 734
1467610 734
1467620 734
1467630 734
1467640 734
1467650 734
1467660 734
1467670 734
1467680 734
1467690 734
1467700 734
1467710 735
1467720 735
1467730 735
1467740 736
1467750 736
1467760 736
1467770 736
1467780 736
1467790 736
1467800 736
1467810 736
1467820 736
1467830 736
1467840 736
1467850 736
1467860 736
1467870 736
1467880 736
1467890 736
1467900 736
1467910 736
1467920 737
1467930 737
1467940 737
1467950 737
1467960 738
1467970 738
1467980 738
1467990 739
1468000 739
1468010 739
1468020 739
1468030 739
1468040 739
1468050 740
1468060 740
1468070 740
1468080 739
1468090 739
1468100 739
1468110 738
1468120 738
1468130 738
1468140 738
1468150 738
1468160 737
1468170 737
1468180 737
1468190 737
1468200 737
1468210 737
1468220 736
1468230 736
1468240 736
1468250 736
1468260 736
1468270 736
1468280 736
1468290 736
1468300 736
1468310 736
1468320 736
1468330 736
1468340 736
1468350 736
1468360 736
1468370 736
1468380 736
1468390 736
1468400 736
1468410 736
1468420 736
1468430 736
1468440 737
1468450 736
1468460 736
1468470 736
1468480 736
1468490 736
1468500 736
1468510 736
1468520 736
1468530 736
1468540 736
1468550 736
1468560 736
1468570 736
1468580 736
1468590 736
1468600 735
1468610 735
1468620 735
1468630 736
1468640 736
1468650 736
1468660 736
1468670 736
1468680 737
1468690 737
1468700 737
1468710 737
1468720 737
1468730 737
1468740 737
1468750 737
1468760 737
1468770 736
1468780 735
1468790 731
1468800 731
1468810 728
1468820 725
1468830 725
1468840 723
1468850 721
1468860 721
1468870 718
1468880 713
1468890 713
1468900 711
1468910 708
1468920 708
1468930 705
1468940 704
1468950 704
1468960 703
1468970 701
1468980 701
1468990 699
1469000 697
1469010 697
1469020 693
1469030 690
1469040 690
1469050 688
1469060 686
1469070 686
1469080 687
1469090 684
1469100 684
1469110 683
1469120 683
1469130 683
1469140 685
1469150 686
1469160 686
1469170 687
1469180 688
1469190 688
1469200 689
1469210 690
1469220 690
1469230 692
1469240 693
1469250 693
1469260 695
1469270 696
1469280 696
1469290 698
1469300 701
1469310 701
1469320 703
1469330 705
1469340 705
1469350 707
1469360 709
1469370 711
1469380 711
1469390 714
1469400 717
1469410 717
1469420 720
1469430 723
1469440 723
1469450 726
1469460 728
1469470 728
1469480 728
1469490 728
1469500 728
1469510 728
1469520 728
1469530 728
1469540 728
1469550 728
1469560 728
1469570 728
1469580 728
1469590 728
1469600 729
1469610 728
1469620 728
1469630 728
1469640 729
1469650 729
1469660 730
1469670 730
1469680 730
1469690 731
1469700 733
1469710 733
1469720 734
1469730 733
1469740 733
1469750 733
1469760 732
1469770 732
1469780 732
1469790 733
1469800 733
1469810 734
1469820 735
1469830 735
1469840 736
1469850 737
1469860 737
1469870 738
1469880 739
1469890 739
1469900 740
1469910 742
1469920 743
1469930 743
1469940 743
1469950 744
1469960 744
1469970 745
1469980 746
1469990 746
1470000 748
1470010 750
1470020 750
1470030 752
1470040 754
1470050 754
1470060 755
1470070 756
1470080 756
1470090 756
1470100 759
1470110 759
1470120 760
1470130 760
1470140 760
1470150 761
1470160 762
1470170 762
1470180 764
1470190 765
1470200 765
1470210 767
1470220 770
1470230 770
1470240 775
1470250 780
1470260 780
1470270 785
1470280 789
1470290 789
1470300 795
1470310 801
1470320 801
1470330 806
1470340 811
1470350 811
1470360 816
1470370 820
1470380 820
1470390 821
1470400 823
1470410 823
1470420 827
1470430 831
1470440 831
1470450 833
1470460 835
1470470 836
1470480 836
1470490 835
1470500 838
1470510 838
1470520 839
1470530 838
1470540 838
1470550 839
1470560 843
1470570 843
1470580 846
1470590 850
1470600 850
1470610 854
1470620 857
1470630 857
1470640 861
1470650 865
1470660 865
1470670 867
1470680 869
1470690 869
1470700 871
1470710 871
1470720 871
1470730 876
1470740 883
1470750 883
1470760 889
1470770 895
1470780 895
1470790 902
1470800 908
1470810 908
1470820 913
1470830 919
1470840 920
1470850 925
1470860 928
1470870 928
1470880 932
1470890 935
1470900 935
1470910 939
1470920 943
1470930 943
1470940 946
1470950 950
1470960 950
1470970 954
1470980 959
1470990 959
1471000 965
1471010 971
1471020 977
1471030 977
1471040 983
1471050 990
1471060 990
1471070 996
1471080 999
1471090 999
1471100 1003
1471110 1004
1471120 1004
1471130 1002
1471140 1000
1471150 1000
1471160 998
1471170 997
1471180 997
1471190 995
1471200 994
1471210 994
1471220 993
1471230 992
1471240 992
1471250 992
1471260 993
1471270 993
1471280 993
1471290 993
1471300 993
1471310 993
1471320 992
1471330 992
1471340 992
1471350 992
1471360 992
1471370 992
1471380 992
1471390 992
1471400 992
1471410 990
1471420 990
1471430 986
1471440 983
1471450 983
1471460 981
1471470 979
1471480 979
1471490 976
1471500 974
1471510 974
1471520 974
1471530 973
1471540 973
1471550 972
1471560 970
1471570 969
1471580 969
1471590 968
1471600 967
1471610 967
1471620 966
1471630 965
1471640 965
1471650 964
1471660 963
1471670 963
1471680 962
1471690 960
1471700 960
1471710 958
1471720 957
1471730 957
1471740 956
1471750 954
1471760 954
1471770 952
1471780 949
1471790 949
1471800 946
1471810 942
1471820 942
1471830 938
1471840 936
1471850 936
1471860 935
1471870 934
1471880 934
1471890 932
1471900 932
1471910 932
1471920 932
1471930 931
1471940 931
1471950 930
1471960 929
1471970 929
1471980 929
1471990 929
1472000 929
1472010 928
1472020 929
1472030 929
1472040 929
1472050 929
1472060 929
1472070 928
1472080 925
1472090 925
1472100 929
1472110 928
1472120 930
1472130 930
1472140 931
1472150 932
1472160 932
1472170 932
1472180 931
1472190 931
1472200 931
1472210 933
1472220 933
1472230 935
1472240 937
1472250 937
1472260 938
1472270 937
1472280 937
1472290 940
1472300 945
1472310 945
1472320 951
1472330 956
1472340 956
1472350 962
1472360 967
1472370 967
1472380 973
1472390 978
1472400 978
1472410 985
1472420 990
1472430 990
1472440 996
1472450 1002
1472460 1002
1472470 1008
1472480 1014
1472490 1014
1472500 1020
1472510 1026
1472520 1026
1472530 1032
1472540 1038
1472550 1038
1472560 1043
1472570 1048
1472580 1048
1472590 1052
1472600 1051
1472610 1051
1472620 1048
1472630 1043
1472640 1043
1472650 1035
1472660 1027
1472670 1027
1472680 1021
1472690 1017
1472700 1012
1472710 1012
1472720 1006
1472730 999
1472740 999
1472750 994
1472760 988
1472770 988
1472780 983
1472790 977
1472800 977
1472810 972
1472820 967
1472830 967
1472840 962
1472850 956
1472860 956
1472870 951
1472880 945
1472890 945
1472900 939
1472910 932
1472920 932
1472930 925
1472940 918
1472950 918
1472960 911
1472970 905
1472980 905
1472990 898
1473000 890
1473010 890
1473020 883
1473030 876
1473040 876
1473050 870
1473060 867
1473070 867
1473080 864
1473090 861
1473100 861
1473110 857
1473120 852
1473130 852
1473140 848
1473150 845
1473160 845
1473170 842
1473180 838
1473190 838
1473200 832
1473210 825
1473220 825
1473230 819
1473240 813
1473250 809
1473260 809
1473270 805
1473280 800
1473290 800
1473300 796
1473310 791
1473320 791
1473330 787
1473340 782
1473350 782
1473360 777
1473370 773
1473380 773
1473390 769
1473400 766
1473410 766
1473420 762
1473430 759
1473440 759
1473450 757
1473460 754
1473470 754
1473480 753
1473490 753
1473500 753
1473510 753
1473520 752
1473530 752
1473540 752
1473550 753
1473560 753
1473570 754
1473580 756
1473590 756
1473600 756
1473610 756
1473620 756
1473630 753
1473640 753
1473650 753
1473660 752
1473670 753
1473680 753
1473690 755
1473700 756
1473710 756
1473720 757
1473730 755
1473740 755
1473750 754
1473760 756
1473770 756
1473780 764
1473790 769
1473800 774
1473810 774
1473820 778
1473830 780
1473840 780
1473850 781
1473860 782
1473870 782
1473880 782
1473890 781
1473900 781
1473910 781
1473920 780
1473930 780
1473940 780
1473950 780
1473960 780
1473970 780
1473980 782
1473990 782
1474000 785
1474010 789
1474020 789
1474030 790
1474040 790
1474050 790
1474060 790
1474070 788
1474080 788
1474090 789
1474100 792
1474110 792
1474120 786
1474130 781
1474140 781
1474150 781
1474160 781
1474170 781
1474180 781
1474190 782
1474200 782
1474210 783
1474220 783
1474230 783
1474240 783
1474250 783
1474260 783
1474270 782
1474280 780
1474290 780
1474300 778
1474310 777
1474320 777
1474330 776
1474340 773
1474350 771
1474360 771
1474370 769
1474380 768
1474390 768
1474400 766
1474410 764
1474420 764
1474430 761
1474440 758
1474450 758
1474460 756
1474470 753
1474480 753
1474490 751
1474500 749
1474510 749
1474520 747
1474530 744
1474540 744
1474550 743
1474560 743
1474570 743
1474580 742
1474590 741
1474600 741
1474610 739
1474620 739
1474630 739
1474640 739
1474650 738
1474660 738
1474670 737
1474680 736
1474690 736
1474700 735
1474710 735
1474720 735
1474730 734
1474740 733
1474750 733
1474760 734
1474770 734
1474780 734
1474790 731
1474800 730
1474810 730
1474820 729
1474830 728
1474840 728
1474850 725
1474860 723
1474870 723
1474880 722
1474890 721
1474900 721
1474910 719
1474920 718
1474930 717
1474940 717
1474950 716
1474960 715
1474970 715
1474980 715
1474990 713
1475000 713
1475010 712
1475020 711
1475030 711
1475040 710
1475050 709
1475060 709
1475070 709
1475080 708
1475090 708
1475100 708
1475110 708
1475120 708
1475130 709
1475140 711
1475150 711
1475160 712
1475170 712
1475180 712
1475190 711
1475200 710
1475210 710
1475220 708
1475230 707
1475240 707
1475250 705
1475260 704
1475270 704
1475280 703
1475290 701
1475300 701
1475310 699
1475320 697
1475330 697
1475340 695
1475350 694
1475360 694
1475370 692
1475380 690
1475390 690
1475400 688
1475410 687
1475420 687
1475430 686
1475440 685
1475450 685
1475460 684
1475470 682
1475480 681
1475490 681
1475500 678
1475510 677
1475520 677
1475530 675
1475540 672
1475550 672
1475560 669
1475570 667
1475580 667
1475590 665
1475600 663
1475610 663
1475620 663
1475630 663
1475640 663
1475650 663
1475660 663
1475670 663
1475680 663
1475690 663
1475700 663
1475710 663
1475720 663
1475730 663
1475740 663
1475750 663
1475760 663
1475770 663
1475780 663
1475790 663
1475800 663
1475810 663
1475820 663
1475830 663
1475840 663
1475850 663
1475860 663
1475870 663
1475880 663
1475890 663
1475900 663
1475910 663
1475920 663
1475930 663
1475940 663
1475950 663
1475960 663
1475970 663
1475980 663
1475990 663
1476000 663
1476010 663
1476020 663
1476030 663
1476040 663
1476050 663
1476060 663
1476070 663
1476080 663
1476090 663
1476100 663
1476110 663
1476120 663
1476130 663
1476140 663
1476150 663
1476160 663
1476170 663
1476180 663
1476190 663
1476200 663
1476210 663
1476220 663
1476230 663
1476240 663
1476250 663
1476260 663
1476270 663
1476280 663
1476290 663
1476300 663
1476310 663
1476320 663
1476330 663
1476340 663
1476350 663
1476360 663
1476370 663
1476380 663
1476390 663
1476400 663
1476410 663
1476420 663
1476430 663
1476440 663
1476450 663
1476460 663
1476470 663
1476480 663
1476490 663
1476500 663
1476510 663
1476520 663
1476530 663
1476540 663
1476550 663
1476560 663
1476570 663
1476580 663
1476590 663
1476600 663
1476610 663
1476620 663
1476630 663
1476640 663
1476650 663
1476660 663
1476670 663
1476680 663
1476690 663
1476700 663
1476710 663
1476720 663
1476730 663
1476740 663
1476750 663
1476760 663
1476770 663
1476780 663
1476790 663
1476800 663
1476810 663
1476820 663
1476830 663
1476840 663
1476850 663
1476860 663
1476870 663
1476880 663
1476890 663
1476900 663
1476910 663
1476920 663
1476930 663
1476940 663
1476950 663
1476960 663
1476970 663
1476980 663
1476990 663
1477000 663
1477010 663
1477020 663
1477030 663
1477040 663
1477050 663
1477060 663
1477070 663
1477080 663
1477090 663
1477100 663
1477110 663
1477120 663
1477130 663
1477140 663
1477150 663
1477160 663
1477170 663
1477180 663
1477190 663
1477200 663
1477210 663
1477220 663
1477230 663
1477240 663
1477250 663
1477260 663
1477270 663
1477280 663
1477290 663
1477300 663
1477310 663
1477320 663
1477330 663
1477340 663
1477350 663
1477360 663
1477370 663
1477380 663
1477390 663
1477400 663
1477410 663
1477420 663
1477430 663
1477440 663
1477450 663
1477460 663
1477470 663
1477480 663
1477490 663
1477500 663
1477510 663
1477520 663
1477530 663
1477540 663
1477550 663
1477560 663
1477570 663
1477580 663
1477590 663
1477600 663
1477610 663
1477620 663
1477630 663
1477640 663
1477650 663
1477660 663
1477670 663
1477680 663
1477690 663
1477700 663
1477710 663
1477720 663
1477730 663
1477740 663
1477750 663
1477760 663
1477770 663
1477780 663
1477790 663
1477800 663
1477810 663
1477820 663
1477830 663
1477840 663
1477850 663
1477860 663
1477870 663
1477880 663
1477890 664
1477900 664
1477910 669
1477920 675
1477930 675
1477940 678
1477950 681
1477960 681
1477970 682
1477980 682
1477990 682
1478000 683
1478010 684
1478020 684
1478030 683
1478040 682
1478050 682
1478060 680
1478070 679
1478080 679
1478090 679
1478100 678
1478110 678
1478120 678
1478130 678
1478140 678
1478150 678
1478160 678
1478170 678
1478180 679
1478190 679
1478200 679
1478210 678
1478220 678
1478230 678
1478240 677
1478250 676
1478260 674
1478270 674
1478280 674
1478290 675
1478300 675
1478310 676
1478320 676
1478330 676
1478340 677
1478350 677
1478360 677
1478370 676
1478380 676
1478390 676
1478400 676
1478410 677
1478420 677
1478430 677
1478440 677
1478450 677
1478460 677
1478470 676
1478480 676
1478490 676
1478500 676
1478510 676
1478520 675
1478530 675
1478540 675
1478550 675
1478560 675
1478570 675
1478580 675
1478590 675
1478600 675
1478610 675
1478620 675
1478630 675
1478640 675
1478650 675
1478660 675
1478670 676
1478680 677
1478690 677
1478700 678
1478710 679
1478720 679
1478730 680
1478740 681
1478750 681
1478760 681
1478770 682
1478780 682
1478790 682
1478800 682
1478810 683
1478820 683
1478830 683
1478840 684
1478850 684
1478860 684
1478870 685
1478880 685
1478890 685
1478900 686
1478910 686
1478920 687
1478930 689
1478940 689
1478950 690
1478960 690
1478970 690
1478980 690
1478990 691
1479000 691
1479010 692
1479020 692
1479030 692
1479040 694
1479050 695
1479060 695
1479070 696
1479080 698
1479090 698
1479100 700
1479110 701
1479120 701
1479130 703
1479140 704
1479150 704
1479160 707
1479170 710
1479180 710
1479190 714
1479200 718
1479210 718
1479220 720
1479230 722
1479240 722
1479250 723
1479260 723
1479270 723
1479280 723
1479290 722
1479300 722
1479310 722
1479320 722
1479330 722
1479340 723
1479350 724
1479360 726
1479370 726
1479380 728
1479390 729
1479400 729
1479410 731
1479420 733
1479430 733
1479440 733
1479450 733
1479460 733
1479470 733
1479480 732
1479490 732
1479500 731
1479510 731
1479520 731
1479530 732
1479540 733
1479550 733
1479560 734
1479570 734
1479580 734
1479590 736
1479600 737
1479610 737
1479620 738
1479630 739
1479640 739
1479650 740
1479660 740
1479670 740
1479680 740
1479690 740
1479700 740
1479710 742
1479720 743
1479730 743
1479740 744
1479750 744
1479760 744
1479770 744
1479780 745
1479790 745
1479800 746
1479810 747
1479820 747
1479830 747
1479840 748
1479850 748
1479860 749
1479870 749
1479880 749
1479890 749
1479900 748
1479910 748
1479920 747
1479930 747
1479940 746
1479950 746
1479960 745
1479970 744
1479980 744
1479990 743
