1460000 660
1460010 660
1460020 662
1460030 663
1460040 663
1460050 663
1460060 661
1460070 661
1460080 658
1460090 661
1460100 661
1460110 664
1460120 665
1460130 665
1460140 665
1460150 666
1460160 666
1460170 666
1460180 665
1460190 665
1460200 667
1460210 669
1460220 669
1460230 670
1460240 671
1460250 671
1460260 673
1460270 674
1460280 674
1460290 675
1460300 675
1460310 675
1460320 675
1460330 675
1460340 675
1460350 675
1460360 676
1460370 676
1460380 676
1460390 677
1460400 678
1460410 678
1460420 680
1460430 680
1460440 680
1460450 680
1460460 680
1460470 680
1460480 681
1460490 682
1460500 682
1460510 682
1460520 683
1460530 683
1460540 683
1460550 684
1460560 684
1460570 685
1460580 685
1460590 685
1460600 683
1460610 682
1460620 682
1460630 681
1460640 681
1460650 681
1460660 681
1460670 681
1460680 681
1460690 681
1460700 681
1460710 681
1460720 682
1460730 684
1460740 684
1460750 686
1460760 686
1460770 686
1460780 686
1460790 685
1460800 685
1460810 685
1460820 684
1460830 684
1460840 685
1460850 686
1460860 686
1460870 687
1460880 689
1460890 689
1460900 690
1460910 691
1460920 691
1460930 692
1460940 692
1460950 692
1460960 692
1460970 692
1460980 692
1460990 692
1461000 693
1461010 695
1461020 695
1461030 695
1461040 696
1461050 696
1461060 697
1461070 698
1461080 698
1461090 698
1461100 698
1461110 698
1461120 697
1461130 697
1461140 697
1461150 696
1461160 696
1461170 696
1461180 697
1461190 698
1461200 698
1461210 699
1461220 700
1461230 700
1461240 702
1461250 702
1461260 702
1461270 702
1461280 702
1461290 702
1461300 703
1461310 704
1461320 704
1461330 705
1461340 706
1461350 706
1461360 705
1461370 704
1461380 704
1461390 703
1461400 703
1461410 703
1461420 703
1461430 702
1461440 702
1461450 701
1461460 700
1461470 700
1461480 700
1461490 700
1461500 700
1461510 700
1461520 700
1461530 699
1461540 699
1461550 698
1461560 697
1461570 697
1461580 695
1461590 695
1461600 695
1461610 696
1461620 695
1461630 695
1461640 693
1461650 691
1461660 691
1461670 690
1461680 690
1461690 690
1461700 689
1461710 688
1461720 688
1461730 687
1461740 687
1461750 687
1461760 687
1461770 686
1461780 686
1461790 685
1461800 684
1461810 684
1461820 685
1461830 685
1461840 685
1461850 685
1461860 685
1461870 685
1461880 685
1461890 686
1461900 686
1461910 685
1461920 685
1461930 685
1461940 685
1461950 685
1461960 685
1461970 685
1461980 685
1461990 685
1462000 686
1462010 687
1462020 687
1462030 688
1462040 688
1462050 688
1462060 689
1462070 688
1462080 688
1462090 688
1462100 688
1462110 688
1462120 688
1462130 688
1462140 687
1462150 687
1462160 687
1462170 687
1462180 687
1462190 687
1462200 687
1462210 687
1462220 686
1462230 686
1462240 686
1462250 686
1462260 686
1462270 686
1462280 686
1462290 686
1462300 686
1462310 686
1462320 685
1462330 685
1462340 683
1462350 684
1462360 684
1462370 686
1462380 688
1462390 688
1462400 689
1462410 689
1462420 689
1462430 689
1462440 690
1462450 690
1462460 690
1462470 691
1462480 691
1462490 692
1462500 693
1462510 693
1462520 694
1462530 695
1462540 695
1462550 695
1462560 695
1462570 695
1462580 696
1462590 698
1462600 698
1462610 699
1462620 701
1462630 701
1462640 703
1462650 704
1462660 705
1462670 705
1462680 707
1462690 708
1462700 708
1462710 710
1462720 712
1462730 712
1462740 715
1462750 717
1462760 717
1462770 719
1462780 720
1462790 720
1462800 720
1462810 720
1462820 720
1462830 720
1462840 719
1462850 719
1462860 718
1462870 718
1462880 718
1462890 718
1462900 717
1462910 717
1462920 716
1462930 715
1462940 715
1462950 715
1462960 715
1462970 715
1462980 716
1462990 717
1463000 717
1463010 718
1463020 718
1463030 718
1463040 716
1463050 715
1463060 715
1463070 714
1463080 713
1463090 713
1463100 713
1463110 713
1463120 713
1463130 713
1463140 712
1463150 712
1463160 712
1463170 711
1463180 711
1463190 711
1463200 710
1463210 710
1463220 710
1463230 709
1463240 707
1463250 707
1463260 706
1463270 705
1463280 705
1463290 705
1463300 705
1463310 705
1463320 706
1463330 706
1463340 706
1463350 706
1463360 706
1463370 706
1463380 706
1463390 707
1463400 707
1463410 708
1463420 708
1463430 708
1463440 709
1463450 710
1463460 710
1463470 711
1463480 711
1463490 711
1463500 711
1463510 711
1463520 711
1463530 711
1463540 711
1463550 711
1463560 712
1463570 712
1463580 712
1463590 712
1463600 711
1463610 711
1463620 710
1463630 710
1463640 710
1463650 710
1463660 709
1463670 709
1463680 709
1463690 709
1463700 709
1463710 708
1463720 708
1463730 708
1463740 707
1463750 707
1463760 707
1463770 707
1463780 706
1463790 706
1463800 706
1463810 706
1463820 706
1463830 706
1463840 706
1463850 706
1463860 706
1463870 705
1463880 705
1463890 705
1463900 705
1463910 705
1463920 705
1463930 705
1463940 704
1463950 704
1463960 704
1463970 704
1463980 704
1463990 704
1464000 703
1464010 703
1464020 704
1464030 705
1464040 705
1464050 705
1464060 705
1464070 705
1464080 706
1464090 707
1464100 707
1464110 708
1464120 709
1464130 709
1464140 710
1464150 711
1464160 711
1464170 712
1464180 714
1464190 714
1464200 715
1464210 715
1464220 715
1464230 715
1464240 714
1464250 714
1464260 713
1464270 713
1464280 713
1464290 714
1464300 713
1464310 713
1464320 713
1464330 713
1464340 713
1464350 712
1464360 711
1464370 710
1464380 710
1464390 709
1464400 708
1464410 708
1464420 708
1464430 706
1464440 706
1464450 705
1464460 704
1464470 704
1464480 703
1464490 703
1464500 703
1464510 702
1464520 701
1464530 701
1464540 700
1464550 699
1464560 699
1464570 699
1464580 698
1464590 698
1464600 697
1464610 697
1464620 697
1464630 697
1464640 696
1464650 696
1464660 696
1464670 695
1464680 695
1464690 695
1464700 695
1464710 695
1464720 694
1464730 694
1464740 694
1464750 693
1464760 693
1464770 693
1464780 693
1464790 692
1464800 692
1464810 692
1464820 691
1464830 691
1464840 691
1464850 690
1464860 690
1464870 688
1464880 687
1464890 687
1464900 688
1464910 689
1464920 689
1464930 689
1464940 690
1464950 690
1464960 690
1464970 687
1464980 685
1464990 685
1465000 690
1465010 691
1465020 691
1465030 692
1465040 692
1465050 692
1465060 692
1465070 693
1465080 693
1465090 693
1465100 693
1465110 693
1465120 693
1465130 693
1465140 693
1465150 692
1465160 692
1465170 692
1465180 692
1465190 692
1465200 692
1465210 691
1465220 691
1465230 691
1465240 691
1465250 690
1465260 690
1465270 690
1465280 690
1465290 690
1465300 687
1465310 683
1465320 683
1465330 689
1465340 691
1465350 691
1465360 691
1465370 692
1465380 692
1465390 692
1465400 692
1465410 692
1465420 693
1465430 693
1465440 693
1465450 693
1465460 694
1465470 694
1465480 694
1465490 694
1465500 694
1465510 694
1465520 694
1465530 693
1465540 693
1465550 692
1465560 692
1465570 692
1465580 692
1465590 692
1465600 692
1465610 692
1465620 692
1465630 692
1465640 693
1465650 693
1465660 693
1465670 693
1465680 694
1465690 694
1465700 694
1465710 694
1465720 694
1465730 694
1465740 695
1465750 695
1465760 694
1465770 694
1465780 694
1465790 694
1465800 694
1465810 694
1465820 695
1465830 695
1465840 695
1465850 696
1465860 697
1465870 697
1465880 698
1465890 698
1465900 698
1465910 699
1465920 699
1465930 699
1465940 699
1465950 700
1465960 700
1465970 700
1465980 700
1465990 700
1466000 701
1466010 701
1466020 701
1466030 701
1466040 702
1466050 702
1466060 704
1466070 705
1466080 705
1466090 705
1466100 706
1466110 706
1466120 706
1466130 705
1466140 704
1466150 704
1466160 704
1466170 704
1466180 704
1466190 704
1466200 704
1466210 704
1466220 704
1466230 704
1466240 704
1466250 705
1466260 706
1466270 706
1466280 706
1466290 705
1466300 705
1466310 705
1466320 705
1466330 705
1466340 705
1466350 704
1466360 704
1466370 704
1466380 703
1466390 703
1466400 703
1466410 702
1466420 702
1466430 701
1466440 700
1466450 700
1466460 699
1466470 697
1466480 697
1466490 695
1466500 694
1466510 694
1466520 692
1466530 686
1466540 686
1466550 681
1466560 677
1466570 677
1466580 673
1466590 670
1466600 670
1466610 667
1466620 666
1466630 666
1466640 665
1466650 663
1466660 661
1466670 661
1466680 660
1466690 659
1466700 659
1466710 658
1466720 658
1466730 658
1466740 657
1466750 658
1466760 658
1466770 658
1466780 659
1466790 659
1466800 659
1466810 659
1466820 659
1466830 659
1466840 659
1466850 659
1466860 660
1466870 660
1466880 660
1466890 663
1466900 668
1466910 668
1466920 672
1466930 675
1466940 675
1466950 677
1466960 679
1466970 679
1466980 682
1466990 685
1467000 685
1467010 689
1467020 692
1467030 692
1467040 694
1467050 694
1467060 694
1467070 694
1467080 694
1467090 694
1467100 694
1467110 694
1467120 694
1467130 694
1467140 694
1467150 694
1467160 694
1467170 694
1467180 694
1467190 695
1467200 695
1467210 695
1467220 695
1467230 695
1467240 695
1467250 695
1467260 695
1467270 695
1467280 695
1467290 695
1467300 696
1467310 696
1467320 696
1467330 698
1467340 698
1467350 699
1467360 702
1467370 702
1467380 703
1467390 705
1467400 705
1467410 706
1467420 707
1467430 707
1467440 708
1467450 710
1467460 710
1467470 711
1467480 712
1467490 712
1467500 713
1467510 714
1467520 714
1467530 715
1467540 715
1467550 715
1467560 716
1467570 717
1467580 717
1467590 718
1467600 719
1467610 719
1467620 719
1467630 720
1467640 720
1467650 720
1467660 721
1467670 721
1467680 721
1467690 722
1467700 722
1467710 722
1467720 723
1467730 723
1467740 723
1467750 724
1467760 724
1467770 724
1467780 725
1467790 726
1467800 726
1467810 727
1467820 728
1467830 728
1467840 729
1467850 729
1467860 729
1467870 730
1467880 731
1467890 731
1467900 731
1467910 731
1467920 731
1467930 732
1467940 732
1467950 732
1467960 732
1467970 732
1467980 732
1467990 733
1468000 732
1468010 732
1468020 730
1468030 728
1468040 728
1468050 725
1468060 722
1468070 722
1468080 720
1468090 719
1468100 719
1468110 719
1468120 718
1468130 718
1468140 717
1468150 717
1468160 717
1468170 718
1468180 718
1468190 718
1468200 716
1468210 716
1468220 716
1468230 717
1468240 717
1468250 717
1468260 717
1468270 718
1468280 718
1468290 718
1468300 719
1468310 719
1468320 719
1468330 719
1468340 719
1468350 719
1468360 719
1468370 720
1468380 720
1468390 720
1468400 720
1468410 720
1468420 721
1468430 721
1468440 721
1468450 720
1468460 720
1468470 720
1468480 720
1468490 720
1468500 720
1468510 721
1468520 721
1468530 721
1468540 721
1468550 721
1468560 721
1468570 721
1468580 720
1468590 720
1468600 720
1468610 720
1468620 720
1468630 720
1468640 720
1468650 720
1468660 721
1468670 721
1468680 721
1468690 721
1468700 722
1468710 722
1468720 722
1468730 722
1468740 722
1468750 723
1468760 723
1468770 723
1468780 724
1468790 724
1468800 724
1468810 724
1468820 724
1468830 724
1468840 724
1468850 724
1468860 724
1468870 724
1468880 724
1468890 724
1468900 724
1468910 724
1468920 724
1468930 724
1468940 725
1468950 725
1468960 725
1468970 725
1468980 725
1468990 725
1469000 725
1469010 725
1469020 725
1469030 725
1469040 725
1469050 725
1469060 725
1469070 725
1469080 725
1469090 725
1469100 725
1469110 725
1469120 725
1469130 725
1469140 725
1469150 725
1469160 725
1469170 725
1469180 725
1469190 725
1469200 725
1469210 725
1469220 725
1469230 725
1469240 725
1469250 725
1469260 725
1469270 725
1469280 725
1469290 725
1469300 725
1469310 724
1469320 724
1469330 724
1469340 724
1469350 724
1469360 724
1469370 724
1469380 724
1469390 724
1469400 723
1469410 723
1469420 723
1469430 722
1469440 722
1469450 722
1469460 722
1469470 722
1469480 723
1469490 724
1469500 724
1469510 724
1469520 724
1469530 724
1469540 724
1469550 724
1469560 724
1469570 724
1469580 724
1469590 725
1469600 725
1469610 725
1469620 725
1469630 725
1469640 724
1469650 724
1469660 724
1469670 724
1469680 724
1469690 724
1469700 723
1469710 724
1469720 724
1469730 726
1469740 728
1469750 728
1469760 730
1469770 730
1469780 730
1469790 732
1469800 733
1469810 733
1469820 734
1469830 735
1469840 735
1469850 737
1469860 738
1469870 738
1469880 739
1469890 740
1469900 740
1469910 741
1469920 741
1469930 741
1469940 742
1469950 742
1469960 742
1469970 743
1469980 744
1469990 744
1470000 744
1470010 744
1470020 744
1470030 744
1470040 744
1470050 744
1470060 744
1470070 743
1470080 742
1470090 742
1470100 740
1470110 738
1470120 738
1470130 737
1470140 737
1470150 737
1470160 737
1470170 737
1470180 737
1470190 737
1470200 737
1470210 737
1470220 737
1470230 737
1470240 737
1470250 737
1470260 737
1470270 737
1470280 738
1470290 738
1470300 738
1470310 739
1470320 741
1470330 741
1470340 742
1470350 743
1470360 743
1470370 743
1470380 743
1470390 743
1470400 744
1470410 744
1470420 744
1470430 744
1470440 744
1470450 744
1470460 744
1470470 744
1470480 744
1470490 741
1470500 740
1470510 740
1470520 739
1470530 737
1470540 737
1470550 737
1470560 737
1470570 737
1470580 736
1470590 736
1470600 736
1470610 737
1470620 737
1470630 737
1470640 738
1470650 738
1470660 739
1470670 739
1470680 739
1470690 740
1470700 740
1470710 739
1470720 739
1470730 739
1470740 739
1470750 739
1470760 739
1470770 739
1470780 739
1470790 739
1470800 739
1470810 738
1470820 738
1470830 737
1470840 736
1470850 736
1470860 736
1470870 736
1470880 736
1470890 736
1470900 737
1470910 737
1470920 737
1470930 737
1470940 737
1470950 737
1470960 737
1470970 737
1470980 737
1470990 737
1471000 737
1471010 737
1471020 737
1471030 737
1471040 737
1471050 737
1471060 737
1471070 737
1471080 737
1471090 737
1471100 737
1471110 737
1471120 737
1471130 738
1471140 738
1471150 738
1471160 738
1471170 738
1471180 738
1471190 738
1471200 738
1471210 738
1471220 738
1471230 738
1471240 738
1471250 738
1471260 738
1471270 738
1471280 738
1471290 738
1471300 739
1471310 739
1471320 739
1471330 739
1471340 739
1471350 739
1471360 739
1471370 739
1471380 739
1471390 739
1471400 739
1471410 739
1471420 739
1471430 739
1471440 739
1471450 739
1471460 739
1471470 738
1471480 738
1471490 738
1471500 738
1471510 738
1471520 738
1471530 738
1471540 738
1471550 738
1471560 738
1471570 738
1471580 738
1471590 738
1471600 738
1471610 738
1471620 738
1471630 738
1471640 738
1471650 738
1471660 738
1471670 738
1471680 738
1471690 738
1471700 738
1471710 737
1471720 737
1471730 737
1471740 736
1471750 736
1471760 736
1471770 735
1471780 735
1471790 735
1471800 735
1471810 735
1471820 735
1471830 735
1471840 735
1471850 735
1471860 735
1471870 735
1471880 736
1471890 736
1471900 736
1471910 737
1471920 737
1471930 737
1471940 737
1471950 737
1471960 737
1471970 736
1471980 736
1471990 737
1472000 737
1472010 737
1472020 737
1472030 736
1472040 736
1472050 736
1472060 736
1472070 736
1472080 736
1472090 736
1472100 736
1472110 736
1472120 735
1472130 736
1472140 735
1472150 735
1472160 735
1472170 735
1472180 735
1472190 735
1472200 734
1472210 733
1472220 733
1472230 732
1472240 731
1472250 731
1472260 731
1472270 731
1472280 731
1472290 731
1472300 732
1472310 732
1472320 732
1472330 732
1472340 732
1472350 733
1472360 733
1472370 732
1472380 732
1472390 731
1472400 728
1472410 728
1472420 724
1472430 718
1472440 718
1472450 712
1472460 708
1472470 708
1472480 708
1472490 708
1472500 708
1472510 709
1472520 715
1472530 715
1472540 720
1472550 726
1472560 726
1472570 730
1472580 731
1472590 731
1472600 732
1472610 732
1472620 732
1472630 732
1472640 733
1472650 733
1472660 732
1472670 732
1472680 732
1472690 731
1472700 731
1472710 731
1472720 731
1472730 731
1472740 731
1472750 731
1472760 731
1472770 731
1472780 731
1472790 730
1472800 730
1472810 730
1472820 729
1472830 729
1472840 729
1472850 729
1472860 729
1472870 729
1472880 731
1472890 731
1472900 731
1472910 729
1472920 727
1472930 727
1472940 727
1472950 728
1472960 728
1472970 728
1472980 728
1472990 728
1473000 727
1473010 726
1473020 726
1473030 723
1473040 721
1473050 721
1473060 721
1473070 720
1473080 720
1473090 719
1473100 717
1473110 717
1473120 717
1473130 716
1473140 716
1473150 716
1473160 716
1473170 716
1473180 712
1473190 707
1473200 707
1473210 702
1473220 699
1473230 699
1473240 699
1473250 699
1473260 699
1473270 699
1473280 698
1473290 698
1473300 698
1473310 698
1473320 698
1473330 697
1473340 695
1473350 695
1473360 693
1473370 688
1473380 688
1473390 687
1473400 690
1473410 690
1473420 690
1473430 687
1473440 687
1473450 686
1473460 685
1473470 685
1473480 687
1473490 689
1473500 690
1473510 690
1473520 691
1473530 691
1473540 691
1473550 691
1473560 692
1473570 692
1473580 692
1473590 692
1473600 692
1473610 692
1473620 692
1473630 692
1473640 692
1473650 691
1473660 691
1473670 691
1473680 691
1473690 691
1473700 690
1473710 689
1473720 689
1473730 689
1473740 688
1473750 688
1473760 687
1473770 687
1473780 687
1473790 686
1473800 685
1473810 685
1473820 684
1473830 683
1473840 683
1473850 682
1473860 681
1473870 681
1473880 679
1473890 678
1473900 678
1473910 677
1473920 676
1473930 676
1473940 675
1473950 674
1473960 674
1473970 673
1473980 673
1473990 673
1474000 672
1474010 671
1474020 671
1474030 669
1474040 668
1474050 668
1474060 668
1474070 666
1474080 665
1474090 665
1474100 664
1474110 664
1474120 664
1474130 664
1474140 664
1474150 664
1474160 665
1474170 664
1474180 664
1474190 664
1474200 664
1474210 664
1474220 664
1474230 664
1474240 664
1474250 664
1474260 664
1474270 664
1474280 664
1474290 663
1474300 663
1474310 664
1474320 665
1474330 665
1474340 665
1474350 666
1474360 666
1474370 666
1474380 667
1474390 667
1474400 668
1474410 668
1474420 668
1474430 669
1474440 671
1474450 671
1474460 671
1474470 672
1474480 672
1474490 672
1474500 673
1474510 673
1474520 673
1474530 673
1474540 673
1474550 672
1474560 671
1474570 671
1474580 669
1474590 668
1474600 668
1474610 667
1474620 666
1474630 666
1474640 665
1474650 664
1474660 663
1474670 663
1474680 663
1474690 663
1474700 663
1474710 663
1474720 663
1474730 663
1474740 663
1474750 663
1474760 663
1474770 663
1474780 663
1474790 663
1474800 663
1474810 664
1474820 664
1474830 664
1474840 664
1474850 664
1474860 665
1474870 665
1474880 665
1474890 665
1474900 665
1474910 665
1474920 665
1474930 665
1474940 665
1474950 665
1474960 665
1474970 665
1474980 665
1474990 666
1475000 666
1475010 665
1475020 666
1475030 666
1475040 666
1475050 666
1475060 666
1475070 666
1475080 666
1475090 666
1475100 666
1475110 666
1475120 666
1475130 666
1475140 666
1475150 666
1475160 666
1475170 666
1475180 666
1475190 666
1475200 666
1475210 667
1475220 667
1475230 667
1475240 667
1475250 667
1475260 667
1475270 667
1475280 667
1475290 667
1475300 667
1475310 667
1475320 667
1475330 667
1475340 667
1475350 668
1475360 668
1475370 668
1475380 668
1475390 669
1475400 669
1475410 669
1475420 669
1475430 669
1475440 670
1475450 670
1475460 670
1475470 671
1475480 671
1475490 671
1475500 671
1475510 672
1475520 672
1475530 672
1475540 672
1475550 672
1475560 673
1475570 675
1475580 675
1475590 675
1475600 675
1475610 675
1475620 676
1475630 677
1475640 677
1475650 677
1475660 677
1475670 677
1475680 677
1475690 679
1475700 679
1475710 680
1475720 681
1475730 681
1475740 681
1475750 681
1475760 681
1475770 683
1475780 685
1475790 686
1475800 686
1475810 687
1475820 689
1475830 689
1475840 689
1475850 690
1475860 690
1475870 690
1475880 690
1475890 690
1475900 691
1475910 692
1475920 692
1475930 692
1475940 694
1475950 694
1475960 695
1475970 695
1475980 695
1475990 695
1476000 695
1476010 695
1476020 694
1476030 693
1476040 693
1476050 693
1476060 694
1476070 694
1476080 694
1476090 695
1476100 695
1476110 696
1476120 698
1476130 698
1476140 700
1476150 704
1476160 704
1476170 707
1476180 711
1476190 711
1476200 715
1476210 719
1476220 719
1476230 721
1476240 722
1476250 722
1476260 723
1476270 723
1476280 723
1476290 724
1476300 725
1476310 725
1476320 726
1476330 728
1476340 728
1476350 729
1476360 730
1476370 730
1476380 730
1476390 731
1476400 731
1476410 731
1476420 732
1476430 732
1476440 732
1476450 732
1476460 731
1476470 731
1476480 730
1476490 729
1476500 729
1476510 729
1476520 728
1476530 728
1476540 728
1476550 728
1476560 728
1476570 729
1476580 729
1476590 729
1476600 729
1476610 730
1476620 730
1476630 730
1476640 729
1476650 729
1476660 728
1476670 728
1476680 728
1476690 728
1476700 729
1476710 729
1476720 729
1476730 729
1476740 729
1476750 729
1476760 729
1476770 729
1476780 730
1476790 730
1476800 730
1476810 731
1476820 732
1476830 732
1476840 732
1476850 733
1476860 733
1476870 733
1476880 733
1476890 733
1476900 733
1476910 734
1476920 734
1476930 734
1476940 734
1476950 734
1476960 734
1476970 735
1476980 735
1476990 735
1477000 736
1477010 737
1477020 737
1477030 739
1477040 740
1477050 740
1477060 741
1477070 742
1477080 742
1477090 743
1477100 744
1477110 744
1477120 745
1477130 746
1477140 746
1477150 748
1477160 750
1477170 750
1477180 753
1477190 754
1477200 754
1477210 756
1477220 759
1477230 759
1477240 760
1477250 762
1477260 762
1477270 765
1477280 766
1477290 766
1477300 767
1477310 768
1477320 768
1477330 770
1477340 771
1477350 771
1477360 771
1477370 772
1477380 772
1477390 774
1477400 774
1477410 774
1477420 774
1477430 774
1477440 774
1477450 774
1477460 775
1477470 775
1477480 775
1477490 776
1477500 775
1477510 775
1477520 775
1477530 774
1477540 774
1477550 773
1477560 772
1477570 772
1477580 772
1477590 771
1477600 771
1477610 771
1477620 771
1477630 771
1477640 771
1477650 770
1477660 770
1477670 770
1477680 770
1477690 770
1477700 770
1477710 771
1477720 771
1477730 771
1477740 772
1477750 772
1477760 772
1477770 772
1477780 772
1477790 772
1477800 773
1477810 773
1477820 773
1477830 773
1477840 773
1477850 773
1477860 773
1477870 773
1477880 773
1477890 773
1477900 773
1477910 773
1477920 773
1477930 773
1477940 773
1477950 773
1477960 773
1477970 773
1477980 773
1477990 773
1478000 774
1478010 774
1478020 774
1478030 773
1478040 773
1478050 773
1478060 772
1478070 771
1478080 771
1478090 771
1478100 771
1478110 772
1478120 772
1478130 772
1478140 772
1478150 772
1478160 772
1478170 772
1478180 772
1478190 772
1478200 772
1478210 772
1478220 772
1478230 772
1478240 772
1478250 772
1478260 773
1478270 773
1478280 773
1478290 773
1478300 773
1478310 773
1478320 773
1478330 773
1478340 773
1478350 773
1478360 773
1478370 773
1478380 773
1478390 773
1478400 773
1478410 773
1478420 773
1478430 773
1478440 773
1478450 773
1478460 773
1478470 773
1478480 773
1478490 773
1478500 774
1478510 774
1478520 774
1478530 774
1478540 774
1478550 775
1478560 775
1478570 775
1478580 775
1478590 775
1478600 775
1478610 775
1478620 776
1478630 776
1478640 776
1478650 776
1478660 777
1478670 777
1478680 777
1478690 776
1478700 776
1478710 776
1478720 775
1478730 775
1478740 776
1478750 776
1478760 776
1478770 776
1478780 776
1478790 776
1478800 776
1478810 776
1478820 776
1478830 777
1478840 777
1478850 777
1478860 777
1478870 777
1478880 777
1478890 776
1478900 776
1478910 776
1478920 777
1478930 777
1478940 777
1478950 778
1478960 778
1478970 778
1478980 779
1478990 779
1479000 779
1479010 779
1479020 779
1479030 779
1479040 780
1479050 780
1479060 780
1479070 780
1479080 778
1479090 778
1479100 777
1479110 777
1479120 777
1479130 777
1479140 777
1479150 777
1479160 777
1479170 778
1479180 778
1479190 780
1479200 782
1479210 782
1479220 783
1479230 783
1479240 784
1479250 784
1479260 785
1479270 785
1479280 785
1479290 786
1479300 786
1479310 786
1479320 786
1479330 786
1479340 786
1479350 787
1479360 787
1479370 787
1479380 788
1479390 789
1479400 789
1479410 790
1479420 791
1479430 791
1479440 792
1479450 793
1479460 793
1479470 793
1479480 794
1479490 794
1479500 795
1479510 796
1479520 796
1479530 797
1479540 798
1479550 798
1479560 799
1479570 799
1479580 799
1479590 800
1479600 801
1479610 801
1479620 803
1479630 805
1479640 805
1479650 807
1479660 808
1479670 808
1479680 809
1479690 811
1479700 811
1479710 813
1479720 816
1479730 816
1479740 817
1479750 819
1479760 819
1479770 821
1479780 823
1479790 825
1479800 825
1479810 826
1479820 827
1479830 827
1479840 828
1479850 829
1479860 829
1479870 830
1479880 830
1479890 830
1479900 830
1479910 831
1479920 831
1479930 831
1479940 832
1479950 832
1479960 834
1479970 836
1479980 836
1479990 838
