1460000 773
1460010 773
1460020 779
1460030 785
1460040 785
1460050 790
1460060 790
1460070 790
1460080 793
1460090 793
1460100 793
1460110 798
1460120 800
1460130 800
1460140 802
1460150 801
1460160 801
1460170 801
1460180 804
1460190 804
1460200 805
1460210 795
1460220 795
1460230 782
1460240 790
1460250 790
1460260 804
1460270 810
1460280 810
1460290 814
1460300 817
1460310 817
1460320 820
1460330 820
1460340 820
1460350 823
1460360 834
1460370 834
1460380 842
1460390 847
1460400 847
1460410 850
1460420 856
1460430 856
1460440 862
1460450 881
1460460 881
1460470 908
1460480 933
1460490 933
1460500 950
1460510 955
1460520 955
1460530 955
1460540 942
1460550 947
1460560 947
1460570 960
1460580 962
1460590 962
1460600 970
1460610 978
1460620 978
1460630 972
1460640 938
1460650 938
1460660 899
1460670 895
1460680 895
1460690 894
1460700 893
1460710 893
1460720 897
1460730 898
1460740 898
1460750 898
1460760 901
1460770 901
1460780 907
1460790 914
1460800 914
1460810 922
1460820 937
1460830 937
1460840 936
1460850 927
1460860 927
1460870 919
1460880 914
1460890 914
1460900 914
1460910 916
1460920 916
1460930 913
1460940 910
1460950 910
1460960 909
1460970 909
1460980 909
1460990 913
1461000 915
1461010 915
1461020 914
1461030 914
1461040 914
1461050 913
1461060 912
1461070 912
1461080 911
1461090 910
1461100 912
1461110 912
1461120 913
1461130 914
1461140 914
1461150 914
1461160 915
1461170 915
1461180 915
1461190 916
1461200 916
1461210 917
1461220 919
1461230 919
1461240 919
1461250 920
1461260 920
1461270 921
1461280 921
1461290 921
1461300 921
1461310 920
1461320 920
1461330 920
1461340 919
1461350 919
1461360 918
1461370 917
1461380 917
1461390 916
1461400 914
1461410 914
1461420 913
1461430 911
1461440 911
1461450 909
1461460 906
1461470 906
1461480 903
1461490 899
1461500 899
1461510 895
1461520 892
1461530 892
1461540 889
1461550 887
1461560 887
1461570 885
1461580 884
1461590 884
1461600 882
1461610 882
1461620 882
1461630 881
1461640 880
1461650 880
1461660 880
1461670 878
1461680 876
1461690 876
1461700 873
1461710 871
1461720 871
1461730 868
1461740 866
1461750 866
1461760 864
1461770 861
1461780 861
1461790 859
1461800 857
1461810 857
1461820 855
1461830 852
1461840 852
1461850 849
1461860 847
1461870 847
1461880 845
1461890 845
1461900 845
1461910 845
1461920 845
1461930 845
1461940 844
1461950 843
1461960 843
1461970 842
1461980 841
1461990 841
1462000 839
1462010 838
1462020 838
1462030 838
1462040 837
1462050 837
1462060 836
1462070 835
1462080 835
1462090 833
1462100 832
1462110 832
1462120 830
1462130 828
1462140 828
1462150 825
1462160 823
1462170 823
1462180 820
1462190 819
1462200 819
1462210 819
1462220 819
1462230 820
1462240 820
1462250 821
1462260 822
1462270 822
1462280 823
1462290 824
1462300 824
1462310 823
1462320 821
1462330 821
1462340 820
1462350 819
1462360 819
1462370 818
1462380 818
1462390 818
1462400 817
1462410 815
1462420 815
1462430 814
1462440 813
1462450 813
1462460 811
1462470 809
1462480 809
1462490 811
1462500 813
1462510 813
1462520 814
1462530 815
1462540 815
1462550 816
1462560 817
1462570 817
1462580 817
1462590 817
1462600 817
1462610 815
1462620 811
1462630 811
1462640 808
1462650 807
1462660 807
1462670 807
1462680 806
1462690 806
1462700 804
1462710 803
1462720 803
1462730 803
1462740 802
1462750 802
1462760 802
1462770 802
1462780 802
1462790 799
1462800 797
1462810 797
1462820 797
1462830 796
1462840 796
1462850 796
1462860 797
1462870 797
1462880 797
1462890 796
1462900 797
1462910 797
1462920 798
1462930 799
1462940 799
1462950 799
1462960 798
1462970 798
1462980 797
1462990 796
1463000 796
1463010 796
1463020 795
1463030 795
1463040 795
1463050 797
1463060 797
1463070 799
1463080 799
1463090 802
1463100 802
1463110 802
1463120 802
1463130 802
1463140 801
1463150 801
1463160 800
1463170 798
1463180 798
1463190 797
1463200 797
1463210 797
1463220 797
1463230 796
1463240 796
1463250 797
1463260 798
1463270 798
1463280 797
1463290 796
1463300 796
1463310 795
1463320 794
1463330 794
1463340 792
1463350 789
1463360 787
1463370 787
1463380 785
1463390 785
1463400 785
1463410 784
1463420 783
1463430 783
1463440 782
1463450 782
1463460 782
1463470 781
1463480 780
1463490 780
1463500 779
1463510 777
1463520 777
1463530 776
1463540 775
1463550 775
1463560 773
1463570 771
1463580 771
1463590 768
1463600 766
1463610 766
1463620 765
1463630 765
1463640 765
1463650 764
1463660 763
1463670 763
1463680 761
1463690 759
1463700 759
1463710 758
1463720 758
1463730 758
1463740 756
1463750 755
1463760 755
1463770 754
1463780 752
1463790 752
1463800 751
1463810 749
1463820 749
1463830 748
1463840 746
1463850 746
1463860 744
1463870 743
1463880 743
1463890 742
1463900 742
1463910 742
1463920 742
1463930 741
1463940 740
1463950 740
1463960 739
1463970 738
1463980 738
1463990 737
1464000 736
1464010 736
1464020 735
1464030 735
1464040 735
1464050 734
1464060 733
1464070 733
1464080 732
1464090 731
1464100 731
1464110 731
1464120 732
1464130 732
1464140 732
1464150 732
1464160 732
1464170 732
1464180 731
1464190 731
1464200 731
1464210 731
1464220 731
1464230 730
1464240 730
1464250 730
1464260 730
1464270 729
1464280 729
1464290 728
1464300 728
1464310 728
1464320 727
1464330 727
1464340 727
1464350 726
1464360 726
1464370 726
1464380 724
1464390 723
1464400 723
1464410 723
1464420 723
1464430 723
1464440 722
1464450 721
1464460 721
1464470 720
1464480 720
1464490 720
1464500 720
1464510 718
1464520 717
1464530 717
1464540 716
1464550 715
1464560 715
1464570 714
1464580 714
1464590 714
1464600 713
1464610 712
1464620 712
1464630 712
1464640 711
1464650 711
1464660 711
1464670 711
1464680 711
1464690 711
1464700 712
1464710 712
1464720 712
1464730 710
1464740 710
1464750 709
1464760 708
1464770 708
1464780 708
1464790 707
1464800 707
1464810 707
1464820 707
1464830 707
1464840 707
1464850 707
1464860 707
1464870 707
1464880 707
1464890 707
1464900 708
1464910 708
1464920 708
1464930 708
1464940 707
1464950 707
1464960 707
1464970 706
1464980 706
1464990 706
1465000 706
1465010 706
1465020 705
1465030 705
1465040 705
1465050 705
1465060 705
1465070 705
1465080 705
1465090 706
1465100 706
1465110 706
1465120 706
1465130 706
1465140 706
1465150 706
1465160 706
1465170 706
1465180 707
1465190 707
1465200 707
1465210 707
1465220 707
1465230 707
1465240 708
1465250 709
1465260 709
1465270 709
1465280 709
1465290 709
1465300 709
1465310 708
1465320 708
1465330 706
1465340 705
1465350 705
1465360 704
1465370 703
1465380 703
1465390 703
1465400 702
1465410 702
1465420 702
1465430 702
1465440 702
1465450 702
1465460 702
1465470 702
1465480 701
1465490 700
1465500 700
1465510 699
1465520 698
1465530 698
1465540 698
1465550 698
1465560 698
1465570 698
1465580 698
1465590 698
1465600 698
1465610 698
1465620 698
1465630 699
1465640 698
1465650 697
1465660 697
1465670 696
1465680 696
1465690 696
1465700 696
1465710 696
1465720 696
1465730 696
1465740 696
1465750 696
1465760 696
1465770 696
1465780 696
1465790 696
1465800 696
1465810 696
1465820 696
1465830 696
1465840 696
1465850 697
1465860 697
1465870 697
1465880 697
1465890 697
1465900 697
1465910 698
1465920 698
1465930 698
1465940 699
1465950 699
1465960 699
1465970 701
1465980 702
1465990 702
1466000 704
1466010 705
1466020 705
1466030 707
1466040 708
1466050 708
1466060 708
1466070 707
1466080 707
1466090 707
1466100 706
1466110 706
1466120 705
1466130 704
1466140 704
1466150 704
1466160 703
1466170 703
1466180 702
1466190 701
1466200 700
1466210 700
1466220 700
1466230 700
1466240 700
1466250 700
1466260 701
1466270 701
1466280 701
1466290 701
1466300 701
1466310 701
1466320 701
1466330 701
1466340 702
1466350 702
1466360 702
1466370 703
1466380 703
1466390 703
1466400 703
1466410 703
1466420 703
1466430 703
1466440 704
1466450 704
1466460 704
1466470 704
1466480 704
1466490 704
1466500 705
1466510 705
1466520 705
1466530 705
1466540 705
1466550 704
1466560 703
1466570 703
1466580 704
1466590 704
1466600 704
1466610 702
1466620 699
1466630 699
1466640 697
1466650 695
1466660 695
1466670 692
1466680 689
1466690 689
1466700 687
1466710 685
1466720 685
1466730 681
1466740 675
1466750 675
1466760 670
1466770 669
1466780 669
1466790 669
1466800 668
1466810 668
1466820 668
1466830 668
1466840 667
1466850 667
1466860 667
1466870 666
1466880 666
1466890 665
1466900 665
1466910 665
1466920 665
1466930 664
1466940 664
1466950 663
1466960 663
1466970 663
1466980 663
1466990 663
1467000 663
1467010 663
1467020 663
1467030 663
1467040 663
1467050 665
1467060 665
1467070 668
1467080 671
1467090 671
1467100 674
1467110 676
1467120 676
1467130 678
1467140 681
1467150 681
1467160 684
1467170 687
1467180 687
1467190 690
1467200 692
1467210 692
1467220 695
1467230 697
1467240 697
1467250 699
1467260 700
1467270 700
1467280 701
1467290 702
1467300 702
1467310 703
1467320 704
1467330 706
1467340 706
1467350 708
1467360 710
1467370 710
1467380 712
1467390 714
1467400 714
1467410 716
1467420 718
1467430 718
1467440 719
1467450 720
1467460 720
1467470 721
1467480 721
1467490 721
1467500 722
1467510 722
1467520 722
1467530 722
1467540 722
1467550 722
1467560 722
1467570 723
1467580 723
1467590 722
1467600 721
1467610 721
1467620 721
1467630 720
1467640 720
1467650 720
1467660 720
1467670 720
1467680 720
1467690 719
1467700 719
1467710 719
1467720 719
1467730 719
1467740 719
1467750 720
1467760 720
1467770 720
1467780 722
1467790 722
1467800 726
1467810 731
1467820 731
1467830 734
1467840 737
1467850 737
1467860 741
1467870 743
1467880 743
1467890 745
1467900 749
1467910 754
1467920 754
1467930 760
1467940 766
1467950 766
1467960 772
1467970 778
1467980 778
1467990 783
1468000 788
1468010 788
1468020 794
1468030 799
1468040 799
1468050 803
1468060 807
1468070 807
1468080 810
1468090 813
1468100 813
1468110 815
1468120 818
1468130 818
1468140 819
1468150 820
1468160 820
1468170 820
1468180 820
1468190 820
1468200 818
1468210 816
1468220 816
1468230 814
1468240 811
1468250 811
1468260 808
1468270 805
1468280 805
1468290 802
1468300 799
1468310 799
1468320 797
1468330 794
1468340 794
1468350 791
1468360 789
1468370 789
1468380 786
1468390 784
1468400 784
1468410 783
1468420 781
1468430 781
1468440 779
1468450 777
1468460 777
1468470 775
1468480 773
1468490 770
1468500 770
1468510 768
1468520 764
1468530 764
1468540 761
1468550 759
1468560 759
1468570 758
1468580 757
1468590 757
1468600 756
1468610 755
1468620 755
1468630 755
1468640 754
1468650 754
1468660 752
1468670 755
1468680 755
1468690 760
1468700 763
1468710 763
1468720 766
1468730 769
1468740 769
1468750 771
1468760 772
1468770 772
1468780 773
1468790 774
1468800 774
1468810 774
1468820 774
1468830 774
1468840 773
1468850 772
1468860 772
1468870 771
1468880 771
1468890 771
1468900 770
1468910 769
1468920 769
1468930 768
1468940 767
1468950 767
1468960 765
1468970 762
1468980 762
1468990 759
1469000 758
1469010 758
1469020 758
1469030 756
1469040 757
1469050 757
1469060 757
1469070 757
1469080 757
1469090 756
1469100 756
1469110 756
1469120 754
1469130 750
1469140 750
1469150 750
1469160 750
1469170 750
1469180 751
1469190 751
1469200 751
1469210 750
1469220 750
1469230 750
1469240 751
1469250 751
1469260 751
1469270 751
1469280 750
1469290 750
1469300 749
1469310 748
1469320 748
1469330 748
1469340 747
1469350 747
1469360 747
1469370 747
1469380 747
1469390 747
1469400 747
1469410 747
1469420 746
1469430 745
1469440 745
1469450 745
1469460 745
1469470 745
1469480 745
1469490 744
1469500 744
1469510 744
1469520 744
1469530 744
1469540 745
1469550 745
1469560 745
1469570 746
1469580 746
1469590 746
1469600 746
1469610 747
1469620 748
1469630 748
1469640 748
1469650 749
1469660 749
1469670 749
1469680 750
1469690 750
1469700 750
1469710 751
1469720 751
1469730 751
1469740 752
1469750 752
1469760 753
1469770 753
1469780 753
1469790 753
1469800 753
1469810 753
1469820 753
1469830 752
1469840 752
1469850 752
1469860 751
1469870 751
1469880 750
1469890 751
1469900 751
1469910 751
1469920 752
1469930 752
1469940 751
1469950 751
1469960 751
1469970 751
1469980 752
1469990 752
1470000 752
1470010 753
1470020 753
1470030 753
1470040 753
1470050 753
1470060 752
1470070 752
1470080 752
1470090 753
1470100 753
1470110 753
1470120 753
1470130 754
1470140 754
1470150 754
1470160 754
1470170 754
1470180 754
1470190 754
1470200 754
1470210 754
1470220 754
1470230 754
1470240 754
1470250 756
1470260 756
1470270 756
1470280 757
1470290 757
1470300 757
1470310 757
1470320 757
1470330 757
1470340 757
1470350 757
1470360 757
1470370 756
1470380 755
1470390 755
1470400 753
1470410 752
1470420 752
1470430 752
1470440 752
1470450 752
1470460 752
1470470 752
1470480 752
1470490 752
1470500 752
1470510 752
1470520 751
1470530 751
1470540 751
1470550 751
1470560 751
1470570 751
1470580 750
1470590 750
1470600 750
1470610 750
1470620 750
1470630 750
1470640 751
1470650 751
1470660 751
1470670 751
1470680 752
1470690 752
1470700 752
1470710 752
1470720 752
1470730 752
1470740 752
1470750 753
1470760 753
1470770 753
1470780 753
1470790 753
1470800 754
1470810 755
1470820 755
1470830 756
1470840 756
1470850 756
1470860 758
1470870 760
1470880 760
1470890 761
1470900 762
1470910 762
1470920 764
1470930 766
1470940 766
1470950 767
1470960 768
1470970 768
1470980 770
1470990 773
1471000 773
1471010 775
1471020 774
1471030 774
1471040 774
1471050 775
1471060 775
1471070 776
1471080 780
1471090 780
1471100 779
1471110 777
1471120 777
1471130 777
1471140 779
1471150 779
1471160 778
1471170 776
1471180 776
1471190 774
1471200 772
1471210 772
1471220 771
1471230 771
1471240 771
1471250 769
1471260 768
1471270 768
1471280 766
1471290 764
1471300 764
1471310 764
1471320 764
1471330 764
1471340 764
1471350 764
1471360 765
1471370 765
1471380 766
1471390 767
1471400 767
1471410 768
1471420 769
1471430 769
1471440 770
1471450 770
1471460 770
1471470 771
1471480 771
1471490 771
1471500 772
1471510 773
1471520 773
1471530 774
1471540 774
1471550 774
1471560 774
1471570 774
1471580 774
1471590 774
1471600 774
1471610 774
1471620 774
1471630 774
1471640 774
1471650 774
1471660 773
1471670 773
1471680 773
1471690 772
1471700 772
1471710 771
1471720 770
1471730 770
1471740 769
1471750 767
1471760 767
1471770 765
1471780 764
1471790 764
1471800 763
1471810 763
1471820 763
1471830 763
1471840 762
1471850 762
1471860 762
1471870 762
1471880 762
1471890 762
1471900 763
1471910 763
1471920 763
1471930 763
1471940 763
1471950 763
1471960 762
1471970 761
1471980 761
1471990 760
1472000 759
1472010 759
1472020 759
1472030 758
1472040 758
1472050 758
1472060 758
1472070 758
1472080 758
1472090 758
1472100 758
1472110 758
1472120 758
1472130 758
1472140 758
1472150 758
1472160 758
1472170 758
1472180 757
1472190 757
1472200 757
1472210 757
1472220 757
1472230 757
1472240 757
1472250 757
1472260 757
1472270 757
1472280 757
1472290 757
1472300 757
1472310 757
1472320 757
1472330 756
1472340 756
1472350 756
1472360 756
1472370 756
1472380 756
1472390 756
1472400 756
1472410 756
1472420 756
1472430 756
1472440 757
1472450 757
1472460 758
1472470 758
1472480 759
1472490 760
1472500 760
1472510 761
1472520 761
1472530 761
1472540 760
1472550 759
1472560 759
1472570 757
1472580 756
1472590 756
1472600 753
1472610 751
1472620 751
1472630 749
1472640 749
1472650 749
1472660 749
1472670 748
1472680 748
1472690 748
1472700 747
1472710 747
1472720 747
1472730 747
1472740 747
1472750 747
1472760 747
1472770 747
1472780 747
1472790 747
1472800 747
1472810 747
1472820 747
1472830 747
1472840 747
1472850 747
1472860 747
1472870 746
1472880 744
1472890 744
1472900 743
1472910 742
1472920 742
1472930 742
1472940 740
1472950 740
1472960 740
1472970 739
1472980 739
1472990 739
1473000 738
1473010 737
1473020 737
1473030 735
1473040 730
1473050 730
1473060 726
1473070 722
1473080 722
1473090 719
1473100 715
1473110 715
1473120 713
1473130 712
1473140 712
1473150 711
1473160 710
1473170 710
1473180 709
1473190 709
1473200 709
1473210 708
1473220 707
1473230 707
1473240 706
1473250 706
1473260 706
1473270 705
1473280 705
1473290 705
1473300 704
1473310 704
1473320 704
1473330 704
1473340 703
1473350 703
1473360 702
1473370 701
1473380 701
1473390 701
1473400 700
1473410 700
1473420 698
1473430 695
1473440 695
1473450 694
1473460 694
1473470 694
1473480 693
1473490 689
1473500 689
1473510 684
1473520 680
1473530 680
1473540 679
1473550 678
1473560 678
1473570 678
1473580 678
1473590 678
1473600 678
1473610 678
1473620 680
1473630 680
1473640 683
1473650 688
1473660 688
1473670 689
1473680 690
1473690 690
1473700 690
1473710 690
1473720 690
1473730 690
1473740 689
1473750 689
1473760 688
1473770 686
1473780 686
1473790 687
1473800 687
1473810 687
1473820 686
1473830 685
1473840 685
1473850 685
1473860 686
1473870 686
1473880 687
1473890 688
1473900 688
1473910 689
1473920 687
1473930 687
1473940 686
1473950 686
1473960 686
1473970 688
1473980 689
1473990 689
1474000 689
1474010 690
1474020 690
1474030 690
1474040 689
1474050 689
1474060 688
1474070 688
1474080 688
1474090 688
1474100 688
1474110 688
1474120 687
1474130 686
1474140 685
1474150 685
1474160 684
1474170 682
1474180 682
1474190 681
1474200 680
1474210 680
1474220 679
1474230 679
1474240 679
1474250 679
1474260 678
1474270 678
1474280 678
1474290 678
1474300 678
1474310 678
1474320 678
1474330 678
1474340 678
1474350 678
1474360 678
1474370 678
1474380 678
1474390 678
1474400 678
1474410 677
1474420 677
1474430 677
1474440 677
1474450 677
1474460 677
1474470 677
1474480 677
1474490 676
1474500 675
1474510 675
1474520 674
1474530 672
1474540 672
1474550 670
1474560 668
1474570 668
1474580 667
1474590 667
1474600 667
1474610 666
1474620 665
1474630 665
1474640 665
1474650 665
1474660 665
1474670 664
1474680 664
1474690 664
1474700 664
1474710 664
1474720 664
1474730 664
1474740 664
1474750 664
1474760 664
1474770 664
1474780 664
1474790 664
1474800 664
1474810 664
1474820 664
1474830 664
1474840 664
1474850 664
1474860 664
1474870 663
1474880 663
1474890 663
1474900 663
1474910 663
1474920 663
1474930 663
1474940 663
1474950 663
1474960 663
1474970 663
1474980 663
1474990 664
1475000 664
1475010 664
1475020 664
1475030 664
1475040 664
1475050 664
1475060 664
1475070 664
1475080 665
1475090 665
1475100 665
1475110 665
1475120 665
1475130 665
1475140 665
1475150 665
1475160 665
1475170 665
1475180 665
1475190 666
1475200 666
1475210 666
1475220 666
1475230 666
1475240 666
1475250 666
1475260 666
1475270 666
1475280 666
1475290 666
1475300 666
1475310 666
1475320 666
1475330 666
1475340 666
1475350 666
1475360 667
1475370 667
1475380 667
1475390 667
1475400 667
1475410 667
1475420 667
1475430 667
1475440 667
1475450 667
1475460 667
1475470 667
1475480 667
1475490 667
1475500 668
1475510 668
1475520 668
1475530 668
1475540 668
1475550 668
1475560 668
1475570 669
1475580 669
1475590 669
1475600 669
1475610 669
1475620 669
1475630 670
1475640 670
1475650 671
1475660 672
1475670 672
1475680 672
1475690 672
1475700 672
1475710 673
1475720 673
1475730 673
1475740 674
1475750 675
1475760 675
1475770 676
1475780 676
1475790 676
1475800 677
1475810 677
1475820 677
1475830 677
1475840 677
1475850 677
1475860 677
1475870 677
1475880 677
1475890 677
1475900 677
1475910 678
1475920 678
1475930 678
1475940 678
1475950 678
1475960 678
1475970 678
1475980 678
1475990 678
1476000 678
1476010 678
1476020 678
1476030 678
1476040 678
1476050 677
1476060 676
1476070 676
1476080 675
1476090 675
1476100 675
1476110 675
1476120 675
1476130 675
1476140 675
1476150 675
1476160 675
1476170 675
1476180 675
1476190 675
1476200 675
1476210 675
1476220 675
1476230 676
1476240 676
1476250 676
1476260 678
1476270 679
1476280 679
1476290 680
1476300 680
1476310 680
1476320 681
1476330 683
1476340 683
1476350 684
1476360 685
1476370 685
1476380 685
1476390 688
1476400 688
1476410 687
1476420 686
1476430 688
1476440 688
1476450 688
1476460 690
1476470 690
1476480 690
1476490 691
1476500 691
1476510 692
1476520 695
1476530 695
1476540 696
1476550 697
1476560 697
1476570 697
1476580 697
1476590 697
1476600 698
1476610 699
1476620 699
1476630 699
1476640 699
1476650 699
1476660 700
1476670 701
1476680 701
1476690 702
1476700 702
1476710 702
1476720 702
1476730 703
1476740 703
1476750 704
1476760 704
1476770 704
1476780 703
1476790 703
1476800 703
1476810 704
1476820 707
1476830 707
1476840 708
1476850 707
1476860 707
1476870 705
1476880 704
1476890 704
1476900 706
1476910 706
1476920 706
1476930 705
1476940 703
1476950 703
1476960 701
1476970 700
1476980 699
1476990 699
1477000 700
1477010 700
1477020 700
1477030 698
1477040 698
1477050 698
1477060 698
1477070 699
1477080 699
1477090 699
1477100 699
1477110 699
1477120 699
1477130 700
1477140 700
1477150 701
1477160 702
1477170 702
1477180 703
1477190 705
1477200 705
1477210 707
1477220 709
1477230 709
1477240 710
1477250 711
1477260 711
1477270 712
1477280 713
1477290 713
1477300 714
1477310 716
1477320 716
1477330 717
1477340 719
1477350 719
1477360 720
1477370 722
1477380 722
1477390 723
1477400 725
1477410 725
1477420 726
1477430 727
1477440 727
1477450 728
1477460 729
1477470 729
1477480 729
1477490 730
1477500 730
1477510 732
1477520 734
1477530 734
1477540 736
1477550 737
1477560 737
1477570 737
1477580 738
1477590 739
1477600 739
1477610 739
1477620 740
1477630 740
1477640 741
1477650 742
1477660 742
1477670 742
1477680 743
1477690 743
1477700 744
1477710 745
1477720 745
1477730 745
1477740 745
1477750 745
1477760 746
1477770 746
1477780 746
1477790 746
1477800 746
1477810 746
1477820 746
1477830 746
1477840 746
1477850 745
1477860 745
1477870 745
1477880 746
1477890 747
1477900 747
1477910 747
1477920 748
1477930 748
1477940 748
1477950 748
1477960 748
1477970 748
1477980 748
1477990 748
1478000 746
1478010 746
1478020 746
1478030 748
1478040 750
1478050 750
1478060 750
1478070 748
1478080 748
1478090 747
1478100 746
1478110 745
1478120 745
1478130 744
1478140 743
1478150 743
1478160 742
1478170 742
1478180 742
1478190 741
1478200 740
1478210 740
1478220 739
1478230 738
1478240 738
1478250 738
1478260 738
1478270 738
1478280 738
1478290 739
1478300 739
1478310 739
1478320 739
1478330 739
1478340 740
1478350 741
1478360 741
1478370 742
1478380 743
1478390 743
1478400 745
1478410 746
1478420 746
1478430 747
1478440 748
1478450 748
1478460 748
1478470 747
1478480 747
1478490 745
1478500 743
1478510 743
1478520 742
1478530 740
1478540 740
1478550 739
1478560 739
1478570 739
1478580 739
1478590 739
1478600 739
1478610 738
1478620 738
1478630 738
1478640 738
1478650 737
1478660 737
1478670 736
1478680 736
1478690 736
1478700 736
1478710 735
1478720 735
1478730 735
1478740 734
1478750 734
1478760 734
1478770 733
1478780 733
1478790 733
1478800 733
1478810 732
1478820 732
1478830 732
1478840 732
1478850 732
1478860 731
1478870 731
1478880 731
1478890 731
1478900 731
1478910 731
1478920 732
1478930 733
1478940 733
1478950 733
1478960 733
1478970 733
1478980 733
1478990 734
1479000 734
1479010 734
1479020 734
1479030 734
1479040 734
1479050 734
1479060 734
1479070 734
1479080 735
1479090 735
1479100 735
1479110 736
1479120 736
1479130 735
1479140 738
1479150 738
1479160 744
1479170 748
1479180 748
1479190 751
1479200 754
1479210 754
1479220 757
1479230 759
1479240 759
1479250 761
1479260 762
1479270 763
1479280 763
1479290 763
1479300 763
1479310 763
1479320 764
1479330 764
1479340 764
1479350 764
1479360 764
1479370 764
1479380 765
1479390 765
1479400 765
1479410 765
1479420 766
1479430 766
1479440 767
1479450 767
1479460 767
1479470 768
1479480 769
1479490 769
1479500 770
1479510 771
1479520 771
1479530 771
1479540 772
1479550 772
1479560 773
1479570 774
1479580 774
1479590 775
1479600 776
1479610 776
1479620 777
1479630 778
1479640 778
1479650 779
1479660 778
1479670 778
1479680 778
1479690 778
1479700 778
1479710 779
1479720 780
1479730 780
1479740 781
1479750 782
1479760 782
1479770 784
1479780 786
1479790 786
1479800 787
1479810 788
1479820 788
1479830 788
1479840 789
1479850 790
1479860 790
1479870 790
1479880 790
1479890 790
1479900 791
1479910 792
1479920 792
1479930 793
1479940 794
1479950 794
1479960 794
1479970 795
1479980 795
1479990 796
