1460000 624
1460010 624
1460020 624
1460030 624
1460040 624
1460050 624
1460060 624
1460070 624
1460080 624
1460090 625
1460100 625
1460110 625
1460120 625
1460130 625
1460140 626
1460150 627
1460160 627
1460170 628
1460180 628
1460190 628
1460200 629
1460210 630
1460220 631
1460230 631
1460240 632
1460250 633
1460260 633
1460270 634
1460280 634
1460290 634
1460300 635
1460310 636
1460320 636
1460330 636
1460340 637
1460350 637
1460360 638
1460370 639
1460380 639
1460390 639
1460400 640
1460410 640
1460420 641
1460430 641
1460440 641
1460450 642
1460460 643
1460470 643
1460480 643
1460490 644
1460500 644
1460510 645
1460520 645
1460530 645
1460540 646
1460550 647
1460560 647
1460570 647
1460580 648
1460590 648
1460600 648
1460610 649
1460620 649
1460630 649
1460640 649
1460650 649
1460660 650
1460670 650
1460680 650
1460690 650
1460700 650
1460710 650
1460720 650
1460730 651
1460740 651
1460750 651
1460760 650
1460770 650
1460780 650
1460790 649
1460800 649
1460810 649
1460820 649
1460830 649
1460840 649
1460850 649
1460860 649
1460870 649
1460880 649
1460890 649
1460900 649
1460910 649
1460920 649
1460930 649
1460940 649
1460950 649
1460960 649
1460970 649
1460980 650
1460990 650
1461000 650
1461010 651
1461020 651
1461030 651
1461040 651
1461050 651
1461060 652
1461070 652
1461080 652
1461090 652
1461100 652
1461110 652
1461120 652
1461130 652
1461140 652
1461150 652
1461160 652
1461170 652
1461180 652
1461190 652
1461200 652
1461210 651
1461220 651
1461230 651
1461240 651
1461250 652
1461260 652
1461270 651
1461280 651
1461290 651
1461300 651
1461310 652
1461320 652
1461330 652
1461340 652
1461350 652
1461360 652
1461370 652
1461380 652
1461390 652
1461400 652
1461410 652
1461420 652
1461430 651
1461440 652
1461450 652
1461460 653
1461470 653
1461480 653
1461490 653
1461500 653
1461510 653
1461520 653
1461530 654
1461540 654
1461550 654
1461560 654
1461570 654
1461580 654
1461590 655
1461600 655
1461610 655
1461620 655
1461630 655
1461640 655
1461650 654
1461660 654
1461670 654
1461680 654
1461690 654
1461700 654
1461710 654
1461720 654
1461730 654
1461740 654
1461750 654
1461760 653
1461770 653
1461780 653
1461790 653
1461800 654
1461810 654
1461820 654
1461830 654
1461840 654
1461850 654
1461860 654
1461870 654
1461880 654
1461890 654
1461900 654
1461910 654
1461920 654
1461930 654
1461940 654
1461950 654
1461960 654
1461970 654
1461980 655
1461990 656
1462000 656
1462010 655
1462020 655
1462030 655
1462040 655
1462050 656
1462060 656
1462070 656
1462080 656
1462090 656
1462100 657
1462110 657
1462120 657
1462130 657
1462140 658
1462150 658
1462160 658
1462170 658
1462180 658
1462190 659
1462200 660
1462210 660
1462220 660
1462230 660
1462240 660
1462250 661
1462260 661
1462270 661
1462280 661
1462290 661
1462300 661
1462310 662
1462320 663
1462330 663
1462340 663
1462350 663
1462360 663
1462370 663
1462380 664
1462390 664
1462400 664
1462410 665
1462420 665
1462430 665
1462440 665
1462450 665
1462460 665
1462470 665
1462480 665
1462490 666
1462500 667
1462510 667
1462520 668
1462530 671
1462540 672
1462550 672
1462560 673
1462570 673
1462580 673
1462590 674
1462600 674
1462610 674
1462620 674
1462630 675
1462640 675
1462650 676
1462660 676
1462670 676
1462680 677
1462690 677
1462700 677
1462710 677
1462720 677
1462730 677
1462740 677
1462750 678
1462760 678
1462770 678
1462780 678
1462790 678
1462800 677
1462810 677
1462820 677
1462830 677
1462840 678
1462850 678
1462860 678
1462870 678
1462880 678
1462890 679
1462900 679
1462910 679
1462920 679
1462930 678
1462940 678
1462950 678
1462960 678
1462970 678
1462980 678
1462990 678
1463000 678
1463010 678
1463020 678
1463030 678
1463040 678
1463050 679
1463060 679
1463070 679
1463080 679
1463090 679
1463100 679
1463110 680
1463120 681
1463130 681
1463140 682
1463150 682
1463160 682
1463170 681
1463180 681
1463190 681
1463200 681
1463210 681
1463220 681
1463230 681
1463240 681
1463250 681
1463260 681
1463270 681
1463280 681
1463290 682
1463300 682
1463310 682
1463320 682
1463330 682
1463340 682
1463350 683
1463360 683
1463370 683
1463380 684
1463390 684
1463400 684
1463410 685
1463420 686
1463430 686
1463440 687
1463450 688
1463460 688
1463470 689
1463480 690
1463490 690
1463500 691
1463510 692
1463520 692
1463530 693
1463540 694
1463550 694
1463560 695
1463570 696
1463580 696
1463590 696
1463600 697
1463610 697
1463620 697
1463630 698
1463640 698
1463650 698
1463660 699
1463670 699
1463680 699
1463690 699
1463700 699
1463710 699
1463720 700
1463730 700
1463740 700
1463750 700
1463760 700
1463770 700
1463780 700
1463790 699
1463800 699
1463810 699
1463820 698
1463830 698
1463840 697
1463850 697
1463860 697
1463870 696
1463880 695
1463890 695
1463900 695
1463910 695
1463920 695
1463930 694
1463940 693
1463950 693
1463960 692
1463970 691
1463980 691
1463990 690
1464000 689
1464010 689
1464020 688
1464030 688
1464040 688
1464050 687
1464060 687
1464070 687
1464080 686
1464090 685
1464100 685
1464110 685
1464120 685
1464130 685
1464140 684
1464150 682
1464160 682
1464170 676
1464180 671
1464190 671
1464200 665
1464210 666
1464220 666
1464230 673
1464240 678
1464250 680
1464260 680
1464270 681
1464280 682
1464290 682
1464300 683
1464310 683
1464320 683
1464330 683
1464340 683
1464350 683
1464360 683
1464370 683
1464380 683
1464390 683
1464400 682
1464410 682
1464420 681
1464430 680
1464440 680
1464450 680
1464460 679
1464470 679
1464480 677
1464490 675
1464500 675
1464510 672
1464520 670
1464530 670
1464540 669
1464550 668
1464560 668
1464570 667
1464580 666
1464590 666
1464600 665
1464610 663
1464620 663
1464630 661
1464640 660
1464650 660
1464660 659
1464670 657
1464680 657
1464690 655
1464700 653
1464710 653
1464720 653
1464730 652
1464740 652
1464750 652
1464760 651
1464770 651
1464780 651
1464790 652
1464800 652
1464810 652
1464820 652
1464830 652
1464840 652
1464850 652
1464860 652
1464870 652
1464880 652
1464890 652
1464900 652
1464910 652
1464920 652
1464930 652
1464940 652
1464950 652
1464960 652
1464970 652
1464980 652
1464990 652
1465000 652
1465010 652
1465020 652
1465030 652
1465040 652
1465050 652
1465060 652
1465070 653
1465080 653
1465090 653
1465100 653
1465110 653
1465120 654
1465130 654
1465140 654
1465150 655
1465160 658
1465170 658
1465180 661
1465190 663
1465200 663
1465210 665
1465220 667
1465230 667
1465240 669
1465250 670
1465260 670
1465270 670
1465280 671
1465290 671
1465300 672
1465310 672
1465320 677
1465330 677
1465340 677
1465350 677
1465360 677
1465370 677
1465380 677
1465390 677
1465400 676
1465410 676
1465420 676
1465430 676
1465440 675
1465450 675
1465460 674
1465470 674
1465480 674
1465490 673
1465500 674
1465510 674
1465520 674
1465530 675
1465540 675
1465550 675
1465560 676
1465570 676
1465580 676
1465590 677
1465600 677
1465610 675
1465620 672
1465630 672
1465640 675
1465650 679
1465660 679
1465670 681
1465680 681
1465690 681
1465700 681
1465710 682
1465720 682
1465730 683
1465740 684
1465750 684
1465760 685
1465770 686
1465780 686
1465790 686
1465800 687
1465810 687
1465820 687
1465830 687
1465840 687
1465850 688
1465860 688
1465870 688
1465880 689
1465890 689
1465900 689
1465910 689
1465920 690
1465930 690
1465940 690
1465950 690
1465960 690
1465970 690
1465980 690
1465990 690
1466000 690
1466010 690
1466020 690
1466030 690
1466040 690
1466050 690
1466060 690
1466070 690
1466080 690
1466090 690
1466100 689
1466110 688
1466120 688
1466130 689
1466140 690
1466150 690
1466160 691
1466170 691
1466180 691
1466190 692
1466200 692
1466210 692
1466220 692
1466230 692
1466240 692
1466250 692
1466260 693
1466270 693
1466280 693
1466290 693
1466300 693
1466310 693
1466320 693
1466330 693
1466340 693
1466350 693
1466360 693
1466370 693
1466380 693
1466390 693
1466400 692
1466410 690
1466420 690
1466430 687
1466440 686
1466450 686
1466460 685
1466470 685
1466480 685
1466490 684
1466500 684
1466510 684
1466520 683
1466530 683
1466540 682
1466550 682
1466560 681
1466570 677
1466580 677
1466590 671
1466600 667
1466610 667
1466620 661
1466630 659
1466640 659
1466650 659
1466660 659
1466670 659
1466680 657
1466690 656
1466700 656
1466710 656
1466720 656
1466730 656
1466740 656
1466750 655
1466760 655
1466770 657
1466780 659
1466790 659
1466800 660
1466810 660
1466820 660
1466830 660
1466840 661
1466850 661
1466860 665
1466870 665
1466880 665
1466890 666
1466900 670
1466910 670
1466920 674
1466930 676
1466940 676
1466950 679
1466960 680
1466970 680
1466980 683
1466990 685
1467000 685
1467010 687
1467020 688
1467030 688
1467040 690
1467050 691
1467060 691
1467070 693
1467080 694
1467090 694
1467100 696
1467110 697
1467120 698
1467130 698
1467140 699
1467150 700
1467160 700
1467170 701
1467180 701
1467190 701
1467200 702
1467210 702
1467220 702
1467230 703
1467240 703
1467250 703
1467260 704
1467270 704
1467280 704
1467290 703
1467300 701
1467310 701
1467320 698
1467330 696
1467340 696
1467350 694
1467360 693
1467370 693
1467380 692
1467390 692
1467400 692
1467410 692
1467420 692
1467430 692
1467440 692
1467450 693
1467460 693
1467470 694
1467480 695
1467490 695
1467500 698
1467510 701
1467520 701
1467530 705
1467540 707
1467550 707
1467560 710
1467570 712
1467580 712
1467590 714
1467600 716
1467610 716
1467620 718
1467630 720
1467640 720
1467650 721
1467660 722
1467670 722
1467680 723
1467690 724
1467700 725
1467710 725
1467720 726
1467730 727
1467740 727
1467750 727
1467760 728
1467770 728
1467780 729
1467790 730
1467800 730
1467810 731
1467820 731
1467830 731
1467840 732
1467850 732
1467860 732
1467870 732
1467880 733
1467890 733
1467900 733
1467910 734
1467920 734
1467930 734
1467940 735
1467950 735
1467960 736
1467970 737
1467980 737
1467990 738
1468000 739
1468010 739
1468020 741
1468030 743
1468040 743
1468050 744
1468060 744
1468070 744
1468080 745
1468090 746
1468100 746
1468110 747
1468120 749
1468130 749
1468140 752
1468150 754
1468160 754
1468170 755
1468180 755
1468190 755
1468200 755
1468210 755
1468220 755
1468230 754
1468240 754
1468250 754
1468260 754
1468270 753
1468280 753
1468290 753
1468300 753
1468310 752
1468320 752
1468330 752
1468340 752
1468350 752
1468360 753
1468370 753
1468380 753
1468390 753
1468400 753
1468410 753
1468420 751
1468430 750
1468440 750
1468450 750
1468460 750
1468470 750
1468480 751
1468490 751
1468500 751
1468510 752
1468520 753
1468530 753
1468540 753
1468550 754
1468560 754
1468570 754
1468580 754
1468590 754
1468600 754
1468610 754
1468620 754
1468630 754
1468640 754
1468650 754
1468660 754
1468670 753
1468680 753
1468690 753
1468700 751
1468710 751
1468720 747
1468730 744
1468740 744
1468750 741
1468760 740
1468770 740
1468780 739
1468790 737
1468800 737
1468810 736
1468820 735
1468830 735
1468840 732
1468850 728
1468860 724
1468870 724
1468880 721
1468890 718
1468900 718
1468910 716
1468920 714
1468930 714
1468940 713
1468950 712
1468960 712
1468970 712
1468980 711
1468990 711
1469000 710
1469010 710
1469020 710
1469030 709
1469040 710
1469050 710
1469060 710
1469070 711
1469080 711
1469090 711
1469100 712
1469110 712
1469120 713
1469130 714
1469140 714
1469150 714
1469160 715
1469170 715
1469180 715
1469190 715
1469200 715
1469210 715
1469220 715
1469230 715
1469240 715
1469250 715
1469260 715
1469270 715
1469280 715
1469290 715
1469300 714
1469310 714
1469320 714
1469330 714
1469340 714
1469350 714
1469360 714
1469370 714
1469380 714
1469390 714
1469400 714
1469410 714
1469420 714
1469430 715
1469440 715
1469450 715
1469460 715
1469470 715
1469480 715
1469490 716
1469500 716
1469510 716
1469520 717
1469530 717
1469540 717
1469550 717
1469560 717
1469570 717
1469580 715
1469590 716
1469600 716
1469610 716
1469620 716
1469630 716
1469640 716
1469650 716
1469660 716
1469670 716
1469680 716
1469690 716
1469700 716
1469710 716
1469720 716
1469730 716
1469740 716
1469750 716
1469760 716
1469770 716
1469780 716
1469790 716
1469800 716
1469810 716
1469820 716
1469830 717
1469840 717
1469850 718
1469860 718
1469870 718
1469880 718
1469890 718
1469900 718
1469910 718
1469920 718
1469930 718
1469940 719
1469950 719
1469960 719
1469970 719
1469980 719
1469990 719
1470000 719
1470010 720
1470020 720
1470030 720
1470040 721
1470050 721
1470060 721
1470070 723
1470080 725
1470090 725
1470100 727
1470110 728
1470120 728
1470130 730
1470140 731
1470150 731
1470160 732
1470170 733
1470180 733
1470190 733
1470200 734
1470210 734
1470220 735
1470230 736
1470240 736
1470250 738
1470260 739
1470270 739
1470280 740
1470290 742
1470300 742
1470310 742
1470320 743
1470330 743
1470340 744
1470350 745
1470360 745
1470370 746
1470380 747
1470390 747
1470400 747
1470410 747
1470420 747
1470430 747
1470440 747
1470450 747
1470460 747
1470470 747
1470480 747
1470490 747
1470500 748
1470510 748
1470520 748
1470530 748
1470540 748
1470550 748
1470560 747
1470570 747
1470580 747
1470590 746
1470600 745
1470610 745
1470620 745
1470630 745
1470640 745
1470650 745
1470660 745
1470670 745
1470680 745
1470690 745
1470700 745
1470710 745
1470720 746
1470730 746
1470740 746
1470750 746
1470760 746
1470770 746
1470780 747
1470790 747
1470800 747
1470810 747
1470820 747
1470830 747
1470840 747
1470850 747
1470860 746
1470870 747
1470880 747
1470890 747
1470900 748
1470910 748
1470920 749
1470930 751
1470940 751
1470950 752
1470960 755
1470970 755
1470980 757
1470990 757
1471000 757
1471010 757
1471020 755
1471030 755
1471040 753
1471050 752
1471060 752
1471070 751
1471080 751
1471090 751
1471100 751
1471110 749
1471120 749
1471130 745
1471140 741
1471150 739
1471160 739
1471170 737
1471180 736
1471190 736
1471200 732
1471210 728
1471220 728
1471230 723
1471240 721
1471250 721
1471260 715
1471270 710
1471280 710
1471290 703
1471300 701
1471310 701
1471320 699
1471330 698
1471340 698
1471350 700
1471360 705
1471370 705
1471380 709
1471390 714
1471400 714
1471410 716
1471420 717
1471430 717
1471440 717
1471450 717
1471460 717
1471470 718
1471480 718
1471490 718
1471500 718
1471510 718
1471520 718
1471530 718
1471540 717
1471550 717
1471560 714
1471570 711
1471580 711
1471590 711
1471600 712
1471610 712
1471620 714
1471630 715
1471640 715
1471650 716
1471660 716
1471670 716
1471680 714
1471690 711
1471700 711
1471710 710
1471720 712
1471730 715
1471740 715
1471750 717
1471760 717
1471770 717
1471780 718
1471790 718
1471800 718
1471810 718
1471820 721
1471830 721
1471840 722
1471850 721
1471860 721
1471870 720
1471880 718
1471890 718
1471900 715
1471910 710
1471920 710
1471930 711
1471940 714
1471950 714
1471960 716
1471970 717
1471980 717
1471990 718
1472000 720
1472010 720
1472020 721
1472030 720
1472040 720
1472050 716
1472060 716
1472070 716
1472080 717
1472090 717
1472100 717
1472110 717
1472120 717
1472130 717
1472140 718
1472150 721
1472160 721
1472170 723
1472180 724
1472190 724
1472200 725
1472210 724
1472220 724
1472230 725
1472240 725
1472250 725
1472260 723
1472270 720
1472280 716
1472290 716
1472300 714
1472310 714
1472320 714
1472330 714
1472340 714
1472350 714
1472360 713
1472370 713
1472380 713
1472390 713
1472400 712
1472410 712
1472420 711
1472430 710
1472440 710
1472450 708
1472460 706
1472470 706
1472480 702
1472490 699
1472500 699
1472510 695
1472520 691
1472530 691
1472540 687
1472550 684
1472560 684
1472570 681
1472580 681
1472590 681
1472600 681
1472610 682
1472620 682
1472630 681
1472640 681
1472650 681
1472660 681
1472670 681
1472680 681
1472690 680
1472700 679
1472710 679
1472720 679
1472730 678
1472740 678
1472750 677
1472760 676
1472770 676
1472780 676
1472790 675
1472800 675
1472810 673
1472820 672
1472830 672
1472840 671
1472850 671
1472860 670
1472870 670
1472880 670
1472890 670
1472900 670
1472910 672
1472920 672
1472930 672
1472940 670
1472950 667
1472960 667
1472970 664
1472980 662
1472990 662
1473000 661
1473010 659
1473020 659
1473030 659
1473040 659
1473050 659
1473060 658
1473070 658
1473080 658
1473090 657
1473100 657
1473110 657
1473120 658
1473130 658
1473140 658
1473150 658
1473160 659
1473170 659
1473180 659
1473190 659
1473200 659
1473210 661
1473220 664
1473230 664
1473240 666
1473250 669
1473260 669
1473270 670
1473280 672
1473290 672
1473300 673
1473310 671
1473320 671
1473330 669
1473340 668
1473350 668
1473360 667
1473370 670
1473380 670
1473390 673
1473400 675
1473410 675
1473420 677
1473430 680
1473440 682
1473450 682
1473460 684
1473470 686
1473480 686
1473490 687
1473500 690
1473510 690
1473520 691
1473530 688
1473540 688
1473550 686
1473560 685
1473570 685
1473580 684
1473590 684
1473600 684
1473610 683
1473620 680
1473630 680
1473640 678
1473650 677
1473660 677
1473670 677
1473680 676
1473690 676
1473700 675
1473710 674
1473720 674
1473730 674
1473740 675
1473750 675
1473760 676
1473770 678
1473780 678
1473790 678
1473800 678
1473810 678
1473820 679
1473830 681
1473840 681
1473850 683
1473860 685
1473870 685
1473880 687
1473890 689
1473900 689
1473910 688
1473920 689
1473930 689
1473940 691
1473950 691
1473960 691
1473970 689
1473980 688
1473990 688
1474000 685
1474010 683
1474020 683
1474030 683
1474040 681
1474050 680
1474060 680
1474070 678
1474080 676
1474090 676
1474100 678
1474110 679
1474120 679
1474130 679
1474140 680
1474150 680
1474160 681
1474170 681
1474180 681
1474190 681
1474200 680
1474210 680
1474220 678
1474230 678
1474240 678
1474250 681
1474260 683
1474270 683
1474280 684
1474290 684
1474300 684
1474310 684
1474320 684
1474330 684
1474340 683
1474350 684
1474360 684
1474370 684
1474380 684
1474390 684
1474400 685
1474410 686
1474420 686
1474430 686
1474440 688
1474450 688
1474460 688
1474470 689
1474480 689
1474490 687
1474500 689
1474510 689
1474520 692
1474530 692
1474540 692
1474550 692
1474560 695
1474570 695
1474580 696
1474590 697
1474600 698
1474610 698
1474620 699
1474630 699
1474640 699
1474650 697
1474660 693
1474670 693
1474680 692
1474690 691
1474700 691
1474710 692
1474720 692
1474730 692
1474740 694
1474750 696
1474760 696
1474770 698
1474780 699
1474790 699
1474800 699
1474810 701
1474820 701
1474830 702
1474840 703
1474850 703
1474860 704
1474870 704
1474880 704
1474890 705
1474900 707
1474910 707
1474920 709
1474930 711
1474940 711
1474950 712
1474960 714
1474970 714
1474980 715
1474990 716
1475000 716
1475010 716
1475020 717
1475030 717
1475040 717
1475050 717
1475060 717
1475070 717
1475080 718
1475090 718
1475100 718
1475110 719
1475120 719
1475130 720
1475140 721
1475150 721
1475160 721
1475170 721
1475180 721
1475190 721
1475200 719
1475210 717
1475220 717
1475230 718
1475240 718
1475250 718
1475260 718
1475270 721
1475280 721
1475290 723
1475300 725
1475310 725
1475320 726
1475330 727
1475340 727
1475350 727
1475360 727
1475370 727
1475380 726
1475390 726
1475400 726
1475410 725
1475420 725
1475430 725
1475440 725
1475450 724
1475460 724
1475470 725
1475480 725
1475490 725
1475500 724
1475510 723
1475520 723
1475530 723
1475540 724
1475550 724
1475560 724
1475570 725
1475580 725
1475590 725
1475600 725
1475610 725
1475620 726
1475630 727
1475640 727
1475650 727
1475660 728
1475670 728
1475680 729
1475690 730
1475700 730
1475710 730
1475720 730
1475730 731
1475740 731
1475750 731
1475760 731
1475770 731
1475780 732
1475790 732
1475800 732
1475810 732
1475820 731
1475830 731
1475840 728
1475850 727
1475860 727
1475870 726
1475880 725
1475890 725
1475900 724
1475910 723
1475920 723
1475930 722
1475940 719
1475950 719
1475960 722
1475970 726
1475980 726
1475990 732
1476000 736
1476010 736
1476020 740
1476030 743
1476040 743
1476050 744
1476060 743
1476070 743
1476080 743
1476090 743
1476100 743
1476110 743
1476120 744
1476130 744
1476140 744
1476150 745
1476160 745
1476170 745
1476180 746
1476190 746
1476200 746
1476210 747
1476220 747
1476230 747
1476240 746
1476250 746
1476260 746
1476270 746
1476280 746
1476290 746
1476300 746
1476310 747
1476320 747
1476330 747
1476340 747
1476350 747
1476360 748
1476370 749
1476380 749
1476390 749
1476400 749
1476410 749
1476420 748
1476430 748
1476440 748
1476450 748
1476460 748
1476470 748
1476480 748
1476490 748
1476500 748
1476510 748
1476520 749
1476530 749
1476540 749
1476550 749
1476560 749
1476570 750
1476580 750
1476590 750
1476600 750
1476610 750
1476620 750
1476630 751
1476640 752
1476650 752
1476660 753
1476670 753
1476680 753
1476690 753
1476700 753
1476710 753
1476720 754
1476730 754
1476740 754
1476750 755
1476760 756
1476770 756
1476780 756
1476790 756
1476800 756
1476810 756
1476820 756
1476830 756
1476840 756
1476850 756
1476860 756
1476870 756
1476880 756
1476890 756
1476900 756
1476910 756
1476920 756
1476930 756
1476940 757
1476950 757
1476960 757
1476970 758
1476980 758
1476990 758
1477000 758
1477010 759
1477020 759
1477030 761
1477040 762
1477050 762
1477060 763
1477070 765
1477080 765
1477090 766
1477100 767
1477110 767
1477120 768
1477130 768
1477140 768
1477150 769
1477160 770
1477170 770
1477180 770
1477190 771
1477200 771
1477210 772
1477220 772
1477230 772
1477240 774
1477250 776
1477260 776
1477270 776
1477280 777
1477290 777
1477300 778
1477310 778
1477320 778
1477330 777
1477340 775
1477350 775
1477360 774
1477370 773
1477380 773
1477390 772
1477400 771
1477410 771
1477420 770
1477430 769
1477440 769
1477450 769
1477460 768
1477470 768
1477480 768
1477490 769
1477500 769
1477510 769
1477520 770
1477530 771
1477540 771
1477550 771
1477560 772
1477570 772
1477580 772
1477590 773
1477600 773
1477610 773
1477620 774
1477630 774
1477640 774
1477650 775
1477660 775
1477670 775
1477680 775
1477690 775
1477700 775
1477710 776
1477720 776
1477730 776
1477740 777
1477750 777
1477760 778
1477770 779
1477780 779
1477790 781
1477800 782
1477810 782
1477820 783
1477830 784
1477840 784
1477850 784
1477860 785
1477870 785
1477880 786
1477890 786
1477900 786
1477910 787
1477920 787
1477930 787
1477940 788
1477950 788
1477960 788
1477970 788
1477980 787
1477990 787
1478000 787
1478010 786
1478020 786
1478030 785
1478040 785
1478050 784
1478060 784
1478070 784
1478080 784
1478090 784
1478100 784
1478110 784
1478120 784
1478130 785
1478140 785
1478150 785
1478160 786
1478170 786
1478180 786
1478190 786
1478200 786
1478210 786
1478220 786
1478230 786
1478240 786
1478250 785
1478260 785
1478270 785
1478280 785
1478290 786
1478300 786
1478310 786
1478320 786
1478330 786
1478340 786
1478350 786
1478360 786
1478370 786
1478380 787
1478390 787
1478400 787
1478410 788
1478420 788
1478430 788
1478440 788
1478450 788
1478460 788
1478470 788
1478480 788
1478490 789
1478500 789
1478510 789
1478520 789
1478530 790
1478540 790
1478550 790
1478560 790
1478570 790
1478580 791
1478590 791
1478600 791
1478610 791
1478620 792
1478630 792
1478640 792
1478650 792
1478660 793
1478670 793
1478680 793
1478690 793
1478700 793
1478710 793
1478720 793
1478730 793
1478740 794
1478750 794
1478760 794
1478770 794
1478780 795
1478790 795
1478800 795
1478810 795
1478820 795
1478830 796
1478840 797
1478850 797
1478860 797
1478870 797
1478880 797
1478890 797
1478900 798
1478910 798
1478920 798
1478930 798
1478940 798
1478950 799
1478960 799
1478970 799
1478980 800
1478990 801
1479000 801
1479010 802
1479020 803
1479030 803
1479040 804
1479050 805
1479060 805
1479070 807
1479080 808
1479090 808
1479100 809
1479110 810
1479120 810
1479130 811
1479140 811
1479150 811
1479160 812
1479170 812
1479180 812
1479190 813
1479200 813
1479210 814
1479220 814
1479230 814
1479240 815
1479250 815
1479260 816
1479270 817
1479280 817
1479290 817
1479300 818
1479310 818
1479320 820
1479330 821
1479340 821
1479350 823
1479360 824
1479370 824
1479380 825
1479390 826
1479400 826
1479410 826
1479420 827
1479430 827
1479440 828
1479450 829
1479460 829
1479470 829
1479480 830
1479490 830
1479500 829
1479510 829
1479520 829
1479530 830
1479540 830
1479550 830
1479560 830
1479570 831
1479580 831
1479590 832
1479600 833
1479610 833
1479620 835
1479630 836
1479640 836
1479650 837
1479660 837
1479670 837
1479680 837
1479690 838
1479700 838
1479710 839
1479720 841
1479730 841
1479740 843
1479750 845
1479760 847
1479770 847
1479780 849
1479790 848
1479800 848
1479810 845
1479820 842
1479830 842
1479840 839
1479850 837
1479860 837
1479870 836
1479880 837
1479890 837
1479900 840
1479910 843
1479920 843
1479930 846
1479940 849
1479950 849
1479960 852
1479970 855
1479980 855
1479990 856
