1460000 628
1460010 628
1460020 629
1460030 629
1460040 629
1460050 629
1460060 629
1460070 629
1460080 629
1460090 629
1460100 629
1460110 629
1460120 629
1460130 629
1460140 630
1460150 630
1460160 630
1460170 630
1460180 631
1460190 631
1460200 631
1460210 632
1460220 632
1460230 633
1460240 633
1460250 633
1460260 634
1460270 635
1460280 636
1460290 636
1460300 637
1460310 638
1460320 638
1460330 639
1460340 641
1460350 641
1460360 641
1460370 642
1460380 642
1460390 643
1460400 644
1460410 644
1460420 644
1460430 645
1460440 645
1460450 646
1460460 647
1460470 647
1460480 648
1460490 649
1460500 649
1460510 651
1460520 652
1460530 652
1460540 653
1460550 654
1460560 654
1460570 654
1460580 654
1460590 654
1460600 655
1460610 655
1460620 655
1460630 655
1460640 656
1460650 656
1460660 656
1460670 657
1460680 657
1460690 657
1460700 657
1460710 657
1460720 656
1460730 656
1460740 656
1460750 656
1460760 656
1460770 656
1460780 656
1460790 657
1460800 657
1460810 657
1460820 657
1460830 657
1460840 657
1460850 657
1460860 657
1460870 657
1460880 658
1460890 658
1460900 658
1460910 658
1460920 658
1460930 658
1460940 658
1460950 658
1460960 658
1460970 659
1460980 660
1460990 660
1461000 660
1461010 661
1461020 661
1461030 661
1461040 661
1461050 661
1461060 662
1461070 662
1461080 662
1461090 662
1461100 662
1461110 662
1461120 662
1461130 662
1461140 662
1461150 662
1461160 660
1461170 660
1461180 659
1461190 659
1461200 659
1461210 658
1461220 657
1461230 657
1461240 658
1461250 657
1461260 657
1461270 657
1461280 657
1461290 657
1461300 657
1461310 657
1461320 657
1461330 657
1461340 657
1461350 657
1461360 657
1461370 657
1461380 657
1461390 657
1461400 657
1461410 657
1461420 657
1461430 657
1461440 656
1461450 656
1461460 657
1461470 657
1461480 657
1461490 657
1461500 657
1461510 657
1461520 657
1461530 657
1461540 657
1461550 658
1461560 658
1461570 658
1461580 659
1461590 658
1461600 658
1461610 659
1461620 659
1461630 659
1461640 659
1461650 659
1461660 659
1461670 660
1461680 660
1461690 660
1461700 660
1461710 660
1461720 660
1461730 659
1461740 659
1461750 659
1461760 658
1461770 658
1461780 658
1461790 658
1461800 658
1461810 658
1461820 657
1461830 657
1461840 657
1461850 657
1461860 657
1461870 657
1461880 657
1461890 657
1461900 657
1461910 657
1461920 657
1461930 657
1461940 657
1461950 657
1461960 657
1461970 657
1461980 658
1461990 658
1462000 658
1462010 658
1462020 658
1462030 658
1462040 658
1462050 659
1462060 659
1462070 659
1462080 659
1462090 659
1462100 660
1462110 660
1462120 660
1462130 660
1462140 661
1462150 661
1462160 661
1462170 662
1462180 662
1462190 663
1462200 663
1462210 663
1462220 664
1462230 664
1462240 664
1462250 665
1462260 665
1462270 665
1462280 665
1462290 666
1462300 666
1462310 666
1462320 666
1462330 666
1462340 667
1462350 668
1462360 668
1462370 668
1462380 669
1462390 669
1462400 669
1462410 670
1462420 670
1462430 671
1462440 672
1462450 672
1462460 673
1462470 674
1462480 674
1462490 674
1462500 674
1462510 674
1462520 675
1462530 676
1462540 676
1462550 676
1462560 676
1462570 677
1462580 677
1462590 677
1462600 677
1462610 677
1462620 678
1462630 678
1462640 678
1462650 679
1462660 680
1462670 680
1462680 681
1462690 683
1462700 683
1462710 683
1462720 684
1462730 684
1462740 685
1462750 685
1462760 685
1462770 685
1462780 685
1462790 685
1462800 685
1462810 685
1462820 685
1462830 685
1462840 686
1462850 686
1462860 686
1462870 686
1462880 686
1462890 686
1462900 686
1462910 686
1462920 686
1462930 685
1462940 685
1462950 686
1462960 687
1462970 687
1462980 687
1462990 687
1463000 687
1463010 687
1463020 687
1463030 687
1463040 687
1463050 686
1463060 686
1463070 687
1463080 687
1463090 687
1463100 687
1463110 686
1463120 686
1463130 687
1463140 687
1463150 688
1463160 688
1463170 688
1463180 687
1463190 687
1463200 687
1463210 687
1463220 687
1463230 686
1463240 686
1463250 686
1463260 686
1463270 686
1463280 686
1463290 686
1463300 686
1463310 686
1463320 687
1463330 687
1463340 687
1463350 687
1463360 688
1463370 688
1463380 688
1463390 689
1463400 689
1463410 689
1463420 689
1463430 689
1463440 690
1463450 690
1463460 690
1463470 691
1463480 693
1463490 693
1463500 694
1463510 696
1463520 696
1463530 698
1463540 699
1463550 699
1463560 700
1463570 701
1463580 701
1463590 703
1463600 704
1463610 704
1463620 705
1463630 705
1463640 705
1463650 705
1463660 705
1463670 705
1463680 705
1463690 705
1463700 705
1463710 706
1463720 706
1463730 706
1463740 706
1463750 706
1463760 705
1463770 705
1463780 704
1463790 704
1463800 704
1463810 703
1463820 703
1463830 703
1463840 702
1463850 701
1463860 701
1463870 701
1463880 700
1463890 700
1463900 700
1463910 699
1463920 699
1463930 698
1463940 697
1463950 697
1463960 696
1463970 695
1463980 695
1463990 694
1464000 693
1464010 693
1464020 693
1464030 692
1464040 692
1464050 690
1464060 690
1464070 690
1464080 689
1464090 688
1464100 688
1464110 687
1464120 687
1464130 687
1464140 687
1464150 686
1464160 686
1464170 682
1464180 678
1464190 678
1464200 683
1464210 684
1464220 684
1464230 685
1464240 685
1464250 685
1464260 685
1464270 686
1464280 686
1464290 686
1464300 686
1464310 687
1464320 687
1464330 687
1464340 688
1464350 688
1464360 688
1464370 688
1464380 688
1464390 688
1464400 689
1464410 689
1464420 689
1464430 689
1464440 689
1464450 689
1464460 688
1464470 688
1464480 688
1464490 688
1464500 688
1464510 688
1464520 688
1464530 688
1464540 688
1464550 688
1464560 688
1464570 687
1464580 687
1464590 687
1464600 687
1464610 686
1464620 686
1464630 686
1464640 685
1464650 685
1464660 684
1464670 684
1464680 684
1464690 683
1464700 682
1464710 682
1464720 681
1464730 678
1464740 678
1464750 675
1464760 671
1464770 671
1464780 666
1464790 662
1464800 662
1464810 661
1464820 658
1464830 658
1464840 658
1464850 658
1464860 660
1464870 660
1464880 663
1464890 665
1464900 665
1464910 666
1464920 668
1464930 668
1464940 669
1464950 670
1464960 670
1464970 671
1464980 672
1464990 672
1465000 673
1465010 674
1465020 676
1465030 678
1465040 679
1465050 679
1465060 681
1465070 683
1465080 683
1465090 684
1465100 683
1465110 683
1465120 683
1465130 682
1465140 682
1465150 681
1465160 680
1465170 680
1465180 679
1465190 677
1465200 677
1465210 673
1465220 670
1465230 670
1465240 668
1465250 666
1465260 666
1465270 664
1465280 663
1465290 663
1465300 664
1465310 669
1465320 669
1465330 673
1465340 676
1465350 676
1465360 680
1465370 681
1465380 681
1465390 682
1465400 682
1465410 682
1465420 683
1465430 684
1465440 685
1465450 685
1465460 685
1465470 685
1465480 685
1465490 685
1465500 686
1465510 686
1465520 686
1465530 686
1465540 686
1465550 686
1465560 685
1465570 685
1465580 685
1465590 685
1465600 685
1465610 685
1465620 685
1465630 685
1465640 685
1465650 685
1465660 685
1465670 685
1465680 685
1465690 685
1465700 686
1465710 686
1465720 686
1465730 686
1465740 686
1465750 686
1465760 687
1465770 687
1465780 687
1465790 688
1465800 688
1465810 688
1465820 689
1465830 689
1465840 689
1465850 690
1465860 690
1465870 690
1465880 691
1465890 691
1465900 691
1465910 692
1465920 692
1465930 692
1465940 692
1465950 692
1465960 692
1465970 692
1465980 692
1465990 692
1466000 692
1466010 692
1466020 692
1466030 692
1466040 692
1466050 691
1466060 691
1466070 691
1466080 691
1466090 691
1466100 691
1466110 691
1466120 691
1466130 691
1466140 691
1466150 691
1466160 691
1466170 691
1466180 691
1466190 692
1466200 692
1466210 692
1466220 692
1466230 692
1466240 692
1466250 692
1466260 693
1466270 693
1466280 694
1466290 694
1466300 694
1466310 695
1466320 696
1466330 696
1466340 696
1466350 696
1466360 696
1466370 696
1466380 695
1466390 695
1466400 695
1466410 695
1466420 695
1466430 694
1466440 694
1466450 694
1466460 693
1466470 693
1466480 693
1466490 691
1466500 690
1466510 690
1466520 689
1466530 689
1466540 689
1466550 688
1466560 684
1466570 679
1466580 679
1466590 676
1466600 671
1466610 671
1466620 666
1466630 663
1466640 663
1466650 662
1466660 662
1466670 662
1466680 661
1466690 661
1466700 661
1466710 660
1466720 659
1466730 659
1466740 657
1466750 656
1466760 656
1466770 658
1466780 659
1466790 659
1466800 660
1466810 661
1466820 661
1466830 662
1466840 663
1466850 663
1466860 665
1466870 666
1466880 666
1466890 668
1466900 673
1466910 673
1466920 677
1466930 680
1466940 680
1466950 681
1466960 683
1466970 683
1466980 685
1466990 687
1467000 687
1467010 689
1467020 691
1467030 691
1467040 692
1467050 694
1467060 694
1467070 696
1467080 699
1467090 699
1467100 700
1467110 702
1467120 702
1467130 703
1467140 703
1467150 705
1467160 705
1467170 706
1467180 706
1467190 706
1467200 706
1467210 706
1467220 706
1467230 706
1467240 705
1467250 705
1467260 705
1467270 703
1467280 703
1467290 700
1467300 697
1467310 697
1467320 695
1467330 694
1467340 694
1467350 694
1467360 693
1467370 693
1467380 693
1467390 692
1467400 692
1467410 692
1467420 692
1467430 692
1467440 692
1467450 693
1467460 693
1467470 694
1467480 696
1467490 696
1467500 697
1467510 699
1467520 699
1467530 701
1467540 703
1467550 703
1467560 705
1467570 708
1467580 708
1467590 710
1467600 712
1467610 712
1467620 714
1467630 716
1467640 716
1467650 717
1467660 719
1467670 719
1467680 720
1467690 721
1467700 721
1467710 722
1467720 723
1467730 723
1467740 723
1467750 724
1467760 725
1467770 725
1467780 726
1467790 727
1467800 727
1467810 728
1467820 728
1467830 728
1467840 729
1467850 730
1467860 730
1467870 731
1467880 731
1467890 731
1467900 732
1467910 733
1467920 733
1467930 733
1467940 734
1467950 734
1467960 735
1467970 735
1467980 735
1467990 736
1468000 737
1468010 737
1468020 738
1468030 740
1468040 740
1468050 742
1468060 744
1468070 744
1468080 746
1468090 747
1468100 747
1468110 749
1468120 752
1468130 752
1468140 753
1468150 753
1468160 753
1468170 752
1468180 752
1468190 752
1468200 752
1468210 752
1468220 752
1468230 751
1468240 751
1468250 751
1468260 751
1468270 750
1468280 750
1468290 751
1468300 751
1468310 752
1468320 752
1468330 753
1468340 753
1468350 753
1468360 753
1468370 754
1468380 754
1468390 754
1468400 754
1468410 754
1468420 754
1468430 753
1468440 753
1468450 753
1468460 753
1468470 753
1468480 753
1468490 753
1468500 753
1468510 753
1468520 753
1468530 753
1468540 753
1468550 753
1468560 753
1468570 753
1468580 753
1468590 753
1468600 753
1468610 753
1468620 753
1468630 753
1468640 753
1468650 753
1468660 752
1468670 751
1468680 751
1468690 747
1468700 743
1468710 743
1468720 738
1468730 735
1468740 735
1468750 734
1468760 732
1468770 732
1468780 728
1468790 724
1468800 724
1468810 721
1468820 719
1468830 719
1468840 717
1468850 715
1468860 715
1468870 714
1468880 712
1468890 712
1468900 712
1468910 711
1468920 711
1468930 711
1468940 711
1468950 712
1468960 712
1468970 712
1468980 713
1468990 713
1469000 714
1469010 714
1469020 714
1469030 715
1469040 715
1469050 715
1469060 715
1469070 715
1469080 715
1469090 715
1469100 715
1469110 715
1469120 715
1469130 715
1469140 715
1469150 716
1469160 716
1469170 716
1469180 716
1469190 716
1469200 716
1469210 717
1469220 717
1469230 717
1469240 716
1469250 716
1469260 716
1469270 716
1469280 716
1469290 716
1469300 716
1469310 716
1469320 716
1469330 716
1469340 716
1469350 716
1469360 716
1469370 716
1469380 716
1469390 716
1469400 716
1469410 716
1469420 716
1469430 716
1469440 717
1469450 717
1469460 717
1469470 717
1469480 717
1469490 718
1469500 718
1469510 718
1469520 719
1469530 719
1469540 719
1469550 719
1469560 719
1469570 719
1469580 719
1469590 718
1469600 718
1469610 717
1469620 718
1469630 718
1469640 718
1469650 718
1469660 718
1469670 718
1469680 718
1469690 718
1469700 718
1469710 718
1469720 718
1469730 718
1469740 718
1469750 718
1469760 718
1469770 718
1469780 718
1469790 717
1469800 717
1469810 717
1469820 717
1469830 718
1469840 718
1469850 718
1469860 718
1469870 718
1469880 719
1469890 719
1469900 719
1469910 720
1469920 720
1469930 720
1469940 721
1469950 722
1469960 722
1469970 722
1469980 722
1469990 722
1470000 723
1470010 725
1470020 725
1470030 725
1470040 726
1470050 727
1470060 727
1470070 727
1470080 726
1470090 726
1470100 727
1470110 727
1470120 727
1470130 728
1470140 728
1470150 728
1470160 729
1470170 730
1470180 730
1470190 731
1470200 732
1470210 732
1470220 732
1470230 733
1470240 733
1470250 733
1470260 734
1470270 734
1470280 734
1470290 734
1470300 734
1470310 735
1470320 736
1470330 736
1470340 737
1470350 738
1470360 738
1470370 739
1470380 740
1470390 740
1470400 741
1470410 742
1470420 742
1470430 744
1470440 745
1470450 745
1470460 746
1470470 746
1470480 746
1470490 747
1470500 748
1470510 748
1470520 749
1470530 749
1470540 749
1470550 749
1470560 749
1470570 749
1470580 749
1470590 748
1470600 747
1470610 747
1470620 746
1470630 745
1470640 745
1470650 744
1470660 743
1470670 743
1470680 742
1470690 741
1470700 741
1470710 740
1470720 740
1470730 740
1470740 740
1470750 740
1470760 740
1470770 740
1470780 739
1470790 739
1470800 739
1470810 739
1470820 739
1470830 741
1470840 741
1470850 741
1470860 741
1470870 742
1470880 742
1470890 743
1470900 745
1470910 745
1470920 745
1470930 746
1470940 746
1470950 746
1470960 747
1470970 747
1470980 749
1470990 750
1471000 750
1471010 753
1471020 755
1471030 755
1471040 756
1471050 757
1471060 757
1471070 756
1471080 755
1471090 755
1471100 750
1471110 747
1471120 747
1471130 744
1471140 739
1471150 739
1471160 733
1471170 730
1471180 728
1471190 728
1471200 725
1471210 722
1471220 722
1471230 719
1471240 717
1471250 717
1471260 714
1471270 710
1471280 710
1471290 707
1471300 706
1471310 706
1471320 708
1471330 710
1471340 710
1471350 713
1471360 713
1471370 713
1471380 714
1471390 716
1471400 716
1471410 718
1471420 719
1471430 719
1471440 718
1471450 718
1471460 718
1471470 717
1471480 718
1471490 718
1471500 718
1471510 719
1471520 719
1471530 719
1471540 718
1471550 718
1471560 719
1471570 719
1471580 719
1471590 720
1471600 721
1471610 721
1471620 722
1471630 723
1471640 723
1471650 724
1471660 725
1471670 725
1471680 727
1471690 727
1471700 727
1471710 727
1471720 727
1471730 727
1471740 727
1471750 727
1471760 727
1471770 727
1471780 728
1471790 727
1471800 727
1471810 726
1471820 725
1471830 725
1471840 725
1471850 725
1471860 725
1471870 725
1471880 726
1471890 726
1471900 726
1471910 727
1471920 727
1471930 726
1471940 726
1471950 726
1471960 726
1471970 726
1471980 726
1471990 727
1472000 728
1472010 728
1472020 729
1472030 730
1472040 730
1472050 728
1472060 726
1472070 726
1472080 724
1472090 723
1472100 723
1472110 724
1472120 726
1472130 726
1472140 728
1472150 729
1472160 729
1472170 729
1472180 729
1472190 729
1472200 728
1472210 727
1472220 727
1472230 727
1472240 727
1472250 727
1472260 728
1472270 728
1472280 728
1472290 729
1472300 729
1472310 729
1472320 729
1472330 729
1472340 726
1472350 726
1472360 720
1472370 715
1472380 715
1472390 711
1472400 706
1472410 706
1472420 703
1472430 700
1472440 700
1472450 698
1472460 695
1472470 695
1472480 692
1472490 687
1472500 687
1472510 687
1472520 691
1472530 691
1472540 694
1472550 698
1472560 698
1472570 702
1472580 704
1472590 704
1472600 707
1472610 708
1472620 708
1472630 710
1472640 710
1472650 710
1472660 706
1472670 701
1472680 701
1472690 699
1472700 698
1472710 698
1472720 699
1472730 701
1472740 701
1472750 701
1472760 699
1472770 699
1472780 697
1472790 694
1472800 694
1472810 693
1472820 693
1472830 693
1472840 696
1472850 697
1472860 697
1472870 698
1472880 697
1472890 692
1472900 692
1472910 686
1472920 682
1472930 682
1472940 682
1472950 681
1472960 681
1472970 679
1472980 677
1472990 677
1473000 677
1473010 676
1473020 676
1473030 675
1473040 674
1473050 674
1473060 673
1473070 673
1473080 673
1473090 673
1473100 672
1473110 672
1473120 672
1473130 671
1473140 671
1473150 669
1473160 667
1473170 667
1473180 667
1473190 668
1473200 668
1473210 667
1473220 665
1473230 665
1473240 663
1473250 659
1473260 659
1473270 658
1473280 658
1473290 658
1473300 658
1473310 659
1473320 659
1473330 659
1473340 659
1473350 659
1473360 660
1473370 659
1473380 659
1473390 661
1473400 663
1473410 663
1473420 664
1473430 665
1473440 665
1473450 667
1473460 670
1473470 672
1473480 672
1473490 675
1473500 677
1473510 677
1473520 676
1473530 674
1473540 674
1473550 671
1473560 668
1473570 668
1473580 666
1473590 664
1473600 664
1473610 663
1473620 663
1473630 663
1473640 664
1473650 664
1473660 664
1473670 664
1473680 664
1473690 664
1473700 665
1473710 664
1473720 664
1473730 664
1473740 664
1473750 664
1473760 665
1473770 665
1473780 665
1473790 666
1473800 666
1473810 666
1473820 667
1473830 667
1473840 667
1473850 668
1473860 669
1473870 669
1473880 670
1473890 670
1473900 670
1473910 671
1473920 672
1473930 672
1473940 672
1473950 673
1473960 673
1473970 673
1473980 673
1473990 673
1474000 673
1474010 672
1474020 672
1474030 672
1474040 671
1474050 671
1474060 671
1474070 672
1474080 672
1474090 672
1474100 671
1474110 672
1474120 672
1474130 672
1474140 672
1474150 672
1474160 671
1474170 671
1474180 671
1474190 669
1474200 667
1474210 667
1474220 667
1474230 667
1474240 667
1474250 668
1474260 669
1474270 669
1474280 671
1474290 672
1474300 672
1474310 674
1474320 675
1474330 675
1474340 677
1474350 677
1474360 677
1474370 675
1474380 673
1474390 673
1474400 671
1474410 672
1474420 672
1474430 671
1474440 670
1474450 670
1474460 670
1474470 670
1474480 670
1474490 671
1474500 672
1474510 672
1474520 673
1474530 674
1474540 674
1474550 675
1474560 676
1474570 676
1474580 677
1474590 677
1474600 678
1474610 678
1474620 679
1474630 679
1474640 679
1474650 679
1474660 678
1474670 678
1474680 676
1474690 676
1474700 676
1474710 676
1474720 678
1474730 678
1474740 678
1474750 679
1474760 679
1474770 678
1474780 678
1474790 678
1474800 679
1474810 679
1474820 679
1474830 680
1474840 681
1474850 681
1474860 681
1474870 682
1474880 682
1474890 681
1474900 682
1474910 682
1474920 682
1474930 682
1474940 682
1474950 682
1474960 682
1474970 682
1474980 682
1474990 682
1475000 682
1475010 682
1475020 682
1475030 682
1475040 683
1475050 683
1475060 683
1475070 683
1475080 684
1475090 684
1475100 685
1475110 686
1475120 686
1475130 686
1475140 687
1475150 687
1475160 688
1475170 687
1475180 686
1475190 686
1475200 686
1475210 684
1475220 684
1475230 684
1475240 689
1475250 689
1475260 693
1475270 697
1475280 697
1475290 699
1475300 700
1475310 700
1475320 701
1475330 703
1475340 703
1475350 704
1475360 705
1475370 705
1475380 706
1475390 707
1475400 707
1475410 708
1475420 709
1475430 709
1475440 709
1475450 709
1475460 709
1475470 709
1475480 709
1475490 709
1475500 709
1475510 709
1475520 709
1475530 709
1475540 709
1475550 709
1475560 708
1475570 708
1475580 708
1475590 709
1475600 710
1475610 710
1475620 710
1475630 711
1475640 711
1475650 711
1475660 711
1475670 711
1475680 712
1475690 714
1475700 714
1475710 715
1475720 715
1475730 715
1475740 715
1475750 714
1475760 712
1475770 712
1475780 712
1475790 711
1475800 711
1475810 710
1475820 709
1475830 709
1475840 708
1475850 708
1475860 708
1475870 707
1475880 705
1475890 705
1475900 709
1475910 714
1475920 714
1475930 718
1475940 723
1475950 723
1475960 729
1475970 731
1475980 731
1475990 731
1476000 731
1476010 731
1476020 732
1476030 733
1476040 733
1476050 734
1476060 735
1476070 735
1476080 734
1476090 734
1476100 734
1476110 735
1476120 737
1476130 737
1476140 739
1476150 739
1476160 739
1476170 740
1476180 740
1476190 740
1476200 741
1476210 741
1476220 741
1476230 742
1476240 743
1476250 743
1476260 743
1476270 743
1476280 743
1476290 744
1476300 745
1476310 745
1476320 745
1476330 744
1476340 744
1476350 744
1476360 743
1476370 743
1476380 743
1476390 743
1476400 742
1476410 742
1476420 742
1476430 742
1476440 742
1476450 741
1476460 740
1476470 740
1476480 740
1476490 740
1476500 740
1476510 740
1476520 741
1476530 741
1476540 741
1476550 742
1476560 742
1476570 743
1476580 743
1476590 743
1476600 743
1476610 743
1476620 743
1476630 744
1476640 744
1476650 744
1476660 745
1476670 745
1476680 745
1476690 747
1476700 748
1476710 748
1476720 749
1476730 750
1476740 750
1476750 751
1476760 753
1476770 753
1476780 754
1476790 755
1476800 755
1476810 755
1476820 756
1476830 756
1476840 756
1476850 757
1476860 757
1476870 757
1476880 758
1476890 759
1476900 759
1476910 760
1476920 760
1476930 760
1476940 761
1476950 761
1476960 761
1476970 762
1476980 762
1476990 762
1477000 762
1477010 763
1477020 763
1477030 763
1477040 763
1477050 763
1477060 763
1477070 762
1477080 762
1477090 762
1477100 762
1477110 762
1477120 762
1477130 762
1477140 762
1477150 761
1477160 761
1477170 761
1477180 761
1477190 762
1477200 762
1477210 762
1477220 762
1477230 762
1477240 763
1477250 763
1477260 763
1477270 763
1477280 764
1477290 764
1477300 765
1477310 766
1477320 766
1477330 768
1477340 770
1477350 770
1477360 772
1477370 774
1477380 774
1477390 776
1477400 777
1477410 777
1477420 779
1477430 780
1477440 780
1477450 782
1477460 784
1477470 785
1477480 785
1477490 786
1477500 786
1477510 786
1477520 787
1477530 787
1477540 787
1477550 787
1477560 787
1477570 787
1477580 788
1477590 788
1477600 788
1477610 789
1477620 790
1477630 790
1477640 791
1477650 792
1477660 792
1477670 793
1477680 794
1477690 794
1477700 795
1477710 796
1477720 796
1477730 796
1477740 795
1477750 795
1477760 795
1477770 795
1477780 795
1477790 794
1477800 794
1477810 794
1477820 794
1477830 794
1477840 794
1477850 793
1477860 793
1477870 793
1477880 792
1477890 790
1477900 790
1477910 788
1477920 787
1477930 787
1477940 786
1477950 785
1477960 785
1477970 784
1477980 783
1477990 783
1478000 783
1478010 783
1478020 783
1478030 783
1478040 783
1478050 783
1478060 783
1478070 783
1478080 784
1478090 784
1478100 785
1478110 784
1478120 784
1478130 784
1478140 784
1478150 784
1478160 785
1478170 786
1478180 786
1478190 787
1478200 788
1478210 788
1478220 788
1478230 788
1478240 788
1478250 787
1478260 788
1478270 788
1478280 789
1478290 789
1478300 789
1478310 789
1478320 789
1478330 789
1478340 788
1478350 788
1478360 788
1478370 788
1478380 788
1478390 788
1478400 788
1478410 787
1478420 787
1478430 787
1478440 788
1478450 788
1478460 788
1478470 788
1478480 788
1478490 788
1478500 788
1478510 788
1478520 788
1478530 789
1478540 789
1478550 789
1478560 789
1478570 789
1478580 789
1478590 789
1478600 789
1478610 789
1478620 789
1478630 790
1478640 790
1478650 790
1478660 790
1478670 790
1478680 790
1478690 790
1478700 790
1478710 790
1478720 790
1478730 790
1478740 791
1478750 791
1478760 791
1478770 791
1478780 792
1478790 792
1478800 792
1478810 792
1478820 792
1478830 792
1478840 792
1478850 792
1478860 792
1478870 793
1478880 793
1478890 793
1478900 793
1478910 793
1478920 793
1478930 793
1478940 793
1478950 793
1478960 794
1478970 794
1478980 794
1478990 795
1479000 795
1479010 795
1479020 795
1479030 795
1479040 795
1479050 795
1479060 795
1479070 796
1479080 797
1479090 797
1479100 797
1479110 797
1479120 797
1479130 798
1479140 799
1479150 799
1479160 799
1479170 800
1479180 800
1479190 802
1479200 803
1479210 802
1479220 802
1479230 803
1479240 802
1479250 802
1479260 800
1479270 800
1479280 800
1479290 799
1479300 799
1479310 799
1479320 798
1479330 798
1479340 798
1479350 798
1479360 799
1479370 799
1479380 800
1479390 801
1479400 801
1479410 802
1479420 803
1479430 803
1479440 804
1479450 805
1479460 805
1479470 806
1479480 807
1479490 807
1479500 809
1479510 810
1479520 810
1479530 811
1479540 813
1479550 813
1479560 814
1479570 815
1479580 815
1479590 816
1479600 818
1479610 818
1479620 819
1479630 821
1479640 821
1479650 823
1479660 824
1479670 824
1479680 825
1479690 825
1479700 825
1479710 825
1479720 825
1479730 825
1479740 825
1479750 825
1479760 825
1479770 826
1479780 826
1479790 827
1479800 827
1479810 828
1479820 829
1479830 829
1479840 830
1479850 831
1479860 831
1479870 832
1479880 835
1479890 835
1479900 840
1479910 842
1479920 842
1479930 845
1479940 848
1479950 848
1479960 851
1479970 853
1479980 853
1479990 853
