1460000 793
1460010 791
1460020 791
1460030 791
1460040 790
1460050 790
1460060 786
1460070 785
1460080 785
1460090 784
1460100 782
1460110 782
1460120 782
1460130 781
1460140 781
1460150 781
1460160 779
1460170 779
1460180 778
1460190 777
1460200 777
1460210 776
1460220 775
1460230 775
1460240 774
1460250 773
1460260 772
1460270 772
1460280 772
1460290 771
1460300 771
1460310 770
1460320 769
1460330 769
1460340 770
1460350 770
1460360 770
1460370 770
1460380 769
1460390 769
1460400 769
1460410 770
1460420 770
1460430 769
1460440 770
1460450 770
1460460 770
1460470 770
1460480 770
1460490 770
1460500 770
1460510 770
1460520 769
1460530 769
1460540 769
1460550 769
1460560 768
1460570 768
1460580 767
1460590 766
1460600 766
1460610 766
1460620 765
1460630 765
1460640 764
1460650 763
1460660 763
1460670 763
1460680 762
1460690 762
1460700 761
1460710 758
1460720 758
1460730 751
1460740 749
1460750 749
1460760 754
1460770 756
1460780 756
1460790 755
1460800 754
1460810 754
1460820 753
1460830 752
1460840 752
1460850 752
1460860 751
1460870 750
1460880 750
1460890 748
1460900 747
1460910 747
1460920 746
1460930 746
1460940 746
1460950 745
1460960 744
1460970 744
1460980 743
1460990 742
1461000 742
1461010 741
1461020 741
1461030 741
1461040 741
1461050 740
1461060 740
1461070 740
1461080 740
1461090 740
1461100 739
1461110 739
1461120 739
1461130 738
1461140 738
1461150 738
1461160 737
1461170 737
1461180 737
1461190 736
1461200 736
1461210 736
1461220 736
1461230 736
1461240 736
1461250 735
1461260 734
1461270 734
1461280 734
1461290 733
1461300 733
1461310 732
1461320 731
1461330 731
1461340 730
1461350 730
1461360 730
1461370 730
1461380 729
1461390 729
1461400 728
1461410 727
1461420 727
1461430 727
1461440 726
1461450 726
1461460 726
1461470 726
1461480 726
1461490 726
1461500 726
1461510 725
1461520 725
1461530 725
1461540 725
1461550 725
1461560 725
1461570 724
1461580 724
1461590 723
1461600 722
1461610 722
1461620 721
1461630 718
1461640 718
1461650 714
1461660 715
1461670 715
1461680 718
1461690 720
1461700 720
1461710 721
1461720 721
1461730 721
1461740 721
1461750 721
1461760 721
1461770 721
1461780 721
1461790 721
1461800 721
1461810 721
1461820 721
1461830 720
1461840 719
1461850 719
1461860 719
1461870 718
1461880 718
1461890 716
1461900 716
1461910 716
1461920 716
1461930 715
1461940 715
1461950 715
1461960 715
1461970 715
1461980 715
1461990 714
1462000 714
1462010 714
1462020 714
1462030 714
1462040 714
1462050 714
1462060 714
1462070 714
1462080 714
1462090 714
1462100 714
1462110 714
1462120 713
1462130 713
1462140 713
1462150 713
1462160 713
1462170 713
1462180 714
1462190 714
1462200 714
1462210 714
1462220 714
1462230 713
1462240 712
1462250 712
1462260 712
1462270 710
1462280 710
1462290 711
1462300 711
1462310 711
1462320 711
1462330 711
1462340 711
1462350 711
1462360 711
1462370 711
1462380 711
1462390 711
1462400 711
1462410 711
1462420 711
1462430 711
1462440 711
1462450 711
1462460 711
1462470 711
1462480 710
1462490 710
1462500 710
1462510 710
1462520 710
1462530 710
1462540 710
1462550 710
1462560 711
1462570 710
1462580 710
1462590 708
1462600 707
1462610 707
1462620 707
1462630 707
1462640 707
1462650 707
1462660 707
1462670 706
1462680 706
1462690 706
1462700 706
1462710 706
1462720 706
1462730 706
1462740 706
1462750 706
1462760 706
1462770 706
1462780 707
1462790 707
1462800 707
1462810 708
1462820 708
1462830 708
1462840 708
1462850 708
1462860 708
1462870 709
1462880 709
1462890 709
1462900 709
1462910 709
1462920 708
1462930 709
1462940 709
1462950 709
1462960 709
1462970 709
1462980 709
1462990 709
1463000 709
1463010 709
1463020 709
1463030 709
1463040 709
1463050 709
1463060 709
1463070 709
1463080 709
1463090 709
1463100 709
1463110 709
1463120 709
1463130 709
1463140 708
1463150 708
1463160 708
1463170 708
1463180 708
1463190 708
1463200 708
1463210 708
1463220 708
1463230 708
1463240 708
1463250 708
1463260 708
1463270 707
1463280 707
1463290 707
1463300 706
1463310 706
1463320 706
1463330 705
1463340 705
1463350 705
1463360 705
1463370 705
1463380 705
1463390 704
1463400 704
1463410 704
1463420 703
1463430 702
1463440 702
1463450 701
1463460 700
1463470 700
1463480 700
1463490 699
1463500 699
1463510 697
1463520 694
1463530 694
1463540 692
1463550 693
1463560 693
1463570 696
1463580 697
1463590 697
1463600 696
1463610 696
1463620 696
1463630 696
1463640 696
1463650 696
1463660 696
1463670 695
1463680 695
1463690 694
1463700 694
1463710 694
1463720 693
1463730 693
1463740 693
1463750 692
1463760 691
1463770 691
1463780 690
1463790 689
1463800 688
1463810 688
1463820 687
1463830 687
1463840 687
1463850 686
1463860 686
1463870 686
1463880 685
1463890 684
1463900 684
1463910 679
1463920 678
1463930 678
1463940 682
1463950 683
1463960 683
1463970 683
1463980 682
1463990 682
1464000 681
1464010 682
1464020 682
1464030 682
1464040 682
1464050 682
1464060 682
1464070 682
1464080 682
1464090 682
1464100 682
1464110 682
1464120 682
1464130 682
1464140 682
1464150 682
1464160 682
1464170 682
1464180 682
1464190 682
1464200 682
1464210 682
1464220 682
1464230 682
1464240 682
1464250 682
1464260 682
1464270 682
1464280 682
1464290 682
1464300 678
1464310 675
1464320 675
1464330 677
1464340 679
1464350 679
1464360 678
1464370 677
1464380 675
1464390 675
1464400 672
1464410 670
1464420 670
1464430 668
1464440 666
1464450 666
1464460 663
1464470 662
1464480 662
1464490 660
1464500 658
1464510 658
1464520 656
1464530 654
1464540 654
1464550 653
1464560 649
1464570 649
1464580 647
1464590 647
1464600 647
1464610 647
1464620 646
1464630 646
1464640 645
1464650 644
1464660 644
1464670 644
1464680 643
1464690 643
1464700 643
1464710 642
1464720 642
1464730 641
1464740 641
1464750 641
1464760 642
1464770 642
1464780 642
1464790 642
1464800 642
1464810 642
1464820 643
1464830 643
1464840 643
1464850 643
1464860 643
1464870 643
1464880 643
1464890 643
1464900 643
1464910 641
1464920 641
1464930 641
1464940 639
1464950 640
1464960 641
1464970 641
1464980 640
1464990 640
1465000 640
1465010 639
1465020 639
1465030 639
1465040 638
1465050 638
1465060 638
1465070 637
1465080 636
1465090 636
1465100 635
1465110 635
1465120 635
1465130 635
1465140 634
1465150 634
1465160 634
1465170 634
1465180 634
1465190 634
1465200 634
1465210 634
1465220 633
1465230 632
1465240 632
1465250 631
1465260 630
1465270 630
1465280 629
1465290 628
1465300 628
1465310 628
1465320 628
1465330 628
1465340 629
1465350 629
1465360 629
1465370 629
1465380 628
1465390 628
1465400 628
1465410 629
1465420 629
1465430 631
1465440 632
1465450 632
1465460 632
1465470 632
1465480 632
1465490 632
1465500 632
1465510 632
1465520 634
1465530 637
1465540 640
1465550 640
1465560 643
1465570 646
1465580 646
1465590 649
1465600 653
1465610 653
1465620 656
1465630 661
1465640 661
1465650 665
1465660 669
1465670 669
1465680 673
1465690 676
1465700 676
1465710 677
1465720 678
1465730 678
1465740 680
1465750 681
1465760 681
1465770 682
1465780 684
1465790 684
1465800 685
1465810 686
1465820 686
1465830 687
1465840 687
1465850 687
1465860 688
1465870 688
1465880 688
1465890 688
1465900 688
1465910 688
1465920 688
1465930 688
1465940 688
1465950 688
1465960 688
1465970 688
1465980 688
1465990 687
1466000 687
1466010 687
1466020 686
1466030 686
1466040 685
1466050 685
1466060 685
1466070 684
1466080 683
1466090 683
1466100 682
1466110 682
1466120 682
1466130 681
1466140 682
1466150 682
1466160 682
1466170 683
1466180 683
1466190 683
1466200 683
1466210 684
1466220 684
1466230 684
1466240 685
1466250 685
1466260 685
1466270 685
1466280 685
1466290 686
1466300 686
1466310 686
1466320 686
1466330 687
1466340 687
1466350 687
1466360 687
1466370 687
1466380 688
1466390 688
1466400 688
1466410 688
1466420 688
1466430 688
1466440 688
1466450 688
1466460 688
1466470 687
1466480 685
1466490 685
1466500 684
1466510 683
1466520 683
1466530 683
1466540 682
1466550 682
1466560 682
1466570 681
1466580 681
1466590 681
1466600 681
1466610 681
1466620 681
1466630 680
1466640 680
1466650 680
1466660 680
1466670 680
1466680 680
1466690 679
1466700 679
1466710 680
1466720 679
1466730 678
1466740 678
1466750 678
1466760 677
1466770 677
1466780 677
1466790 676
1466800 676
1466810 675
1466820 674
1466830 674
1466840 672
1466850 671
1466860 671
1466870 670
1466880 668
1466890 668
1466900 668
1466910 668
1466920 668
1466930 667
1466940 664
1466950 664
1466960 661
1466970 663
1466980 663
1466990 662
1467000 661
1467010 661
1467020 660
1467030 659
1467040 659
1467050 657
1467060 652
1467070 652
1467080 649
1467090 654
1467100 654
1467110 657
1467120 657
1467130 657
1467140 657
1467150 657
1467160 657
1467170 656
1467180 654
1467190 654
1467200 652
1467210 652
1467220 652
1467230 652
1467240 651
1467250 651
1467260 650
1467270 649
1467280 649
1467290 649
1467300 648
1467310 648
1467320 648
1467330 647
1467340 646
1467350 646
1467360 646
1467370 644
1467380 644
1467390 643
1467400 643
1467410 643
1467420 643
1467430 641
1467440 641
1467450 639
1467460 639
1467470 639
1467480 637
1467490 636
1467500 636
1467510 637
1467520 637
1467530 637
1467540 635
1467550 635
1467560 635
1467570 635
1467580 635
1467590 635
1467600 635
1467610 635
1467620 635
1467630 635
1467640 636
1467650 636
1467660 636
1467670 636
1467680 636
1467690 635
1467700 634
1467710 634
1467720 634
1467730 633
1467740 633
1467750 633
1467760 633
1467770 633
1467780 631
1467790 629
1467800 629
1467810 629
1467820 629
1467830 629
1467840 630
1467850 630
1467860 630
1467870 629
1467880 628
1467890 630
1467900 630
1467910 631
1467920 632
1467930 632
1467940 634
1467950 634
1467960 634
1467970 634
1467980 635
1467990 635
1468000 635
1468010 635
1468020 635
1468030 636
1468040 636
1468050 636
1468060 636
1468070 637
1468080 637
1468090 638
1468100 638
1468110 638
1468120 638
1468130 639
1468140 639
1468150 640
1468160 639
1468170 639
1468180 638
1468190 639
1468200 639
1468210 640
1468220 641
1468230 641
1468240 642
1468250 642
1468260 642
1468270 642
1468280 643
1468290 643
1468300 643
1468310 643
1468320 643
1468330 644
1468340 645
1468350 645
1468360 645
1468370 646
1468380 646
1468390 647
1468400 648
1468410 648
1468420 649
1468430 651
1468440 651
1468450 651
1468460 652
1468470 652
1468480 652
1468490 653
1468500 657
1468510 657
1468520 660
1468530 661
1468540 661
1468550 663
1468560 665
1468570 665
1468580 665
1468590 667
1468600 667
1468610 669
1468620 670
1468630 670
1468640 670
1468650 671
1468660 671
1468670 671
1468680 672
1468690 672
1468700 673
1468710 675
1468720 675
1468730 678
1468740 681
1468750 681
1468760 684
1468770 688
1468780 688
1468790 693
1468800 698
1468810 698
1468820 703
1468830 707
1468840 707
1468850 710
1468860 711
1468870 711
1468880 712
1468890 710
1468900 710
1468910 709
1468920 708
1468930 708
1468940 706
1468950 706
1468960 706
1468970 706
1468980 705
1468990 705
1469000 705
1469010 704
1469020 704
1469030 703
1469040 698
1469050 698
1469060 692
1469070 687
1469080 686
1469090 686
1469100 682
1469110 676
1469120 676
1469130 671
1469140 668
1469150 668
1469160 664
1469170 661
1469180 661
1469190 659
1469200 656
1469210 656
1469220 652
1469230 649
1469240 649
1469250 646
1469260 643
1469270 643
1469280 640
1469290 637
1469300 637
1469310 634
1469320 631
1469330 631
1469340 629
1469350 627
1469360 627
1469370 628
1469380 627
1469390 627
1469400 624
1469410 620
1469420 620
1469430 617
1469440 614
1469450 614
1469460 611
1469470 609
1469480 609
1469490 608
1469500 607
1469510 607
1469520 606
1469530 606
1469540 606
1469550 607
1469560 610
1469570 610
1469580 615
1469590 617
1469600 617
1469610 619
1469620 619
1469630 619
1469640 620
1469650 623
1469660 626
1469670 626
1469680 629
1469690 633
1469700 633
1469710 635
1469720 635
1469730 635
1469740 635
1469750 636
1469760 636
1469770 640
1469780 645
1469790 645
1469800 650
1469810 656
1469820 656
1469830 662
1469840 668
1469850 668
1469860 674
1469870 679
1469880 679
1469890 682
1469900 684
1469910 684
1469920 684
1469930 683
1469940 683
1469950 680
1469960 677
1469970 677
1469980 674
1469990 672
1470000 672
1470010 673
1470020 672
1470030 672
1470040 671
1470050 670
1470060 670
1470070 670
1470080 669
1470090 669
1470100 668
1470110 668
1470120 668
1470130 668
1470140 668
1470150 668
1470160 667
1470170 667
1470180 667
1470190 666
1470200 666
1470210 666
1470220 665
1470230 664
1470240 664
1470250 664
1470260 662
1470270 661
1470280 661
1470290 658
1470300 656
1470310 656
1470320 656
1470330 656
1470340 656
1470350 656
1470360 656
1470370 656
1470380 657
1470390 658
1470400 658
1470410 660
1470420 661
1470430 661
1470440 662
1470450 664
1470460 664
1470470 664
1470480 665
1470490 665
1470500 666
1470510 667
1470520 667
1470530 667
1470540 666
1470550 666
1470560 666
1470570 667
1470580 667
1470590 667
1470600 667
1470610 667
1470620 666
1470630 666
1470640 666
1470650 667
1470660 668
1470670 668
1470680 668
1470690 667
1470700 667
1470710 666
1470720 665
1470730 665
1470740 665
1470750 665
1470760 665
1470770 664
1470780 664
1470790 664
1470800 661
1470810 659
1470820 659
1470830 658
1470840 657
1470850 656
1470860 656
1470870 656
1470880 655
1470890 655
1470900 655
1470910 655
1470920 655
1470930 654
1470940 654
1470950 654
1470960 653
1470970 653
1470980 653
1470990 652
1471000 651
1471010 651
1471020 646
1471030 647
1471040 647
1471050 651
1471060 652
1471070 652
1471080 653
1471090 654
1471100 654
1471110 653
1471120 653
1471130 653
1471140 652
1471150 651
1471160 651
1471170 650
1471180 649
1471190 649
1471200 647
1471210 645
1471220 645
1471230 641
1471240 644
1471250 644
1471260 645
1471270 645
1471280 645
1471290 645
1471300 645
1471310 645
1471320 646
1471330 645
1471340 645
1471350 646
1471360 646
1471370 646
1471380 646
1471390 646
1471400 646
1471410 646
1471420 646
1471430 646
1471440 646
1471450 646
1471460 646
1471470 646
1471480 646
1471490 646
1471500 646
1471510 646
1471520 646
1471530 646
1471540 646
1471550 645
1471560 645
1471570 645
1471580 645
1471590 645
1471600 646
1471610 646
1471620 646
1471630 646
1471640 646
1471650 646
1471660 645
1471670 645
1471680 645
1471690 645
1471700 645
1471710 645
1471720 645
1471730 644
1471740 644
1471750 644
1471760 643
1471770 643
1471780 643
1471790 642
1471800 642
1471810 642
1471820 641
1471830 641
1471840 641
1471850 640
1471860 640
1471870 640
1471880 640
1471890 640
1471900 640
1471910 640
1471920 640
1471930 639
1471940 638
1471950 638
1471960 635
1471970 635
1471980 635
1471990 635
1472000 637
1472010 637
1472020 637
1472030 637
1472040 637
1472050 637
1472060 638
1472070 638
1472080 638
1472090 639
1472100 640
1472110 640
1472120 640
1472130 641
1472140 641
1472150 642
1472160 642
1472170 642
1472180 643
1472190 643
1472200 643
1472210 644
1472220 644
1472230 644
1472240 644
1472250 644
1472260 644
1472270 644
1472280 643
1472290 643
1472300 643
1472310 642
1472320 642
1472330 642
1472340 642
1472350 642
1472360 642
1472370 641
1472380 641
1472390 641
1472400 641
1472410 641
1472420 639
1472430 639
1472440 639
1472450 640
1472460 641
1472470 641
1472480 641
1472490 641
1472500 641
1472510 641
1472520 640
1472530 640
1472540 640
1472550 640
1472560 640
1472570 640
1472580 639
1472590 638
1472600 638
1472610 638
1472620 638
1472630 638
1472640 639
1472650 639
1472660 639
1472670 639
1472680 639
1472690 639
1472700 639
1472710 639
1472720 639
1472730 639
1472740 639
1472750 639
1472760 639
1472770 639
1472780 639
1472790 639
1472800 639
1472810 639
1472820 639
1472830 638
1472840 638
1472850 638
1472860 638
1472870 638
1472880 639
1472890 639
1472900 639
1472910 639
1472920 639
1472930 639
1472940 638
1472950 638
1472960 638
1472970 638
1472980 638
1472990 638
1473000 638
1473010 638
1473020 638
1473030 638
1473040 638
1473050 638
1473060 638
1473070 638
1473080 638
1473090 638
1473100 638
1473110 638
1473120 637
1473130 637
1473140 637
1473150 637
1473160 637
1473170 637
1473180 637
1473190 637
1473200 636
1473210 636
1473220 636
1473230 636
1473240 636
1473250 635
1473260 635
1473270 635
1473280 634
1473290 634
1473300 634
1473310 634
1473320 633
1473330 633
1473340 633
1473350 633
1473360 633
1473370 633
1473380 633
1473390 633
1473400 633
1473410 632
1473420 632
1473430 632
1473440 632
1473450 632
1473460 632
1473470 632
1473480 632
1473490 632
1473500 630
1473510 630
1473520 630
1473530 630
1473540 630
1473550 630
1473560 630
1473570 630
1473580 630
1473590 629
1473600 629
1473610 628
1473620 629
1473630 629
1473640 630
1473650 629
1473660 629
1473670 629
1473680 628
1473690 628
1473700 625
1473710 627
1473720 627
1473730 629
1473740 628
1473750 628
1473760 629
1473770 628
1473780 628
1473790 628
1473800 627
1473810 628
1473820 628
1473830 628
1473840 628
1473850 628
1473860 628
1473870 628
1473880 628
1473890 628
1473900 628
1473910 628
1473920 628
1473930 627
1473940 627
1473950 627
1473960 626
1473970 626
1473980 627
1473990 627
1474000 627
1474010 627
1474020 627
1474030 627
1474040 627
1474050 627
1474060 627
1474070 627
1474080 627
1474090 627
1474100 627
1474110 628
1474120 628
1474130 628
1474140 629
1474150 629
1474160 627
1474170 627
1474180 627
1474190 628
1474200 628
1474210 628
1474220 628
1474230 628
1474240 628
1474250 628
1474260 628
1474270 628
1474280 628
1474290 628
1474300 628
1474310 624
1474320 625
1474330 625
1474340 628
1474350 628
1474360 628
1474370 628
1474380 628
1474390 627
1474400 627
1474410 627
1474420 627
1474430 627
1474440 627
1474450 627
1474460 627
1474470 627
1474480 626
1474490 626
1474500 625
1474510 625
1474520 625
1474530 623
1474540 624
1474550 624
1474560 623
1474570 625
1474580 625
1474590 621
1474600 622
1474610 622
1474620 625
1474630 624
1474640 624
1474650 623
1474660 621
1474670 621
1474680 624
1474690 623
1474700 623
1474710 623
1474720 623
1474730 623
1474740 622
1474750 621
1474760 621
1474770 621
1474780 621
1474790 621
1474800 621
1474810 619
1474820 619
1474830 617
1474840 617
1474850 617
1474860 620
1474870 618
1474880 618
1474890 619
1474900 618
1474910 618
1474920 620
1474930 620
1474940 620
1474950 620
1474960 620
1474970 619
1474980 619
1474990 619
1475000 619
1475010 619
1475020 618
1475030 618
1475040 618
1475050 618
1475060 618
1475070 618
1475080 618
1475090 618
1475100 618
1475110 618
1475120 618
1475130 618
1475140 618
1475150 617
1475160 617
1475170 617
1475180 616
1475190 616
1475200 616
1475210 616
1475220 616
1475230 616
1475240 617
1475250 617
1475260 617
1475270 616
1475280 616
1475290 617
1475300 617
1475310 617
1475320 616
1475330 616
1475340 616
1475350 615
1475360 614
1475370 614
1475380 614
1475390 613
1475400 613
1475410 613
1475420 613
1475430 613
1475440 613
1475450 613
1475460 613
1475470 612
1475480 612
1475490 612
1475500 612
1475510 612
1475520 612
1475530 612
1475540 613
1475550 612
1475560 612
1475570 612
1475580 612
1475590 612
1475600 612
1475610 611
1475620 611
1475630 612
1475640 612
1475650 612
1475660 612
1475670 611
1475680 611
1475690 611
1475700 610
1475710 610
1475720 610
1475730 610
1475740 610
1475750 610
1475760 609
1475770 609
1475780 610
1475790 610
1475800 610
1475810 610
1475820 610
1475830 610
1475840 610
1475850 609
1475860 609
1475870 609
1475880 609
1475890 609
1475900 609
1475910 609
1475920 609
1475930 608
1475940 608
1475950 608
1475960 608
1475970 607
1475980 607
1475990 607
1476000 606
1476010 606
1476020 606
1476030 606
1476040 606
1476050 606
1476060 606
1476070 606
1476080 606
1476090 607
1476100 607
1476110 607
1476120 608
1476130 608
1476140 608
1476150 609
1476160 609
1476170 609
1476180 610
1476190 610
1476200 610
1476210 610
1476220 610
1476230 610
1476240 610
1476250 609
1476260 609
1476270 609
1476280 609
1476290 609
1476300 610
1476310 610
1476320 610
1476330 610
1476340 610
1476350 610
1476360 610
1476370 610
1476380 610
1476390 611
1476400 611
1476410 611
1476420 611
1476430 610
1476440 610
1476450 610
1476460 609
1476470 609
1476480 609
1476490 609
1476500 609
1476510 609
1476520 608
1476530 608
1476540 608
1476550 607
1476560 607
1476570 608
1476580 608
1476590 608
1476600 608
1476610 608
1476620 608
1476630 608
1476640 609
1476650 609
1476660 609
1476670 609
1476680 609
1476690 609
1476700 610
1476710 609
1476720 609
1476730 609
1476740 608
1476750 608
1476760 607
1476770 607
1476780 607
1476790 605
1476800 604
1476810 604
1476820 604
1476830 604
1476840 604
1476850 605
1476860 605
1476870 605
1476880 605
1476890 605
1476900 605
1476910 606
1476920 605
1476930 605
1476940 604
1476950 605
1476960 605
1476970 604
1476980 604
1476990 604
1477000 605
1477010 604
1477020 604
1477030 604
1477040 604
1477050 604
1477060 603
1477070 604
1477080 604
1477090 604
1477100 604
1477110 604
1477120 604
1477130 602
1477140 602
1477150 602
1477160 603
1477170 603
1477180 602
1477190 602
1477200 602
1477210 602
1477220 602
1477230 602
1477240 602
1477250 602
1477260 602
1477270 602
1477280 602
1477290 602
1477300 602
1477310 602
1477320 603
1477330 603
1477340 603
1477350 603
1477360 603
1477370 603
1477380 603
1477390 603
1477400 602
1477410 602
1477420 602
1477430 602
1477440 602
1477450 602
1477460 602
1477470 602
1477480 602
1477490 602
1477500 601
1477510 601
1477520 601
1477530 601
1477540 601
1477550 600
1477560 600
1477570 600
1477580 599
1477590 599
1477600 599
1477610 598
1477620 598
1477630 598
1477640 598
1477650 597
1477660 597
1477670 597
1477680 596
1477690 596
1477700 596
1477710 595
1477720 595
1477730 594
1477740 595
1477750 595
1477760 595
1477770 596
1477780 596
1477790 596
1477800 596
1477810 596
1477820 596
1477830 595
1477840 595
1477850 594
1477860 594
1477870 594
1477880 594
1477890 594
1477900 594
1477910 594
1477920 594
1477930 594
1477940 594
1477950 595
1477960 595
1477970 595
1477980 595
1477990 595
1478000 595
1478010 592
1478020 593
1478030 593
1478040 594
1478050 593
1478060 593
1478070 593
1478080 593
1478090 593
1478100 593
1478110 593
1478120 593
1478130 592
1478140 592
1478150 592
1478160 593
1478170 593
1478180 593
1478190 594
1478200 593
1478210 593
1478220 593
1478230 593
1478240 593
1478250 593
1478260 592
1478270 592
1478280 592
1478290 592
1478300 592
1478310 592
1478320 592
1478330 592
1478340 592
1478350 592
1478360 592
1478370 591
1478380 591
1478390 591
1478400 591
1478410 591
1478420 591
1478430 591
1478440 591
1478450 591
1478460 591
1478470 591
1478480 591
1478490 591
1478500 591
1478510 591
1478520 591
1478530 591
1478540 591
1478550 591
1478560 591
1478570 591
1478580 591
1478590 592
1478600 592
1478610 592
1478620 592
1478630 591
1478640 591
1478650 591
1478660 591
1478670 591
1478680 592
1478690 592
1478700 592
1478710 592
1478720 592
1478730 592
1478740 591
1478750 591
1478760 591
1478770 590
1478780 589
1478790 589
1478800 589
1478810 588
1478820 588
1478830 588
1478840 590
1478850 590
1478860 589
1478870 589
1478880 589
1478890 588
1478900 587
1478910 587
1478920 587
1478930 586
1478940 586
1478950 585
1478960 584
1478970 584
1478980 584
1478990 584
1479000 584
1479010 583
1479020 583
1479030 583
1479040 582
1479050 580
1479060 581
1479070 581
1479080 584
1479090 585
1479100 585
1479110 586
1479120 587
1479130 587
1479140 587
1479150 587
1479160 587
1479170 586
1479180 585
1479190 585
1479200 583
1479210 581
1479220 581
1479230 580
1479240 579
1479250 579
1479260 578
1479270 581
1479280 581
1479290 584
1479300 585
1479310 585
1479320 585
1479330 583
1479340 583
1479350 579
1479360 576
1479370 576
1479380 575
1479390 576
1479400 576
1479410 579
1479420 581
1479430 581
1479440 583
1479450 583
1479460 583
1479470 584
1479480 584
1479490 584
1479500 583
1479510 581
1479520 581
1479530 581
1479540 583
1479550 583
1479560 584
1479570 584
1479580 584
1479590 582
1479600 578
1479610 578
1479620 574
1479630 572
1479640 572
1479650 569
1479660 569
1479670 573
1479680 573
1479690 577
1479700 578
1479710 578
1479720 577
1479730 576
1479740 576
1479750 576
1479760 576
1479770 576
1479780 576
1479790 575
1479800 575
1479810 573
1479820 572
1479830 572
1479840 572
1479850 572
1479860 572
1479870 570
1479880 567
1479890 567
1479900 568
1479910 570
1479920 570
1479930 570
1479940 569
1479950 569
1479960 569
1479970 569
1479980 569
1479990 569
