1460000 779
1460010 778
1460020 778
1460030 778
1460040 777
1460050 777
1460060 776
1460070 776
1460080 776
1460090 776
1460100 774
1460110 774
1460120 774
1460130 773
1460140 773
1460150 773
1460160 773
1460170 773
1460180 773
1460190 772
1460200 772
1460210 771
1460220 769
1460230 769
1460240 769
1460250 769
1460260 769
1460270 769
1460280 767
1460290 767
1460300 767
1460310 766
1460320 765
1460330 765
1460340 764
1460350 764
1460360 764
1460370 763
1460380 762
1460390 762
1460400 761
1460410 762
1460420 762
1460430 761
1460440 761
1460450 761
1460460 760
1460470 760
1460480 760
1460490 760
1460500 760
1460510 760
1460520 760
1460530 760
1460540 760
1460550 760
1460560 759
1460570 759
1460580 758
1460590 758
1460600 758
1460610 757
1460620 756
1460630 756
1460640 754
1460650 753
1460660 753
1460670 751
1460680 751
1460690 751
1460700 750
1460710 749
1460720 749
1460730 748
1460740 744
1460750 744
1460760 744
1460770 745
1460780 745
1460790 746
1460800 745
1460810 745
1460820 744
1460830 744
1460840 744
1460850 743
1460860 743
1460870 742
1460880 742
1460890 742
1460900 741
1460910 741
1460920 741
1460930 739
1460940 739
1460950 739
1460960 738
1460970 738
1460980 738
1460990 737
1461000 737
1461010 737
1461020 736
1461030 736
1461040 736
1461050 736
1461060 736
1461070 736
1461080 735
1461090 735
1461100 735
1461110 734
1461120 734
1461130 733
1461140 733
1461150 733
1461160 733
1461170 732
1461180 732
1461190 731
1461200 731
1461210 731
1461220 731
1461230 731
1461240 731
1461250 730
1461260 728
1461270 728
1461280 728
1461290 727
1461300 727
1461310 726
1461320 725
1461330 725
1461340 724
1461350 723
1461360 723
1461370 722
1461380 722
1461390 722
1461400 721
1461410 720
1461420 720
1461430 720
1461440 719
1461450 719
1461460 719
1461470 719
1461480 718
1461490 718
1461500 716
1461510 715
1461520 715
1461530 715
1461540 714
1461550 714
1461560 714
1461570 714
1461580 714
1461590 714
1461600 714
1461610 714
1461620 713
1461630 711
1461640 711
1461650 708
1461660 705
1461670 705
1461680 707
1461690 709
1461700 709
1461710 710
1461720 710
1461730 710
1461740 710
1461750 710
1461760 710
1461770 710
1461780 710
1461790 710
1461800 711
1461810 710
1461820 710
1461830 709
1461840 708
1461850 708
1461860 707
1461870 707
1461880 707
1461890 707
1461900 707
1461910 707
1461920 707
1461930 706
1461940 706
1461950 706
1461960 706
1461970 706
1461980 707
1461990 707
1462000 707
1462010 707
1462020 707
1462030 707
1462040 707
1462050 706
1462060 706
1462070 706
1462080 706
1462090 706
1462100 706
1462110 707
1462120 708
1462130 708
1462140 709
1462150 709
1462160 709
1462170 709
1462180 709
1462190 709
1462200 709
1462210 709
1462220 709
1462230 708
1462240 708
1462250 708
1462260 707
1462270 704
1462280 704
1462290 702
1462300 706
1462310 706
1462320 708
1462330 708
1462340 708
1462350 708
1462360 708
1462370 708
1462380 708
1462390 708
1462400 708
1462410 708
1462420 706
1462430 706
1462440 705
1462450 705
1462460 705
1462470 705
1462480 706
1462490 706
1462500 706
1462510 706
1462520 706
1462530 706
1462540 705
1462550 705
1462560 705
1462570 705
1462580 705
1462590 704
1462600 703
1462610 703
1462620 703
1462630 703
1462640 703
1462650 703
1462660 703
1462670 703
1462680 703
1462690 703
1462700 703
1462710 703
1462720 703
1462730 703
1462740 703
1462750 703
1462760 703
1462770 703
1462780 704
1462790 705
1462800 705
1462810 705
1462820 705
1462830 705
1462840 706
1462850 706
1462860 706
1462870 706
1462880 706
1462890 706
1462900 707
1462910 707
1462920 707
1462930 708
1462940 707
1462950 707
1462960 707
1462970 707
1462980 707
1462990 707
1463000 707
1463010 707
1463020 707
1463030 707
1463040 707
1463050 707
1463060 707
1463070 707
1463080 707
1463090 707
1463100 707
1463110 707
1463120 706
1463130 706
1463140 706
1463150 706
1463160 706
1463170 705
1463180 705
1463190 705
1463200 705
1463210 705
1463220 705
1463230 705
1463240 705
1463250 704
1463260 704
1463270 703
1463280 703
1463290 703
1463300 703
1463310 702
1463320 702
1463330 702
1463340 702
1463350 702
1463360 701
1463370 701
1463380 701
1463390 700
1463400 700
1463410 700
1463420 699
1463430 699
1463440 699
1463450 698
1463460 697
1463470 697
1463480 697
1463490 696
1463500 696
1463510 695
1463520 690
1463530 690
1463540 685
1463550 686
1463560 686
1463570 688
1463580 689
1463590 689
1463600 691
1463610 692
1463620 692
1463630 693
1463640 692
1463650 692
1463660 692
1463670 691
1463680 691
1463690 691
1463700 690
1463710 690
1463720 689
1463730 689
1463740 689
1463750 688
1463760 688
1463770 688
1463780 687
1463790 686
1463800 686
1463810 686
1463820 685
1463830 684
1463840 684
1463850 684
1463860 683
1463870 683
1463880 683
1463890 682
1463900 682
1463910 680
1463920 674
1463930 674
1463940 675
1463950 679
1463960 679
1463970 679
1463980 678
1463990 678
1464000 677
1464010 678
1464020 678
1464030 678
1464040 678
1464050 678
1464060 678
1464070 677
1464080 677
1464090 677
1464100 677
1464110 677
1464120 677
1464130 677
1464140 677
1464150 677
1464160 678
1464170 678
1464180 678
1464190 678
1464200 678
1464210 679
1464220 679
1464230 679
1464240 679
1464250 678
1464260 678
1464270 678
1464280 677
1464290 677
1464300 676
1464310 672
1464320 672
1464330 666
1464340 666
1464350 666
1464360 669
1464370 668
1464380 666
1464390 666
1464400 664
1464410 662
1464420 662
1464430 660
1464440 658
1464450 658
1464460 657
1464470 655
1464480 655
1464490 652
1464500 649
1464510 649
1464520 646
1464530 644
1464540 644
1464550 643
1464560 642
1464570 642
1464580 642
1464590 642
1464600 642
1464610 640
1464620 640
1464630 640
1464640 639
1464650 638
1464660 638
1464670 638
1464680 637
1464690 637
1464700 637
1464710 637
1464720 637
1464730 637
1464740 637
1464750 637
1464760 638
1464770 638
1464780 638
1464790 637
1464800 637
1464810 637
1464820 636
1464830 636
1464840 636
1464850 636
1464860 636
1464870 636
1464880 636
1464890 636
1464900 636
1464910 637
1464920 637
1464930 637
1464940 637
1464950 636
1464960 636
1464970 635
1464980 635
1464990 634
1465000 634
1465010 634
1465020 633
1465030 633
1465040 632
1465050 632
1465060 632
1465070 631
1465080 631
1465090 631
1465100 631
1465110 631
1465120 631
1465130 631
1465140 631
1465150 631
1465160 631
1465170 631
1465180 631
1465190 630
1465200 629
1465210 629
1465220 629
1465230 629
1465240 629
1465250 629
1465260 629
1465270 629
1465280 629
1465290 629
1465300 629
1465310 630
1465320 630
1465330 630
1465340 628
1465350 628
1465360 628
1465370 628
1465380 629
1465390 629
1465400 630
1465410 631
1465420 631
1465430 631
1465440 632
1465450 632
1465460 632
1465470 633
1465480 633
1465490 635
1465500 635
1465510 635
1465520 635
1465530 638
1465540 638
1465550 641
1465560 644
1465570 649
1465580 649
1465590 654
1465600 658
1465610 658
1465620 662
1465630 665
1465640 665
1465650 668
1465660 671
1465670 671
1465680 674
1465690 676
1465700 676
1465710 677
1465720 679
1465730 679
1465740 680
1465750 681
1465760 681
1465770 683
1465780 684
1465790 684
1465800 685
1465810 686
1465820 686
1465830 687
1465840 687
1465850 687
1465860 687
1465870 687
1465880 687
1465890 687
1465900 688
1465910 688
1465920 688
1465930 688
1465940 688
1465950 688
1465960 688
1465970 688
1465980 688
1465990 688
1466000 688
1466010 688
1466020 687
1466030 687
1466040 686
1466050 685
1466060 685
1466070 685
1466080 684
1466090 684
1466100 683
1466110 683
1466120 683
1466130 682
1466140 682
1466150 683
1466160 683
1466170 683
1466180 684
1466190 684
1466200 684
1466210 684
1466220 684
1466230 685
1466240 685
1466250 685
1466260 686
1466270 686
1466280 686
1466290 687
1466300 687
1466310 687
1466320 688
1466330 688
1466340 688
1466350 688
1466360 689
1466370 689
1466380 689
1466390 689
1466400 689
1466410 689
1466420 689
1466430 689
1466440 690
1466450 690
1466460 690
1466470 690
1466480 690
1466490 690
1466500 690
1466510 690
1466520 690
1466530 690
1466540 689
1466550 689
1466560 689
1466570 691
1466580 691
1466590 691
1466600 691
1466610 691
1466620 691
1466630 691
1466640 691
1466650 691
1466660 691
1466670 691
1466680 691
1466690 691
1466700 691
1466710 691
1466720 691
1466730 690
1466740 690
1466750 689
1466760 689
1466770 689
1466780 688
1466790 688
1466800 688
1466810 687
1466820 686
1466830 686
1466840 684
1466850 683
1466860 683
1466870 682
1466880 680
1466890 680
1466900 679
1466910 678
1466920 678
1466930 674
1466940 670
1466950 670
1466960 672
1466970 673
1466980 673
1466990 672
1467000 671
1467010 671
1467020 670
1467030 667
1467040 667
1467050 662
1467060 656
1467070 656
1467080 656
1467090 662
1467100 662
1467110 663
1467120 663
1467130 663
1467140 664
1467150 665
1467160 665
1467170 665
1467180 663
1467190 663
1467200 665
1467210 663
1467220 663
1467230 662
1467240 661
1467250 661
1467260 661
1467270 659
1467280 659
1467290 658
1467300 658
1467310 658
1467320 658
1467330 658
1467340 658
1467350 658
1467360 659
1467370 659
1467380 659
1467390 660
1467400 660
1467410 660
1467420 660
1467430 661
1467440 661
1467450 658
1467460 657
1467470 657
1467480 657
1467490 656
1467500 656
1467510 655
1467520 654
1467530 654
1467540 652
1467550 650
1467560 650
1467570 651
1467580 651
1467590 651
1467600 650
1467610 649
1467620 649
1467630 647
1467640 646
1467650 646
1467660 645
1467670 644
1467680 644
1467690 644
1467700 646
1467710 646
1467720 646
1467730 646
1467740 646
1467750 646
1467760 645
1467770 645
1467780 644
1467790 643
1467800 643
1467810 642
1467820 639
1467830 639
1467840 636
1467850 636
1467860 636
1467870 634
1467880 634
1467890 634
1467900 637
1467910 640
1467920 641
1467930 641
1467940 642
1467950 643
1467960 643
1467970 643
1467980 644
1467990 644
1468000 646
1468010 646
1468020 646
1468030 646
1468040 646
1468050 646
1468060 647
1468070 648
1468080 648
1468090 648
1468100 648
1468110 648
1468120 648
1468130 647
1468140 647
1468150 648
1468160 649
1468170 649
1468180 649
1468190 651
1468200 651
1468210 651
1468220 651
1468230 651
1468240 651
1468250 651
1468260 651
1468270 651
1468280 652
1468290 652
1468300 652
1468310 653
1468320 653
1468330 655
1468340 656
1468350 656
1468360 656
1468370 656
1468380 656
1468390 656
1468400 656
1468410 656
1468420 657
1468430 658
1468440 658
1468450 659
1468460 659
1468470 659
1468480 660
1468490 662
1468500 665
1468510 665
1468520 669
1468530 672
1468540 672
1468550 673
1468560 676
1468570 676
1468580 677
1468590 679
1468600 679
1468610 681
1468620 684
1468630 684
1468640 687
1468650 688
1468660 688
1468670 686
1468680 684
1468690 684
1468700 685
1468710 686
1468720 686
1468730 687
1468740 689
1468750 689
1468760 691
1468770 694
1468780 694
1468790 698
1468800 703
1468810 703
1468820 707
1468830 710
1468840 710
1468850 712
1468860 714
1468870 714
1468880 713
1468890 711
1468900 711
1468910 708
1468920 706
1468930 706
1468940 706
1468950 704
1468960 704
1468970 703
1468980 702
1468990 702
1469000 702
1469010 700
1469020 700
1469030 694
1469040 690
1469050 690
1469060 690
1469070 693
1469080 695
1469090 695
1469100 692
1469110 687
1469120 687
1469130 682
1469140 676
1469150 676
1469160 673
1469170 671
1469180 671
1469190 668
1469200 663
1469210 663
1469220 659
1469230 656
1469240 656
1469250 652
1469260 648
1469270 648
1469280 645
1469290 643
1469300 643
1469310 644
1469320 645
1469330 645
1469340 643
1469350 640
1469360 640
1469370 636
1469380 632
1469390 632
1469400 627
1469410 622
1469420 622
1469430 618
1469440 613
1469450 613
1469460 611
1469470 610
1469480 610
1469490 610
1469500 611
1469510 611
1469520 610
1469530 610
1469540 610
1469550 609
1469560 608
1469570 608
1469580 607
1469590 607
1469600 607
1469610 607
1469620 607
1469630 607
1469640 608
1469650 609
1469660 612
1469670 612
1469680 615
1469690 617
1469700 617
1469710 618
1469720 622
1469730 622
1469740 627
1469750 632
1469760 632
1469770 636
1469780 639
1469790 639
1469800 642
1469810 644
1469820 644
1469830 649
1469840 652
1469850 652
1469860 655
1469870 659
1469880 659
1469890 663
1469900 668
1469910 668
1469920 671
1469930 672
1469940 672
1469950 671
1469960 671
1469970 671
1469980 673
1469990 675
1470000 675
1470010 675
1470020 674
1470030 674
1470040 674
1470050 674
1470060 674
1470070 674
1470080 673
1470090 673
1470100 672
1470110 671
1470120 671
1470130 671
1470140 671
1470150 671
1470160 671
1470170 670
1470180 670
1470190 669
1470200 668
1470210 668
1470220 668
1470230 667
1470240 667
1470250 666
1470260 664
1470270 661
1470280 661
1470290 659
1470300 657
1470310 657
1470320 657
1470330 657
1470340 657
1470350 657
1470360 657
1470370 657
1470380 657
1470390 657
1470400 657
1470410 658
1470420 660
1470430 660
1470440 661
1470450 662
1470460 662
1470470 663
1470480 664
1470490 664
1470500 665
1470510 666
1470520 666
1470530 666
1470540 666
1470550 666
1470560 666
1470570 666
1470580 666
1470590 666
1470600 667
1470610 667
1470620 667
1470630 666
1470640 666
1470650 666
1470660 665
1470670 665
1470680 665
1470690 665
1470700 665
1470710 664
1470720 664
1470730 664
1470740 664
1470750 663
1470760 663
1470770 662
1470780 661
1470790 661
1470800 660
1470810 659
1470820 659
1470830 658
1470840 658
1470850 657
1470860 657
1470870 656
1470880 656
1470890 656
1470900 655
1470910 655
1470920 655
1470930 654
1470940 652
1470950 652
1470960 651
1470970 649
1470980 649
1470990 649
1471000 648
1471010 648
1471020 651
1471030 652
1471040 652
1471050 653
1471060 653
1471070 653
1471080 654
1471090 654
1471100 654
1471110 654
1471120 653
1471130 653
1471140 653
1471150 653
1471160 653
1471170 653
1471180 652
1471190 652
1471200 651
1471210 650
1471220 650
1471230 646
1471240 645
1471250 645
1471260 649
1471270 649
1471280 649
1471290 649
1471300 649
1471310 649
1471320 649
1471330 649
1471340 649
1471350 650
1471360 650
1471370 650
1471380 651
1471390 651
1471400 651
1471410 651
1471420 652
1471430 652
1471440 652
1471450 652
1471460 652
1471470 652
1471480 653
1471490 653
1471500 653
1471510 653
1471520 653
1471530 653
1471540 652
1471550 652
1471560 652
1471570 652
1471580 652
1471590 652
1471600 652
1471610 652
1471620 652
1471630 652
1471640 652
1471650 652
1471660 651
1471670 650
1471680 650
1471690 650
1471700 650
1471710 650
1471720 650
1471730 649
1471740 649
1471750 649
1471760 648
1471770 648
1471780 648
1471790 648
1471800 648
1471810 647
1471820 647
1471830 647
1471840 646
1471850 645
1471860 645
1471870 645
1471880 645
1471890 645
1471900 645
1471910 645
1471920 645
1471930 644
1471940 642
1471950 642
1471960 642
1471970 643
1471980 643
1471990 640
1472000 644
1472010 644
1472020 644
1472030 643
1472040 644
1472050 644
1472060 645
1472070 645
1472080 645
1472090 646
1472100 646
1472110 646
1472120 646
1472130 647
1472140 647
1472150 647
1472160 647
1472170 647
1472180 648
1472190 649
1472200 649
1472210 649
1472220 649
1472230 649
1472240 649
1472250 650
1472260 650
1472270 649
1472280 649
1472290 649
1472300 648
1472310 649
1472320 649
1472330 649
1472340 648
1472350 648
1472360 647
1472370 646
1472380 646
1472390 647
1472400 646
1472410 646
1472420 644
1472430 643
1472440 643
1472450 644
1472460 646
1472470 646
1472480 646
1472490 646
1472500 646
1472510 646
1472520 646
1472530 646
1472540 646
1472550 645
1472560 645
1472570 645
1472580 644
1472590 644
1472600 644
1472610 644
1472620 644
1472630 644
1472640 644
1472650 644
1472660 644
1472670 645
1472680 645
1472690 645
1472700 644
1472710 644
1472720 644
1472730 644
1472740 644
1472750 644
1472760 643
1472770 643
1472780 643
1472790 643
1472800 643
1472810 643
1472820 642
1472830 643
1472840 643
1472850 644
1472860 644
1472870 644
1472880 643
1472890 643
1472900 643
1472910 643
1472920 643
1472930 643
1472940 643
1472950 642
1472960 642
1472970 642
1472980 642
1472990 642
1473000 642
1473010 641
1473020 641
1473030 641
1473040 641
1473050 641
1473060 642
1473070 642
1473080 642
1473090 641
1473100 641
1473110 641
1473120 641
1473130 641
1473140 641
1473150 640
1473160 640
1473170 640
1473180 640
1473190 640
1473200 639
1473210 639
1473220 639
1473230 638
1473240 638
1473250 638
1473260 638
1473270 638
1473280 638
1473290 637
1473300 637
1473310 637
1473320 637
1473330 637
1473340 636
1473350 636
1473360 636
1473370 636
1473380 636
1473390 636
1473400 636
1473410 636
1473420 636
1473430 636
1473440 636
1473450 636
1473460 636
1473470 636
1473480 636
1473490 634
1473500 634
1473510 634
1473520 634
1473530 634
1473540 634
1473550 633
1473560 633
1473570 633
1473580 633
1473590 632
1473600 632
1473610 630
1473620 632
1473630 632
1473640 632
1473650 631
1473660 631
1473670 629
1473680 631
1473690 631
1473700 629
1473710 631
1473720 631
1473730 631
1473740 632
1473750 632
1473760 632
1473770 631
1473780 631
1473790 631
1473800 630
1473810 631
1473820 631
1473830 631
1473840 631
1473850 631
1473860 631
1473870 631
1473880 631
1473890 631
1473900 631
1473910 631
1473920 630
1473930 630
1473940 630
1473950 630
1473960 630
1473970 630
1473980 631
1473990 631
1474000 631
1474010 630
1474020 631
1474030 631
1474040 631
1474050 631
1474060 631
1474070 631
1474080 631
1474090 631
1474100 631
1474110 631
1474120 631
1474130 631
1474140 631
1474150 631
1474160 631
1474170 631
1474180 631
1474190 632
1474200 632
1474210 632
1474220 632
1474230 632
1474240 632
1474250 631
1474260 632
1474270 632
1474280 632
1474290 631
1474300 631
1474310 630
1474320 630
1474330 630
1474340 632
1474350 633
1474360 633
1474370 633
1474380 634
1474390 633
1474400 633
1474410 633
1474420 633
1474430 633
1474440 633
1474450 633
1474460 633
1474470 632
1474480 632
1474490 632
1474500 632
1474510 631
1474520 631
1474530 631
1474540 631
1474550 631
1474560 630
1474570 631
1474580 631
1474590 628
1474600 629
1474610 629
1474620 632
1474630 631
1474640 631
1474650 631
1474660 629
1474670 629
1474680 631
1474690 629
1474700 629
1474710 630
1474720 631
1474730 631
1474740 630
1474750 630
1474760 630
1474770 629
1474780 629
1474790 629
1474800 628
1474810 624
1474820 624
1474830 627
1474840 628
1474850 628
1474860 627
1474870 627
1474880 627
1474890 626
1474900 625
1474910 625
1474920 628
1474930 629
1474940 629
1474950 628
1474960 628
1474970 627
1474980 627
1474990 627
1475000 627
1475010 627
1475020 626
1475030 623
1475040 623
1475050 623
1475060 625
1475070 625
1475080 625
1475090 625
1475100 625
1475110 624
1475120 625
1475130 625
1475140 625
1475150 623
1475160 623
1475170 625
1475180 625
1475190 625
1475200 624
1475210 623
1475220 623
1475230 622
1475240 623
1475250 623
1475260 623
1475270 622
1475280 622
1475290 621
1475300 621
1475310 621
1475320 621
1475330 621
1475340 621
1475350 621
1475360 621
1475370 621
1475380 620
1475390 619
1475400 619
1475410 619
1475420 618
1475430 618
1475440 618
1475450 618
1475460 618
1475470 618
1475480 617
1475490 617
1475500 617
1475510 617
1475520 617
1475530 617
1475540 617
1475550 617
1475560 617
1475570 617
1475580 617
1475590 617
1475600 617
1475610 617
1475620 617
1475630 616
1475640 617
1475650 617
1475660 617
1475670 616
1475680 616
1475690 616
1475700 615
1475710 615
1475720 615
1475730 615
1475740 615
1475750 615
1475760 615
1475770 615
1475780 615
1475790 615
1475800 615
1475810 615
1475820 615
1475830 615
1475840 615
1475850 614
1475860 614
1475870 614
1475880 615
1475890 615
1475900 614
1475910 614
1475920 614
1475930 614
1475940 613
1475950 613
1475960 613
1475970 612
1475980 612
1475990 612
1476000 612
1476010 612
1476020 611
1476030 611
1476040 611
1476050 611
1476060 611
1476070 611
1476080 611
1476090 612
1476100 612
1476110 613
1476120 614
1476130 614
1476140 614
1476150 615
1476160 615
1476170 615
1476180 615
1476190 615
1476200 615
1476210 616
1476220 616
1476230 616
1476240 616
1476250 615
1476260 615
1476270 614
1476280 614
1476290 614
1476300 615
1476310 615
1476320 615
1476330 616
1476340 616
1476350 616
1476360 616
1476370 616
1476380 616
1476390 616
1476400 616
1476410 616
1476420 616
1476430 616
1476440 616
1476450 615
1476460 615
1476470 615
1476480 615
1476490 614
1476500 614
1476510 613
1476520 613
1476530 613
1476540 612
1476550 612
1476560 612
1476570 612
1476580 613
1476590 613
1476600 613
1476610 613
1476620 613
1476630 614
1476640 614
1476650 614
1476660 614
1476670 615
1476680 615
1476690 615
1476700 615
1476710 615
1476720 615
1476730 614
1476740 614
1476750 614
1476760 614
1476770 613
1476780 613
1476790 612
1476800 611
1476810 611
1476820 611
1476830 611
1476840 611
1476850 611
1476860 611
1476870 611
1476880 611
1476890 611
1476900 611
1476910 610
1476920 610
1476930 610
1476940 610
1476950 609
1476960 609
1476970 609
1476980 610
1476990 610
1477000 610
1477010 610
1477020 610
1477030 610
1477040 610
1477050 610
1477060 609
1477070 608
1477080 608
1477090 608
1477100 608
1477110 608
1477120 608
1477130 607
1477140 607
1477150 607
1477160 608
1477170 608
1477180 608
1477190 608
1477200 608
1477210 608
1477220 608
1477230 608
1477240 607
1477250 606
1477260 606
1477270 607
1477280 607
1477290 607
1477300 607
1477310 607
1477320 608
1477330 608
1477340 608
1477350 608
1477360 608
1477370 608
1477380 608
1477390 608
1477400 608
1477410 608
1477420 608
1477430 607
1477440 607
1477450 607
1477460 607
1477470 607
1477480 607
1477490 607
1477500 606
1477510 606
1477520 606
1477530 605
1477540 605
1477550 605
1477560 605
1477570 605
1477580 604
1477590 604
1477600 604
1477610 603
1477620 603
1477630 603
1477640 602
1477650 602
1477660 602
1477670 601
1477680 600
1477690 600
1477700 600
1477710 600
1477720 600
1477730 600
1477740 600
1477750 600
1477760 601
1477770 601
1477780 601
1477790 601
1477800 601
1477810 601
1477820 601
1477830 602
1477840 602
1477850 601
1477860 601
1477870 601
1477880 600
1477890 601
1477900 601
1477910 601
1477920 602
1477930 602
1477940 602
1477950 602
1477960 602
1477970 602
1477980 602
1477990 601
1478000 601
1478010 601
1478020 600
1478030 600
1478040 601
1478050 601
1478060 601
1478070 601
1478080 601
1478090 601
1478100 600
1478110 600
1478120 600
1478130 600
1478140 600
1478150 600
1478160 600
1478170 600
1478180 600
1478190 601
1478200 601
1478210 601
1478220 601
1478230 601
1478240 601
1478250 601
1478260 601
1478270 601
1478280 601
1478290 600
1478300 600
1478310 600
1478320 600
1478330 600
1478340 599
1478350 599
1478360 599
1478370 599
1478380 599
1478390 599
1478400 598
1478410 598
1478420 598
1478430 599
1478440 599
1478450 599
1478460 598
1478470 598
1478480 598
1478490 598
1478500 598
1478510 598
1478520 598
1478530 598
1478540 599
1478550 599
1478560 599
1478570 599
1478580 599
1478590 599
1478600 599
1478610 599
1478620 599
1478630 598
1478640 598
1478650 598
1478660 598
1478670 598
1478680 599
1478690 599
1478700 599
1478710 599
1478720 599
1478730 599
1478740 598
1478750 598
1478760 598
1478770 598
1478780 597
1478790 597
1478800 597
1478810 597
1478820 597
1478830 596
1478840 596
1478850 596
1478860 597
1478870 596
1478880 596
1478890 596
1478900 596
1478910 596
1478920 596
1478930 595
1478940 595
1478950 594
1478960 593
1478970 593
1478980 592
1478990 591
1479000 591
1479010 590
1479020 589
1479030 589
1479040 587
1479050 589
1479060 594
1479070 594
1479080 596
1479090 597
1479100 597
1479110 597
1479120 597
1479130 597
1479140 598
1479150 597
1479160 597
1479170 595
1479180 593
1479190 593
1479200 591
1479210 589
1479220 589
1479230 587
1479240 585
1479250 585
1479260 584
1479270 586
1479280 586
1479290 589
1479300 592
1479310 592
1479320 592
1479330 589
1479340 589
1479350 584
1479360 582
1479370 582
1479380 584
1479390 585
1479400 585
1479410 587
1479420 590
1479430 590
1479440 593
1479450 594
1479460 594
1479470 595
1479480 595
1479490 595
1479500 595
1479510 593
1479520 593
1479530 592
1479540 593
1479550 593
1479560 594
1479570 592
1479580 592
1479590 587
1479600 583
1479610 583
1479620 581
1479630 580
1479640 580
1479650 577
1479660 576
1479670 579
1479680 579
1479690 583
1479700 585
1479710 585
1479720 586
1479730 587
1479740 587
1479750 587
1479760 586
1479770 586
1479780 584
1479790 582
1479800 582
1479810 581
1479820 582
1479830 582
1479840 581
1479850 579
1479860 579
1479870 576
1479880 577
1479890 577
1479900 578
1479910 578
1479920 578
1479930 579
1479940 580
1479950 580
1479960 580
1479970 578
1479980 578
1479990 577
