1460000 826
1460010 830
1460020 832
1460030 832
1460040 835
1460050 837
1460060 837
1460070 840
1460080 845
1460090 845
1460100 851
1460110 854
1460120 854
1460130 857
1460140 859
1460150 859
1460160 861
1460170 862
1460180 862
1460190 864
1460200 866
1460210 866
1460220 867
1460230 867
1460240 867
1460250 867
1460260 865
1460270 865
1460280 864
1460290 864
1460300 864
1460310 864
1460320 864
1460330 864
1460340 865
1460350 866
1460360 866
1460370 866
1460380 867
1460390 867
1460400 867
1460410 867
1460420 867
1460430 867
1460440 866
1460450 866
1460460 865
1460470 865
1460480 865
1460490 864
1460500 863
1460510 863
1460520 862
1460530 861
1460540 861
1460550 859
1460560 857
1460570 855
1460580 855
1460590 853
1460600 851
1460610 851
1460620 849
1460630 846
1460640 846
1460650 843
1460660 840
1460670 840
1460680 839
1460690 837
1460700 837
1460710 836
1460720 834
1460730 834
1460740 831
1460750 829
1460760 829
1460770 826
1460780 825
1460790 825
1460800 825
1460810 825
1460820 825
1460830 824
1460840 824
1460850 824
1460860 824
1460870 824
1460880 824
1460890 823
1460900 823
1460910 823
1460920 823
1460930 823
1460940 823
1460950 823
1460960 822
1460970 822
1460980 822
1460990 822
1461000 822
1461010 823
1461020 822
1461030 822
1461040 822
1461050 822
1461060 822
1461070 823
1461080 823
1461090 823
1461100 823
1461110 823
1461120 823
1461130 822
1461140 822
1461150 822
1461160 822
1461170 823
1461180 825
1461190 825
1461200 826
1461210 826
1461220 826
1461230 826
1461240 826
1461250 826
1461260 826
1461270 826
1461280 826
1461290 825
1461300 825
1461310 825
1461320 825
1461330 826
1461340 826
1461350 827
1461360 828
1461370 828
1461380 830
1461390 831
1461400 831
1461410 830
1461420 830
1461430 830
1461440 829
1461450 828
1461460 828
1461470 828
1461480 827
1461490 827
1461500 825
1461510 824
1461520 824
1461530 823
1461540 823
1461550 823
1461560 823
1461570 822
1461580 822
1461590 821
1461600 820
1461610 820
1461620 819
1461630 818
1461640 818
1461650 817
1461660 815
1461670 815
1461680 813
1461690 811
1461700 811
1461710 809
1461720 807
1461730 807
1461740 805
1461750 803
1461760 801
1461770 801
1461780 799
1461790 797
1461800 797
1461810 795
1461820 793
1461830 793
1461840 791
1461850 789
1461860 789
1461870 788
1461880 787
1461890 787
1461900 786
1461910 786
1461920 786
1461930 785
1461940 785
1461950 785
1461960 784
1461970 783
1461980 783
1461990 783
1462000 782
1462010 782
1462020 782
1462030 781
1462040 781
1462050 781
1462060 780
1462070 780
1462080 780
1462090 779
1462100 779
1462110 778
1462120 777
1462130 777
1462140 776
1462150 775
1462160 775
1462170 774
1462180 774
1462190 774
1462200 773
1462210 772
1462220 772
1462230 772
1462240 772
1462250 772
1462260 771
1462270 771
1462280 771
1462290 771
1462300 770
1462310 770
1462320 769
1462330 768
1462340 768
1462350 769
1462360 769
1462370 770
1462380 770
1462390 771
1462400 771
1462410 771
1462420 772
1462430 772
1462440 772
1462450 772
1462460 772
1462470 772
1462480 772
1462490 772
1462500 772
1462510 771
1462520 771
1462530 771
1462540 770
1462550 769
1462560 769
1462570 768
1462580 767
1462590 767
1462600 766
1462610 766
1462620 766
1462630 766
1462640 766
1462650 766
1462660 766
1462670 765
1462680 765
1462690 762
1462700 760
1462710 760
1462720 758
1462730 757
1462740 757
1462750 756
1462760 756
1462770 756
1462780 755
1462790 754
1462800 754
1462810 752
1462820 752
1462830 752
1462840 754
1462850 755
1462860 755
1462870 756
1462880 756
1462890 756
1462900 756
1462910 756
1462920 756
1462930 756
1462940 756
1462950 755
1462960 755
1462970 755
1462980 755
1462990 755
1463000 753
1463010 753
1463020 753
1463030 754
1463040 754
1463050 754
1463060 754
1463070 754
1463080 754
1463090 753
1463100 753
1463110 753
1463120 753
1463130 752
1463140 752
1463150 752
1463160 752
1463170 752
1463180 751
1463190 751
1463200 751
1463210 751
1463220 751
1463230 751
1463240 751
1463250 751
1463260 751
1463270 751
1463280 751
1463290 751
1463300 751
1463310 751
1463320 751
1463330 750
1463340 750
1463350 750
1463360 750
1463370 750
1463380 750
1463390 750
1463400 750
1463410 750
1463420 750
1463430 750
1463440 750
1463450 750
1463460 750
1463470 750
1463480 750
1463490 750
1463500 750
1463510 750
1463520 750
1463530 750
1463540 750
1463550 751
1463560 751
1463570 751
1463580 752
1463590 753
1463600 753
1463610 753
1463620 754
1463630 754
1463640 756
1463650 757
1463660 757
1463670 758
1463680 760
1463690 760
1463700 761
1463710 762
1463720 762
1463730 764
1463740 764
1463750 764
1463760 765
1463770 765
1463780 765
1463790 766
1463800 767
1463810 767
1463820 767
1463830 767
1463840 767
1463850 768
1463860 768
1463870 768
1463880 768
1463890 767
1463900 767
1463910 765
1463920 764
1463930 764
1463940 763
1463950 762
1463960 762
1463970 761
1463980 760
1463990 760
1464000 759
1464010 758
1464020 758
1464030 757
1464040 755
1464050 755
1464060 754
1464070 753
1464080 753
1464090 753
1464100 752
1464110 752
1464120 751
1464130 750
1464140 749
1464150 749
1464160 748
1464170 747
1464180 747
1464190 747
1464200 745
1464210 745
1464220 743
1464230 741
1464240 741
1464250 739
1464260 738
1464270 738
1464280 737
1464290 736
1464300 736
1464310 735
1464320 735
1464330 735
1464340 735
1464350 735
1464360 735
1464370 733
1464380 732
1464390 732
1464400 730
1464410 729
1464420 729
1464430 729
1464440 729
1464450 729
1464460 728
1464470 728
1464480 728
1464490 728
1464500 728
1464510 728
1464520 728
1464530 728
1464540 728
1464550 727
1464560 727
1464570 727
1464580 726
1464590 725
1464600 725
1464610 724
1464620 721
1464630 721
1464640 720
1464650 721
1464660 721
1464670 721
1464680 721
1464690 721
1464700 721
1464710 720
1464720 720
1464730 719
1464740 718
1464750 718
1464760 718
1464770 718
1464780 717
1464790 717
1464800 717
1464810 717
1464820 717
1464830 716
1464840 716
1464850 716
1464860 715
1464870 714
1464880 714
1464890 714
1464900 713
1464910 713
1464920 712
1464930 712
1464940 712
1464950 711
1464960 711
1464970 711
1464980 711
1464990 710
1465000 710
1465010 710
1465020 709
1465030 709
1465040 708
1465050 706
1465060 706
1465070 704
1465080 703
1465090 703
1465100 702
1465110 701
1465120 701
1465130 701
1465140 701
1465150 701
1465160 700
1465170 699
1465180 699
1465190 698
1465200 698
1465210 698
1465220 697
1465230 697
1465240 697
1465250 695
1465260 692
1465270 692
1465280 688
1465290 683
1465300 683
1465310 680
1465320 678
1465330 675
1465340 675
1465350 672
1465360 670
1465370 670
1465380 669
1465390 667
1465400 667
1465410 665
1465420 663
1465430 663
1465440 660
1465450 654
1465460 654
1465470 652
1465480 652
1465490 652
1465500 649
1465510 647
1465520 647
1465530 646
1465540 647
1465550 647
1465560 646
1465570 643
1465580 643
1465590 640
1465600 638
1465610 638
1465620 637
1465630 636
1465640 636
1465650 635
1465660 635
1465670 635
1465680 633
1465690 632
1465700 632
1465710 631
1465720 630
1465730 630
1465740 629
1465750 628
1465760 628
1465770 628
1465780 627
1465790 627
1465800 626
1465810 626
1465820 626
1465830 625
1465840 624
1465850 624
1465860 623
1465870 622
1465880 622
1465890 621
1465900 621
1465910 621
1465920 621
1465930 621
1465940 621
1465950 621
1465960 621
1465970 621
1465980 621
1465990 621
1466000 621
1466010 621
1466020 621
1466030 621
1466040 621
1466050 621
1466060 621
1466070 621
1466080 621
1466090 621
1466100 621
1466110 621
1466120 621
1466130 621
1466140 621
1466150 621
1466160 621
1466170 621
1466180 621
1466190 621
1466200 622
1466210 622
1466220 622
1466230 622
1466240 622
1466250 622
1466260 622
1466270 621
1466280 621
1466290 621
1466300 622
1466310 622
1466320 622
1466330 622
1466340 622
1466350 623
1466360 626
1466370 626
1466380 629
1466390 631
1466400 631
1466410 633
1466420 635
1466430 635
1466440 637
1466450 639
1466460 639
1466470 640
1466480 642
1466490 642
1466500 644
1466510 646
1466520 649
1466530 649
1466540 653
1466550 656
1466560 656
1466570 658
1466580 661
1466590 661
1466600 662
1466610 659
1466620 659
1466630 663
1466640 668
1466650 668
1466660 670
1466670 671
1466680 671
1466690 672
1466700 673
1466710 673
1466720 674
1466730 675
1466740 675
1466750 675
1466760 676
1466770 676
1466780 676
1466790 676
1466800 676
1466810 676
1466820 676
1466830 676
1466840 676
1466850 677
1466860 677
1466870 677
1466880 677
1466890 677
1466900 677
1466910 677
1466920 677
1466930 678
1466940 678
1466950 678
1466960 678
1466970 679
1466980 679
1466990 679
1467000 679
1467010 679
1467020 679
1467030 679
1467040 679
1467050 680
1467060 680
1467070 680
1467080 680
1467090 681
1467100 681
1467110 681
1467120 681
1467130 681
1467140 681
1467150 681
1467160 681
1467170 681
1467180 682
1467190 682
1467200 682
1467210 682
1467220 682
1467230 682
1467240 682
1467250 683
1467260 683
1467270 683
1467280 683
1467290 683
1467300 682
1467310 682
1467320 682
1467330 682
1467340 682
1467350 682
1467360 682
1467370 682
1467380 682
1467390 682
1467400 682
1467410 682
1467420 682
1467430 683
1467440 683
1467450 683
1467460 683
1467470 683
1467480 684
1467490 684
1467500 684
1467510 683
1467520 681
1467530 681
1467540 682
1467550 681
1467560 681
1467570 676
1467580 670
1467590 670
1467600 665
1467610 660
1467620 660
1467630 657
1467640 654
1467650 654
1467660 652
1467670 649
1467680 649
1467690 647
1467700 645
1467710 643
1467720 643
1467730 639
1467740 636
1467750 636
1467760 633
1467770 632
1467780 632
1467790 630
1467800 626
1467810 626
1467820 624
1467830 622
1467840 622
1467850 620
1467860 618
1467870 618
1467880 617
1467890 616
1467900 616
1467910 615
1467920 614
1467930 614
1467940 613
1467950 613
1467960 613
1467970 612
1467980 611
1467990 611
1468000 610
1468010 610
1468020 610
1468030 609
1468040 608
1468050 608
1468060 608
1468070 607
1468080 607
1468090 607
1468100 607
1468110 607
1468120 607
1468130 607
1468140 607
1468150 607
1468160 606
1468170 606
1468180 605
1468190 605
1468200 605
1468210 605
1468220 605
1468230 605
1468240 605
1468250 605
1468260 605
1468270 606
1468280 606
1468290 606
1468300 606
1468310 607
1468320 607
1468330 607
1468340 608
1468350 609
1468360 609
1468370 611
1468380 613
1468390 613
1468400 614
1468410 615
1468420 615
1468430 617
1468440 619
1468450 619
1468460 620
1468470 622
1468480 622
1468490 624
1468500 626
1468510 626
1468520 627
1468530 629
1468540 629
1468550 631
1468560 633
1468570 633
1468580 635
1468590 637
1468600 637
1468610 639
1468620 641
1468630 641
1468640 643
1468650 645
1468660 645
1468670 646
1468680 648
1468690 648
1468700 650
1468710 653
1468720 653
1468730 656
1468740 659
1468750 659
1468760 662
1468770 664
1468780 664
1468790 666
1468800 670
1468810 670
1468820 675
1468830 676
1468840 676
1468850 682
1468860 689
1468870 689
1468880 693
1468890 696
1468900 696
1468910 696
1468920 699
1468930 702
1468940 702
1468950 705
1468960 710
1468970 710
1468980 711
1468990 711
1469000 711
1469010 709
1469020 703
1469030 703
1469040 697
1469050 692
1469060 692
1469070 687
1469080 683
1469090 683
1469100 680
1469110 676
1469120 676
1469130 673
1469140 670
1469150 670
1469160 668
1469170 665
1469180 665
1469190 661
1469200 657
1469210 657
1469220 653
1469230 651
1469240 651
1469250 649
1469260 647
1469270 647
1469280 646
1469290 644
1469300 644
1469310 643
1469320 642
1469330 642
1469340 642
1469350 640
1469360 640
1469370 636
1469380 631
1469390 631
1469400 627
1469410 624
1469420 624
1469430 621
1469440 618
1469450 618
1469460 616
1469470 613
1469480 611
1469490 611
1469500 609
1469510 606
1469520 606
1469530 604
1469540 602
1469550 602
1469560 600
1469570 595
1469580 595
1469590 595
1469600 595
1469610 595
1469620 595
1469630 594
1469640 594
1469650 594
1469660 595
1469670 595
1469680 595
1469690 594
1469700 594
1469710 594
1469720 594
1469730 594
1469740 594
1469750 594
1469760 594
1469770 596
1469780 599
1469790 599
1469800 600
1469810 600
1469820 600
1469830 601
1469840 602
1469850 602
1469860 603
1469870 604
1469880 604
1469890 605
1469900 606
1469910 606
1469920 606
1469930 606
1469940 606
1469950 607
1469960 610
1469970 610
1469980 613
1469990 616
1470000 616
1470010 619
1470020 622
1470030 622
1470040 625
1470050 628
1470060 628
1470070 629
1470080 629
1470090 627
1470100 627
1470110 625
1470120 627
1470130 627
1470140 631
1470150 636
1470160 636
1470170 641
1470180 646
1470190 646
1470200 652
1470210 657
1470220 657
1470230 662
1470240 666
1470250 666
1470260 667
1470270 666
1470280 666
1470290 666
1470300 666
1470310 666
1470320 666
1470330 666
1470340 666
1470350 666
1470360 664
1470370 664
1470380 660
1470390 657
1470400 657
1470410 654
1470420 651
1470430 651
1470440 648
1470450 645
1470460 645
1470470 641
1470480 638
1470490 638
1470500 634
1470510 630
1470520 630
1470530 627
1470540 624
1470550 624
1470560 622
1470570 620
1470580 620
1470590 618
1470600 616
1470610 616
1470620 615
1470630 613
1470640 613
1470650 611
1470660 609
1470670 609
1470680 609
1470690 608
1470700 608
1470710 608
1470720 608
1470730 608
1470740 608
1470750 608
1470760 607
1470770 607
1470780 607
1470790 607
1470800 607
1470810 607
1470820 607
1470830 607
1470840 606
1470850 606
1470860 606
1470870 606
1470880 605
1470890 605
1470900 605
1470910 605
1470920 605
1470930 605
1470940 604
1470950 604
1470960 604
1470970 603
1470980 603
1470990 602
1471000 602
1471010 602
1471020 601
1471030 601
1471040 601
1471050 601
1471060 600
1471070 600
1471080 600
1471090 599
1471100 599
1471110 599
1471120 598
1471130 598
1471140 597
1471150 596
1471160 596
1471170 596
1471180 595
1471190 595
1471200 594
1471210 593
1471220 593
1471230 592
1471240 592
1471250 592
1471260 591
1471270 591
1471280 590
1471290 590
1471300 589
1471310 589
1471320 589
1471330 588
1471340 588
1471350 588
1471360 587
1471370 587
1471380 587
1471390 586
1471400 586
1471410 586
1471420 585
1471430 585
1471440 585
1471450 586
1471460 586
1471470 586
1471480 587
1471490 587
1471500 587
1471510 587
1471520 587
1471530 587
1471540 587
1471550 587
1471560 587
1471570 587
1471580 587
1471590 587
1471600 586
1471610 586
1471620 586
1471630 586
1471640 586
1471650 586
1471660 585
1471670 586
1471680 586
1471690 586
1471700 586
1471710 586
1471720 585
1471730 585
1471740 585
1471750 585
1471760 585
1471770 585
1471780 585
1471790 585
1471800 585
1471810 585
1471820 584
1471830 584
1471840 583
1471850 582
1471860 582
1471870 582
1471880 582
1471890 582
1471900 582
1471910 581
1471920 581
1471930 581
1471940 581
1471950 580
1471960 580
1471970 580
1471980 579
1471990 579
1472000 579
1472010 579
1472020 579
1472030 578
1472040 578
1472050 578
1472060 577
1472070 577
1472080 577
1472090 578
1472100 578
1472110 578
1472120 579
1472130 579
1472140 579
1472150 579
1472160 579
1472170 579
1472180 578
1472190 578
1472200 578
1472210 578
1472220 577
1472230 577
1472240 577
1472250 576
1472260 576
1472270 576
1472280 576
1472290 576
1472300 575
1472310 575
1472320 575
1472330 575
1472340 575
1472350 575
1472360 575
1472370 574
1472380 574
1472390 574
1472400 574
1472410 574
1472420 574
1472430 575
1472440 575
1472450 575
1472460 575
1472470 575
1472480 575
1472490 574
1472500 574
1472510 574
1472520 573
1472530 572
1472540 572
1472550 572
1472560 572
1472570 572
1472580 571
1472590 571
1472600 571
1472610 570
1472620 570
1472630 570
1472640 569
1472650 569
1472660 569
1472670 569
1472680 569
1472690 569
1472700 569
1472710 569
1472720 569
1472730 569
1472740 569
1472750 569
1472760 569
1472770 569
1472780 569
1472790 570
1472800 569
1472810 569
1472820 569
1472830 569
1472840 569
1472850 569
1472860 569
1472870 569
1472880 569
1472890 569
1472900 569
1472910 569
1472920 569
1472930 569
1472940 569
1472950 568
1472960 568
1472970 567
1472980 567
1472990 568
1473000 568
1473010 568
1473020 568
1473030 568
1473040 568
1473050 568
1473060 568
1473070 568
1473080 567
1473090 567
1473100 567
1473110 567
1473120 567
1473130 567
1473140 566
1473150 566
1473160 566
1473170 565
1473180 565
1473190 565
1473200 564
1473210 564
1473220 564
1473230 564
1473240 564
1473250 563
1473260 563
1473270 563
1473280 562
1473290 564
1473300 564
1473310 565
1473320 562
1473330 562
1473340 562
1473350 562
1473360 562
1473370 562
1473380 562
1473390 562
1473400 564
1473410 566
1473420 566
1473430 566
1473440 565
1473450 565
1473460 564
1473470 564
1473480 564
1473490 563
1473500 562
1473510 562
1473520 562
1473530 562
1473540 562
1473550 562
1473560 561
1473570 561
1473580 561
1473590 560
1473600 560
1473610 560
1473620 559
1473630 559
1473640 559
1473650 558
1473660 558
1473670 558
1473680 557
1473690 557
1473700 557
1473710 557
1473720 556
1473730 556
1473740 556
1473750 556
1473760 556
1473770 556
1473780 556
1473790 556
1473800 556
1473810 556
1473820 556
1473830 555
1473840 555
1473850 555
1473860 555
1473870 555
1473880 555
1473890 555
1473900 555
1473910 555
1473920 555
1473930 555
1473940 555
1473950 555
1473960 555
1473970 555
1473980 554
1473990 554
1474000 554
1474010 554
1474020 554
1474030 554
1474040 554
1474050 554
1474060 554
1474070 554
1474080 554
1474090 554
1474100 554
1474110 554
1474120 554
1474130 554
1474140 554
1474150 554
1474160 554
1474170 554
1474180 554
1474190 554
1474200 554
1474210 554
1474220 555
1474230 555
1474240 554
1474250 554
1474260 554
1474270 554
1474280 554
1474290 553
1474300 553
1474310 553
1474320 553
1474330 553
1474340 553
1474350 553
1474360 553
1474370 553
1474380 553
1474390 553
1474400 553
1474410 553
1474420 552
1474430 552
1474440 552
1474450 552
1474460 552
1474470 552
1474480 552
1474490 552
1474500 552
1474510 552
1474520 552
1474530 552
1474540 552
1474550 552
1474560 551
1474570 551
1474580 551
1474590 551
1474600 551
1474610 551
1474620 551
1474630 551
1474640 551
1474650 550
1474660 550
1474670 550
1474680 550
1474690 550
1474700 550
1474710 550
1474720 550
1474730 550
1474740 550
1474750 550
1474760 550
1474770 549
1474780 550
1474790 550
1474800 549
1474810 549
1474820 549
1474830 549
1474840 549
1474850 548
1474860 548
1474870 548
1474880 548
1474890 548
1474900 548
1474910 548
1474920 548
1474930 548
1474940 547
1474950 547
1474960 547
1474970 547
1474980 547
1474990 547
1475000 547
1475010 547
1475020 547
1475030 546
1475040 546
1475050 546
1475060 546
1475070 546
1475080 546
1475090 546
1475100 546
1475110 546
1475120 546
1475130 546
1475140 546
1475150 545
1475160 545
1475170 545
1475180 545
1475190 545
1475200 545
1475210 545
1475220 545
1475230 545
1475240 545
1475250 545
1475260 545
1475270 545
1475280 545
1475290 545
1475300 544
1475310 544
1475320 544
1475330 544
1475340 544
1475350 544
1475360 544
1475370 544
1475380 544
1475390 544
1475400 544
1475410 544
1475420 544
1475430 543
1475440 543
1475450 544
1475460 544
1475470 544
1475480 545
1475490 545
1475500 545
1475510 544
1475520 543
1475530 543
1475540 543
1475550 543
1475560 543
1475570 543
1475580 543
1475590 543
1475600 543
1475610 543
1475620 543
1475630 542
1475640 542
1475650 542
1475660 542
1475670 542
1475680 542
1475690 542
1475700 542
1475710 542
1475720 542
1475730 542
1475740 542
1475750 542
1475760 541
1475770 541
1475780 541
1475790 541
1475800 541
1475810 541
1475820 541
1475830 541
1475840 541
1475850 541
1475860 541
1475870 540
1475880 540
1475890 540
1475900 540
1475910 540
1475920 540
1475930 540
1475940 540
1475950 540
1475960 540
1475970 540
1475980 540
1475990 540
1476000 540
1476010 540
1476020 540
1476030 540
1476040 539
1476050 539
1476060 539
1476070 539
1476080 539
1476090 539
1476100 539
1476110 539
1476120 539
1476130 539
1476140 539
1476150 538
1476160 538
1476170 538
1476180 538
1476190 539
1476200 539
1476210 539
1476220 538
1476230 538
1476240 538
1476250 537
1476260 537
1476270 537
1476280 537
1476290 537
1476300 537
1476310 537
1476320 537
1476330 537
1476340 537
1476350 537
1476360 537
1476370 537
1476380 537
1476390 537
1476400 537
1476410 537
1476420 537
1476430 537
1476440 537
1476450 536
1476460 536
1476470 536
1476480 536
1476490 536
1476500 536
1476510 536
1476520 536
1476530 536
1476540 536
1476550 535
1476560 535
1476570 535
1476580 535
1476590 535
1476600 535
1476610 535
1476620 535
1476630 535
1476640 535
1476650 535
1476660 535
1476670 535
1476680 535
1476690 535
1476700 535
1476710 534
1476720 534
1476730 534
1476740 534
1476750 534
1476760 534
1476770 534
1476780 534
1476790 534
1476800 534
1476810 534
1476820 534
1476830 534
1476840 534
1476850 534
1476860 534
1476870 534
1476880 534
1476890 534
1476900 534
1476910 534
1476920 533
1476930 533
1476940 533
1476950 533
1476960 533
1476970 533
1476980 533
1476990 533
1477000 533
1477010 533
1477020 533
1477030 533
1477040 533
1477050 533
1477060 533
1477070 532
1477080 532
1477090 532
1477100 532
1477110 532
1477120 532
1477130 532
1477140 532
1477150 532
1477160 532
1477170 532
1477180 532
1477190 531
1477200 531
1477210 531
1477220 532
1477230 531
1477240 531
1477250 530
1477260 530
1477270 530
1477280 530
1477290 530
1477300 530
1477310 530
1477320 530
1477330 530
1477340 530
1477350 530
1477360 530
1477370 530
1477380 530
1477390 530
1477400 530
1477410 530
1477420 530
1477430 530
1477440 530
1477450 530
1477460 530
1477470 530
1477480 530
1477490 530
1477500 530
1477510 530
1477520 530
1477530 530
1477540 530
1477550 531
1477560 531
1477570 531
1477580 530
1477590 529
1477600 529
1477610 529
1477620 529
1477630 529
1477640 529
1477650 529
1477660 529
1477670 529
1477680 529
1477690 529
1477700 529
1477710 528
1477720 528
1477730 528
1477740 528
1477750 528
1477760 528
1477770 528
1477780 528
1477790 528
1477800 528
1477810 528
1477820 528
1477830 528
1477840 528
1477850 528
1477860 528
1477870 528
1477880 528
1477890 527
1477900 527
1477910 527
1477920 527
1477930 527
1477940 527
1477950 527
1477960 528
1477970 528
1477980 527
1477990 527
1478000 527
1478010 527
1478020 527
1478030 527
1478040 527
1478050 527
1478060 527
1478070 527
1478080 526
1478090 526
1478100 526
1478110 526
1478120 526
1478130 526
1478140 526
1478150 526
1478160 526
1478170 526
1478180 526
1478190 526
1478200 526
1478210 526
1478220 526
1478230 526
1478240 526
1478250 526
1478260 526
1478270 526
1478280 526
1478290 526
1478300 526
1478310 526
1478320 526
1478330 526
1478340 525
1478350 523
1478360 523
1478370 523
1478380 523
1478390 523
1478400 524
1478410 524
1478420 524
1478430 524
1478440 524
1478450 524
1478460 524
1478470 524
1478480 524
1478490 524
1478500 524
1478510 523
1478520 523
1478530 523
1478540 523
1478550 523
1478560 523
1478570 523
1478580 523
1478590 523
1478600 523
1478610 523
1478620 523
1478630 523
1478640 523
1478650 523
1478660 523
1478670 523
1478680 523
1478690 523
1478700 523
1478710 523
1478720 522
1478730 522
1478740 523
1478750 522
1478760 522
1478770 522
1478780 523
1478790 523
1478800 522
1478810 522
1478820 522
1478830 522
1478840 522
1478850 522
1478860 522
1478870 522
1478880 522
1478890 522
1478900 522
1478910 522
1478920 522
1478930 522
1478940 522
1478950 521
1478960 521
1478970 521
1478980 522
1478990 522
1479000 522
1479010 522
1479020 521
1479030 521
1479040 521
1479050 521
1479060 521
1479070 521
1479080 521
1479090 521
1479100 521
1479110 521
1479120 521
1479130 521
1479140 521
1479150 521
1479160 521
1479170 521
1479180 521
1479190 521
1479200 520
1479210 520
1479220 520
1479230 520
1479240 520
1479250 520
1479260 520
1479270 520
1479280 520
1479290 520
1479300 519
1479310 519
1479320 519
1479330 519
1479340 519
1479350 519
1479360 519
1479370 519
1479380 519
1479390 519
1479400 519
1479410 519
1479420 519
1479430 519
1479440 519
1479450 519
1479460 519
1479470 519
1479480 519
1479490 519
1479500 519
1479510 519
1479520 519
1479530 519
1479540 518
1479550 518
1479560 518
1479570 518
1479580 518
1479590 518
1479600 518
1479610 518
1479620 518
1479630 518
1479640 518
1479650 518
1479660 518
1479670 518
1479680 518
1479690 518
1479700 518
1479710 518
1479720 518
1479730 518
1479740 518
1479750 518
1479760 518
1479770 518
1479780 518
1479790 518
1479800 518
1479810 518
1479820 517
1479830 517
1479840 517
1479850 518
1479860 518
1479870 518
1479880 518
1479890 518
1479900 517
1479910 517
1479920 517
1479930 517
1479940 517
1479950 517
1479960 516
1479970 516
1479980 516
1479990 516
