1460000 834
1460010 834
1460020 836
1460030 836
1460040 838
1460050 841
1460060 841
1460070 845
1460080 848
1460090 848
1460100 851
1460110 856
1460120 856
1460130 863
1460140 866
1460150 866
1460160 867
1460170 867
1460180 867
1460190 866
1460200 866
1460210 866
1460220 866
1460230 866
1460240 866
1460250 865
1460260 866
1460270 866
1460280 866
1460290 867
1460300 867
1460310 867
1460320 868
1460330 868
1460340 869
1460350 869
1460360 869
1460370 869
1460380 869
1460390 869
1460400 869
1460410 869
1460420 869
1460430 868
1460440 867
1460450 867
1460460 867
1460470 866
1460480 866
1460490 865
1460500 863
1460510 863
1460520 861
1460530 859
1460540 859
1460550 856
1460560 854
1460570 854
1460580 851
1460590 848
1460600 846
1460610 845
1460620 843
1460630 841
1460640 841
1460650 839
1460660 837
1460670 837
1460680 835
1460690 832
1460700 832
1460710 830
1460720 829
1460730 829
1460740 828
1460750 827
1460760 827
1460770 827
1460780 827
1460790 827
1460800 827
1460810 827
1460820 827
1460830 827
1460840 827
1460850 827
1460860 827
1460870 828
1460880 828
1460890 828
1460900 828
1460910 828
1460920 828
1460930 828
1460940 828
1460950 828
1460960 828
1460970 828
1460980 828
1460990 827
1461000 827
1461010 825
1461020 823
1461030 823
1461040 823
1461050 823
1461060 823
1461070 823
1461080 823
1461090 823
1461100 823
1461110 823
1461120 823
1461130 822
1461140 822
1461150 822
1461160 823
1461170 824
1461180 824
1461190 825
1461200 826
1461210 827
1461220 827
1461230 827
1461240 827
1461250 827
1461260 827
1461270 826
1461280 826
1461290 826
1461300 825
1461310 825
1461320 824
1461330 822
1461340 822
1461350 821
1461360 820
1461370 820
1461380 819
1461390 819
1461400 819
1461410 818
1461420 818
1461430 818
1461440 818
1461450 817
1461460 817
1461470 816
1461480 814
1461490 814
1461500 811
1461510 808
1461520 808
1461530 806
1461540 803
1461550 803
1461560 802
1461570 800
1461580 800
1461590 798
1461600 797
1461610 797
1461620 796
1461630 795
1461640 795
1461650 794
1461660 793
1461670 793
1461680 792
1461690 791
1461700 791
1461710 790
1461720 789
1461730 789
1461740 788
1461750 786
1461760 786
1461770 785
1461780 784
1461790 784
1461800 784
1461810 784
1461820 783
1461830 783
1461840 783
1461850 783
1461860 783
1461870 782
1461880 782
1461890 782
1461900 781
1461910 781
1461920 781
1461930 781
1461940 781
1461950 781
1461960 779
1461970 778
1461980 778
1461990 778
1462000 777
1462010 777
1462020 777
1462030 776
1462040 776
1462050 776
1462060 775
1462070 775
1462080 774
1462090 773
1462100 773
1462110 772
1462120 772
1462130 772
1462140 772
1462150 771
1462160 771
1462170 770
1462180 769
1462190 769
1462200 768
1462210 767
1462220 767
1462230 767
1462240 766
1462250 766
1462260 765
1462270 765
1462280 765
1462290 765
1462300 765
1462310 765
1462320 764
1462330 764
1462340 764
1462350 764
1462360 763
1462370 763
1462380 763
1462390 763
1462400 763
1462410 763
1462420 763
1462430 763
1462440 763
1462450 762
1462460 762
1462470 762
1462480 762
1462490 762
1462500 762
1462510 762
1462520 763
1462530 763
1462540 763
1462550 763
1462560 763
1462570 762
1462580 762
1462590 762
1462600 762
1462610 761
1462620 761
1462630 760
1462640 759
1462650 759
1462660 758
1462670 757
1462680 757
1462690 756
1462700 755
1462710 755
1462720 754
1462730 753
1462740 753
1462750 752
1462760 751
1462770 751
1462780 751
1462790 750
1462800 750
1462810 749
1462820 748
1462830 748
1462840 747
1462850 747
1462860 747
1462870 746
1462880 746
1462890 746
1462900 746
1462910 746
1462920 746
1462930 746
1462940 746
1462950 746
1462960 747
1462970 748
1462980 748
1462990 748
1463000 748
1463010 748
1463020 748
1463030 748
1463040 749
1463050 749
1463060 749
1463070 748
1463080 748
1463090 748
1463100 748
1463110 748
1463120 748
1463130 747
1463140 747
1463150 747
1463160 747
1463170 747
1463180 748
1463190 748
1463200 748
1463210 748
1463220 749
1463230 749
1463240 749
1463250 749
1463260 749
1463270 750
1463280 750
1463290 750
1463300 750
1463310 750
1463320 750
1463330 750
1463340 750
1463350 750
1463360 750
1463370 750
1463380 750
1463390 750
1463400 749
1463410 749
1463420 749
1463430 748
1463440 748
1463450 747
1463460 746
1463470 746
1463480 746
1463490 746
1463500 746
1463510 746
1463520 745
1463530 745
1463540 744
1463550 744
1463560 744
1463570 745
1463580 745
1463590 745
1463600 745
1463610 745
1463620 745
1463630 745
1463640 745
1463650 746
1463660 746
1463670 746
1463680 747
1463690 747
1463700 747
1463710 748
1463720 748
1463730 748
1463740 748
1463750 748
1463760 749
1463770 749
1463780 749
1463790 749
1463800 749
1463810 749
1463820 749
1463830 749
1463840 749
1463850 749
1463860 748
1463870 748
1463880 747
1463890 746
1463900 746
1463910 744
1463920 743
1463930 743
1463940 742
1463950 741
1463960 741
1463970 740
1463980 739
1463990 739
1464000 738
1464010 737
1464020 737
1464030 736
1464040 735
1464050 735
1464060 734
1464070 733
1464080 733
1464090 732
1464100 731
1464110 731
1464120 730
1464130 730
1464140 730
1464150 729
1464160 729
1464170 729
1464180 729
1464190 728
1464200 727
1464210 727
1464220 726
1464230 726
1464240 726
1464250 725
1464260 725
1464270 725
1464280 724
1464290 724
1464300 724
1464310 724
1464320 723
1464330 723
1464340 723
1464350 723
1464360 723
1464370 722
1464380 722
1464390 722
1464400 722
1464410 722
1464420 722
1464430 721
1464440 721
1464450 721
1464460 721
1464470 721
1464480 721
1464490 721
1464500 721
1464510 721
1464520 720
1464530 720
1464540 720
1464550 719
1464560 718
1464570 718
1464580 717
1464590 717
1464600 717
1464610 716
1464620 715
1464630 715
1464640 715
1464650 714
1464660 714
1464670 711
1464680 708
1464690 708
1464700 711
1464710 712
1464720 712
1464730 711
1464740 711
1464750 711
1464760 711
1464770 710
1464780 709
1464790 709
1464800 708
1464810 707
1464820 707
1464830 707
1464840 706
1464850 706
1464860 705
1464870 705
1464880 705
1464890 704
1464900 703
1464910 703
1464920 702
1464930 701
1464940 701
1464950 701
1464960 700
1464970 700
1464980 699
1464990 699
1465000 699
1465010 698
1465020 698
1465030 698
1465040 698
1465050 697
1465060 697
1465070 696
1465080 695
1465090 695
1465100 694
1465110 693
1465120 693
1465130 693
1465140 692
1465150 692
1465160 691
1465170 689
1465180 689
1465190 686
1465200 683
1465210 683
1465220 685
1465230 684
1465240 684
1465250 681
1465260 677
1465270 677
1465280 673
1465290 668
1465300 668
1465310 664
1465320 659
1465330 659
1465340 655
1465350 650
1465360 649
1465370 649
1465380 646
1465390 642
1465400 642
1465410 640
1465420 638
1465430 638
1465440 636
1465450 635
1465460 635
1465470 633
1465480 632
1465490 632
1465500 631
1465510 630
1465520 630
1465530 629
1465540 628
1465550 628
1465560 627
1465570 626
1465580 626
1465590 625
1465600 625
1465610 625
1465620 624
1465630 624
1465640 624
1465650 623
1465660 623
1465670 623
1465680 622
1465690 622
1465700 622
1465710 624
1465720 625
1465730 625
1465740 626
1465750 627
1465760 627
1465770 629
1465780 631
1465790 631
1465800 632
1465810 634
1465820 634
1465830 635
1465840 635
1465850 635
1465860 635
1465870 635
1465880 635
1465890 634
1465900 632
1465910 632
1465920 630
1465930 628
1465940 628
1465950 626
1465960 626
1465970 624
1465980 624
1465990 624
1466000 623
1466010 623
1466020 622
1466030 622
1466040 622
1466050 621
1466060 621
1466070 621
1466080 621
1466090 621
1466100 621
1466110 620
1466120 620
1466130 620
1466140 620
1466150 620
1466160 620
1466170 620
1466180 619
1466190 619
1466200 619
1466210 619
1466220 619
1466230 619
1466240 619
1466250 619
1466260 619
1466270 619
1466280 619
1466290 619
1466300 619
1466310 619
1466320 620
1466330 619
1466340 619
1466350 619
1466360 620
1466370 620
1466380 621
1466390 622
1466400 622
1466410 624
1466420 624
1466430 624
1466440 625
1466450 627
1466460 627
1466470 628
1466480 629
1466490 629
1466500 632
1466510 636
1466520 636
1466530 639
1466540 642
1466550 644
1466560 644
1466570 646
1466580 648
1466590 648
1466600 650
1466610 653
1466620 653
1466630 654
1466640 655
1466650 655
1466660 656
1466670 657
1466680 657
1466690 659
1466700 661
1466710 661
1466720 662
1466730 663
1466740 663
1466750 666
1466760 663
1466770 663
1466780 663
1466790 664
1466800 664
1466810 665
1466820 666
1466830 666
1466840 667
1466850 667
1466860 667
1466870 668
1466880 668
1466890 668
1466900 669
1466910 670
1466920 670
1466930 670
1466940 670
1466950 670
1466960 671
1466970 671
1466980 671
1466990 672
1467000 673
1467010 673
1467020 674
1467030 675
1467040 675
1467050 676
1467060 677
1467070 677
1467080 678
1467090 678
1467100 678
1467110 679
1467120 680
1467130 680
1467140 680
1467150 681
1467160 681
1467170 681
1467180 682
1467190 682
1467200 682
1467210 682
1467220 682
1467230 682
1467240 682
1467250 683
1467260 683
1467270 683
1467280 684
1467290 684
1467300 684
1467310 684
1467320 684
1467330 684
1467340 684
1467350 684
1467360 685
1467370 685
1467380 685
1467390 685
1467400 685
1467410 685
1467420 685
1467430 685
1467440 685
1467450 685
1467460 684
1467470 684
1467480 683
1467490 682
1467500 682
1467510 681
1467520 680
1467530 680
1467540 680
1467550 679
1467560 679
1467570 679
1467580 679
1467590 679
1467600 678
1467610 678
1467620 678
1467630 677
1467640 675
1467650 675
1467660 672
1467670 668
1467680 668
1467690 664
1467700 662
1467710 662
1467720 659
1467730 656
1467740 654
1467750 654
1467760 651
1467770 649
1467780 649
1467790 648
1467800 647
1467810 647
1467820 645
1467830 644
1467840 644
1467850 642
1467860 640
1467870 640
1467880 639
1467890 637
1467900 637
1467910 634
1467920 632
1467930 632
1467940 631
1467950 630
1467960 630
1467970 628
1467980 625
1467990 625
1468000 623
1468010 621
1468020 621
1468030 619
1468040 618
1468050 618
1468060 616
1468070 615
1468080 615
1468090 614
1468100 613
1468110 613
1468120 612
1468130 611
1468140 611
1468150 610
1468160 609
1468170 609
1468180 608
1468190 608
1468200 608
1468210 607
1468220 606
1468230 606
1468240 605
1468250 605
1468260 605
1468270 605
1468280 605
1468290 605
1468300 605
1468310 605
1468320 606
1468330 606
1468340 607
1468350 608
1468360 608
1468370 610
1468380 611
1468390 611
1468400 612
1468410 613
1468420 613
1468430 615
1468440 616
1468450 616
1468460 617
1468470 619
1468480 619
1468490 620
1468500 622
1468510 622
1468520 623
1468530 625
1468540 625
1468550 627
1468560 629
1468570 629
1468580 633
1468590 636
1468600 636
1468610 639
1468620 642
1468630 642
1468640 645
1468650 648
1468660 648
1468670 649
1468680 650
1468690 650
1468700 651
1468710 652
1468720 652
1468730 653
1468740 657
1468750 657
1468760 663
1468770 668
1468780 668
1468790 670
1468800 672
1468810 672
1468820 676
1468830 682
1468840 682
1468850 688
1468860 691
1468870 691
1468880 694
1468890 699
1468900 699
1468910 703
1468920 704
1468930 706
1468940 706
1468950 710
1468960 710
1468970 710
1468980 712
1468990 715
1469000 715
1469010 715
1469020 710
1469030 710
1469040 706
1469050 703
1469060 703
1469070 701
1469080 697
1469090 697
1469100 690
1469110 681
1469120 681
1469130 673
1469140 666
1469150 666
1469160 659
1469170 656
1469180 656
1469190 656
1469200 655
1469210 655
1469220 655
1469230 651
1469240 651
1469250 650
1469260 648
1469270 648
1469280 645
1469290 644
1469300 644
1469310 643
1469320 642
1469330 642
1469340 639
1469350 637
1469360 637
1469370 634
1469380 630
1469390 630
1469400 625
1469410 622
1469420 622
1469430 617
1469440 613
1469450 613
1469460 611
1469470 608
1469480 608
1469490 606
1469500 605
1469510 603
1469520 603
1469530 599
1469540 597
1469550 597
1469560 596
1469570 595
1469580 595
1469590 596
1469600 597
1469610 597
1469620 599
1469630 602
1469640 602
1469650 602
1469660 602
1469670 602
1469680 603
1469690 604
1469700 604
1469710 605
1469720 606
1469730 606
1469740 607
1469750 608
1469760 608
1469770 610
1469780 611
1469790 611
1469800 612
1469810 613
1469820 613
1469830 615
1469840 617
1469850 617
1469860 619
1469870 621
1469880 621
1469890 623
1469900 626
1469910 626
1469920 628
1469930 630
1469940 630
1469950 630
1469960 629
1469970 629
1469980 629
1469990 633
1470000 633
1470010 637
1470020 643
1470030 643
1470040 648
1470050 654
1470060 654
1470070 660
1470080 665
1470090 665
1470100 668
1470110 667
1470120 663
1470130 663
1470140 659
1470150 656
1470160 656
1470170 654
1470180 654
1470190 654
1470200 656
1470210 658
1470220 658
1470230 660
1470240 662
1470250 662
1470260 664
1470270 669
1470280 669
1470290 672
1470300 673
1470310 673
1470320 672
1470330 670
1470340 670
1470350 669
1470360 669
1470370 669
1470380 668
1470390 665
1470400 665
1470410 662
1470420 658
1470430 658
1470440 656
1470450 655
1470460 655
1470470 652
1470480 648
1470490 648
1470500 644
1470510 640
1470520 640
1470530 637
1470540 634
1470550 634
1470560 631
1470570 627
1470580 627
1470590 623
1470600 620
1470610 620
1470620 618
1470630 617
1470640 617
1470650 616
1470660 615
1470670 615
1470680 614
1470690 613
1470700 613
1470710 613
1470720 613
1470730 613
1470740 613
1470750 613
1470760 613
1470770 613
1470780 612
1470790 612
1470800 612
1470810 611
1470820 612
1470830 612
1470840 612
1470850 612
1470860 612
1470870 612
1470880 612
1470890 612
1470900 612
1470910 611
1470920 611
1470930 611
1470940 610
1470950 610
1470960 610
1470970 610
1470980 610
1470990 610
1471000 610
1471010 610
1471020 609
1471030 609
1471040 609
1471050 608
1471060 608
1471070 608
1471080 607
1471090 607
1471100 607
1471110 606
1471120 605
1471130 605
1471140 605
1471150 604
1471160 604
1471170 603
1471180 602
1471190 602
1471200 601
1471210 600
1471220 600
1471230 599
1471240 597
1471250 597
1471260 596
1471270 595
1471280 595
1471290 594
1471300 593
1471310 591
1471320 591
1471330 590
1471340 590
1471350 590
1471360 590
1471370 590
1471380 590
1471390 590
1471400 590
1471410 590
1471420 590
1471430 592
1471440 592
1471450 593
1471460 594
1471470 594
1471480 594
1471490 594
1471500 594
1471510 595
1471520 596
1471530 596
1471540 596
1471550 596
1471560 596
1471570 597
1471580 597
1471590 597
1471600 597
1471610 598
1471620 598
1471630 598
1471640 598
1471650 598
1471660 598
1471670 597
1471680 597
1471690 598
1471700 598
1471710 598
1471720 598
1471730 597
1471740 597
1471750 597
1471760 598
1471770 598
1471780 598
1471790 598
1471800 598
1471810 598
1471820 597
1471830 597
1471840 597
1471850 597
1471860 597
1471870 596
1471880 596
1471890 594
1471900 594
1471910 592
1471920 590
1471930 590
1471940 588
1471950 585
1471960 585
1471970 585
1471980 587
1471990 587
1472000 589
1472010 591
1472020 591
1472030 591
1472040 591
1472050 591
1472060 591
1472070 591
1472080 591
1472090 591
1472100 591
1472110 591
1472120 591
1472130 591
1472140 591
1472150 591
1472160 591
1472170 591
1472180 591
1472190 591
1472200 591
1472210 590
1472220 590
1472230 590
1472240 590
1472250 590
1472260 590
1472270 590
1472280 589
1472290 589
1472300 589
1472310 589
1472320 589
1472330 589
1472340 588
1472350 588
1472360 587
1472370 586
1472380 586
1472390 584
1472400 583
1472410 583
1472420 583
1472430 585
1472440 585
1472450 586
1472460 588
1472470 588
1472480 588
1472490 588
1472500 588
1472510 588
1472520 588
1472530 587
1472540 587
1472550 587
1472560 586
1472570 586
1472580 586
1472590 585
1472600 585
1472610 585
1472620 585
1472630 585
1472640 584
1472650 584
1472660 584
1472670 583
1472680 583
1472690 583
1472700 582
1472710 581
1472720 581
1472730 580
1472740 579
1472750 579
1472760 578
1472770 578
1472780 578
1472790 577
1472800 577
1472810 577
1472820 576
1472830 576
1472840 576
1472850 576
1472860 576
1472870 576
1472880 575
1472890 574
1472900 574
1472910 575
1472920 574
1472930 574
1472940 573
1472950 573
1472960 573
1472970 573
1472980 572
1472990 572
1473000 572
1473010 572
1473020 572
1473030 572
1473040 572
1473050 572
1473060 572
1473070 572
1473080 572
1473090 572
1473100 571
1473110 571
1473120 571
1473130 571
1473140 571
1473150 571
1473160 570
1473170 570
1473180 570
1473190 570
1473200 569
1473210 569
1473220 569
1473230 569
1473240 569
1473250 569
1473260 568
1473270 568
1473280 568
1473290 568
1473300 568
1473310 570
1473320 571
1473330 571
1473340 573
1473350 573
1473360 573
1473370 574
1473380 575
1473390 575
1473400 576
1473410 576
1473420 576
1473430 576
1473440 576
1473450 576
1473460 576
1473470 575
1473480 575
1473490 575
1473500 575
1473510 575
1473520 574
1473530 574
1473540 574
1473550 573
1473560 573
1473570 573
1473580 572
1473590 571
1473600 571
1473610 570
1473620 569
1473630 569
1473640 568
1473650 567
1473660 566
1473670 566
1473680 564
1473690 563
1473700 563
1473710 561
1473720 559
1473730 559
1473740 558
1473750 557
1473760 557
1473770 556
1473780 556
1473790 556
1473800 556
1473810 555
1473820 555
1473830 555
1473840 555
1473850 555
1473860 555
1473870 555
1473880 555
1473890 555
1473900 555
1473910 555
1473920 555
1473930 555
1473940 555
1473950 555
1473960 555
1473970 555
1473980 555
1473990 555
1474000 555
1474010 555
1474020 555
1474030 555
1474040 555
1474050 555
1474060 555
1474070 555
1474080 556
1474090 556
1474100 556
1474110 556
1474120 556
1474130 556
1474140 556
1474150 556
1474160 556
1474170 556
1474180 556
1474190 557
1474200 557
1474210 557
1474220 558
1474230 557
1474240 557
1474250 557
1474260 556
1474270 556
1474280 556
1474290 556
1474300 556
1474310 556
1474320 555
1474330 555
1474340 555
1474350 555
1474360 555
1474370 555
1474380 555
1474390 555
1474400 555
1474410 555
1474420 555
1474430 555
1474440 555
1474450 554
1474460 554
1474470 554
1474480 554
1474490 554
1474500 554
1474510 554
1474520 554
1474530 553
1474540 553
1474550 553
1474560 553
1474570 553
1474580 553
1474590 553
1474600 552
1474610 552
1474620 552
1474630 553
1474640 553
1474650 553
1474660 552
1474670 552
1474680 552
1474690 552
1474700 552
1474710 552
1474720 552
1474730 552
1474740 552
1474750 552
1474760 552
1474770 552
1474780 552
1474790 552
1474800 552
1474810 552
1474820 552
1474830 552
1474840 552
1474850 552
1474860 552
1474870 553
1474880 553
1474890 553
1474900 554
1474910 554
1474920 554
1474930 555
1474940 555
1474950 555
1474960 555
1474970 555
1474980 555
1474990 556
1475000 558
1475010 558
1475020 558
1475030 558
1475040 558
1475050 557
1475060 557
1475070 557
1475080 557
1475090 556
1475100 556
1475110 556
1475120 556
1475130 556
1475140 555
1475150 555
1475160 555
1475170 554
1475180 554
1475190 554
1475200 554
1475210 555
1475220 555
1475230 554
1475240 552
1475250 552
1475260 551
1475270 550
1475280 550
1475290 549
1475300 548
1475310 548
1475320 547
1475330 546
1475340 546
1475350 545
1475360 545
1475370 545
1475380 545
1475390 545
1475400 545
1475410 545
1475420 545
1475430 545
1475440 545
1475450 545
1475460 546
1475470 546
1475480 546
1475490 544
1475500 544
1475510 544
1475520 544
1475530 544
1475540 544
1475550 544
1475560 544
1475570 544
1475580 544
1475590 544
1475600 544
1475610 544
1475620 544
1475630 544
1475640 544
1475650 544
1475660 544
1475670 544
1475680 544
1475690 544
1475700 544
1475710 544
1475720 543
1475730 543
1475740 543
1475750 543
1475760 543
1475770 543
1475780 542
1475790 542
1475800 542
1475810 542
1475820 542
1475830 542
1475840 542
1475850 542
1475860 542
1475870 542
1475880 542
1475890 542
1475900 542
1475910 542
1475920 542
1475930 542
1475940 542
1475950 542
1475960 542
1475970 542
1475980 542
1475990 542
1476000 542
1476010 542
1476020 543
1476030 543
1476040 543
1476050 543
1476060 543
1476070 542
1476080 542
1476090 542
1476100 542
1476110 542
1476120 542
1476130 542
1476140 542
1476150 542
1476160 542
1476170 542
1476180 542
1476190 543
1476200 543
1476210 542
1476220 542
1476230 542
1476240 542
1476250 543
1476260 543
1476270 543
1476280 543
1476290 543
1476300 543
1476310 542
1476320 542
1476330 542
1476340 542
1476350 542
1476360 542
1476370 542
1476380 542
1476390 542
1476400 542
1476410 542
1476420 542
1476430 542
1476440 542
1476450 542
1476460 542
1476470 542
1476480 541
1476490 541
1476500 541
1476510 541
1476520 541
1476530 541
1476540 541
1476550 541
1476560 541
1476570 541
1476580 541
1476590 541
1476600 541
1476610 541
1476620 541
1476630 540
1476640 540
1476650 540
1476660 540
1476670 540
1476680 539
1476690 539
1476700 539
1476710 539
1476720 539
1476730 539
1476740 539
1476750 539
1476760 540
1476770 540
1476780 540
1476790 540
1476800 539
1476810 539
1476820 539
1476830 539
1476840 539
1476850 539
1476860 539
1476870 539
1476880 539
1476890 539
1476900 539
1476910 539
1476920 539
1476930 539
1476940 539
1476950 539
1476960 539
1476970 539
1476980 539
1476990 539
1477000 539
1477010 539
1477020 539
1477030 539
1477040 539
1477050 539
1477060 538
1477070 538
1477080 538
1477090 539
1477100 539
1477110 539
1477120 539
1477130 539
1477140 539
1477150 540
1477160 540
1477170 540
1477180 540
1477190 540
1477200 540
1477210 540
1477220 540
1477230 539
1477240 539
1477250 539
1477260 539
1477270 539
1477280 539
1477290 539
1477300 539
1477310 539
1477320 539
1477330 539
1477340 540
1477350 540
1477360 540
1477370 540
1477380 540
1477390 540
1477400 540
1477410 539
1477420 539
1477430 539
1477440 538
1477450 538
1477460 538
1477470 538
1477480 538
1477490 536
1477500 535
1477510 535
1477520 534
1477530 533
1477540 533
1477550 534
1477560 535
1477570 535
1477580 536
1477590 536
1477600 536
1477610 537
1477620 537
1477630 537
1477640 537
1477650 537
1477660 537
1477670 537
1477680 536
1477690 536
1477700 536
1477710 535
1477720 535
1477730 535
1477740 535
1477750 535
1477760 535
1477770 534
1477780 534
1477790 534
1477800 533
1477810 533
1477820 532
1477830 531
1477840 530
1477850 530
1477860 530
1477870 530
1477880 530
1477890 529
1477900 529
1477910 529
1477920 530
1477930 530
1477940 530
1477950 529
1477960 528
1477970 528
1477980 528
1477990 528
1478000 528
1478010 528
1478020 528
1478030 528
1478040 528
1478050 528
1478060 528
1478070 528
1478080 528
1478090 528
1478100 528
1478110 528
1478120 528
1478130 528
1478140 528
1478150 528
1478160 528
1478170 529
1478180 529
1478190 529
1478200 530
1478210 530
1478220 529
1478230 528
1478240 528
1478250 528
1478260 527
1478270 527
1478280 527
1478290 527
1478300 527
1478310 527
1478320 527
1478330 527
1478340 527
1478350 526
1478360 526
1478370 526
1478380 526
1478390 526
1478400 526
1478410 525
1478420 525
1478430 525
1478440 525
1478450 525
1478460 525
1478470 524
1478480 524
1478490 524
1478500 524
1478510 524
1478520 524
1478530 524
1478540 524
1478550 524
1478560 524
1478570 524
1478580 524
1478590 524
1478600 524
1478610 524
1478620 524
1478630 524
1478640 524
1478650 524
1478660 524
1478670 524
1478680 524
1478690 524
1478700 524
1478710 524
1478720 523
1478730 523
1478740 523
1478750 523
1478760 523
1478770 523
1478780 523
1478790 523
1478800 523
1478810 523
1478820 523
1478830 523
1478840 523
1478850 523
1478860 522
1478870 522
1478880 522
1478890 522
1478900 521
1478910 521
1478920 521
1478930 521
1478940 521
1478950 521
1478960 521
1478970 521
1478980 521
1478990 521
1479000 521
1479010 521
1479020 521
1479030 521
1479040 521
1479050 521
1479060 521
1479070 521
1479080 520
1479090 520
1479100 520
1479110 521
1479120 521
1479130 521
1479140 521
1479150 521
1479160 521
1479170 521
1479180 520
1479190 520
1479200 520
1479210 520
1479220 520
1479230 520
1479240 520
1479250 520
1479260 520
1479270 520
1479280 520
1479290 520
1479300 520
1479310 520
1479320 520
1479330 520
1479340 520
1479350 520
1479360 520
1479370 520
1479380 520
1479390 519
1479400 519
1479410 519
1479420 518
1479430 518
1479440 519
1479450 519
1479460 519
1479470 519
1479480 519
1479490 519
1479500 520
1479510 519
1479520 519
1479530 520
1479540 519
1479550 519
1479560 519
1479570 519
1479580 519
1479590 519
1479600 519
1479610 519
1479620 519
1479630 519
1479640 518
1479650 518
1479660 518
1479670 518
1479680 518
1479690 518
1479700 518
1479710 518
1479720 518
1479730 518
1479740 518
1479750 518
1479760 518
1479770 518
1479780 518
1479790 518
1479800 518
1479810 518
1479820 518
1479830 518
1479840 518
1479850 518
1479860 518
1479870 518
1479880 518
1479890 518
1479900 518
1479910 518
1479920 518
1479930 517
1479940 517
1479950 517
1479960 517
1479970 517
1479980 517
1479990 517
