1460000 846
1460010 846
1460020 846
1460030 845
1460040 843
1460050 843
1460060 842
1460070 841
1460080 841
1460090 840
1460100 839
1460110 839
1460120 838
1460130 837
1460140 837
1460150 836
1460160 836
1460170 835
1460180 835
1460190 834
1460200 834
1460210 834
1460220 833
1460230 829
1460240 829
1460250 829
1460260 829
1460270 829
1460280 828
1460290 825
1460300 825
1460310 823
1460320 821
1460330 821
1460340 819
1460350 820
1460360 820
1460370 820
1460380 818
1460390 818
1460400 818
1460410 817
1460420 817
1460430 816
1460440 815
1460450 815
1460460 814
1460470 811
1460480 811
1460490 810
1460500 808
1460510 808
1460520 806
1460530 804
1460540 804
1460550 802
1460560 801
1460570 801
1460580 798
1460590 798
1460600 798
1460610 797
1460620 796
1460630 796
1460640 795
1460650 794
1460660 794
1460670 794
1460680 793
1460690 793
1460700 793
1460710 793
1460720 793
1460730 792
1460740 792
1460750 791
1460760 791
1460770 791
1460780 791
1460790 791
1460800 791
1460810 792
1460820 792
1460830 792
1460840 792
1460850 792
1460860 793
1460870 792
1460880 792
1460890 791
1460900 790
1460910 790
1460920 788
1460930 787
1460940 787
1460950 786
1460960 785
1460970 785
1460980 785
1460990 784
1461000 784
1461010 782
1461020 782
1461030 782
1461040 782
1461050 781
1461060 781
1461070 780
1461080 779
1461090 779
1461100 778
1461110 778
1461120 778
1461130 778
1461140 777
1461150 777
1461160 776
1461170 776
1461180 776
1461190 775
1461200 774
1461210 774
1461220 773
1461230 772
1461240 772
1461250 771
1461260 770
1461270 770
1461280 770
1461290 769
1461300 769
1461310 769
1461320 768
1461330 768
1461340 768
1461350 768
1461360 768
1461370 768
1461380 768
1461390 767
1461400 767
1461410 767
1461420 765
1461430 765
1461440 764
1461450 762
1461460 762
1461470 761
1461480 761
1461490 761
1461500 761
1461510 761
1461520 761
1461530 760
1461540 758
1461550 758
1461560 755
1461570 753
1461580 753
1461590 754
1461600 754
1461610 754
1461620 753
1461630 750
1461640 750
1461650 752
1461660 754
1461670 754
1461680 754
1461690 753
1461700 753
1461710 752
1461720 752
1461730 752
1461740 752
1461750 751
1461760 751
1461770 751
1461780 751
1461790 751
1461800 751
1461810 751
1461820 751
1461830 751
1461840 751
1461850 751
1461860 751
1461870 751
1461880 751
1461890 751
1461900 751
1461910 751
1461920 752
1461930 752
1461940 752
1461950 752
1461960 752
1461970 752
1461980 752
1461990 752
1462000 751
1462010 751
1462020 751
1462030 751
1462040 751
1462050 750
1462060 750
1462070 750
1462080 749
1462090 748
1462100 748
1462110 747
1462120 747
1462130 747
1462140 746
1462150 745
1462160 745
1462170 744
1462180 743
1462190 743
1462200 741
1462210 739
1462220 739
1462230 737
1462240 738
1462250 738
1462260 738
1462270 738
1462280 738
1462290 738
1462300 738
1462310 738
1462320 738
1462330 738
1462340 738
1462350 738
1462360 738
1462370 738
1462380 738
1462390 737
1462400 737
1462410 736
1462420 737
1462430 737
1462440 737
1462450 738
1462460 738
1462470 738
1462480 738
1462490 738
1462500 739
1462510 739
1462520 739
1462530 739
1462540 739
1462550 739
1462560 739
1462570 739
1462580 735
1462590 735
1462600 737
1462610 740
1462620 740
1462630 740
1462640 740
1462650 740
1462660 740
1462670 740
1462680 740
1462690 740
1462700 740
1462710 740
1462720 740
1462730 740
1462740 740
1462750 739
1462760 737
1462770 737
1462780 737
1462790 737
1462800 737
1462810 737
1462820 737
1462830 737
1462840 737
1462850 737
1462860 737
1462870 738
1462880 738
1462890 738
1462900 738
1462910 738
1462920 738
1462930 738
1462940 738
1462950 738
1462960 738
1462970 738
1462980 738
1462990 738
1463000 738
1463010 738
1463020 737
1463030 737
1463040 737
1463050 737
1463060 737
1463070 737
1463080 736
1463090 736
1463100 736
1463110 736
1463120 735
1463130 735
1463140 735
1463150 734
1463160 734
1463170 734
1463180 733
1463190 733
1463200 733
1463210 732
1463220 731
1463230 731
1463240 731
1463250 730
1463260 730
1463270 730
1463280 725
1463290 725
1463300 717
1463310 717
1463320 717
1463330 722
1463340 725
1463350 725
1463360 726
1463370 725
1463380 725
1463390 725
1463400 725
1463410 725
1463420 725
1463430 724
1463440 724
1463450 724
1463460 724
1463470 724
1463480 723
1463490 724
1463500 724
1463510 722
1463520 722
1463530 722
1463540 722
1463550 721
1463560 721
1463570 721
1463580 720
1463590 720
1463600 720
1463610 720
1463620 720
1463630 719
1463640 719
1463650 719
1463660 719
1463670 718
1463680 718
1463690 718
1463700 717
1463710 717
1463720 717
1463730 714
1463740 709
1463750 709
1463760 707
1463770 709
1463780 709
1463790 710
1463800 709
1463810 709
1463820 708
1463830 708
1463840 708
1463850 707
1463860 706
1463870 706
1463880 706
1463890 706
1463900 706
1463910 705
1463920 706
1463930 706
1463940 706
1463950 706
1463960 706
1463970 706
1463980 706
1463990 706
1464000 705
1464010 705
1464020 705
1464030 704
1464040 703
1464050 703
1464060 701
1464070 701
1464080 701
1464090 700
1464100 700
1464110 700
1464120 699
1464130 699
1464140 699
1464150 698
1464160 698
1464170 698
1464180 697
1464190 697
1464200 697
1464210 696
1464220 696
1464230 696
1464240 695
1464250 695
1464260 695
1464270 694
1464280 694
1464290 694
1464300 694
1464310 694
1464320 694
1464330 694
1464340 693
1464350 693
1464360 693
1464370 692
1464380 692
1464390 692
1464400 692
1464410 692
1464420 692
1464430 691
1464440 691
1464450 691
1464460 691
1464470 690
1464480 690
1464490 690
1464500 690
1464510 690
1464520 690
1464530 689
1464540 689
1464550 689
1464560 689
1464570 689
1464580 689
1464590 689
1464600 689
1464610 688
1464620 687
1464630 687
1464640 687
1464650 687
1464660 687
1464670 687
1464680 687
1464690 687
1464700 686
1464710 686
1464720 686
1464730 685
1464740 684
1464750 684
1464760 682
1464770 681
1464780 681
1464790 684
1464800 684
1464810 684
1464820 684
1464830 684
1464840 684
1464850 683
1464860 683
1464870 683
1464880 683
1464890 682
1464900 682
1464910 682
1464920 681
1464930 681
1464940 681
1464950 680
1464960 678
1464970 678
1464980 672
1464990 667
1465000 667
1465010 673
1465020 680
1465030 680
1465040 681
1465050 681
1465060 681
1465070 681
1465080 681
1465090 681
1465100 681
1465110 680
1465120 680
1465130 680
1465140 680
1465150 680
1465160 680
1465170 679
1465180 679
1465190 679
1465200 678
1465210 678
1465220 676
1465230 674
1465240 674
1465250 670
1465260 665
1465270 665
1465280 662
1465290 659
1465300 659
1465310 655
1465320 651
1465330 651
1465340 647
1465350 641
1465360 641
1465370 638
1465380 636
1465390 636
1465400 633
1465410 630
1465420 630
1465430 629
1465440 627
1465450 627
1465460 627
1465470 626
1465480 626
1465490 626
1465500 626
1465510 626
1465520 626
1465530 626
1465540 626
1465550 626
1465560 628
1465570 630
1465580 630
1465590 632
1465600 635
1465610 635
1465620 637
1465630 640
1465640 640
1465650 644
1465660 648
1465670 648
1465680 651
1465690 654
1465700 654
1465710 659
1465720 664
1465730 664
1465740 667
1465750 669
1465760 669
1465770 670
1465780 672
1465790 672
1465800 674
1465810 676
1465820 676
1465830 677
1465840 679
1465850 679
1465860 681
1465870 683
1465880 683
1465890 684
1465900 685
1465910 685
1465920 685
1465930 685
1465940 685
1465950 685
1465960 684
1465970 684
1465980 683
1465990 683
1466000 683
1466010 682
1466020 682
1466030 682
1466040 681
1466050 680
1466060 680
1466070 680
1466080 679
1466090 679
1466100 679
1466110 678
1466120 677
1466130 677
1466140 676
1466150 675
1466160 675
1466170 673
1466180 670
1466190 670
1466200 668
1466210 662
1466220 662
1466230 653
1466240 655
1466250 655
1466260 662
1466270 664
1466280 664
1466290 661
1466300 659
1466310 659
1466320 659
1466330 658
1466340 658
1466350 656
1466360 655
1466370 655
1466380 654
1466390 653
1466400 653
1466410 653
1466420 652
1466430 652
1466440 652
1466450 652
1466460 652
1466470 651
1466480 649
1466490 649
1466500 648
1466510 649
1466520 649
1466530 649
1466540 648
1466550 648
1466560 648
1466570 647
1466580 647
1466590 646
1466600 645
1466610 645
1466620 644
1466630 642
1466640 642
1466650 640
1466660 640
1466670 639
1466680 639
1466690 636
1466700 635
1466710 635
1466720 632
1466730 630
1466740 630
1466750 628
1466760 627
1466770 627
1466780 625
1466790 625
1466800 625
1466810 625
1466820 624
1466830 624
1466840 623
1466850 623
1466860 623
1466870 622
1466880 621
1466890 621
1466900 620
1466910 619
1466920 619
1466930 618
1466940 618
1466950 618
1466960 618
1466970 618
1466980 618
1466990 618
1467000 617
1467010 617
1467020 617
1467030 618
1467040 618
1467050 619
1467060 619
1467070 619
1467080 618
1467090 618
1467100 618
1467110 618
1467120 617
1467130 617
1467140 617
1467150 616
1467160 616
1467170 616
1467180 615
1467190 615
1467200 615
1467210 615
1467220 615
1467230 615
1467240 615
1467250 614
1467260 614
1467270 614
1467280 613
1467290 613
1467300 613
1467310 613
1467320 613
1467330 614
1467340 615
1467350 615
1467360 617
1467370 617
1467380 617
1467390 617
1467400 617
1467410 617
1467420 618
1467430 618
1467440 618
1467450 618
1467460 617
1467470 617
1467480 617
1467490 618
1467500 618
1467510 618
1467520 619
1467530 619
1467540 620
1467550 621
1467560 621
1467570 621
1467580 621
1467590 621
1467600 621
1467610 621
1467620 621
1467630 621
1467640 621
1467650 621
1467660 622
1467670 623
1467680 623
1467690 623
1467700 622
1467710 622
1467720 620
1467730 619
1467740 619
1467750 618
1467760 617
1467770 617
1467780 617
1467790 616
1467800 616
1467810 614
1467820 613
1467830 611
1467840 611
1467850 611
1467860 611
1467870 611
1467880 611
1467890 611
1467900 611
1467910 611
1467920 611
1467930 611
1467940 611
1467950 610
1467960 610
1467970 609
1467980 609
1467990 609
1468000 609
1468010 609
1468020 609
1468030 610
1468040 611
1468050 611
1468060 609
1468070 609
1468080 609
1468090 609
1468100 609
1468110 609
1468120 608
1468130 608
1468140 608
1468150 608
1468160 608
1468170 608
1468180 608
1468190 608
1468200 608
1468210 609
1468220 611
1468230 611
1468240 612
1468250 613
1468260 613
1468270 614
1468280 615
1468290 615
1468300 615
1468310 616
1468320 616
1468330 617
1468340 618
1468350 618
1468360 619
1468370 620
1468380 620
1468390 621
1468400 622
1468410 622
1468420 623
1468430 624
1468440 625
1468450 625
1468460 626
1468470 627
1468480 627
1468490 628
1468500 630
1468510 630
1468520 631
1468530 632
1468540 632
1468550 633
1468560 635
1468570 635
1468580 637
1468590 639
1468600 639
1468610 641
1468620 643
1468630 643
1468640 646
1468650 648
1468660 648
1468670 650
1468680 653
1468690 653
1468700 656
1468710 659
1468720 659
1468730 661
1468740 664
1468750 664
1468760 668
1468770 671
1468780 671
1468790 676
1468800 680
1468810 680
1468820 684
1468830 688
1468840 688
1468850 692
1468860 696
1468870 696
1468880 699
1468890 704
1468900 704
1468910 708
1468920 713
1468930 713
1468940 713
1468950 714
1468960 714
1468970 714
1468980 712
1468990 712
1469000 708
1469010 703
1469020 698
1469030 698
1469040 692
1469050 688
1469060 688
1469070 684
1469080 683
1469090 683
1469100 680
1469110 679
1469120 679
1469130 678
1469140 679
1469150 679
1469160 677
1469170 675
1469180 675
1469190 673
1469200 672
1469210 672
1469220 667
1469230 660
1469240 660
1469250 655
1469260 651
1469270 651
1469280 648
1469290 645
1469300 645
1469310 643
1469320 642
1469330 642
1469340 640
1469350 638
1469360 638
1469370 637
1469380 635
1469390 635
1469400 633
1469410 631
1469420 631
1469430 629
1469440 625
1469450 625
1469460 621
1469470 617
1469480 617
1469490 612
1469500 609
1469510 609
1469520 608
1469530 607
1469540 607
1469550 607
1469560 606
1469570 606
1469580 604
1469590 602
1469600 602
1469610 602
1469620 602
1469630 603
1469640 603
1469650 602
1469660 601
1469670 601
1469680 602
1469690 604
1469700 604
1469710 607
1469720 611
1469730 611
1469740 610
1469750 612
1469760 612
1469770 614
1469780 617
1469790 617
1469800 621
1469810 624
1469820 624
1469830 627
1469840 630
1469850 630
1469860 633
1469870 636
1469880 636
1469890 639
1469900 641
1469910 641
1469920 644
1469930 646
1469940 646
1469950 647
1469960 649
1469970 649
1469980 653
1469990 660
1470000 660
1470010 665
1470020 671
1470030 671
1470040 675
1470050 677
1470060 677
1470070 676
1470080 676
1470090 676
1470100 676
1470110 677
1470120 677
1470130 680
1470140 681
1470150 681
1470160 682
1470170 683
1470180 683
1470190 683
1470200 682
1470210 681
1470220 681
1470230 680
1470240 681
1470250 681
1470260 683
1470270 685
1470280 685
1470290 687
1470300 687
1470310 687
1470320 687
1470330 686
1470340 686
1470350 684
1470360 682
1470370 682
1470380 679
1470390 676
1470400 676
1470410 673
1470420 671
1470430 671
1470440 668
1470450 666
1470460 666
1470470 663
1470480 660
1470490 660
1470500 655
1470510 652
1470520 652
1470530 649
1470540 646
1470550 646
1470560 642
1470570 638
1470580 638
1470590 639
1470600 642
1470610 642
1470620 642
1470630 641
1470640 641
1470650 639
1470660 637
1470670 637
1470680 636
1470690 637
1470700 637
1470710 637
1470720 636
1470730 636
1470740 635
1470750 634
1470760 634
1470770 634
1470780 633
1470790 632
1470800 632
1470810 632
1470820 631
1470830 631
1470840 631
1470850 631
1470860 631
1470870 630
1470880 630
1470890 630
1470900 631
1470910 631
1470920 631
1470930 631
1470940 631
1470950 631
1470960 630
1470970 629
1470980 629
1470990 629
1471000 629
1471010 629
1471020 628
1471030 627
1471040 627
1471050 626
1471060 621
1471070 621
1471080 619
1471090 622
1471100 622
1471110 624
1471120 624
1471130 624
1471140 624
1471150 624
1471160 624
1471170 624
1471180 624
1471190 624
1471200 624
1471210 624
1471220 624
1471230 625
1471240 625
1471250 625
1471260 625
1471270 624
1471280 624
1471290 624
1471300 623
1471310 623
1471320 622
1471330 620
1471340 620
1471350 619
1471360 620
1471370 621
1471380 621
1471390 621
1471400 621
1471410 621
1471420 621
1471430 620
1471440 620
1471450 620
1471460 620
1471470 620
1471480 621
1471490 620
1471500 620
1471510 621
1471520 621
1471530 621
1471540 621
1471550 621
1471560 621
1471570 622
1471580 622
1471590 622
1471600 622
1471610 622
1471620 622
1471630 623
1471640 623
1471650 623
1471660 623
1471670 623
1471680 623
1471690 623
1471700 624
1471710 624
1471720 624
1471730 623
1471740 623
1471750 623
1471760 623
1471770 623
1471780 623
1471790 622
1471800 622
1471810 621
1471820 620
1471830 620
1471840 619
1471850 619
1471860 619
1471870 618
1471880 617
1471890 617
1471900 616
1471910 616
1471920 616
1471930 615
1471940 614
1471950 614
1471960 613
1471970 613
1471980 612
1471990 612
1472000 614
1472010 615
1472020 615
1472030 615
1472040 616
1472050 616
1472060 616
1472070 616
1472080 616
1472090 616
1472100 617
1472110 617
1472120 617
1472130 617
1472140 617
1472150 617
1472160 617
1472170 617
1472180 617
1472190 617
1472200 617
1472210 618
1472220 618
1472230 618
1472240 618
1472250 618
1472260 618
1472270 619
1472280 619
1472290 619
1472300 619
1472310 619
1472320 619
1472330 619
1472340 619
1472350 619
1472360 617
1472370 616
1472380 616
1472390 618
1472400 617
1472410 617
1472420 618
1472430 620
1472440 620
1472450 620
1472460 620
1472470 620
1472480 619
1472490 620
1472500 620
1472510 620
1472520 621
1472530 621
1472540 622
1472550 622
1472560 623
1472570 623
1472580 623
1472590 623
1472600 623
1472610 623
1472620 623
1472630 623
1472640 624
1472650 623
1472660 623
1472670 623
1472680 623
1472690 623
1472700 624
1472710 624
1472720 624
1472730 624
1472740 625
1472750 625
1472760 625
1472770 625
1472780 625
1472790 624
1472800 624
1472810 624
1472820 623
1472830 618
1472840 618
1472850 622
1472860 624
1472870 624
1472880 625
1472890 625
1472900 625
1472910 623
1472920 623
1472930 623
1472940 625
1472950 626
1472960 626
1472970 626
1472980 626
1472990 626
1473000 626
1473010 626
1473020 626
1473030 626
1473040 626
1473050 626
1473060 625
1473070 625
1473080 625
1473090 626
1473100 626
1473110 626
1473120 625
1473130 624
1473140 623
1473150 623
1473160 623
1473170 624
1473180 624
1473190 623
1473200 624
1473210 624
1473220 624
1473230 624
1473240 624
1473250 624
1473260 623
1473270 623
1473280 623
1473290 623
1473300 623
1473310 623
1473320 622
1473330 622
1473340 622
1473350 622
1473360 622
1473370 622
1473380 623
1473390 623
1473400 623
1473410 623
1473420 623
1473430 623
1473440 623
1473450 623
1473460 623
1473470 623
1473480 623
1473490 624
1473500 624
1473510 624
1473520 624
1473530 624
1473540 624
1473550 624
1473560 623
1473570 623
1473580 623
1473590 623
1473600 623
1473610 623
1473620 623
1473630 623
1473640 622
1473650 622
1473660 622
1473670 622
1473680 621
1473690 621
1473700 621
1473710 621
1473720 621
1473730 620
1473740 620
1473750 619
1473760 619
1473770 619
1473780 618
1473790 618
1473800 617
1473810 617
1473820 617
1473830 616
1473840 616
1473850 616
1473860 615
1473870 614
1473880 614
1473890 613
1473900 609
1473910 609
1473920 603
1473930 599
1473940 599
1473950 596
1473960 593
1473970 593
1473980 589
1473990 585
1474000 585
1474010 585
1474020 584
1474030 584
1474040 587
1474050 591
1474060 591
1474070 594
1474080 595
1474090 595
1474100 596
1474110 597
1474120 597
1474130 597
1474140 597
1474150 597
1474160 597
1474170 597
1474180 597
1474190 596
1474200 594
1474210 594
1474220 593
1474230 596
1474240 596
1474250 596
1474260 596
1474270 596
1474280 595
1474290 595
1474300 595
1474310 595
1474320 595
1474330 593
1474340 593
1474350 591
1474360 594
1474370 594
1474380 594
1474390 594
1474400 594
1474410 593
1474420 593
1474430 593
1474440 593
1474450 593
1474460 593
1474470 593
1474480 593
1474490 593
1474500 593
1474510 591
1474520 591
1474530 589
1474540 589
1474550 589
1474560 589
1474570 586
1474580 586
1474590 589
1474600 591
1474610 591
1474620 591
1474630 592
1474640 592
1474650 592
1474660 591
1474670 591
1474680 589
1474690 591
1474700 591
1474710 590
1474720 591
1474730 591
1474740 592
1474750 593
1474760 593
1474770 593
1474780 593
1474790 593
1474800 593
1474810 590
1474820 590
1474830 586
1474840 585
1474850 585
1474860 586
1474870 590
1474880 590
1474890 591
1474900 591
1474910 591
1474920 591
1474930 589
1474940 588
1474950 588
1474960 586
1474970 585
1474980 585
1474990 589
1475000 591
1475010 591
1475020 592
1475030 593
1475040 593
1475050 594
1475060 595
1475070 595
1475080 596
1475090 596
1475100 596
1475110 596
1475120 596
1475130 596
1475140 591
1475150 592
1475160 592
1475170 596
1475180 596
1475190 596
1475200 596
1475210 596
1475220 596
1475230 596
1475240 596
1475250 596
1475260 596
1475270 596
1475280 596
1475290 596
1475300 596
1475310 596
1475320 596
1475330 596
1475340 596
1475350 596
1475360 596
1475370 596
1475380 595
1475390 595
1475400 595
1475410 595
1475420 594
1475430 594
1475440 594
1475450 592
1475460 592
1475470 592
1475480 591
1475490 591
1475500 591
1475510 591
1475520 590
1475530 590
1475540 589
1475550 589
1475560 589
1475570 588
1475580 587
1475590 587
1475600 586
1475610 585
1475620 585
1475630 585
1475640 584
1475650 584
1475660 583
1475670 582
1475680 582
1475690 581
1475700 577
1475710 577
1475720 573
1475730 573
1475740 573
1475750 577
1475760 577
1475770 577
1475780 577
1475790 577
1475800 577
1475810 577
1475820 577
1475830 577
1475840 578
1475850 578
1475860 578
1475870 578
1475880 578
1475890 578
1475900 578
1475910 578
1475920 578
1475930 578
1475940 578
1475950 578
1475960 578
1475970 578
1475980 578
1475990 578
1476000 578
1476010 578
1476020 578
1476030 577
1476040 577
1476050 578
1476060 578
1476070 578
1476080 579
1476090 579
1476100 579
1476110 579
1476120 579
1476130 579
1476140 579
1476150 579
1476160 579
1476170 579
1476180 580
1476190 580
1476200 580
1476210 580
1476220 580
1476230 580
1476240 580
1476250 580
1476260 580
1476270 581
1476280 581
1476290 581
1476300 581
1476310 581
1476320 581
1476330 581
1476340 581
1476350 581
1476360 581
1476370 581
1476380 581
1476390 581
1476400 581
1476410 581
1476420 581
1476430 581
1476440 581
1476450 580
1476460 580
1476470 580
1476480 581
1476490 580
1476500 580
1476510 579
1476520 579
1476530 579
1476540 579
1476550 579
1476560 579
1476570 579
1476580 579
1476590 579
1476600 579
1476610 579
1476620 579
1476630 579
1476640 579
1476650 579
1476660 579
1476670 578
1476680 578
1476690 578
1476700 578
1476710 578
1476720 578
1476730 578
1476740 577
1476750 577
1476760 577
1476770 577
1476780 577
1476790 577
1476800 577
1476810 577
1476820 576
1476830 576
1476840 576
1476850 575
1476860 575
1476870 575
1476880 575
1476890 576
1476900 576
1476910 575
1476920 576
1476930 576
1476940 575
1476950 575
1476960 575
1476970 575
1476980 574
1476990 574
1477000 574
1477010 574
1477020 574
1477030 574
1477040 574
1477050 574
1477060 574
1477070 574
1477080 574
1477090 574
1477100 574
1477110 574
1477120 574
1477130 574
1477140 574
1477150 574
1477160 574
1477170 574
1477180 574
1477190 573
1477200 573
1477210 573
1477220 574
1477230 574
1477240 574
1477250 574
1477260 574
1477270 574
1477280 575
1477290 575
1477300 575
1477310 575
1477320 574
1477330 574
1477340 574
1477350 574
1477360 574
1477370 574
1477380 574
1477390 574
1477400 574
1477410 574
1477420 574
1477430 574
1477440 573
1477450 573
1477460 573
1477470 573
1477480 573
1477490 573
1477500 573
1477510 573
1477520 573
1477530 573
1477540 573
1477550 573
1477560 572
1477570 572
1477580 572
1477590 572
1477600 572
1477610 572
1477620 571
1477630 571
1477640 571
1477650 570
1477660 570
1477670 570
1477680 569
1477690 569
1477700 569
1477710 568
1477720 568
1477730 568
1477740 568
1477750 568
1477760 568
1477770 568
1477780 568
1477790 568
1477800 568
1477810 568
1477820 568
1477830 567
1477840 567
1477850 567
1477860 567
1477870 567
1477880 567
1477890 567
1477900 567
1477910 567
1477920 566
1477930 566
1477940 566
1477950 565
1477960 565
1477970 565
1477980 565
1477990 565
1478000 565
1478010 565
1478020 565
1478030 565
1478040 564
1478050 564
1478060 564
1478070 562
1478080 563
1478090 563
1478100 564
1478110 564
1478120 564
1478130 564
1478140 563
1478150 563
1478160 564
1478170 564
1478180 564
1478190 564
1478200 564
1478210 564
1478220 564
1478230 563
1478240 563
1478250 561
1478260 559
1478270 559
1478280 558
1478290 558
1478300 558
1478310 558
1478320 558
1478330 558
1478340 558
1478350 559
1478360 559
1478370 560
1478380 560
1478390 560
1478400 559
1478410 559
1478420 559
1478430 560
1478440 560
1478450 560
1478460 560
1478470 561
1478480 561
1478490 561
1478500 561
1478510 561
1478520 561
1478530 561
1478540 561
1478550 561
1478560 561
1478570 561
1478580 561
1478590 561
1478600 560
1478610 560
1478620 561
1478630 561
1478640 561
1478650 561
1478660 561
1478670 561
1478680 560
1478690 559
1478700 559
1478710 559
1478720 558
1478730 558
1478740 558
1478750 558
1478760 558
1478770 558
1478780 559
1478790 559
1478800 559
1478810 559
1478820 559
1478830 559
1478840 559
1478850 559
1478860 559
1478870 558
1478880 558
1478890 558
1478900 558
1478910 558
1478920 557
1478930 557
1478940 557
1478950 557
1478960 556
1478970 556
1478980 556
1478990 555
1479000 555
1479010 555
1479020 554
1479030 554
1479040 554
1479050 554
1479060 554
1479070 554
1479080 554
1479090 554
1479100 554
1479110 553
1479120 552
1479130 552
1479140 552
1479150 551
1479160 551
1479170 551
1479180 551
1479190 551
1479200 550
1479210 550
1479220 550
1479230 550
1479240 550
1479250 550
1479260 550
1479270 549
1479280 549
1479290 549
1479300 548
1479310 548
1479320 547
1479330 546
1479340 546
1479350 546
1479360 546
1479370 546
1479380 546
1479390 546
1479400 546
1479410 546
1479420 546
1479430 546
1479440 546
1479450 546
1479460 546
1479470 545
1479480 544
1479490 544
1479500 544
1479510 543
1479520 543
1479530 542
1479540 541
1479550 541
1479560 541
1479570 541
1479580 541
1479590 541
1479600 541
1479610 541
1479620 541
1479630 541
1479640 541
1479650 541
1479660 541
1479670 540
1479680 540
1479690 540
1479700 539
1479710 539
1479720 538
1479730 537
1479740 537
1479750 536
1479760 535
1479770 535
1479780 534
1479790 534
1479800 534
1479810 533
1479820 532
1479830 532
1479840 532
1479850 533
1479860 533
1479870 533
1479880 532
1479890 532
1479900 531
1479910 531
1479920 531
1479930 530
1479940 530
1479950 530
1479960 529
1479970 529
1479980 529
1479990 529
