1460000 862
1460010 863
1460020 863
1460030 864
1460040 865
1460050 865
1460060 865
1460070 866
1460080 866
1460090 866
1460100 867
1460110 867
1460120 867
1460130 868
1460140 868
1460150 869
1460160 869
1460170 870
1460180 870
1460190 870
1460200 870
1460210 870
1460220 870
1460230 870
1460240 870
1460250 869
1460260 869
1460270 869
1460280 869
1460290 868
1460300 868
1460310 867
1460320 867
1460330 867
1460340 865
1460350 864
1460360 864
1460370 862
1460380 859
1460390 859
1460400 856
1460410 853
1460420 853
1460430 851
1460440 848
1460450 848
1460460 845
1460470 843
1460480 843
1460490 841
1460500 840
1460510 840
1460520 839
1460530 838
1460540 838
1460550 837
1460560 836
1460570 836
1460580 836
1460590 835
1460600 835
1460610 834
1460620 833
1460630 833
1460640 834
1460650 835
1460660 835
1460670 835
1460680 834
1460690 833
1460700 833
1460710 832
1460720 831
1460730 831
1460740 830
1460750 828
1460760 828
1460770 827
1460780 827
1460790 827
1460800 827
1460810 827
1460820 827
1460830 828
1460840 828
1460850 828
1460860 826
1460870 825
1460880 825
1460890 824
1460900 823
1460910 823
1460920 822
1460930 820
1460940 820
1460950 817
1460960 815
1460970 815
1460980 814
1460990 812
1461000 812
1461010 810
1461020 809
1461030 809
1461040 808
1461050 807
1461060 807
1461070 805
1461080 803
1461090 803
1461100 802
1461110 801
1461120 801
1461130 801
1461140 801
1461150 801
1461160 800
1461170 799
1461180 799
1461190 796
1461200 793
1461210 793
1461220 792
1461230 790
1461240 790
1461250 790
1461260 790
1461270 790
1461280 789
1461290 789
1461300 789
1461310 789
1461320 787
1461330 785
1461340 785
1461350 785
1461360 784
1461370 784
1461380 784
1461390 784
1461400 784
1461410 783
1461420 783
1461430 783
1461440 782
1461450 781
1461460 781
1461470 780
1461480 780
1461490 780
1461500 779
1461510 779
1461520 779
1461530 778
1461540 777
1461550 777
1461560 777
1461570 776
1461580 776
1461590 776
1461600 776
1461610 776
1461620 776
1461630 776
1461640 776
1461650 776
1461660 776
1461670 776
1461680 776
1461690 776
1461700 776
1461710 776
1461720 776
1461730 776
1461740 776
1461750 776
1461760 776
1461770 776
1461780 776
1461790 776
1461800 775
1461810 775
1461820 775
1461830 775
1461840 774
1461850 774
1461860 772
1461870 771
1461880 771
1461890 771
1461900 770
1461910 769
1461920 769
1461930 768
1461940 767
1461950 767
1461960 766
1461970 765
1461980 765
1461990 765
1462000 765
1462010 765
1462020 764
1462030 764
1462040 764
1462050 764
1462060 763
1462070 763
1462080 761
1462090 761
1462100 761
1462110 763
1462120 763
1462130 763
1462140 764
1462150 763
1462160 763
1462170 763
1462180 762
1462190 762
1462200 762
1462210 761
1462220 761
1462230 761
1462240 761
1462250 761
1462260 760
1462270 759
1462280 759
1462290 759
1462300 759
1462310 759
1462320 758
1462330 758
1462340 758
1462350 757
1462360 757
1462370 757
1462380 756
1462390 756
1462400 756
1462410 756
1462420 755
1462430 755
1462440 753
1462450 753
1462460 754
1462470 754
1462480 753
1462490 752
1462500 752
1462510 752
1462520 751
1462530 751
1462540 750
1462550 750
1462560 750
1462570 750
1462580 750
1462590 750
1462600 750
1462610 750
1462620 750
1462630 750
1462640 750
1462650 750
1462660 750
1462670 749
1462680 749
1462690 749
1462700 748
1462710 748
1462720 748
1462730 748
1462740 748
1462750 747
1462760 747
1462770 747
1462780 746
1462790 746
1462800 746
1462810 745
1462820 745
1462830 745
1462840 744
1462850 744
1462860 744
1462870 744
1462880 744
1462890 744
1462900 744
1462910 743
1462920 743
1462930 742
1462940 742
1462950 742
1462960 740
1462970 740
1462980 740
1462990 741
1463000 743
1463010 743
1463020 743
1463030 743
1463040 743
1463050 743
1463060 743
1463070 743
1463080 743
1463090 743
1463100 744
1463110 744
1463120 744
1463130 744
1463140 744
1463150 744
1463160 744
1463170 744
1463180 744
1463190 743
1463200 743
1463210 743
1463220 743
1463230 743
1463240 742
1463250 742
1463260 742
1463270 741
1463280 741
1463290 741
1463300 740
1463310 740
1463320 740
1463330 740
1463340 740
1463350 740
1463360 739
1463370 739
1463380 739
1463390 739
1463400 738
1463410 738
1463420 738
1463430 738
1463440 738
1463450 737
1463460 737
1463470 737
1463480 736
1463490 736
1463500 736
1463510 736
1463520 736
1463530 736
1463540 736
1463550 736
1463560 736
1463570 736
1463580 735
1463590 735
1463600 735
1463610 733
1463620 733
1463630 728
1463640 730
1463650 732
1463660 732
1463670 732
1463680 732
1463690 732
1463700 732
1463710 731
1463720 731
1463730 731
1463740 731
1463750 731
1463760 731
1463770 731
1463780 731
1463790 731
1463800 730
1463810 730
1463820 730
1463830 729
1463840 729
1463850 729
1463860 728
1463870 728
1463880 727
1463890 727
1463900 727
1463910 726
1463920 725
1463930 725
1463940 724
1463950 724
1463960 724
1463970 723
1463980 722
1463990 722
1464000 721
1464010 720
1464020 720
1464030 719
1464040 718
1464050 718
1464060 718
1464070 717
1464080 717
1464090 716
1464100 715
1464110 715
1464120 715
1464130 714
1464140 714
1464150 714
1464160 713
1464170 713
1464180 713
1464190 712
1464200 712
1464210 712
1464220 712
1464230 712
1464240 712
1464250 712
1464260 712
1464270 712
1464280 712
1464290 712
1464300 712
1464310 712
1464320 712
1464330 712
1464340 712
1464350 712
1464360 712
1464370 711
1464380 710
1464390 710
1464400 709
1464410 708
1464420 708
1464430 708
1464440 707
1464450 707
1464460 706
1464470 705
1464480 705
1464490 704
1464500 704
1464510 704
1464520 703
1464530 703
1464540 703
1464550 702
1464560 701
1464570 701
1464580 700
1464590 699
1464600 699
1464610 699
1464620 699
1464630 699
1464640 698
1464650 698
1464660 698
1464670 697
1464680 695
1464690 695
1464700 694
1464710 694
1464720 694
1464730 693
1464740 693
1464750 693
1464760 693
1464770 693
1464780 693
1464790 693
1464800 692
1464810 692
1464820 692
1464830 691
1464840 691
1464850 691
1464860 690
1464870 690
1464880 690
1464890 690
1464900 690
1464910 690
1464920 690
1464930 689
1464940 689
1464950 689
1464960 689
1464970 689
1464980 689
1464990 689
1465000 689
1465010 689
1465020 689
1465030 689
1465040 688
1465050 690
1465060 690
1465070 690
1465080 690
1465090 690
1465100 690
1465110 689
1465120 689
1465130 688
1465140 687
1465150 687
1465160 683
1465170 679
1465180 679
1465190 675
1465200 671
1465210 671
1465220 668
1465230 666
1465240 666
1465250 663
1465260 660
1465270 660
1465280 658
1465290 653
1465300 653
1465310 647
1465320 644
1465330 644
1465340 640
1465350 636
1465360 636
1465370 634
1465380 632
1465390 632
1465400 630
1465410 628
1465420 627
1465430 627
1465440 627
1465450 627
1465460 627
1465470 626
1465480 625
1465490 625
1465500 625
1465510 624
1465520 624
1465530 624
1465540 625
1465550 625
1465560 629
1465570 631
1465580 631
1465590 634
1465600 637
1465610 637
1465620 641
1465630 644
1465640 644
1465650 648
1465660 650
1465670 650
1465680 654
1465690 657
1465700 657
1465710 660
1465720 662
1465730 662
1465740 664
1465750 666
1465760 666
1465770 668
1465780 669
1465790 669
1465800 670
1465810 671
1465820 671
1465830 673
1465840 673
1465850 673
1465860 674
1465870 675
1465880 675
1465890 675
1465900 675
1465910 675
1465920 674
1465930 673
1465940 673
1465950 672
1465960 670
1465970 670
1465980 669
1465990 668
1466000 668
1466010 667
1466020 666
1466030 664
1466040 664
1466050 662
1466060 660
1466070 660
1466080 659
1466090 656
1466100 656
1466110 654
1466120 652
1466130 652
1466140 650
1466150 652
1466160 652
1466170 649
1466180 646
1466190 646
1466200 643
1466210 639
1466220 639
1466230 636
1466240 634
1466250 634
1466260 633
1466270 631
1466280 631
1466290 630
1466300 628
1466310 628
1466320 627
1466330 625
1466340 625
1466350 626
1466360 625
1466370 625
1466380 624
1466390 622
1466400 622
1466410 621
1466420 621
1466430 621
1466440 619
1466450 618
1466460 618
1466470 618
1466480 618
1466490 618
1466500 618
1466510 618
1466520 618
1466530 618
1466540 618
1466550 618
1466560 618
1466570 618
1466580 618
1466590 617
1466600 617
1466610 617
1466620 617
1466630 617
1466640 617
1466650 617
1466660 617
1466670 617
1466680 617
1466690 617
1466700 617
1466710 617
1466720 617
1466730 618
1466740 618
1466750 618
1466760 619
1466770 619
1466780 619
1466790 620
1466800 620
1466810 620
1466820 620
1466830 620
1466840 620
1466850 621
1466860 621
1466870 622
1466880 623
1466890 623
1466900 623
1466910 624
1466920 624
1466930 625
1466940 626
1466950 626
1466960 628
1466970 630
1466980 630
1466990 631
1467000 632
1467010 632
1467020 633
1467030 634
1467040 634
1467050 635
1467060 636
1467070 636
1467080 637
1467090 638
1467100 638
1467110 639
1467120 640
1467130 640
1467140 641
1467150 643
1467160 643
1467170 643
1467180 644
1467190 645
1467200 645
1467210 646
1467220 647
1467230 647
1467240 648
1467250 649
1467260 649
1467270 651
1467280 652
1467290 652
1467300 651
1467310 653
1467320 653
1467330 655
1467340 656
1467350 656
1467360 657
1467370 658
1467380 658
1467390 658
1467400 659
1467410 659
1467420 659
1467430 659
1467440 659
1467450 659
1467460 659
1467470 659
1467480 659
1467490 659
1467500 659
1467510 658
1467520 658
1467530 658
1467540 658
1467550 658
1467560 658
1467570 658
1467580 658
1467590 658
1467600 658
1467610 658
1467620 658
1467630 658
1467640 658
1467650 658
1467660 658
1467670 658
1467680 658
1467690 658
1467700 658
1467710 658
1467720 658
1467730 658
1467740 658
1467750 658
1467760 658
1467770 658
1467780 657
1467790 655
1467800 654
1467810 654
1467820 654
1467830 653
1467840 653
1467850 651
1467860 649
1467870 649
1467880 648
1467890 647
1467900 647
1467910 646
1467920 645
1467930 645
1467940 644
1467950 643
1467960 643
1467970 641
1467980 639
1467990 639
1468000 637
1468010 635
1468020 635
1468030 634
1468040 632
1468050 632
1468060 629
1468070 626
1468080 626
1468090 622
1468100 619
1468110 619
1468120 614
1468130 609
1468140 609
1468150 607
1468160 608
1468170 608
1468180 608
1468190 607
1468200 607
1468210 607
1468220 607
1468230 607
1468240 607
1468250 607
1468260 607
1468270 607
1468280 607
1468290 607
1468300 607
1468310 608
1468320 608
1468330 608
1468340 609
1468350 609
1468360 610
1468370 611
1468380 612
1468390 612
1468400 612
1468410 613
1468420 613
1468430 615
1468440 616
1468450 616
1468460 617
1468470 619
1468480 619
1468490 621
1468500 622
1468510 622
1468520 624
1468530 626
1468540 626
1468550 628
1468560 629
1468570 629
1468580 631
1468590 633
1468600 633
1468610 635
1468620 637
1468630 637
1468640 639
1468650 641
1468660 641
1468670 643
1468680 645
1468690 645
1468700 646
1468710 648
1468720 648
1468730 651
1468740 653
1468750 653
1468760 655
1468770 658
1468780 658
1468790 661
1468800 663
1468810 663
1468820 666
1468830 669
1468840 669
1468850 672
1468860 673
1468870 673
1468880 678
1468890 682
1468900 682
1468910 687
1468920 693
1468930 693
1468940 698
1468950 703
1468960 703
1468970 707
1468980 707
1468990 707
1469000 707
1469010 702
1469020 695
1469030 695
1469040 689
1469050 683
1469060 683
1469070 678
1469080 673
1469090 673
1469100 668
1469110 664
1469120 664
1469130 660
1469140 659
1469150 659
1469160 659
1469170 659
1469180 659
1469190 659
1469200 661
1469210 661
1469220 662
1469230 662
1469240 662
1469250 662
1469260 659
1469270 659
1469280 653
1469290 649
1469300 649
1469310 645
1469320 642
1469330 642
1469340 639
1469350 636
1469360 636
1469370 633
1469380 629
1469390 629
1469400 626
1469410 622
1469420 622
1469430 618
1469440 614
1469450 614
1469460 610
1469470 606
1469480 606
1469490 602
1469500 601
1469510 601
1469520 600
1469530 600
1469540 600
1469550 600
1469560 600
1469570 600
1469580 600
1469590 600
1469600 600
1469610 600
1469620 599
1469630 600
1469640 600
1469650 601
1469660 604
1469670 604
1469680 610
1469690 614
1469700 614
1469710 616
1469720 619
1469730 619
1469740 623
1469750 627
1469760 627
1469770 631
1469780 636
1469790 636
1469800 643
1469810 649
1469820 649
1469830 655
1469840 662
1469850 662
1469860 668
1469870 675
1469880 675
1469890 680
1469900 682
1469910 682
1469920 680
1469930 678
1469940 678
1469950 679
1469960 682
1469970 682
1469980 686
1469990 690
1470000 690
1470010 691
1470020 691
1470030 691
1470040 688
1470050 686
1470060 686
1470070 687
1470080 688
1470090 688
1470100 688
1470110 688
1470120 688
1470130 689
1470140 689
1470150 690
1470160 690
1470170 691
1470180 691
1470190 691
1470200 691
1470210 691
1470220 691
1470230 691
1470240 691
1470250 691
1470260 691
1470270 690
1470280 690
1470290 689
1470300 689
1470310 689
1470320 684
1470330 675
1470340 675
1470350 668
1470360 660
1470370 660
1470380 654
1470390 653
1470400 653
1470410 652
1470420 654
1470430 654
1470440 653
1470450 653
1470460 653
1470470 652
1470480 651
1470490 651
1470500 650
1470510 648
1470520 648
1470530 647
1470540 645
1470550 645
1470560 642
1470570 640
1470580 640
1470590 638
1470600 636
1470610 636
1470620 635
1470630 633
1470640 633
1470650 631
1470660 630
1470670 630
1470680 628
1470690 627
1470700 627
1470710 626
1470720 625
1470730 625
1470740 624
1470750 624
1470760 623
1470770 623
1470780 623
1470790 622
1470800 622
1470810 621
1470820 620
1470830 620
1470840 619
1470850 615
1470860 615
1470870 613
1470880 614
1470890 614
1470900 616
1470910 616
1470920 616
1470930 614
1470940 612
1470950 612
1470960 611
1470970 613
1470980 613
1470990 614
1471000 613
1471010 613
1471020 612
1471030 612
1471040 612
1471050 612
1471060 611
1471070 611
1471080 610
1471090 610
1471100 610
1471110 608
1471120 607
1471130 607
1471140 605
1471150 604
1471160 604
1471170 602
1471180 603
1471190 603
1471200 605
1471210 604
1471220 604
1471230 604
1471240 605
1471250 605
1471260 605
1471270 606
1471280 606
1471290 606
1471300 605
1471310 605
1471320 606
1471330 606
1471340 606
1471350 606
1471360 606
1471370 606
1471380 606
1471390 605
1471400 605
1471410 605
1471420 605
1471430 603
1471440 603
1471450 603
1471460 604
1471470 604
1471480 605
1471490 606
1471500 606
1471510 607
1471520 607
1471530 607
1471540 607
1471550 608
1471560 608
1471570 608
1471580 607
1471590 607
1471600 607
1471610 607
1471620 607
1471630 609
1471640 608
1471650 608
1471660 609
1471670 609
1471680 609
1471690 609
1471700 609
1471710 609
1471720 609
1471730 609
1471740 609
1471750 609
1471760 609
1471770 609
1471780 608
1471790 608
1471800 608
1471810 607
1471820 606
1471830 606
1471840 605
1471850 605
1471860 605
1471870 605
1471880 604
1471890 604
1471900 604
1471910 601
1471920 601
1471930 601
1471940 602
1471950 602
1471960 602
1471970 600
1471980 598
1471990 598
1472000 597
1472010 599
1472020 599
1472030 602
1472040 605
1472050 605
1472060 606
1472070 607
1472080 607
1472090 607
1472100 608
1472110 608
1472120 609
1472130 609
1472140 609
1472150 610
1472160 610
1472170 610
1472180 611
1472190 611
1472200 611
1472210 611
1472220 611
1472230 611
1472240 611
1472250 611
1472260 611
1472270 611
1472280 611
1472290 611
1472300 610
1472310 610
1472320 610
1472330 610
1472340 610
1472350 610
1472360 610
1472370 610
1472380 610
1472390 607
1472400 601
1472410 601
1472420 598
1472430 601
1472440 601
1472450 602
1472460 605
1472470 605
1472480 607
1472490 607
1472500 607
1472510 608
1472520 608
1472530 608
1472540 608
1472550 608
1472560 608
1472570 608
1472580 607
1472590 607
1472600 607
1472610 607
1472620 607
1472630 607
1472640 607
1472650 607
1472660 607
1472670 606
1472680 604
1472690 604
1472700 605
1472710 605
1472720 605
1472730 604
1472740 604
1472750 604
1472760 604
1472770 604
1472780 604
1472790 603
1472800 603
1472810 603
1472820 602
1472830 600
1472840 600
1472850 596
1472860 590
1472870 590
1472880 594
1472890 600
1472900 600
1472910 600
1472920 601
1472930 601
1472940 602
1472950 602
1472960 602
1472970 601
1472980 600
1472990 600
1473000 599
1473010 599
1473020 599
1473030 598
1473040 599
1473050 599
1473060 599
1473070 600
1473080 600
1473090 600
1473100 600
1473110 600
1473120 600
1473130 600
1473140 599
1473150 599
1473160 598
1473170 597
1473180 597
1473190 595
1473200 594
1473210 594
1473220 595
1473230 596
1473240 596
1473250 597
1473260 596
1473270 596
1473280 597
1473290 597
1473300 597
1473310 597
1473320 597
1473330 597
1473340 597
1473350 597
1473360 597
1473370 596
1473380 596
1473390 596
1473400 596
1473410 596
1473420 596
1473430 596
1473440 596
1473450 596
1473460 595
1473470 595
1473480 595
1473490 594
1473500 594
1473510 594
1473520 593
1473530 593
1473540 593
1473550 593
1473560 593
1473570 593
1473580 593
1473590 593
1473600 593
1473610 593
1473620 592
1473630 592
1473640 592
1473650 591
1473660 591
1473670 591
1473680 590
1473690 590
1473700 590
1473710 590
1473720 590
1473730 590
1473740 590
1473750 590
1473760 590
1473770 589
1473780 589
1473790 589
1473800 588
1473810 588
1473820 588
1473830 587
1473840 587
1473850 587
1473860 587
1473870 586
1473880 586
1473890 586
1473900 585
1473910 585
1473920 585
1473930 584
1473940 584
1473950 584
1473960 584
1473970 584
1473980 583
1473990 583
1474000 583
1474010 583
1474020 583
1474030 583
1474040 581
1474050 578
1474060 578
1474070 576
1474080 575
1474090 575
1474100 572
1474110 571
1474120 571
1474130 570
1474140 569
1474150 569
1474160 568
1474170 568
1474180 568
1474190 567
1474200 567
1474210 567
1474220 567
1474230 567
1474240 567
1474250 567
1474260 567
1474270 567
1474280 566
1474290 566
1474300 567
1474310 567
1474320 568
1474330 568
1474340 568
1474350 569
1474360 569
1474370 569
1474380 569
1474390 568
1474400 568
1474410 568
1474420 568
1474430 568
1474440 568
1474450 568
1474460 568
1474470 567
1474480 567
1474490 567
1474500 567
1474510 567
1474520 567
1474530 566
1474540 566
1474550 566
1474560 566
1474570 566
1474580 566
1474590 566
1474600 566
1474610 566
1474620 565
1474630 565
1474640 565
1474650 565
1474660 565
1474670 565
1474680 565
1474690 565
1474700 565
1474710 564
1474720 565
1474730 565
1474740 565
1474750 565
1474760 565
1474770 565
1474780 565
1474790 565
1474800 565
1474810 565
1474820 565
1474830 565
1474840 566
1474850 566
1474860 566
1474870 566
1474880 566
1474890 566
1474900 566
1474910 566
1474920 566
1474930 567
1474940 567
1474950 567
1474960 567
1474970 567
1474980 567
1474990 567
1475000 567
1475010 567
1475020 566
1475030 565
1475040 565
1475050 565
1475060 565
1475070 565
1475080 565
1475090 566
1475100 566
1475110 567
1475120 567
1475130 567
1475140 567
1475150 566
1475160 566
1475170 566
1475180 566
1475190 566
1475200 566
1475210 566
1475220 566
1475230 566
1475240 566
1475250 566
1475260 565
1475270 565
1475280 565
1475290 564
1475300 564
1475310 564
1475320 564
1475330 564
1475340 564
1475350 564
1475360 564
1475370 564
1475380 564
1475390 564
1475400 564
1475410 563
1475420 563
1475430 563
1475440 563
1475450 562
1475460 563
1475470 563
1475480 563
1475490 563
1475500 563
1475510 562
1475520 562
1475530 562
1475540 562
1475550 562
1475560 562
1475570 561
1475580 561
1475590 561
1475600 561
1475610 560
1475620 560
1475630 560
1475640 559
1475650 559
1475660 559
1475670 559
1475680 559
1475690 558
1475700 557
1475710 557
1475720 556
1475730 557
1475740 557
1475750 558
1475760 558
1475770 558
1475780 559
1475790 559
1475800 559
1475810 561
1475820 561
1475830 561
1475840 562
1475850 562
1475860 562
1475870 562
1475880 562
1475890 562
1475900 562
1475910 562
1475920 562
1475930 561
1475940 561
1475950 561
1475960 561
1475970 560
1475980 560
1475990 560
1476000 560
1476010 560
1476020 561
1476030 562
1476040 562
1476050 562
1476060 560
1476070 561
1476080 561
1476090 561
1476100 561
1476110 561
1476120 561
1476130 561
1476140 561
1476150 562
1476160 562
1476170 562
1476180 562
1476190 562
1476200 562
1476210 563
1476220 563
1476230 563
1476240 563
1476250 563
1476260 563
1476270 563
1476280 563
1476290 563
1476300 563
1476310 563
1476320 563
1476330 563
1476340 563
1476350 563
1476360 563
1476370 563
1476380 563
1476390 563
1476400 563
1476410 563
1476420 562
1476430 561
1476440 561
1476450 561
1476460 561
1476470 561
1476480 561
1476490 561
1476500 561
1476510 561
1476520 561
1476530 561
1476540 560
1476550 560
1476560 560
1476570 560
1476580 560
1476590 560
1476600 560
1476610 560
1476620 560
1476630 560
1476640 560
1476650 559
1476660 559
1476670 559
1476680 559
1476690 559
1476700 559
1476710 559
1476720 559
1476730 558
1476740 558
1476750 558
1476760 558
1476770 558
1476780 558
1476790 557
1476800 557
1476810 557
1476820 557
1476830 557
1476840 557
1476850 557
1476860 557
1476870 557
1476880 557
1476890 556
1476900 556
1476910 556
1476920 556
1476930 556
1476940 556
1476950 556
1476960 556
1476970 556
1476980 555
1476990 555
1477000 556
1477010 556
1477020 556
1477030 556
1477040 556
1477050 556
1477060 556
1477070 556
1477080 556
1477090 556
1477100 556
1477110 556
1477120 556
1477130 556
1477140 556
1477150 556
1477160 556
1477170 556
1477180 556
1477190 556
1477200 556
1477210 556
1477220 557
1477230 557
1477240 557
1477250 557
1477260 557
1477270 557
1477280 557
1477290 557
1477300 557
1477310 557
1477320 557
1477330 557
1477340 557
1477350 557
1477360 557
1477370 557
1477380 557
1477390 557
1477400 557
1477410 557
1477420 557
1477430 556
1477440 556
1477450 556
1477460 556
1477470 556
1477480 556
1477490 555
1477500 555
1477510 555
1477520 555
1477530 554
1477540 554
1477550 554
1477560 554
1477570 554
1477580 554
1477590 554
1477600 554
1477610 554
1477620 555
1477630 555
1477640 555
1477650 554
1477660 554
1477670 554
1477680 553
1477690 553
1477700 553
1477710 552
1477720 552
1477730 552
1477740 551
1477750 551
1477760 551
1477770 551
1477780 551
1477790 551
1477800 550
1477810 550
1477820 550
1477830 550
1477840 550
1477850 550
1477860 550
1477870 549
1477880 549
1477890 549
1477900 549
1477910 549
1477920 549
1477930 549
1477940 549
1477950 548
1477960 548
1477970 548
1477980 547
1477990 547
1478000 547
1478010 547
1478020 546
1478030 546
1478040 546
1478050 546
1478060 546
1478070 545
1478080 545
1478090 545
1478100 545
1478110 544
1478120 544
1478130 544
1478140 544
1478150 544
1478160 543
1478170 542
1478180 542
1478190 541
1478200 541
1478210 541
1478220 540
1478230 540
1478240 540
1478250 539
1478260 539
1478270 539
1478280 539
1478290 539
1478300 539
1478310 539
1478320 540
1478330 540
1478340 540
1478350 540
1478360 540
1478370 540
1478380 541
1478390 541
1478400 541
1478410 542
1478420 542
1478430 542
1478440 542
1478450 542
1478460 542
1478470 543
1478480 543
1478490 543
1478500 543
1478510 543
1478520 543
1478530 543
1478540 543
1478550 543
1478560 543
1478570 543
1478580 543
1478590 543
1478600 543
1478610 543
1478620 543
1478630 542
1478640 542
1478650 542
1478660 542
1478670 542
1478680 542
1478690 542
1478700 542
1478710 542
1478720 542
1478730 542
1478740 542
1478750 542
1478760 542
1478770 542
1478780 541
1478790 541
1478800 541
1478810 541
1478820 541
1478830 541
1478840 541
1478850 541
1478860 541
1478870 540
1478880 540
1478890 540
1478900 540
1478910 540
1478920 540
1478930 540
1478940 540
1478950 539
1478960 539
1478970 539
1478980 539
1478990 538
1479000 538
1479010 538
1479020 538
1479030 538
1479040 538
1479050 538
1479060 537
1479070 537
1479080 537
1479090 537
1479100 537
1479110 537
1479120 537
1479130 537
1479140 537
1479150 536
1479160 536
1479170 536
1479180 536
1479190 536
1479200 535
1479210 535
1479220 535
1479230 535
1479240 534
1479250 534
1479260 534
1479270 534
1479280 534
1479290 534
1479300 533
1479310 533
1479320 533
1479330 533
1479340 533
1479350 533
1479360 532
1479370 532
1479380 532
1479390 532
1479400 532
1479410 532
1479420 531
1479430 531
1479440 531
1479450 531
1479460 531
1479470 531
1479480 530
1479490 530
1479500 530
1479510 530
1479520 530
1479530 529
1479540 529
1479550 529
1479560 528
1479570 528
1479580 528
1479590 527
1479600 527
1479610 527
1479620 527
1479630 527
1479640 526
1479650 526
1479660 526
1479670 526
1479680 526
1479690 526
1479700 525
1479710 525
1479720 525
1479730 525
1479740 525
1479750 525
1479760 524
1479770 524
1479780 524
1479790 523
1479800 523
1479810 523
1479820 523
1479830 523
1479840 522
1479850 522
1479860 522
1479870 522
1479880 522
1479890 522
1479900 522
1479910 521
1479920 521
1479930 520
1479940 520
1479950 520
1479960 519
1479970 519
1479980 519
1479990 519
