1460000 529
1460010 529
1460020 528
1460030 528
1460040 528
1460050 527
1460060 527
1460070 527
1460080 527
1460090 527
1460100 527
1460110 528
1460120 528
1460130 528
1460140 527
1460150 527
1460160 527
1460170 527
1460180 527
1460190 527
1460200 527
1460210 526
1460220 526
1460230 524
1460240 523
1460250 523
1460260 522
1460270 520
1460280 520
1460290 519
1460300 517
1460310 517
1460320 516
1460330 514
1460340 514
1460350 513
1460360 512
1460370 512
1460380 511
1460390 511
1460400 511
1460410 510
1460420 508
1460430 506
1460440 506
1460450 505
1460460 505
1460470 505
1460480 505
1460490 505
1460500 505
1460510 505
1460520 505
1460530 505
1460540 505
1460550 504
1460560 504
1460570 505
1460580 506
1460590 506
1460600 509
1460610 510
1460620 510
1460630 509
1460640 510
1460650 510
1460660 512
1460670 516
1460680 516
1460690 519
1460700 519
1460710 519
1460720 519
1460730 519
1460740 519
1460750 519
1460760 520
1460770 520
1460780 520
1460790 520
1460800 520
1460810 520
1460820 520
1460830 520
1460840 520
1460850 519
1460860 519
1460870 518
1460880 518
1460890 518
1460900 518
1460910 518
1460920 518
1460930 518
1460940 518
1460950 518
1460960 518
1460970 518
1460980 518
1460990 518
1461000 519
1461010 519
1461020 520
1461030 521
1461040 521
1461050 521
1461060 521
1461070 521
1461080 521
1461090 521
1461100 521
1461110 521
1461120 521
1461130 521
1461140 521
1461150 521
1461160 521
1461170 521
1461180 521
1461190 520
1461200 520
1461210 521
1461220 521
1461230 521
1461240 522
1461250 522
1461260 522
1461270 522
1461280 522
1461290 522
1461300 522
1461310 522
1461320 522
1461330 523
1461340 523
1461350 523
1461360 523
1461370 523
1461380 523
1461390 523
1461400 524
1461410 524
1461420 524
1461430 524
1461440 524
1461450 525
1461460 525
1461470 525
1461480 525
1461490 526
1461500 526
1461510 526
1461520 527
1461530 527
1461540 527
1461550 528
1461560 528
1461570 528
1461580 529
1461590 529
1461600 530
1461610 530
1461620 530
1461630 531
1461640 532
1461650 532
1461660 533
1461670 534
1461680 534
1461690 535
1461700 537
1461710 537
1461720 538
1461730 540
1461740 540
1461750 542
1461760 543
1461770 544
1461780 544
1461790 546
1461800 548
1461810 548
1461820 549
1461830 549
1461840 549
1461850 550
1461860 550
1461870 550
1461880 550
1461890 551
1461900 551
1461910 552
1461920 552
1461930 552
1461940 551
1461950 550
1461960 550
1461970 550
1461980 550
1461990 550
1462000 552
1462010 554
1462020 554
1462030 556
1462040 556
1462050 556
1462060 557
1462070 557
1462080 557
1462090 558
1462100 558
1462110 558
1462120 557
1462130 555
1462140 555
1462150 554
1462160 553
1462170 553
1462180 553
1462190 554
1462200 554
1462210 556
1462220 560
1462230 560
1462240 562
1462250 563
1462260 563
1462270 564
1462280 565
1462290 565
1462300 565
1462310 565
1462320 565
1462330 565
1462340 565
1462350 565
1462360 565
1462370 565
1462380 565
1462390 565
1462400 565
1462410 565
1462420 565
1462430 565
1462440 565
1462450 565
1462460 565
1462470 565
1462480 565
1462490 566
1462500 566
1462510 566
1462520 566
1462530 567
1462540 567
1462550 567
1462560 568
1462570 568
1462580 568
1462590 569
1462600 569
1462610 569
1462620 570
1462630 570
1462640 570
1462650 570
1462660 570
1462670 570
1462680 570
1462690 570
1462700 571
1462710 571
1462720 571
1462730 571
1462740 571
1462750 571
1462760 571
1462770 570
1462780 570
1462790 570
1462800 570
1462810 570
1462820 569
1462830 569
1462840 569
1462850 568
1462860 568
1462870 568
1462880 568
1462890 568
1462900 568
1462910 568
1462920 568
1462930 568
1462940 568
1462950 568
1462960 568
1462970 569
1462980 570
1462990 570
1463000 571
1463010 571
1463020 571
1463030 572
1463040 572
1463050 572
1463060 573
1463070 573
1463080 573
1463090 573
1463100 573
1463110 573
1463120 573
1463130 573
1463140 573
1463150 573
1463160 573
1463170 573
1463180 573
1463190 574
1463200 574
1463210 574
1463220 574
1463230 574
1463240 574
1463250 574
1463260 574
1463270 574
1463280 575
1463290 575
1463300 575
1463310 575
1463320 575
1463330 575
1463340 575
1463350 575
1463360 575
1463370 574
1463380 574
1463390 574
1463400 574
1463410 573
1463420 573
1463430 573
1463440 572
1463450 572
1463460 572
1463470 571
1463480 571
1463490 571
1463500 571
1463510 571
1463520 569
1463530 568
1463540 568
1463550 568
1463560 568
1463570 568
1463580 569
1463590 569
1463600 569
1463610 570
1463620 570
1463630 570
1463640 570
1463650 569
1463660 569
1463670 568
1463680 568
1463690 568
1463700 568
1463710 568
1463720 568
1463730 569
1463740 570
1463750 570
1463760 571
1463770 573
1463780 574
1463790 574
1463800 575
1463810 576
1463820 576
1463830 577
1463840 578
1463850 578
1463860 580
1463870 581
1463880 581
1463890 581
1463900 582
1463910 582
1463920 582
1463930 583
1463940 583
1463950 583
1463960 583
1463970 583
1463980 583
1463990 583
1464000 583
1464010 582
1464020 580
1464030 580
1464040 578
1464050 577
1464060 577
1464070 575
1464080 573
1464090 573
1464100 572
1464110 571
1464120 571
1464130 570
1464140 570
1464150 570
1464160 569
1464170 569
1464180 569
1464190 569
1464200 568
1464210 568
1464220 568
1464230 569
1464240 569
1464250 569
1464260 569
1464270 569
1464280 570
1464290 571
1464300 571
1464310 571
1464320 572
1464330 572
1464340 572
1464350 573
1464360 573
1464370 573
1464380 573
1464390 573
1464400 573
1464410 573
1464420 573
1464430 573
1464440 573
1464450 573
1464460 573
1464470 573
1464480 573
1464490 573
1464500 572
1464510 572
1464520 572
1464530 571
1464540 569
1464550 569
1464560 568
1464570 566
1464580 566
1464590 564
1464600 562
1464610 562
1464620 560
1464630 559
1464640 559
1464650 558
1464660 557
1464670 557
1464680 557
1464690 556
1464700 556
1464710 555
1464720 554
1464730 554
1464740 553
1464750 553
1464760 553
1464770 553
1464780 553
1464790 553
1464800 553
1464810 553
1464820 553
1464830 554
1464840 554
1464850 554
1464860 555
1464870 555
1464880 555
1464890 556
1464900 556
1464910 556
1464920 556
1464930 556
1464940 556
1464950 556
1464960 557
1464970 557
1464980 557
1464990 557
1465000 557
1465010 557
1465020 557
1465030 557
1465040 557
1465050 557
1465060 557
1465070 557
1465080 557
1465090 558
1465100 558
1465110 559
1465120 561
1465130 561
1465140 561
1465150 562
1465160 562
1465170 562
1465180 562
1465190 562
1465200 562
1465210 562
1465220 562
1465230 562
1465240 562
1465250 562
1465260 562
1465270 562
1465280 562
1465290 561
1465300 561
1465310 561
1465320 560
1465330 559
1465340 559
1465350 558
1465360 557
1465370 557
1465380 556
1465390 556
1465400 556
1465410 556
1465420 556
1465430 556
1465440 557
1465450 557
1465460 557
1465470 558
1465480 560
1465490 560
1465500 561
1465510 562
1465520 562
1465530 563
1465540 564
1465550 564
1465560 565
1465570 566
1465580 566
1465590 566
1465600 567
1465610 567
1465620 568
1465630 568
1465640 568
1465650 569
1465660 569
1465670 569
1465680 569
1465690 570
1465700 570
1465710 570
1465720 570
1465730 570
1465740 571
1465750 571
1465760 572
1465770 572
1465780 572
1465790 573
1465800 573
1465810 573
1465820 573
1465830 573
1465840 574
1465850 574
1465860 574
1465870 574
1465880 574
1465890 574
1465900 574
1465910 574
1465920 574
1465930 574
1465940 575
1465950 575
1465960 575
1465970 575
1465980 575
1465990 576
1466000 577
1466010 577
1466020 578
1466030 579
1466040 579
1466050 580
1466060 581
1466070 581
1466080 582
1466090 583
1466100 583
1466110 585
1466120 586
1466130 586
1466140 587
1466150 587
1466160 587
1466170 588
1466180 588
1466190 588
1466200 589
1466210 589
1466220 589
1466230 589
1466240 588
1466250 588
1466260 587
1466270 586
1466280 586
1466290 585
1466300 583
1466310 583
1466320 582
1466330 580
1466340 580
1466350 578
1466360 576
1466370 576
1466380 576
1466390 576
1466400 576
1466410 575
1466420 575
1466430 575
1466440 575
1466450 575
1466460 576
1466470 576
1466480 576
1466490 577
1466500 577
1466510 579
1466520 581
1466530 581
1466540 582
1466550 584
1466560 584
1466570 586
1466580 587
1466590 587
1466600 589
1466610 591
1466620 591
1466630 593
1466640 594
1466650 594
1466660 595
1466670 596
1466680 596
1466690 596
1466700 596
1466710 596
1466720 595
1466730 594
1466740 594
1466750 594
1466760 593
1466770 593
1466780 592
1466790 591
1466800 591
1466810 590
1466820 589
1466830 589
1466840 589
1466850 588
1466860 588
1466870 587
1466880 587
1466890 587
1466900 586
1466910 586
1466920 586
1466930 585
1466940 585
1466950 585
1466960 585
1466970 584
1466980 584
1466990 584
1467000 584
1467010 584
1467020 584
1467030 583
1467040 583
1467050 583
1467060 582
1467070 582
1467080 582
1467090 581
1467100 580
1467110 580
1467120 578
1467130 575
1467140 575
1467150 573
1467160 571
1467170 571
1467180 570
1467190 570
1467200 570
1467210 569
1467220 569
1467230 569
1467240 570
1467250 570
1467260 570
1467270 571
1467280 572
1467290 572
1467300 574
1467310 576
1467320 576
1467330 578
1467340 580
1467350 580
1467360 582
1467370 584
1467380 584
1467390 586
1467400 588
1467410 588
1467420 590
1467430 591
1467440 591
1467450 592
1467460 593
1467470 593
1467480 593
1467490 593
1467500 593
1467510 593
1467520 593
1467530 593
1467540 594
1467550 594
1467560 594
1467570 595
1467580 595
1467590 595
1467600 596
1467610 597
1467620 597
1467630 599
1467640 600
1467650 600
1467660 601
1467670 602
1467680 602
1467690 603
1467700 603
1467710 603
1467720 603
1467730 603
1467740 601
1467750 601
1467760 598
1467770 597
1467780 597
1467790 597
1467800 597
1467810 597
1467820 597
1467830 597
1467840 597
1467850 597
1467860 597
1467870 597
1467880 598
1467890 598
1467900 598
1467910 599
1467920 600
1467930 600
1467940 601
1467950 601
1467960 601
1467970 602
1467980 602
1467990 602
1468000 601
1468010 601
1468020 601
1468030 601
1468040 599
1468050 599
1468060 595
1468070 590
1468080 590
1468090 588
1468100 588
1468110 588
1468120 589
1468130 591
1468140 591
1468150 593
1468160 596
1468170 596
1468180 600
1468190 604
1468200 604
1468210 609
1468220 610
1468230 610
1468240 610
1468250 610
1468260 610
1468270 610
1468280 611
1468290 611
1468300 612
1468310 612
1468320 612
1468330 613
1468340 614
1468350 614
1468360 614
1468370 617
1468380 617
1468390 619
1468400 619
1468410 619
1468420 619
1468430 620
1468440 622
1468450 622
1468460 624
1468470 626
1468480 626
1468490 627
1468500 629
1468510 629
1468520 630
1468530 632
1468540 632
1468550 633
1468560 635
1468570 635
1468580 635
1468590 636
1468600 636
1468610 636
1468620 635
1468630 635
1468640 635
1468650 633
1468660 633
1468670 630
1468680 626
1468690 626
1468700 623
1468710 620
1468720 620
1468730 625
1468740 628
1468750 628
1468760 631
1468770 632
1468780 632
1468790 633
1468800 633
1468810 633
1468820 634
1468830 634
1468840 634
1468850 634
1468860 633
1468870 633
1468880 633
1468890 633
1468900 633
1468910 633
1468920 633
1468930 633
1468940 632
1468950 632
1468960 632
1468970 632
1468980 632
1468990 632
1469000 632
1469010 632
1469020 632
1469030 632
1469040 632
1469050 632
1469060 632
1469070 633
1469080 634
1469090 634
1469100 635
1469110 636
1469120 636
1469130 637
1469140 638
1469150 638
1469160 639
1469170 640
1469180 640
1469190 641
1469200 642
1469210 642
1469220 644
1469230 646
1469240 646
1469250 647
1469260 649
1469270 649
1469280 652
1469290 654
1469300 654
1469310 657
1469320 661
1469330 661
1469340 666
1469350 669
1469360 669
1469370 669
1469380 668
1469390 668
1469400 667
1469410 665
1469420 665
1469430 664
1469440 663
1469450 663
1469460 662
1469470 662
1469480 662
1469490 661
1469500 661
1469510 661
1469520 661
1469530 660
1469540 660
1469550 660
1469560 660
1469570 660
1469580 661
1469590 662
1469600 662
1469610 662
1469620 663
1469630 663
1469640 664
1469650 665
1469660 665
1469670 665
1469680 665
1469690 665
1469700 665
1469710 665
1469720 665
1469730 664
1469740 663
1469750 661
1469760 661
1469770 661
1469780 659
1469790 659
1469800 658
1469810 657
1469820 657
1469830 657
1469840 656
1469850 656
1469860 655
1469870 654
1469880 654
1469890 654
1469900 655
1469910 655
1469920 656
1469930 654
1469940 654
1469950 650
1469960 645
1469970 645
1469980 642
1469990 640
1470000 640
1470010 639
1470020 637
1470030 637
1470040 637
1470050 639
1470060 639
1470070 641
1470080 645
1470090 645
1470100 650
1470110 654
1470120 654
1470130 657
1470140 659
1470150 659
1470160 660
1470170 660
1470180 660
1470190 661
1470200 661
1470210 661
1470220 662
1470230 662
1470240 662
1470250 663
1470260 663
1470270 663
1470280 664
1470290 665
1470300 665
1470310 666
1470320 667
1470330 667
1470340 667
1470350 668
1470360 668
1470370 668
1470380 668
1470390 668
1470400 668
1470410 667
1470420 667
1470430 667
1470440 666
1470450 665
1470460 665
1470470 665
1470480 665
1470490 665
1470500 666
1470510 666
1470520 666
1470530 666
1470540 666
1470550 666
1470560 666
1470570 665
1470580 665
1470590 663
1470600 666
1470610 666
1470620 669
1470630 670
1470640 670
1470650 670
1470660 671
1470670 671
1470680 672
1470690 675
1470700 675
1470710 677
1470720 677
1470730 677
1470740 677
1470750 676
1470760 676
1470770 675
1470780 676
1470790 676
1470800 678
1470810 678
1470820 678
1470830 679
1470840 681
1470850 681
1470860 682
1470870 683
1470880 683
1470890 684
1470900 685
1470910 685
1470920 685
1470930 686
1470940 686
1470950 683
1470960 682
1470970 682
1470980 686
1470990 689
1471000 689
1471010 691
1471020 694
1471030 694
1471040 698
1471050 701
1471060 702
1471070 702
1471080 704
1471090 704
1471100 704
1471110 704
1471120 705
1471130 705
1471140 709
1471150 711
1471160 711
1471170 713
1471180 713
1471190 713
1471200 713
1471210 710
1471220 710
1471230 713
1471240 715
1471250 715
1471260 716
1471270 716
1471280 716
1471290 718
1471300 719
1471310 719
1471320 722
1471330 724
1471340 724
1471350 725
1471360 727
1471370 727
1471380 730
1471390 733
1471400 733
1471410 735
1471420 736
1471430 736
1471440 739
1471450 741
1471460 741
1471470 743
1471480 744
1471490 744
1471500 745
1471510 747
1471520 747
1471530 750
1471540 754
1471550 754
1471560 758
1471570 760
1471580 760
1471590 762
1471600 763
1471610 763
1471620 764
1471630 767
1471640 767
1471650 769
1471660 772
1471670 772
1471680 776
1471690 778
1471700 778
1471710 779
1471720 779
1471730 781
1471740 781
1471750 783
1471760 785
1471770 785
1471780 787
1471790 790
1471800 790
1471810 795
1471820 798
1471830 798
1471840 800
1471850 801
1471860 801
1471870 803
1471880 803
1471890 803
1471900 804
1471910 804
1471920 804
1471930 804
1471940 804
1471950 804
1471960 805
1471970 806
1471980 806
1471990 809
1472000 812
1472010 812
1472020 816
1472030 820
1472040 820
1472050 825
1472060 828
1472070 828
1472080 830
1472090 833
1472100 833
1472110 836
1472120 839
1472130 839
1472140 842
1472150 845
1472160 845
1472170 846
1472180 847
1472190 847
1472200 849
1472210 851
1472220 851
1472230 851
1472240 851
1472250 851
1472260 851
1472270 850
1472280 850
1472290 850
1472300 850
1472310 850
1472320 851
1472330 853
1472340 853
1472350 855
1472360 859
1472370 859
1472380 862
1472390 865
1472400 867
1472410 867
1472420 869
1472430 871
1472440 871
1472450 873
1472460 877
1472470 877
1472480 878
1472490 881
1472500 881
1472510 885
1472520 889
1472530 889
1472540 892
1472550 896
1472560 896
1472570 900
1472580 905
1472590 905
1472600 909
1472610 915
1472620 915
1472630 920
1472640 926
1472650 926
1472660 930
1472670 931
1472680 931
1472690 928
1472700 926
1472710 926
1472720 924
1472730 921
1472740 921
1472750 919
1472760 917
1472770 917
1472780 915
1472790 915
1472800 915
1472810 914
1472820 914
1472830 914
1472840 913
1472850 911
1472860 911
1472870 912
1472880 914
1472890 914
1472900 916
1472910 916
1472920 916
1472930 917
1472940 918
1472950 918
1472960 918
1472970 919
1472980 919
1472990 920
1473000 920
1473010 920
1473020 919
1473030 922
1473040 924
1473050 924
1473060 926
1473070 927
1473080 927
1473090 929
1473100 931
1473110 931
1473120 934
1473130 936
1473140 936
1473150 936
1473160 936
1473170 936
1473180 934
1473190 934
1473200 934
1473210 933
1473220 935
1473230 935
1473240 937
1473250 939
1473260 939
1473270 940
1473280 942
1473290 942
1473300 944
1473310 946
1473320 946
1473330 947
1473340 949
1473350 949
1473360 950
1473370 951
1473380 951
1473390 953
1473400 953
1473410 953
1473420 954
1473430 955
1473440 955
1473450 955
1473460 955
1473470 955
1473480 954
1473490 952
1473500 952
1473510 951
1473520 950
1473530 950
1473540 950
1473550 950
1473560 950
1473570 952
1473580 953
1473590 953
1473600 952
1473610 951
1473620 951
1473630 950
1473640 950
1473650 950
1473660 949
1473670 947
1473680 947
1473690 946
1473700 945
1473710 943
1473720 943
1473730 942
1473740 940
1473750 940
1473760 938
1473770 936
1473780 936
1473790 934
1473800 931
1473810 931
1473820 926
1473830 922
1473840 922
1473850 919
1473860 917
1473870 917
1473880 914
1473890 912
1473900 912
1473910 910
1473920 907
1473930 907
1473940 904
1473950 902
1473960 902
1473970 901
1473980 901
1473990 901
1474000 900
1474010 900
1474020 900
1474030 900
1474040 899
1474050 899
1474060 899
1474070 898
1474080 898
1474090 898
1474100 897
1474110 897
1474120 895
1474130 894
1474140 894
1474150 892
1474160 890
1474170 890
1474180 887
1474190 882
1474200 882
1474210 877
1474220 879
1474230 879
1474240 883
1474250 884
1474260 884
1474270 883
1474280 882
1474290 882
1474300 880
1474310 878
1474320 878
1474330 877
1474340 875
1474350 875
1474360 873
1474370 871
1474380 868
1474390 868
1474400 864
1474410 861
1474420 861
1474430 860
1474440 859
1474450 859
1474460 857
1474470 855
1474480 855
1474490 851
1474500 848
1474510 848
1474520 844
1474530 841
1474540 841
1474550 847
1474560 848
1474570 848
1474580 850
1474590 850
1474600 850
1474610 849
1474620 848
1474630 848
1474640 847
1474650 846
1474660 846
1474670 844
1474680 843
1474690 843
1474700 841
1474710 839
1474720 839
1474730 837
1474740 835
1474750 835
1474760 833
1474770 831
1474780 831
1474790 830
1474800 828
1474810 828
1474820 826
1474830 825
1474840 825
1474850 823
1474860 822
1474870 822
1474880 821
1474890 819
1474900 819
1474910 818
1474920 816
1474930 816
1474940 815
1474950 814
1474960 814
1474970 812
1474980 809
1474990 809
1475000 807
1475010 804
1475020 804
1475030 803
1475040 802
1475050 800
1475060 800
1475070 799
1475080 798
1475090 798
1475100 799
1475110 798
1475120 798
1475130 798
1475140 798
1475150 798
1475160 798
1475170 798
1475180 798
1475190 797
1475200 797
1475210 797
1475220 797
1475230 798
1475240 798
1475250 797
1475260 798
1475270 798
1475280 798
1475290 799
1475300 799
1475310 801
1475320 803
1475330 803
1475340 804
1475350 806
1475360 806
1475370 808
1475380 810
1475390 810
1475400 812
1475410 814
1475420 814
1475430 816
1475440 818
1475450 818
1475460 821
1475470 823
1475480 823
1475490 825
1475500 826
1475510 826
1475520 827
1475530 828
1475540 828
1475550 829
1475560 829
1475570 829
1475580 830
1475590 830
1475600 830
1475610 829
1475620 829
1475630 829
1475640 828
1475650 827
1475660 827
1475670 826
1475680 824
1475690 824
1475700 822
1475710 820
1475720 818
1475730 818
1475740 814
1475750 810
1475760 810
1475770 805
1475780 801
1475790 801
1475800 796
1475810 792
1475820 792
1475830 789
1475840 787
1475850 787
1475860 785
1475870 785
1475880 785
1475890 785
1475900 784
1475910 784
1475920 785
1475930 785
1475940 785
1475950 784
1475960 784
1475970 784
1475980 784
1475990 784
1476000 784
1476010 783
1476020 784
1476030 784
1476040 784
1476050 784
1476060 784
1476070 784
1476080 785
1476090 785
1476100 786
1476110 786
1476120 786
1476130 786
1476140 786
1476150 786
1476160 787
1476170 787
1476180 787
1476190 787
1476200 788
1476210 788
1476220 789
1476230 791
1476240 791
1476250 793
1476260 796
1476270 796
1476280 799
1476290 802
1476300 802
1476310 807
1476320 811
1476330 811
1476340 815
1476350 818
1476360 822
1476370 822
1476380 825
1476390 828
1476400 828
1476410 831
1476420 833
1476430 833
1476440 836
1476450 838
1476460 838
1476470 840
1476480 843
1476490 843
1476500 844
1476510 847
1476520 847
1476530 849
1476540 850
1476550 850
1476560 852
1476570 854
1476580 854
1476590 855
1476600 857
1476610 857
1476620 860
1476630 862
1476640 862
1476650 864
1476660 865
1476670 865
1476680 866
1476690 867
1476700 867
1476710 866
1476720 868
1476730 868
1476740 869
1476750 871
1476760 871
1476770 871
1476780 873
1476790 873
1476800 876
1476810 878
1476820 878
1476830 879
1476840 881
1476850 881
1476860 883
1476870 882
1476880 882
1476890 882
1476900 883
1476910 883
1476920 882
1476930 884
1476940 884
1476950 885
1476960 885
1476970 885
1476980 884
1476990 884
1477000 884
1477010 885
1477020 885
1477030 885
1477040 885
1477050 887
1477060 889
1477070 889
1477080 889
1477090 887
1477100 887
1477110 884
1477120 884
1477130 884
1477140 888
1477150 890
1477160 890
1477170 890
1477180 889
1477190 889
1477200 885
1477210 883
1477220 883
1477230 882
1477240 881
1477250 881
1477260 881
1477270 880
1477280 880
1477290 882
1477300 885
1477310 885
1477320 888
1477330 889
1477340 889
1477350 890
1477360 892
1477370 892
1477380 893
1477390 893
1477400 893
1477410 894
1477420 895
1477430 895
1477440 895
1477450 895
1477460 895
1477470 897
1477480 900
1477490 900
1477500 902
1477510 904
1477520 904
1477530 905
1477540 907
1477550 907
1477560 909
1477570 911
1477580 911
1477590 913
1477600 917
1477610 917
1477620 920
1477630 923
1477640 923
1477650 927
1477660 931
1477670 931
1477680 936
1477690 941
1477700 946
1477710 946
1477720 950
1477730 953
1477740 953
1477750 958
1477760 962
1477770 962
1477780 966
1477790 968
1477800 968
1477810 972
1477820 975
1477830 975
1477840 978
1477850 980
1477860 980
1477870 983
1477880 984
1477890 984
1477900 986
1477910 987
1477920 987
1477930 987
1477940 988
1477950 988
1477960 989
1477970 987
1477980 987
1477990 987
1478000 986
1478010 986
1478020 984
1478030 981
1478040 981
1478050 976
1478060 971
1478070 971
1478080 966
1478090 960
1478100 960
1478110 954
1478120 950
1478130 950
1478140 947
1478150 943
1478160 943
1478170 940
1478180 936
1478190 936
1478200 933
1478210 929
1478220 929
1478230 926
1478240 923
1478250 923
1478260 921
1478270 919
1478280 919
1478290 916
1478300 914
1478310 914
1478320 911
1478330 908
1478340 908
1478350 905
1478360 902
1478370 898
1478380 898
1478390 895
1478400 891
1478410 891
1478420 888
1478430 885
1478440 885
1478450 881
1478460 874
1478470 874
1478480 870
1478490 866
1478500 866
1478510 863
1478520 861
1478530 861
1478540 859
1478550 857
1478560 857
1478570 855
1478580 853
1478590 853
1478600 848
1478610 843
1478620 843
1478630 840
1478640 837
1478650 837
1478660 835
1478670 831
1478680 831
1478690 827
1478700 825
1478710 825
1478720 823
1478730 820
1478740 820
1478750 819
1478760 818
1478770 818
1478780 816
1478790 813
1478800 813
1478810 810
1478820 807
1478830 807
1478840 804
1478850 802
1478860 802
1478870 800
1478880 797
1478890 797
1478900 795
1478910 793
1478920 793
1478930 791
1478940 789
1478950 789
1478960 789
1478970 790
1478980 790
1478990 790
1479000 784
1479010 782
1479020 782
1479030 783
1479040 785
1479050 785
1479060 786
1479070 785
1479080 785
1479090 782
1479100 779
1479110 779
1479120 778
1479130 776
1479140 776
1479150 774
1479160 772
1479170 772
1479180 770
1479190 766
1479200 766
1479210 764
1479220 761
1479230 761
1479240 756
1479250 752
1479260 752
1479270 746
1479280 740
1479290 740
1479300 735
1479310 732
1479320 732
1479330 728
1479340 725
1479350 725
1479360 721
1479370 719
1479380 719
1479390 717
1479400 713
1479410 713
1479420 711
1479430 709
1479440 709
1479450 707
1479460 704
1479470 704
1479480 702
1479490 698
1479500 698
1479510 695
1479520 691
1479530 691
1479540 688
1479550 685
1479560 685
1479570 682
1479580 680
1479590 680
1479600 677
1479610 674
1479620 674
1479630 670
1479640 667
1479650 667
1479660 664
1479670 661
1479680 659
1479690 659
1479700 656
1479710 652
1479720 652
1479730 649
1479740 646
1479750 646
1479760 643
1479770 642
1479780 642
1479790 640
1479800 638
1479810 638
1479820 636
1479830 634
1479840 634
1479850 633
1479860 631
1479870 631
1479880 629
1479890 626
1479900 626
1479910 623
1479920 622
1479930 622
1479940 618
1479950 616
1479960 616
1479970 614
1479980 614
1479990 614
