1460000 533
1460010 533
1460020 531
1460030 529
1460040 529
1460050 527
1460060 526
1460070 526
1460080 525
1460090 524
1460100 524
1460110 523
1460120 522
1460130 522
1460140 522
1460150 521
1460160 521
1460170 522
1460180 522
1460190 522
1460200 520
1460210 520
1460220 520
1460230 520
1460240 520
1460250 520
1460260 520
1460270 519
1460280 519
1460290 519
1460300 519
1460310 518
1460320 518
1460330 517
1460340 516
1460350 516
1460360 516
1460370 514
1460380 514
1460390 514
1460400 511
1460410 511
1460420 511
1460430 511
1460440 511
1460450 511
1460460 510
1460470 510
1460480 509
1460490 509
1460500 509
1460510 509
1460520 509
1460530 509
1460540 509
1460550 509
1460560 509
1460570 509
1460580 506
1460590 506
1460600 506
1460610 506
1460620 506
1460630 506
1460640 506
1460650 506
1460660 506
1460670 506
1460680 506
1460690 506
1460700 506
1460710 506
1460720 505
1460730 505
1460740 505
1460750 507
1460760 507
1460770 507
1460780 507
1460790 508
1460800 508
1460810 509
1460820 509
1460830 509
1460840 509
1460850 509
1460860 509
1460870 510
1460880 510
1460890 510
1460900 509
1460910 509
1460920 509
1460930 509
1460940 509
1460950 509
1460960 510
1460970 510
1460980 511
1460990 511
1461000 513
1461010 516
1461020 516
1461030 516
1461040 515
1461050 515
1461060 515
1461070 516
1461080 516
1461090 516
1461100 517
1461110 517
1461120 518
1461130 518
1461140 518
1461150 519
1461160 519
1461170 519
1461180 519
1461190 519
1461200 519
1461210 519
1461220 519
1461230 519
1461240 518
1461250 518
1461260 518
1461270 519
1461280 518
1461290 518
1461300 518
1461310 517
1461320 517
1461330 517
1461340 517
1461350 517
1461360 517
1461370 518
1461380 518
1461390 518
1461400 518
1461410 518
1461420 519
1461430 520
1461440 520
1461450 520
1461460 521
1461470 521
1461480 523
1461490 524
1461500 524
1461510 525
1461520 527
1461530 527
1461540 528
1461550 529
1461560 529
1461570 530
1461580 531
1461590 531
1461600 532
1461610 532
1461620 533
1461630 533
1461640 534
1461650 535
1461660 535
1461670 536
1461680 537
1461690 537
1461700 537
1461710 537
1461720 537
1461730 537
1461740 538
1461750 538
1461760 538
1461770 538
1461780 538
1461790 538
1461800 538
1461810 538
1461820 538
1461830 539
1461840 539
1461850 540
1461860 541
1461870 541
1461880 542
1461890 544
1461900 544
1461910 545
1461920 546
1461930 546
1461940 547
1461950 548
1461960 548
1461970 548
1461980 548
1461990 548
1462000 548
1462010 549
1462020 549
1462030 549
1462040 549
1462050 549
1462060 549
1462070 549
1462080 549
1462090 550
1462100 550
1462110 551
1462120 551
1462130 551
1462140 551
1462150 551
1462160 551
1462170 551
1462180 552
1462190 552
1462200 552
1462210 552
1462220 552
1462230 552
1462240 552
1462250 553
1462260 553
1462270 553
1462280 554
1462290 554
1462300 554
1462310 555
1462320 555
1462330 555
1462340 556
1462350 556
1462360 556
1462370 556
1462380 556
1462390 556
1462400 556
1462410 557
1462420 557
1462430 558
1462440 560
1462450 560
1462460 561
1462470 561
1462480 561
1462490 562
1462500 562
1462510 562
1462520 562
1462530 562
1462540 562
1462550 562
1462560 562
1462570 562
1462580 562
1462590 562
1462600 562
1462610 562
1462620 562
1462630 562
1462640 563
1462650 563
1462660 563
1462670 563
1462680 563
1462690 563
1462700 563
1462710 563
1462720 563
1462730 563
1462740 563
1462750 563
1462760 563
1462770 564
1462780 564
1462790 564
1462800 564
1462810 564
1462820 564
1462830 565
1462840 565
1462850 565
1462860 565
1462870 565
1462880 565
1462890 566
1462900 566
1462910 566
1462920 566
1462930 566
1462940 566
1462950 566
1462960 566
1462970 566
1462980 566
1462990 566
1463000 566
1463010 567
1463020 568
1463030 568
1463040 569
1463050 570
1463060 570
1463070 570
1463080 570
1463090 570
1463100 570
1463110 570
1463120 570
1463130 571
1463140 571
1463150 571
1463160 571
1463170 571
1463180 571
1463190 572
1463200 572
1463210 572
1463220 572
1463230 573
1463240 573
1463250 573
1463260 573
1463270 573
1463280 573
1463290 573
1463300 573
1463310 573
1463320 573
1463330 573
1463340 573
1463350 574
1463360 574
1463370 574
1463380 574
1463390 574
1463400 574
1463410 574
1463420 574
1463430 573
1463440 573
1463450 573
1463460 572
1463470 572
1463480 572
1463490 571
1463500 570
1463510 570
1463520 569
1463530 569
1463540 569
1463550 568
1463560 567
1463570 567
1463580 567
1463590 566
1463600 566
1463610 565
1463620 565
1463630 564
1463640 564
1463650 564
1463660 563
1463670 563
1463680 562
1463690 562
1463700 562
1463710 561
1463720 560
1463730 560
1463740 560
1463750 559
1463760 559
1463770 559
1463780 559
1463790 559
1463800 559
1463810 559
1463820 559
1463830 559
1463840 560
1463850 560
1463860 561
1463870 564
1463880 564
1463890 566
1463900 568
1463910 568
1463920 569
1463930 570
1463940 570
1463950 572
1463960 573
1463970 573
1463980 574
1463990 575
1464000 575
1464010 577
1464020 577
1464030 577
1464040 578
1464050 580
1464060 580
1464070 581
1464080 581
1464090 581
1464100 580
1464110 580
1464120 580
1464130 580
1464140 580
1464150 580
1464160 579
1464170 578
1464180 578
1464190 576
1464200 575
1464210 575
1464220 574
1464230 573
1464240 573
1464250 573
1464260 573
1464270 573
1464280 572
1464290 572
1464300 572
1464310 572
1464320 572
1464330 572
1464340 572
1464350 571
1464360 571
1464370 571
1464380 571
1464390 570
1464400 570
1464410 569
1464420 569
1464430 569
1464440 568
1464450 567
1464460 567
1464470 567
1464480 567
1464490 567
1464500 566
1464510 567
1464520 567
1464530 567
1464540 568
1464550 568
1464560 568
1464570 568
1464580 568
1464590 568
1464600 568
1464610 568
1464620 568
1464630 567
1464640 567
1464650 566
1464660 566
1464670 566
1464680 565
1464690 565
1464700 565
1464710 563
1464720 562
1464730 562
1464740 561
1464750 560
1464760 560
1464770 559
1464780 557
1464790 557
1464800 556
1464810 555
1464820 555
1464830 555
1464840 555
1464850 555
1464860 554
1464870 553
1464880 553
1464890 552
1464900 551
1464910 551
1464920 551
1464930 550
1464940 550
1464950 550
1464960 550
1464970 550
1464980 550
1464990 550
1465000 550
1465010 550
1465020 550
1465030 549
1465040 549
1465050 548
1465060 549
1465070 549
1465080 551
1465090 552
1465100 552
1465110 553
1465120 553
1465130 553
1465140 554
1465150 555
1465160 555
1465170 556
1465180 556
1465190 556
1465200 555
1465210 554
1465220 554
1465230 554
1465240 554
1465250 554
1465260 554
1465270 554
1465280 554
1465290 555
1465300 555
1465310 555
1465320 555
1465330 555
1465340 555
1465350 555
1465360 555
1465370 555
1465380 556
1465390 556
1465400 556
1465410 557
1465420 558
1465430 558
1465440 559
1465450 559
1465460 559
1465470 559
1465480 560
1465490 560
1465500 560
1465510 560
1465520 560
1465530 561
1465540 561
1465550 561
1465560 562
1465570 563
1465580 563
1465590 564
1465600 565
1465610 565
1465620 566
1465630 567
1465640 568
1465650 568
1465660 568
1465670 569
1465680 569
1465690 569
1465700 570
1465710 570
1465720 570
1465730 570
1465740 570
1465750 570
1465760 570
1465770 570
1465780 570
1465790 570
1465800 570
1465810 570
1465820 570
1465830 570
1465840 570
1465850 569
1465860 569
1465870 569
1465880 569
1465890 569
1465900 569
1465910 569
1465920 569
1465930 569
1465940 569
1465950 569
1465960 569
1465970 570
1465980 570
1465990 571
1466000 572
1466010 572
1466020 575
1466030 577
1466040 577
1466050 578
1466060 580
1466070 580
1466080 581
1466090 583
1466100 583
1466110 584
1466120 586
1466130 586
1466140 587
1466150 589
1466160 589
1466170 590
1466180 591
1466190 591
1466200 592
1466210 593
1466220 593
1466230 594
1466240 594
1466250 594
1466260 594
1466270 593
1466280 593
1466290 592
1466300 590
1466310 588
1466320 588
1466330 586
1466340 584
1466350 584
1466360 582
1466370 580
1466380 580
1466390 578
1466400 576
1466410 576
1466420 574
1466430 572
1466440 572
1466450 571
1466460 569
1466470 569
1466480 567
1466490 565
1466500 565
1466510 565
1466520 565
1466530 565
1466540 565
1466550 565
1466560 565
1466570 565
1466580 565
1466590 565
1466600 565
1466610 567
1466620 567
1466630 568
1466640 570
1466650 570
1466660 573
1466670 575
1466680 575
1466690 578
1466700 580
1466710 580
1466720 581
1466730 583
1466740 583
1466750 584
1466760 585
1466770 585
1466780 587
1466790 588
1466800 588
1466810 589
1466820 590
1466830 590
1466840 591
1466850 591
1466860 591
1466870 592
1466880 592
1466890 592
1466900 593
1466910 593
1466920 593
1466930 593
1466940 593
1466950 593
1466960 593
1466970 593
1466980 593
1466990 593
1467000 592
1467010 592
1467020 592
1467030 592
1467040 592
1467050 592
1467060 592
1467070 592
1467080 592
1467090 592
1467100 592
1467110 592
1467120 592
1467130 592
1467140 592
1467150 592
1467160 591
1467170 591
1467180 591
1467190 591
1467200 591
1467210 590
1467220 589
1467230 589
1467240 588
1467250 587
1467260 587
1467270 585
1467280 584
1467290 584
1467300 582
1467310 581
1467320 581
1467330 579
1467340 574
1467350 574
1467360 571
1467370 568
1467380 568
1467390 567
1467400 567
1467410 567
1467420 567
1467430 567
1467440 567
1467450 567
1467460 567
1467470 567
1467480 567
1467490 567
1467500 567
1467510 570
1467520 573
1467530 573
1467540 576
1467550 578
1467560 578
1467570 581
1467580 583
1467590 583
1467600 586
1467610 589
1467620 589
1467630 591
1467640 592
1467650 593
1467660 593
1467670 593
1467680 592
1467690 592
1467700 591
1467710 590
1467720 590
1467730 589
1467740 587
1467750 587
1467760 586
1467770 586
1467780 586
1467790 585
1467800 585
1467810 585
1467820 585
1467830 585
1467840 585
1467850 584
1467860 584
1467870 584
1467880 584
1467890 585
1467900 585
1467910 585
1467920 586
1467930 586
1467940 586
1467950 587
1467960 587
1467970 588
1467980 589
1467990 589
1468000 589
1468010 589
1468020 589
1468030 589
1468040 589
1468050 589
1468060 588
1468070 588
1468080 588
1468090 588
1468100 586
1468110 586
1468120 584
1468130 583
1468140 583
1468150 581
1468160 579
1468170 579
1468180 578
1468190 578
1468200 578
1468210 579
1468220 581
1468230 581
1468240 584
1468250 586
1468260 586
1468270 588
1468280 590
1468290 590
1468300 592
1468310 593
1468320 594
1468330 594
1468340 595
1468350 596
1468360 596
1468370 596
1468380 597
1468390 597
1468400 597
1468410 597
1468420 597
1468430 597
1468440 596
1468450 596
1468460 596
1468470 595
1468480 595
1468490 595
1468500 595
1468510 595
1468520 595
1468530 594
1468540 594
1468550 594
1468560 594
1468570 594
1468580 593
1468590 592
1468600 592
1468610 592
1468620 592
1468630 592
1468640 591
1468650 592
1468660 592
1468670 592
1468680 591
1468690 591
1468700 590
1468710 589
1468720 589
1468730 588
1468740 587
1468750 587
1468760 587
1468770 586
1468780 586
1468790 583
1468800 581
1468810 581
1468820 581
1468830 581
1468840 581
1468850 581
1468860 580
1468870 581
1468880 580
1468890 581
1468900 581
1468910 581
1468920 582
1468930 582
1468940 583
1468950 584
1468960 584
1468970 585
1468980 585
1468990 587
1469000 587
1469010 588
1469020 590
1469030 590
1469040 592
1469050 595
1469060 595
1469070 596
1469080 598
1469090 598
1469100 599
1469110 600
1469120 600
1469130 600
1469140 602
1469150 602
1469160 605
1469170 609
1469180 609
1469190 607
1469200 605
1469210 605
1469220 604
1469230 605
1469240 605
1469250 605
1469260 606
1469270 606
1469280 606
1469290 606
1469300 606
1469310 606
1469320 606
1469330 606
1469340 606
1469350 605
1469360 605
1469370 605
1469380 604
1469390 604
1469400 604
1469410 604
1469420 604
1469430 603
1469440 603
1469450 603
1469460 602
1469470 602
1469480 602
1469490 602
1469500 602
1469510 602
1469520 601
1469530 601
1469540 601
1469550 601
1469560 601
1469570 601
1469580 600
1469590 599
1469600 599
1469610 598
1469620 597
1469630 597
1469640 597
1469650 596
1469660 596
1469670 596
1469680 597
1469690 598
1469700 598
1469710 598
1469720 599
1469730 599
1469740 599
1469750 599
1469760 599
1469770 600
1469780 600
1469790 600
1469800 600
1469810 601
1469820 601
1469830 601
1469840 602
1469850 602
1469860 602
1469870 602
1469880 602
1469890 603
1469900 603
1469910 603
1469920 603
1469930 603
1469940 603
1469950 603
1469960 604
1469970 604
1469980 604
1469990 604
1470000 604
1470010 605
1470020 605
1470030 605
1470040 606
1470050 607
1470060 607
1470070 608
1470080 609
1470090 609
1470100 610
1470110 612
1470120 612
1470130 614
1470140 616
1470150 616
1470160 618
1470170 620
1470180 620
1470190 621
1470200 623
1470210 623
1470220 624
1470230 626
1470240 626
1470250 627
1470260 629
1470270 629
1470280 630
1470290 631
1470300 631
1470310 632
1470320 633
1470330 635
1470340 635
1470350 637
1470360 639
1470370 639
1470380 641
1470390 644
1470400 644
1470410 646
1470420 647
1470430 647
1470440 649
1470450 651
1470460 651
1470470 654
1470480 656
1470490 656
1470500 659
1470510 661
1470520 661
1470530 663
1470540 665
1470550 665
1470560 667
1470570 669
1470580 669
1470590 670
1470600 671
1470610 671
1470620 672
1470630 672
1470640 672
1470650 673
1470660 673
1470670 673
1470680 673
1470690 674
1470700 674
1470710 675
1470720 676
1470730 676
1470740 676
1470750 677
1470760 677
1470770 676
1470780 676
1470790 676
1470800 674
1470810 673
1470820 673
1470830 671
1470840 670
1470850 670
1470860 668
1470870 666
1470880 666
1470890 663
1470900 661
1470910 661
1470920 658
1470930 657
1470940 657
1470950 659
1470960 660
1470970 661
1470980 661
1470990 662
1471000 663
1471010 663
1471020 664
1471030 665
1471040 665
1471050 666
1471060 665
1471070 665
1471080 664
1471090 668
1471100 668
1471110 672
1471120 675
1471130 675
1471140 676
1471150 678
1471160 678
1471170 682
1471180 684
1471190 684
1471200 686
1471210 687
1471220 687
1471230 689
1471240 692
1471250 692
1471260 693
1471270 694
1471280 694
1471290 696
1471300 697
1471310 697
1471320 699
1471330 700
1471340 700
1471350 700
1471360 702
1471370 702
1471380 706
1471390 711
1471400 711
1471410 714
1471420 716
1471430 716
1471440 716
1471450 717
1471460 717
1471470 719
1471480 722
1471490 722
1471500 724
1471510 726
1471520 726
1471530 728
1471540 730
1471550 730
1471560 731
1471570 732
1471580 732
1471590 733
1471600 733
1471610 733
1471620 733
1471630 734
1471640 735
1471650 735
1471660 736
1471670 738
1471680 738
1471690 740
1471700 742
1471710 742
1471720 744
1471730 746
1471740 746
1471750 748
1471760 749
1471770 749
1471780 750
1471790 751
1471800 751
1471810 751
1471820 752
1471830 752
1471840 754
1471850 757
1471860 757
1471870 759
1471880 761
1471890 761
1471900 762
1471910 763
1471920 763
1471930 764
1471940 766
1471950 766
1471960 767
1471970 767
1471980 767
1471990 768
1472000 770
1472010 770
1472020 772
1472030 775
1472040 775
1472050 777
1472060 778
1472070 778
1472080 781
1472090 784
1472100 784
1472110 786
1472120 788
1472130 788
1472140 791
1472150 792
1472160 792
1472170 794
1472180 795
1472190 795
1472200 796
1472210 799
1472220 799
1472230 803
1472240 808
1472250 808
1472260 812
1472270 813
1472280 813
1472290 815
1472300 816
1472310 817
1472320 817
1472330 822
1472340 827
1472350 827
1472360 830
1472370 832
1472380 832
1472390 834
1472400 838
1472410 838
1472420 838
1472430 839
1472440 839
1472450 838
1472460 837
1472470 837
1472480 837
1472490 837
1472500 837
1472510 840
1472520 843
1472530 843
1472540 846
1472550 851
1472560 851
1472570 855
1472580 856
1472590 856
1472600 857
1472610 857
1472620 857
1472630 859
1472640 862
1472650 862
1472660 865
1472670 866
1472680 866
1472690 867
1472700 866
1472710 866
1472720 867
1472730 868
1472740 868
1472750 869
1472760 869
1472770 869
1472780 870
1472790 875
1472800 875
1472810 881
1472820 884
1472830 884
1472840 886
1472850 888
1472860 888
1472870 890
1472880 896
1472890 896
1472900 901
1472910 905
1472920 905
1472930 907
1472940 910
1472950 910
1472960 915
1472970 920
1472980 928
1472990 928
1473000 933
1473010 936
1473020 936
1473030 937
1473040 940
1473050 940
1473060 944
1473070 947
1473080 947
1473090 953
1473100 958
1473110 958
1473120 960
1473130 963
1473140 963
1473150 965
1473160 970
1473170 970
1473180 976
1473190 982
1473200 982
1473210 986
1473220 990
1473230 990
1473240 996
1473250 1001
1473260 1001
1473270 1005
1473280 1008
1473290 1008
1473300 1014
1473310 1018
1473320 1018
1473330 1021
1473340 1024
1473350 1024
1473360 1025
1473370 1027
1473380 1027
1473390 1028
1473400 1028
1473410 1028
1473420 1026
1473430 1023
1473440 1023
1473450 1020
1473460 1015
1473470 1015
1473480 1013
1473490 1010
1473500 1010
1473510 1007
1473520 1005
1473530 1005
1473540 1002
1473550 998
1473560 998
1473570 994
1473580 990
1473590 990
1473600 987
1473610 983
1473620 983
1473630 980
1473640 976
1473650 972
1473660 972
1473670 968
1473680 964
1473690 964
1473700 960
1473710 957
1473720 957
1473730 953
1473740 950
1473750 950
1473760 947
1473770 946
1473780 946
1473790 945
1473800 944
1473810 944
1473820 942
1473830 940
1473840 940
1473850 936
1473860 933
1473870 933
1473880 931
1473890 931
1473900 931
1473910 931
1473920 929
1473930 929
1473940 927
1473950 927
1473960 927
1473970 926
1473980 924
1473990 924
1474000 923
1474010 923
1474020 923
1474030 923
1474040 922
1474050 922
1474060 921
1474070 919
1474080 919
1474090 914
1474100 910
1474110 910
1474120 905
1474130 901
1474140 901
1474150 904
1474160 908
1474170 908
1474180 910
1474190 911
1474200 911
1474210 912
1474220 912
1474230 912
1474240 911
1474250 910
1474260 910
1474270 908
1474280 906
1474290 906
1474300 903
1474310 901
1474320 898
1474330 898
1474340 894
1474350 890
1474360 890
1474370 889
1474380 887
1474390 887
1474400 885
1474410 883
1474420 883
1474430 881
1474440 877
1474450 877
1474460 872
1474470 868
1474480 868
1474490 871
1474500 872
1474510 872
1474520 873
1474530 872
1474540 872
1474550 872
1474560 872
1474570 872
1474580 872
1474590 870
1474600 870
1474610 870
1474620 869
1474630 869
1474640 869
1474650 869
1474660 869
1474670 869
1474680 868
1474690 868
1474700 868
1474710 867
1474720 867
1474730 866
1474740 865
1474750 865
1474760 864
1474770 863
1474780 863
1474790 861
1474800 858
1474810 858
1474820 855
1474830 852
1474840 852
1474850 851
1474860 849
1474870 849
1474880 849
1474890 850
1474900 850
1474910 851
1474920 849
1474930 849
1474940 849
1474950 849
1474960 849
1474970 850
1474980 851
1474990 851
1475000 851
1475010 849
1475020 848
1475030 848
1475040 847
1475050 850
1475060 850
1475070 851
1475080 852
1475090 852
1475100 854
1475110 855
1475120 855
1475130 855
1475140 856
1475150 856
1475160 856
1475170 857
1475180 857
1475190 858
1475200 861
1475210 861
1475220 862
1475230 864
1475240 864
1475250 866
1475260 867
1475270 867
1475280 869
1475290 870
1475300 870
1475310 871
1475320 873
1475330 873
1475340 875
1475350 876
1475360 876
1475370 878
1475380 879
1475390 879
1475400 881
1475410 882
1475420 882
1475430 883
1475440 883
1475450 883
1475460 883
1475470 882
1475480 882
1475490 880
1475500 878
1475510 878
1475520 876
1475530 872
1475540 872
1475550 869
1475560 867
1475570 867
1475580 865
1475590 863
1475600 863
1475610 861
1475620 858
1475630 858
1475640 856
1475650 854
1475660 850
1475670 850
1475680 845
1475690 844
1475700 844
1475710 847
1475720 847
1475730 847
1475740 847
1475750 846
1475760 846
1475770 845
1475780 844
1475790 844
1475800 843
1475810 842
1475820 842
1475830 841
1475840 839
1475850 839
1475860 837
1475870 835
1475880 835
1475890 832
1475900 829
1475910 829
1475920 826
1475930 823
1475940 823
1475950 820
1475960 818
1475970 818
1475980 815
1475990 812
1476000 812
1476010 808
1476020 804
1476030 804
1476040 801
1476050 802
1476060 802
1476070 807
1476080 810
1476090 810
1476100 812
1476110 814
1476120 814
1476130 816
1476140 818
1476150 818
1476160 819
1476170 821
1476180 821
1476190 823
1476200 824
1476210 824
1476220 825
1476230 826
1476240 826
1476250 826
1476260 827
1476270 827
1476280 827
1476290 828
1476300 828
1476310 828
1476320 828
1476330 828
1476340 828
1476350 827
1476360 826
1476370 826
1476380 824
1476390 821
1476400 821
1476410 818
1476420 815
1476430 815
1476440 813
1476450 811
1476460 811
1476470 808
1476480 804
1476490 804
1476500 804
1476510 804
1476520 804
1476530 806
1476540 809
1476550 809
1476560 813
1476570 817
1476580 817
1476590 819
1476600 821
1476610 821
1476620 823
1476630 824
1476640 824
1476650 826
1476660 827
1476670 827
1476680 828
1476690 828
1476700 828
1476710 829
1476720 830
1476730 830
1476740 831
1476750 831
1476760 831
1476770 832
1476780 834
1476790 834
1476800 835
1476810 835
1476820 835
1476830 837
1476840 839
1476850 839
1476860 840
1476870 842
1476880 842
1476890 844
1476900 845
1476910 845
1476920 847
1476930 851
1476940 851
1476950 854
1476960 857
1476970 857
1476980 859
1476990 862
1477000 866
1477010 866
1477020 868
1477030 871
1477040 871
1477050 873
1477060 877
1477070 877
1477080 882
1477090 885
1477100 885
1477110 887
1477120 890
1477130 890
1477140 894
1477150 897
1477160 897
1477170 899
1477180 901
1477190 901
1477200 903
1477210 906
1477220 906
1477230 909
1477240 913
1477250 913
1477260 916
1477270 919
1477280 919
1477290 921
1477300 925
1477310 925
1477320 928
1477330 931
1477340 931
1477350 934
1477360 937
1477370 937
1477380 939
1477390 943
1477400 943
1477410 947
1477420 950
1477430 950
1477440 953
1477450 956
1477460 956
1477470 959
1477480 962
1477490 962
1477500 964
1477510 967
1477520 967
1477530 970
1477540 972
1477550 972
1477560 974
1477570 977
1477580 977
1477590 979
1477600 980
1477610 980
1477620 982
1477630 983
1477640 983
1477650 984
1477660 985
1477670 986
1477680 986
1477690 988
1477700 989
1477710 989
1477720 991
1477730 992
1477740 992
1477750 994
1477760 995
1477770 995
1477780 997
1477790 998
1477800 998
1477810 998
1477820 999
1477830 999
1477840 999
1477850 1000
1477860 1000
1477870 1000
1477880 1000
1477890 1000
1477900 1000
1477910 999
1477920 999
1477930 999
1477940 998
1477950 998
1477960 997
1477970 996
1477980 996
1477990 993
1478000 992
1478010 992
1478020 990
1478030 989
1478040 989
1478050 987
1478060 986
1478070 986
1478080 984
1478090 982
1478100 982
1478110 980
1478120 978
1478130 978
1478140 976
1478150 974
1478160 974
1478170 972
1478180 969
1478190 969
1478200 967
1478210 964
1478220 964
1478230 962
1478240 959
1478250 959
1478260 956
1478270 954
1478280 954
1478290 951
1478300 949
1478310 946
1478320 946
1478330 943
1478340 939
1478350 939
1478360 936
1478370 933
1478380 933
1478390 930
1478400 927
1478410 927
1478420 924
1478430 921
1478440 921
1478450 917
1478460 914
1478470 914
1478480 910
1478490 905
1478500 905
1478510 902
1478520 898
1478530 898
1478540 894
1478550 890
1478560 890
1478570 887
1478580 883
1478590 883
1478600 880
1478610 876
1478620 876
1478630 871
1478640 867
1478650 867
1478660 864
1478670 861
1478680 861
1478690 859
1478700 857
1478710 857
1478720 856
1478730 855
1478740 855
1478750 853
1478760 850
1478770 850
1478780 848
1478790 845
1478800 845
1478810 841
1478820 838
1478830 838
1478840 835
1478850 831
1478860 831
1478870 825
1478880 820
1478890 820
1478900 816
1478910 813
1478920 813
1478930 810
1478940 808
1478950 808
1478960 808
1478970 809
1478980 811
1478990 811
1479000 812
1479010 813
1479020 813
1479030 811
1479040 807
1479050 807
1479060 803
1479070 797
1479080 797
1479090 792
1479100 786
1479110 786
1479120 781
1479130 775
1479140 775
1479150 770
1479160 765
1479170 765
1479180 762
1479190 758
1479200 758
1479210 754
1479220 749
1479230 749
1479240 744
1479250 740
1479260 740
1479270 737
1479280 734
1479290 734
1479300 731
1479310 729
1479320 729
1479330 727
1479340 725
1479350 725
1479360 723
1479370 721
1479380 721
1479390 719
1479400 717
1479410 717
1479420 716
1479430 715
1479440 715
1479450 713
1479460 711
1479470 711
1479480 709
1479490 707
1479500 707
1479510 706
1479520 705
1479530 705
1479540 705
1479550 705
1479560 705
1479570 704
1479580 702
1479590 702
1479600 698
1479610 695
1479620 695
1479630 692
1479640 688
1479650 685
1479660 685
1479670 681
1479680 679
1479690 679
1479700 676
1479710 672
1479720 672
1479730 670
1479740 665
1479750 665
1479760 658
1479770 650
1479780 650
1479790 646
1479800 646
1479810 646
1479820 645
1479830 642
1479840 642
1479850 638
1479860 634
1479870 634
1479880 632
1479890 630
1479900 630
1479910 628
1479920 627
1479930 627
1479940 627
1479950 627
1479960 627
1479970 626
1479980 623
1479990 623
