1460000 621
1460010 621
1460020 620
1460030 619
1460040 619
1460050 619
1460060 619
1460070 619
1460080 618
1460090 618
1460100 618
1460110 617
1460120 616
1460130 616
1460140 615
1460150 614
1460160 614
1460170 614
1460180 614
1460190 614
1460200 614
1460210 614
1460220 614
1460230 614
1460240 614
1460250 614
1460260 614
1460270 614
1460280 614
1460290 614
1460300 614
1460310 614
1460320 614
1460330 614
1460340 614
1460350 614
1460360 614
1460370 614
1460380 614
1460390 613
1460400 613
1460410 614
1460420 614
1460430 614
1460440 615
1460450 615
1460460 615
1460470 615
1460480 615
1460490 615
1460500 615
1460510 614
1460520 613
1460530 613
1460540 612
1460550 611
1460560 611
1460570 610
1460580 608
1460590 608
1460600 607
1460610 606
1460620 606
1460630 604
1460640 603
1460650 603
1460660 602
1460670 601
1460680 601
1460690 601
1460700 600
1460710 600
1460720 600
1460730 600
1460740 600
1460750 600
1460760 600
1460770 600
1460780 600
1460790 600
1460800 600
1460810 600
1460820 600
1460830 600
1460840 600
1460850 600
1460860 600
1460870 600
1460880 600
1460890 600
1460900 600
1460910 599
1460920 599
1460930 599
1460940 599
1460950 599
1460960 599
1460970 599
1460980 599
1460990 599
1461000 599
1461010 599
1461020 599
1461030 599
1461040 599
1461050 599
1461060 599
1461070 599
1461080 599
1461090 599
1461100 599
1461110 599
1461120 599
1461130 599
1461140 599
1461150 599
1461160 599
1461170 599
1461180 599
1461190 599
1461200 598
1461210 598
1461220 598
1461230 598
1461240 598
1461250 598
1461260 598
1461270 598
1461280 598
1461290 598
1461300 598
1461310 598
1461320 598
1461330 597
1461340 597
1461350 597
1461360 598
1461370 598
1461380 598
1461390 598
1461400 598
1461410 598
1461420 599
1461430 599
1461440 599
1461450 599
1461460 599
1461470 599
1461480 599
1461490 599
1461500 599
1461510 599
1461520 600
1461530 600
1461540 600
1461550 600
1461560 600
1461570 600
1461580 600
1461590 600
1461600 600
1461610 600
1461620 600
1461630 600
1461640 600
1461650 600
1461660 601
1461670 601
1461680 601
1461690 601
1461700 601
1461710 601
1461720 601
1461730 601
1461740 601
1461750 601
1461760 601
1461770 601
1461780 601
1461790 601
1461800 601
1461810 601
1461820 601
1461830 601
1461840 601
1461850 601
1461860 601
1461870 601
1461880 601
1461890 601
1461900 601
1461910 601
1461920 601
1461930 601
1461940 601
1461950 601
1461960 601
1461970 601
1461980 601
1461990 601
1462000 601
1462010 601
1462020 601
1462030 601
1462040 601
1462050 601
1462060 600
1462070 600
1462080 600
1462090 600
1462100 600
1462110 600
1462120 600
1462130 600
1462140 600
1462150 599
1462160 599
1462170 599
1462180 599
1462190 599
1462200 599
1462210 599
1462220 599
1462230 599
1462240 599
1462250 599
1462260 599
1462270 599
1462280 599
1462290 599
1462300 598
1462310 598
1462320 598
1462330 598
1462340 598
1462350 598
1462360 598
1462370 598
1462380 598
1462390 598
1462400 599
1462410 599
1462420 599
1462430 600
1462440 600
1462450 600
1462460 601
1462470 601
1462480 601
1462490 602
1462500 602
1462510 602
1462520 602
1462530 602
1462540 602
1462550 602
1462560 602
1462570 602
1462580 602
1462590 602
1462600 602
1462610 602
1462620 602
1462630 602
1462640 601
1462650 601
1462660 601
1462670 601
1462680 601
1462690 601
1462700 601
1462710 601
1462720 601
1462730 601
1462740 601
1462750 601
1462760 600
1462770 600
1462780 600
1462790 600
1462800 600
1462810 600
1462820 600
1462830 600
1462840 600
1462850 600
1462860 600
1462870 599
1462880 599
1462890 599
1462900 599
1462910 599
1462920 599
1462930 599
1462940 599
1462950 599
1462960 599
1462970 600
1462980 600
1462990 600
1463000 600
1463010 600
1463020 600
1463030 600
1463040 600
1463050 600
1463060 601
1463070 601
1463080 601
1463090 601
1463100 601
1463110 601
1463120 602
1463130 602
1463140 602
1463150 602
1463160 602
1463170 602
1463180 602
1463190 602
1463200 602
1463210 602
1463220 602
1463230 602
1463240 602
1463250 602
1463260 602
1463270 602
1463280 602
1463290 602
1463300 602
1463310 602
1463320 602
1463330 602
1463340 602
1463350 602
1463360 602
1463370 603
1463380 603
1463390 603
1463400 604
1463410 604
1463420 604
1463430 604
1463440 604
1463450 604
1463460 604
1463470 604
1463480 605
1463490 604
1463500 604
1463510 604
1463520 604
1463530 604
1463540 603
1463550 603
1463560 603
1463570 602
1463580 602
1463590 602
1463600 602
1463610 601
1463620 601
1463630 601
1463640 601
1463650 601
1463660 601
1463670 600
1463680 600
1463690 600
1463700 600
1463710 600
1463720 600
1463730 600
1463740 600
1463750 600
1463760 600
1463770 599
1463780 599
1463790 599
1463800 599
1463810 599
1463820 598
1463830 598
1463840 598
1463850 598
1463860 598
1463870 598
1463880 599
1463890 599
1463900 599
1463910 600
1463920 601
1463930 601
1463940 601
1463950 602
1463960 602
1463970 602
1463980 602
1463990 602
1464000 601
1464010 601
1464020 601
1464030 601
1464040 600
1464050 600
1464060 600
1464070 599
1464080 599
1464090 599
1464100 598
1464110 598
1464120 598
1464130 598
1464140 598
1464150 598
1464160 597
1464170 597
1464180 597
1464190 597
1464200 597
1464210 596
1464220 596
1464230 596
1464240 596
1464250 596
1464260 596
1464270 596
1464280 596
1464290 596
1464300 595
1464310 595
1464320 595
1464330 595
1464340 595
1464350 595
1464360 595
1464370 595
1464380 595
1464390 595
1464400 595
1464410 595
1464420 596
1464430 596
1464440 596
1464450 596
1464460 597
1464470 597
1464480 597
1464490 598
1464500 598
1464510 598
1464520 598
1464530 599
1464540 599
1464550 599
1464560 599
1464570 599
1464580 599
1464590 598
1464600 598
1464610 598
1464620 598
1464630 598
1464640 597
1464650 597
1464660 597
1464670 597
1464680 596
1464690 596
1464700 596
1464710 596
1464720 596
1464730 596
1464740 596
1464750 596
1464760 595
1464770 595
1464780 595
1464790 594
1464800 594
1464810 594
1464820 594
1464830 593
1464840 593
1464850 592
1464860 591
1464870 591
1464880 590
1464890 589
1464900 589
1464910 588
1464920 587
1464930 587
1464940 586
1464950 584
1464960 584
1464970 584
1464980 583
1464990 583
1465000 581
1465010 580
1465020 580
1465030 579
1465040 578
1465050 578
1465060 577
1465070 576
1465080 576
1465090 576
1465100 575
1465110 575
1465120 575
1465130 574
1465140 574
1465150 574
1465160 574
1465170 574
1465180 574
1465190 574
1465200 574
1465210 574
1465220 574
1465230 574
1465240 574
1465250 574
1465260 573
1465270 573
1465280 573
1465290 573
1465300 573
1465310 573
1465320 572
1465330 572
1465340 572
1465350 572
1465360 572
1465370 571
1465380 571
1465390 571
1465400 570
1465410 569
1465420 569
1465430 569
1465440 569
1465450 569
1465460 569
1465470 568
1465480 568
1465490 568
1465500 568
1465510 568
1465520 568
1465530 568
1465540 568
1465550 568
1465560 567
1465570 567
1465580 566
1465590 565
1465600 565
1465610 564
1465620 564
1465630 564
1465640 563
1465650 560
1465660 560
1465670 559
1465680 557
1465690 557
1465700 555
1465710 554
1465720 554
1465730 552
1465740 547
1465750 547
1465760 547
1465770 549
1465780 549
1465790 550
1465800 553
1465810 553
1465820 556
1465830 558
1465840 558
1465850 557
1465860 557
1465870 557
1465880 557
1465890 557
1465900 557
1465910 556
1465920 556
1465930 556
1465940 555
1465950 555
1465960 555
1465970 555
1465980 554
1465990 554
1466000 554
1466010 553
1466020 554
1466030 553
1466040 553
1466050 553
1466060 553
1466070 553
1466080 553
1466090 553
1466100 552
1466110 552
1466120 552
1466130 552
1466140 552
1466150 552
1466160 552
1466170 551
1466180 551
1466190 551
1466200 550
1466210 550
1466220 550
1466230 549
1466240 549
1466250 549
1466260 548
1466270 548
1466280 547
1466290 546
1466300 546
1466310 544
1466320 543
1466330 543
1466340 542
1466350 542
1466360 542
1466370 542
1466380 542
1466390 542
1466400 541
1466410 540
1466420 540
1466430 538
1466440 536
1466450 536
1466460 534
1466470 532
1466480 532
1466490 531
1466500 531
1466510 531
1466520 530
1466530 527
1466540 527
1466550 528
1466560 527
1466570 527
1466580 527
1466590 527
1466600 527
1466610 527
1466620 526
1466630 526
1466640 526
1466650 526
1466660 526
1466670 526
1466680 526
1466690 526
1466700 526
1466710 526
1466720 526
1466730 526
1466740 526
1466750 526
1466760 526
1466770 526
1466780 526
1466790 526
1466800 526
1466810 526
1466820 526
1466830 526
1466840 526
1466850 526
1466860 526
1466870 526
1466880 526
1466890 525
1466900 525
1466910 525
1466920 524
1466930 524
1466940 524
1466950 524
1466960 524
1466970 524
1466980 525
1466990 525
1467000 525
1467010 524
1467020 525
1467030 525
1467040 525
1467050 525
1467060 525
1467070 525
1467080 526
1467090 526
1467100 527
1467110 528
1467120 528
1467130 529
1467140 530
1467150 530
1467160 531
1467170 532
1467180 532
1467190 533
1467200 534
1467210 534
1467220 536
1467230 537
1467240 537
1467250 538
1467260 539
1467270 539
1467280 540
1467290 541
1467300 541
1467310 541
1467320 542
1467330 542
1467340 542
1467350 541
1467360 541
1467370 541
1467380 541
1467390 541
1467400 541
1467410 540
1467420 540
1467430 540
1467440 538
1467450 538
1467460 538
1467470 539
1467480 539
1467490 539
1467500 539
1467510 539
1467520 538
1467530 537
1467540 537
1467550 537
1467560 537
1467570 537
1467580 537
1467590 536
1467600 536
1467610 536
1467620 536
1467630 536
1467640 536
1467650 535
1467660 535
1467670 535
1467680 535
1467690 536
1467700 536
1467710 536
1467720 536
1467730 536
1467740 536
1467750 536
1467760 536
1467770 535
1467780 535
1467790 535
1467800 535
1467810 535
1467820 535
1467830 534
1467840 534
1467850 534
1467860 533
1467870 533
1467880 533
1467890 532
1467900 532
1467910 532
1467920 532
1467930 532
1467940 532
1467950 532
1467960 532
1467970 532
1467980 532
1467990 532
1468000 532
1468010 531
1468020 531
1468030 531
1468040 531
1468050 531
1468060 531
1468070 531
1468080 531
1468090 531
1468100 531
1468110 531
1468120 531
1468130 531
1468140 531
1468150 531
1468160 531
1468170 531
1468180 531
1468190 531
1468200 531
1468210 531
1468220 530
1468230 530
1468240 530
1468250 531
1468260 531
1468270 531
1468280 531
1468290 531
1468300 531
1468310 531
1468320 531
1468330 531
1468340 531
1468350 531
1468360 531
1468370 531
1468380 531
1468390 531
1468400 531
1468410 532
1468420 532
1468430 533
1468440 533
1468450 534
1468460 534
1468470 535
1468480 536
1468490 536
1468500 537
1468510 539
1468520 539
1468530 540
1468540 541
1468550 541
1468560 541
1468570 541
1468580 541
1468590 540
1468600 540
1468610 540
1468620 539
1468630 539
1468640 539
1468650 538
1468660 538
1468670 538
1468680 538
1468690 538
1468700 538
1468710 538
1468720 538
1468730 538
1468740 538
1468750 538
1468760 538
1468770 538
1468780 538
1468790 538
1468800 538
1468810 538
1468820 538
1468830 539
1468840 539
1468850 539
1468860 540
1468870 540
1468880 540
1468890 540
1468900 540
1468910 540
1468920 540
1468930 540
1468940 540
1468950 540
1468960 541
1468970 541
1468980 542
1468990 543
1469000 543
1469010 543
1469020 544
1469030 544
1469040 544
1469050 545
1469060 545
1469070 545
1469080 546
1469090 546
1469100 546
1469110 547
1469120 547
1469130 546
1469140 547
1469150 547
1469160 547
1469170 547
1469180 547
1469190 547
1469200 547
1469210 547
1469220 547
1469230 547
1469240 547
1469250 547
1469260 547
1469270 546
1469280 546
1469290 545
1469300 545
1469310 545
1469320 544
1469330 544
1469340 544
1469350 544
1469360 543
1469370 543
1469380 542
1469390 542
1469400 542
1469410 542
1469420 542
1469430 542
1469440 541
1469450 540
1469460 540
1469470 539
1469480 538
1469490 538
1469500 537
1469510 536
1469520 536
1469530 536
1469540 535
1469550 535
1469560 534
1469570 534
1469580 534
1469590 534
1469600 533
1469610 533
1469620 533
1469630 532
1469640 532
1469650 532
1469660 531
1469670 531
1469680 531
1469690 530
1469700 530
1469710 530
1469720 530
1469730 530
1469740 530
1469750 529
1469760 529
1469770 529
1469780 529
1469790 529
1469800 529
1469810 529
1469820 529
1469830 529
1469840 529
1469850 529
1469860 529
1469870 529
1469880 529
1469890 529
1469900 529
1469910 529
1469920 530
1469930 529
1469940 529
1469950 529
1469960 529
1469970 529
1469980 529
1469990 529
1470000 529
1470010 529
1470020 528
1470030 528
1470040 528
1470050 528
1470060 528
1470070 528
1470080 528
1470090 528
1470100 528
1470110 529
1470120 529
1470130 529
1470140 529
1470150 529
1470160 529
1470170 529
1470180 529
1470190 529
1470200 529
1470210 528
1470220 528
1470230 528
1470240 528
1470250 528
1470260 528
1470270 528
1470280 528
1470290 528
1470300 529
1470310 529
1470320 530
1470330 531
1470340 531
1470350 532
1470360 533
1470370 533
1470380 534
1470390 535
1470400 535
1470410 536
1470420 537
1470430 537
1470440 537
1470450 538
1470460 538
1470470 539
1470480 540
1470490 540
1470500 540
1470510 541
1470520 541
1470530 542
1470540 543
1470550 543
1470560 544
1470570 544
1470580 544
1470590 545
1470600 545
1470610 545
1470620 546
1470630 547
1470640 547
1470650 547
1470660 548
1470670 548
1470680 549
1470690 549
1470700 549
1470710 549
1470720 550
1470730 550
1470740 550
1470750 550
1470760 550
1470770 551
1470780 551
1470790 551
1470800 551
1470810 551
1470820 552
1470830 552
1470840 552
1470850 552
1470860 552
1470870 552
1470880 552
1470890 552
1470900 552
1470910 552
1470920 552
1470930 552
1470940 553
1470950 553
1470960 553
1470970 553
1470980 553
1470990 553
1471000 554
1471010 554
1471020 554
1471030 554
1471040 554
1471050 554
1471060 554
1471070 554
1471080 554
1471090 553
1471100 553
1471110 553
1471120 553
1471130 553
1471140 552
1471150 552
1471160 552
1471170 552
1471180 551
1471190 551
1471200 550
1471210 550
1471220 550
1471230 550
1471240 549
1471250 549
1471260 548
1471270 548
1471280 548
1471290 547
1471300 546
1471310 546
1471320 546
1471330 546
1471340 546
1471350 546
1471360 545
1471370 545
1471380 538
1471390 533
1471400 533
1471410 531
1471420 530
1471430 530
1471440 530
1471450 530
1471460 530
1471470 530
1471480 530
1471490 530
1471500 530
1471510 531
1471520 531
1471530 531
1471540 531
1471550 531
1471560 531
1471570 531
1471580 531
1471590 531
1471600 531
1471610 529
1471620 529
1471630 532
1471640 533
1471650 533
1471660 533
1471670 533
1471680 533
1471690 533
1471700 534
1471710 534
1471720 535
1471730 537
1471740 537
1471750 538
1471760 540
1471770 540
1471780 541
1471790 542
1471800 542
1471810 543
1471820 544
1471830 544
1471840 546
1471850 548
1471860 548
1471870 549
1471880 549
1471890 549
1471900 549
1471910 549
1471920 549
1471930 549
1471940 550
1471950 550
1471960 550
1471970 550
1471980 550
1471990 550
1472000 550
1472010 550
1472020 550
1472030 550
1472040 550
1472050 551
1472060 551
1472070 551
1472080 551
1472090 551
1472100 551
1472110 551
1472120 551
1472130 551
1472140 551
1472150 550
1472160 550
1472170 550
1472180 550
1472190 550
1472200 550
1472210 548
1472220 548
1472230 547
1472240 545
1472250 545
1472260 544
1472270 543
1472280 543
1472290 543
1472300 543
1472310 543
1472320 542
1472330 542
1472340 542
1472350 550
1472360 551
1472370 551
1472380 552
1472390 552
1472400 553
1472410 553
1472420 553
1472430 553
1472440 553
1472450 554
1472460 554
1472470 554
1472480 554
1472490 554
1472500 554
1472510 554
1472520 555
1472530 555
1472540 555
1472550 555
1472560 555
1472570 556
1472580 556
1472590 556
1472600 556
1472610 557
1472620 557
1472630 557
1472640 558
1472650 558
1472660 559
1472670 559
1472680 559
1472690 560
1472700 560
1472710 560
1472720 560
1472730 560
1472740 560
1472750 560
1472760 559
1472770 559
1472780 558
1472790 558
1472800 558
1472810 557
1472820 556
1472830 556
1472840 555
1472850 555
1472860 555
1472870 555
1472880 554
1472890 554
1472900 554
1472910 553
1472920 553
1472930 553
1472940 552
1472950 552
1472960 551
1472970 549
1472980 549
1472990 550
1473000 550
1473010 550
1473020 550
1473030 550
1473040 550
1473050 551
1473060 557
1473070 557
1473080 561
1473090 561
1473100 561
1473110 561
1473120 561
1473130 561
1473140 561
1473150 561
1473160 561
1473170 561
1473180 561
1473190 561
1473200 561
1473210 561
1473220 561
1473230 561
1473240 560
1473250 560
1473260 560
1473270 561
1473280 561
1473290 561
1473300 561
1473310 561
1473320 561
1473330 562
1473340 563
1473350 563
1473360 565
1473370 567
1473380 567
1473390 570
1473400 572
1473410 572
1473420 575
1473430 578
1473440 578
1473450 580
1473460 581
1473470 581
1473480 581
1473490 581
1473500 581
1473510 581
1473520 580
1473530 580
1473540 580
1473550 580
1473560 580
1473570 579
1473580 578
1473590 578
1473600 577
1473610 576
1473620 576
1473630 575
1473640 574
1473650 574
1473660 572
1473670 568
1473680 568
1473690 568
1473700 567
1473710 567
1473720 566
1473730 565
1473740 565
1473750 564
1473760 564
1473770 564
1473780 564
1473790 564
1473800 564
1473810 564
1473820 563
1473830 563
1473840 563
1473850 563
1473860 563
1473870 563
1473880 563
1473890 563
1473900 563
1473910 563
1473920 563
1473930 563
1473940 563
1473950 563
1473960 563
1473970 563
1473980 563
1473990 563
1474000 563
1474010 563
1474020 563
1474030 564
1474040 564
1474050 564
1474060 564
1474070 563
1474080 563
1474090 563
1474100 564
1474110 564
1474120 563
1474130 564
1474140 564
1474150 564
1474160 564
1474170 564
1474180 564
1474190 564
1474200 564
1474210 564
1474220 564
1474230 564
1474240 564
1474250 564
1474260 564
1474270 564
1474280 564
1474290 564
1474300 565
1474310 565
1474320 565
1474330 565
1474340 565
1474350 565
1474360 565
1474370 565
1474380 565
1474390 565
1474400 565
1474410 565
1474420 565
1474430 565
1474440 565
1474450 565
1474460 565
1474470 565
1474480 564
1474490 565
1474500 565
1474510 564
1474520 564
1474530 564
1474540 565
1474550 565
1474560 565
1474570 566
1474580 566
1474590 566
1474600 567
1474610 566
1474620 566
1474630 567
1474640 567
1474650 567
1474660 567
1474670 567
1474680 567
1474690 567
1474700 567
1474710 567
1474720 567
1474730 568
1474740 568
1474750 568
1474760 568
1474770 568
1474780 568
1474790 568
1474800 568
1474810 568
1474820 568
1474830 568
1474840 568
1474850 568
1474860 569
1474870 569
1474880 569
1474890 569
1474900 569
1474910 569
1474920 569
1474930 569
1474940 570
1474950 571
1474960 571
1474970 572
1474980 576
1474990 576
1475000 580
1475010 582
1475020 582
1475030 584
1475040 585
1475050 585
1475060 586
1475070 587
1475080 587
1475090 588
1475100 589
1475110 589
1475120 590
1475130 590
1475140 590
1475150 591
1475160 592
1475170 592
1475180 593
1475190 594
1475200 594
1475210 594
1475220 595
1475230 595
1475240 595
1475250 596
1475260 596
1475270 596
1475280 596
1475290 596
1475300 597
1475310 597
1475320 597
1475330 598
1475340 598
1475350 598
1475360 598
1475370 598
1475380 598
1475390 599
1475400 599
1475410 599
1475420 599
1475430 599
1475440 599
1475450 599
1475460 600
1475470 600
1475480 600
1475490 600
1475500 600
1475510 600
1475520 600
1475530 600
1475540 600
1475550 600
1475560 600
1475570 600
1475580 601
1475590 601
1475600 601
1475610 601
1475620 601
1475630 601
1475640 601
1475650 601
1475660 601
1475670 601
1475680 602
1475690 602
1475700 602
1475710 602
1475720 602
1475730 602
1475740 602
1475750 602
1475760 602
1475770 602
1475780 602
1475790 603
1475800 603
1475810 603
1475820 604
1475830 604
1475840 604
1475850 605
1475860 605
1475870 605
1475880 606
1475890 606
1475900 606
1475910 606
1475920 607
1475930 607
1475940 607
1475950 607
1475960 607
1475970 608
1475980 608
1475990 608
1476000 608
1476010 609
1476020 609
1476030 610
1476040 610
1476050 610
1476060 611
1476070 612
1476080 612
1476090 613
1476100 614
1476110 614
1476120 615
1476130 616
1476140 616
1476150 617
1476160 618
1476170 618
1476180 619
1476190 620
1476200 620
1476210 621
1476220 622
1476230 622
1476240 623
1476250 624
1476260 624
1476270 626
1476280 627
1476290 627
1476300 628
1476310 629
1476320 629
1476330 631
1476340 632
1476350 632
1476360 633
1476370 634
1476380 636
1476390 636
1476400 637
1476410 639
1476420 639
1476430 640
1476440 642
1476450 642
1476460 643
1476470 645
1476480 645
1476490 646
1476500 647
1476510 647
1476520 648
1476530 650
1476540 650
1476550 651
1476560 653
1476570 653
1476580 654
1476590 655
1476600 655
1476610 656
1476620 657
1476630 657
1476640 658
1476650 660
1476660 660
1476670 661
1476680 662
1476690 662
1476700 663
1476710 664
1476720 664
1476730 665
1476740 666
1476750 666
1476760 667
1476770 667
1476780 667
1476790 668
1476800 669
1476810 669
1476820 670
1476830 671
1476840 671
1476850 671
1476860 672
1476870 672
1476880 673
1476890 674
1476900 674
1476910 675
1476920 675
1476930 675
1476940 676
1476950 677
1476960 677
1476970 678
1476980 679
1476990 679
1477000 680
1477010 682
1477020 682
1477030 683
1477040 684
1477050 684
1477060 685
1477070 686
1477080 686
1477090 687
1477100 688
1477110 688
1477120 690
1477130 691
1477140 691
1477150 693
1477160 694
1477170 695
1477180 695
1477190 696
1477200 697
1477210 697
1477220 698
1477230 699
1477240 699
1477250 701
1477260 702
1477270 702
1477280 703
1477290 704
1477300 704
1477310 705
1477320 706
1477330 706
1477340 707
1477350 708
1477360 708
1477370 709
1477380 710
1477390 710
1477400 711
1477410 711
1477420 711
1477430 712
1477440 713
1477450 713
1477460 713
1477470 714
1477480 714
1477490 714
1477500 715
1477510 715
1477520 715
1477530 716
1477540 716
1477550 716
1477560 716
1477570 716
1477580 717
1477590 717
1477600 717
1477610 718
1477620 718
1477630 718
1477640 719
1477650 719
1477660 719
1477670 719
1477680 720
1477690 720
1477700 720
1477710 721
1477720 721
1477730 721
1477740 722
1477750 722
1477760 722
1477770 723
1477780 723
1477790 723
1477800 724
1477810 724
1477820 724
1477830 724
1477840 724
1477850 724
1477860 724
1477870 724
1477880 724
1477890 724
1477900 724
1477910 723
1477920 723
1477930 723
1477940 723
1477950 722
1477960 722
1477970 722
1477980 722
1477990 721
1478000 721
1478010 721
1478020 720
1478030 720
1478040 720
1478050 720
1478060 720
1478070 719
1478080 719
1478090 719
1478100 718
1478110 717
1478120 717
1478130 716
1478140 716
1478150 716
1478160 715
1478170 714
1478180 714
1478190 713
1478200 711
1478210 711
1478220 711
1478230 709
1478240 709
1478250 707
1478260 705
1478270 705
1478280 703
1478290 702
1478300 702
1478310 701
1478320 700
1478330 700
1478340 699
1478350 696
1478360 696
1478370 693
1478380 692
1478390 692
1478400 692
1478410 690
1478420 690
1478430 689
1478440 687
1478450 687
1478460 685
1478470 683
1478480 683
1478490 681
1478500 679
1478510 679
1478520 676
1478530 673
1478540 673
1478550 670
1478560 668
1478570 668
1478580 666
1478590 663
1478600 663
1478610 661
1478620 660
1478630 660
1478640 659
1478650 658
1478660 658
1478670 657
1478680 657
1478690 657
1478700 657
1478710 657
1478720 657
1478730 657
1478740 656
1478750 655
1478760 655
1478770 653
1478780 651
1478790 651
1478800 649
1478810 646
1478820 646
1478830 643
1478840 639
1478850 639
1478860 636
1478870 635
1478880 635
1478890 634
1478900 634
1478910 634
1478920 633
1478930 633
1478940 633
1478950 632
1478960 631
1478970 631
1478980 630
1478990 629
1479000 629
1479010 626
1479020 624
1479030 624
1479040 622
1479050 620
1479060 620
1479070 619
1479080 617
1479090 617
1479100 616
1479110 614
1479120 614
1479130 613
1479140 611
1479150 611
1479160 610
1479170 608
1479180 608
1479190 607
1479200 605
1479210 605
1479220 603
1479230 602
1479240 602
1479250 601
1479260 598
1479270 598
1479280 596
1479290 595
1479300 595
1479310 594
1479320 593
1479330 593
1479340 592
1479350 591
1479360 591
1479370 591
1479380 591
1479390 591
1479400 591
1479410 592
1479420 592
1479430 594
1479440 595
1479450 595
1479460 597
1479470 598
1479480 598
1479490 598
1479500 595
1479510 595
1479520 590
1479530 586
1479540 582
1479550 582
1479560 578
1479570 575
1479580 575
1479590 573
1479600 570
1479610 570
1479620 567
1479630 566
1479640 566
1479650 564
1479660 562
1479670 562
1479680 561
1479690 561
1479700 561
1479710 561
1479720 560
1479730 560
1479740 560
1479750 560
1479760 560
1479770 560
1479780 560
1479790 560
1479800 560
1479810 560
1479820 560
1479830 559
1479840 559
1479850 559
1479860 559
1479870 559
1479880 559
1479890 559
1479900 559
1479910 559
1479920 559
1479930 558
1479940 558
1479950 558
1479960 558
1479970 558
1479980 558
1479990 558
