1460000 664
1460010 664
1460020 663
1460030 662
1460040 662
1460050 661
1460060 660
1460070 660
1460080 659
1460090 658
1460100 658
1460110 657
1460120 657
1460130 657
1460140 656
1460150 655
1460160 655
1460170 653
1460180 652
1460190 652
1460200 651
1460210 650
1460220 650
1460230 650
1460240 649
1460250 648
1460260 648
1460270 647
1460280 646
1460290 646
1460300 645
1460310 644
1460320 644
1460330 644
1460340 644
1460350 644
1460360 644
1460370 644
1460380 644
1460390 644
1460400 644
1460410 644
1460420 644
1460430 643
1460440 643
1460450 641
1460460 640
1460470 640
1460480 639
1460490 639
1460500 639
1460510 638
1460520 638
1460530 638
1460540 636
1460550 634
1460560 634
1460570 632
1460580 631
1460590 631
1460600 629
1460610 627
1460620 627
1460630 625
1460640 624
1460650 624
1460660 623
1460670 622
1460680 622
1460690 621
1460700 620
1460710 620
1460720 619
1460730 618
1460740 618
1460750 616
1460760 615
1460770 615
1460780 614
1460790 612
1460800 612
1460810 611
1460820 611
1460830 611
1460840 610
1460850 609
1460860 609
1460870 608
1460880 607
1460890 607
1460900 606
1460910 606
1460920 606
1460930 605
1460940 604
1460950 604
1460960 603
1460970 603
1460980 603
1460990 602
1461000 601
1461010 601
1461020 601
1461030 600
1461040 599
1461050 599
1461060 598
1461070 598
1461080 598
1461090 597
1461100 597
1461110 597
1461120 597
1461130 597
1461140 597
1461150 596
1461160 596
1461170 596
1461180 596
1461190 596
1461200 596
1461210 596
1461220 596
1461230 596
1461240 596
1461250 596
1461260 596
1461270 596
1461280 596
1461290 596
1461300 597
1461310 597
1461320 597
1461330 597
1461340 597
1461350 597
1461360 597
1461370 597
1461380 597
1461390 597
1461400 597
1461410 597
1461420 597
1461430 597
1461440 597
1461450 597
1461460 597
1461470 597
1461480 597
1461490 596
1461500 596
1461510 596
1461520 595
1461530 595
1461540 594
1461550 594
1461560 594
1461570 595
1461580 595
1461590 595
1461600 595
1461610 595
1461620 595
1461630 595
1461640 594
1461650 594
1461660 594
1461670 594
1461680 594
1461690 594
1461700 594
1461710 594
1461720 594
1461730 594
1461740 594
1461750 594
1461760 594
1461770 594
1461780 594
1461790 595
1461800 595
1461810 595
1461820 595
1461830 595
1461840 595
1461850 595
1461860 595
1461870 595
1461880 595
1461890 595
1461900 595
1461910 595
1461920 595
1461930 595
1461940 595
1461950 595
1461960 595
1461970 595
1461980 595
1461990 595
1462000 595
1462010 595
1462020 595
1462030 594
1462040 594
1462050 594
1462060 594
1462070 594
1462080 594
1462090 594
1462100 594
1462110 594
1462120 594
1462130 594
1462140 594
1462150 594
1462160 594
1462170 594
1462180 594
1462190 594
1462200 594
1462210 594
1462220 594
1462230 594
1462240 594
1462250 594
1462260 594
1462270 594
1462280 594
1462290 594
1462300 594
1462310 594
1462320 594
1462330 593
1462340 593
1462350 593
1462360 594
1462370 594
1462380 594
1462390 594
1462400 594
1462410 594
1462420 594
1462430 594
1462440 594
1462450 593
1462460 593
1462470 593
1462480 593
1462490 593
1462500 593
1462510 592
1462520 592
1462530 592
1462540 592
1462550 592
1462560 592
1462570 592
1462580 592
1462590 592
1462600 592
1462610 592
1462620 592
1462630 592
1462640 592
1462650 593
1462660 593
1462670 593
1462680 593
1462690 593
1462700 594
1462710 595
1462720 595
1462730 596
1462740 596
1462750 596
1462760 597
1462770 598
1462780 598
1462790 598
1462800 598
1462810 598
1462820 599
1462830 599
1462840 599
1462850 599
1462860 599
1462870 599
1462880 599
1462890 599
1462900 599
1462910 599
1462920 599
1462930 599
1462940 598
1462950 598
1462960 598
1462970 597
1462980 597
1462990 597
1463000 596
1463010 596
1463020 596
1463030 595
1463040 594
1463050 594
1463060 593
1463070 591
1463080 591
1463090 590
1463100 590
1463110 590
1463120 591
1463130 592
1463140 592
1463150 594
1463160 595
1463170 595
1463180 596
1463190 597
1463200 597
1463210 598
1463220 599
1463230 599
1463240 599
1463250 599
1463260 599
1463270 599
1463280 599
1463290 599
1463300 599
1463310 599
1463320 599
1463330 599
1463340 599
1463350 599
1463360 599
1463370 599
1463380 599
1463390 600
1463400 600
1463410 600
1463420 600
1463430 600
1463440 600
1463450 600
1463460 600
1463470 600
1463480 600
1463490 600
1463500 599
1463510 599
1463520 599
1463530 599
1463540 599
1463550 598
1463560 598
1463570 598
1463580 598
1463590 598
1463600 598
1463610 597
1463620 597
1463630 597
1463640 597
1463650 597
1463660 597
1463670 596
1463680 596
1463690 596
1463700 596
1463710 596
1463720 596
1463730 596
1463740 596
1463750 596
1463760 596
1463770 596
1463780 596
1463790 596
1463800 597
1463810 597
1463820 597
1463830 597
1463840 597
1463850 597
1463860 597
1463870 597
1463880 597
1463890 597
1463900 597
1463910 599
1463920 599
1463930 599
1463940 599
1463950 600
1463960 600
1463970 600
1463980 601
1463990 601
1464000 601
1464010 602
1464020 602
1464030 602
1464040 603
1464050 603
1464060 604
1464070 604
1464080 604
1464090 605
1464100 605
1464110 605
1464120 606
1464130 607
1464140 607
1464150 607
1464160 608
1464170 608
1464180 608
1464190 608
1464200 608
1464210 609
1464220 609
1464230 609
1464240 609
1464250 609
1464260 609
1464270 609
1464280 609
1464290 609
1464300 609
1464310 609
1464320 609
1464330 609
1464340 609
1464350 609
1464360 609
1464370 609
1464380 608
1464390 608
1464400 608
1464410 608
1464420 608
1464430 607
1464440 607
1464450 607
1464460 606
1464470 606
1464480 606
1464490 605
1464500 604
1464510 604
1464520 603
1464530 602
1464540 602
1464550 602
1464560 601
1464570 601
1464580 601
1464590 601
1464600 601
1464610 601
1464620 602
1464630 602
1464640 601
1464650 601
1464660 601
1464670 600
1464680 600
1464690 600
1464700 599
1464710 599
1464720 599
1464730 599
1464740 598
1464750 598
1464760 598
1464770 597
1464780 597
1464790 597
1464800 597
1464810 597
1464820 596
1464830 596
1464840 596
1464850 596
1464860 596
1464870 596
1464880 596
1464890 596
1464900 596
1464910 596
1464920 595
1464930 595
1464940 595
1464950 595
1464960 595
1464970 595
1464980 595
1464990 595
1465000 595
1465010 596
1465020 596
1465030 596
1465040 596
1465050 596
1465060 596
1465070 596
1465080 596
1465090 596
1465100 597
1465110 596
1465120 596
1465130 596
1465140 595
1465150 595
1465160 595
1465170 595
1465180 595
1465190 594
1465200 594
1465210 594
1465220 594
1465230 594
1465240 594
1465250 594
1465260 594
1465270 594
1465280 593
1465290 593
1465300 593
1465310 592
1465320 592
1465330 592
1465340 591
1465350 590
1465360 590
1465370 589
1465380 589
1465390 589
1465400 588
1465410 588
1465420 588
1465430 587
1465440 587
1465450 587
1465460 586
1465470 586
1465480 586
1465490 585
1465500 585
1465510 585
1465520 585
1465530 584
1465540 584
1465550 584
1465560 584
1465570 584
1465580 584
1465590 584
1465600 584
1465610 584
1465620 584
1465630 584
1465640 584
1465650 584
1465660 584
1465670 583
1465680 583
1465690 583
1465700 582
1465710 582
1465720 582
1465730 582
1465740 581
1465750 581
1465760 580
1465770 579
1465780 579
1465790 579
1465800 578
1465810 578
1465820 577
1465830 577
1465840 575
1465850 575
1465860 574
1465870 573
1465880 573
1465890 572
1465900 571
1465910 571
1465920 570
1465930 569
1465940 569
1465950 568
1465960 568
1465970 568
1465980 567
1465990 567
1466000 567
1466010 567
1466020 567
1466030 567
1466040 566
1466050 563
1466060 563
1466070 559
1466080 557
1466090 557
1466100 555
1466110 553
1466120 553
1466130 552
1466140 550
1466150 550
1466160 547
1466170 545
1466180 545
1466190 543
1466200 541
1466210 541
1466220 540
1466230 538
1466240 538
1466250 538
1466260 537
1466270 537
1466280 537
1466290 537
1466300 537
1466310 537
1466320 537
1466330 537
1466340 536
1466350 536
1466360 536
1466370 537
1466380 536
1466390 536
1466400 536
1466410 536
1466420 536
1466430 536
1466440 536
1466450 536
1466460 536
1466470 536
1466480 536
1466490 536
1466500 537
1466510 537
1466520 540
1466530 544
1466540 544
1466550 547
1466560 547
1466570 547
1466580 547
1466590 549
1466600 549
1466610 552
1466620 553
1466630 553
1466640 553
1466650 553
1466660 552
1466670 552
1466680 551
1466690 550
1466700 550
1466710 549
1466720 549
1466730 549
1466740 548
1466750 547
1466760 547
1466770 547
1466780 547
1466790 547
1466800 547
1466810 547
1466820 547
1466830 546
1466840 546
1466850 546
1466860 546
1466870 546
1466880 546
1466890 546
1466900 546
1466910 546
1466920 545
1466930 545
1466940 545
1466950 545
1466960 545
1466970 545
1466980 545
1466990 545
1467000 545
1467010 545
1467020 544
1467030 544
1467040 544
1467050 544
1467060 544
1467070 544
1467080 544
1467090 544
1467100 544
1467110 544
1467120 544
1467130 544
1467140 544
1467150 544
1467160 544
1467170 544
1467180 544
1467190 544
1467200 544
1467210 544
1467220 544
1467230 544
1467240 544
1467250 544
1467260 544
1467270 544
1467280 544
1467290 544
1467300 544
1467310 545
1467320 545
1467330 545
1467340 545
1467350 545
1467360 545
1467370 546
1467380 546
1467390 546
1467400 546
1467410 546
1467420 546
1467430 546
1467440 546
1467450 546
1467460 546
1467470 547
1467480 547
1467490 547
1467500 547
1467510 546
1467520 546
1467530 546
1467540 546
1467550 546
1467560 545
1467570 545
1467580 545
1467590 545
1467600 544
1467610 544
1467620 544
1467630 544
1467640 544
1467650 544
1467660 544
1467670 544
1467680 544
1467690 544
1467700 544
1467710 544
1467720 544
1467730 544
1467740 543
1467750 543
1467760 543
1467770 543
1467780 543
1467790 543
1467800 543
1467810 542
1467820 542
1467830 542
1467840 542
1467850 542
1467860 541
1467870 541
1467880 541
1467890 541
1467900 541
1467910 541
1467920 541
1467930 540
1467940 540
1467950 540
1467960 540
1467970 540
1467980 540
1467990 540
1468000 540
1468010 540
1468020 540
1468030 540
1468040 540
1468050 540
1468060 540
1468070 540
1468080 540
1468090 540
1468100 540
1468110 540
1468120 540
1468130 540
1468140 541
1468150 541
1468160 541
1468170 541
1468180 541
1468190 542
1468200 542
1468210 542
1468220 542
1468230 542
1468240 542
1468250 542
1468260 542
1468270 542
1468280 542
1468290 542
1468300 542
1468310 542
1468320 542
1468330 542
1468340 542
1468350 542
1468360 541
1468370 541
1468380 541
1468390 541
1468400 541
1468410 541
1468420 540
1468430 540
1468440 540
1468450 540
1468460 540
1468470 540
1468480 540
1468490 540
1468500 539
1468510 539
1468520 539
1468530 539
1468540 538
1468550 538
1468560 537
1468570 536
1468580 536
1468590 536
1468600 535
1468610 535
1468620 535
1468630 535
1468640 535
1468650 535
1468660 536
1468670 536
1468680 536
1468690 536
1468700 536
1468710 536
1468720 536
1468730 536
1468740 537
1468750 537
1468760 537
1468770 538
1468780 538
1468790 538
1468800 538
1468810 539
1468820 539
1468830 539
1468840 539
1468850 539
1468860 539
1468870 539
1468880 539
1468890 539
1468900 539
1468910 539
1468920 538
1468930 537
1468940 537
1468950 537
1468960 537
1468970 537
1468980 537
1468990 537
1469000 537
1469010 537
1469020 537
1469030 537
1469040 537
1469050 537
1469060 537
1469070 537
1469080 536
1469090 535
1469100 535
1469110 535
1469120 535
1469130 535
1469140 534
1469150 534
1469160 534
1469170 534
1469180 534
1469190 534
1469200 534
1469210 534
1469220 534
1469230 534
1469240 534
1469250 534
1469260 534
1469270 534
1469280 534
1469290 534
1469300 534
1469310 534
1469320 534
1469330 534
1469340 534
1469350 534
1469360 534
1469370 534
1469380 534
1469390 534
1469400 534
1469410 534
1469420 534
1469430 534
1469440 534
1469450 534
1469460 534
1469470 535
1469480 535
1469490 535
1469500 535
1469510 535
1469520 535
1469530 535
1469540 535
1469550 535
1469560 535
1469570 535
1469580 535
1469590 536
1469600 537
1469610 537
1469620 537
1469630 537
1469640 537
1469650 537
1469660 536
1469670 536
1469680 536
1469690 536
1469700 536
1469710 537
1469720 538
1469730 538
1469740 538
1469750 539
1469760 539
1469770 538
1469780 537
1469790 537
1469800 537
1469810 536
1469820 536
1469830 536
1469840 536
1469850 536
1469860 536
1469870 536
1469880 535
1469890 535
1469900 535
1469910 535
1469920 535
1469930 535
1469940 536
1469950 536
1469960 536
1469970 535
1469980 535
1469990 535
1470000 535
1470010 535
1470020 535
1470030 535
1470040 535
1470050 535
1470060 536
1470070 536
1470080 536
1470090 537
1470100 537
1470110 537
1470120 536
1470130 536
1470140 536
1470150 536
1470160 536
1470170 536
1470180 536
1470190 536
1470200 537
1470210 537
1470220 537
1470230 537
1470240 538
1470250 538
1470260 539
1470270 539
1470280 539
1470290 539
1470300 539
1470310 539
1470320 540
1470330 539
1470340 539
1470350 539
1470360 538
1470370 538
1470380 538
1470390 538
1470400 538
1470410 538
1470420 538
1470430 538
1470440 538
1470450 539
1470460 539
1470470 540
1470480 541
1470490 541
1470500 542
1470510 542
1470520 542
1470530 542
1470540 542
1470550 542
1470560 542
1470570 542
1470580 542
1470590 543
1470600 543
1470610 543
1470620 544
1470630 545
1470640 545
1470650 545
1470660 545
1470670 545
1470680 545
1470690 545
1470700 545
1470710 545
1470720 545
1470730 545
1470740 545
1470750 546
1470760 546
1470770 546
1470780 547
1470790 547
1470800 547
1470810 548
1470820 549
1470830 549
1470840 549
1470850 550
1470860 550
1470870 551
1470880 552
1470890 552
1470900 553
1470910 553
1470920 553
1470930 554
1470940 554
1470950 554
1470960 554
1470970 553
1470980 553
1470990 553
1471000 553
1471010 553
1471020 553
1471030 553
1471040 553
1471050 553
1471060 552
1471070 552
1471080 551
1471090 551
1471100 551
1471110 550
1471120 550
1471130 550
1471140 550
1471150 550
1471160 550
1471170 550
1471180 550
1471190 550
1471200 550
1471210 550
1471220 550
1471230 549
1471240 549
1471250 549
1471260 549
1471270 549
1471280 549
1471290 549
1471300 550
1471310 550
1471320 550
1471330 550
1471340 550
1471350 550
1471360 550
1471370 550
1471380 550
1471390 550
1471400 550
1471410 549
1471420 549
1471430 549
1471440 549
1471450 549
1471460 549
1471470 549
1471480 548
1471490 548
1471500 548
1471510 548
1471520 547
1471530 547
1471540 547
1471550 547
1471560 547
1471570 546
1471580 545
1471590 545
1471600 545
1471610 545
1471620 545
1471630 544
1471640 543
1471650 543
1471660 543
1471670 543
1471680 543
1471690 543
1471700 542
1471710 542
1471720 542
1471730 542
1471740 542
1471750 542
1471760 542
1471770 542
1471780 542
1471790 542
1471800 542
1471810 542
1471820 542
1471830 542
1471840 542
1471850 542
1471860 542
1471870 542
1471880 542
1471890 542
1471900 542
1471910 542
1471920 542
1471930 542
1471940 542
1471950 542
1471960 542
1471970 543
1471980 543
1471990 543
1472000 543
1472010 543
1472020 543
1472030 544
1472040 544
1472050 544
1472060 544
1472070 544
1472080 544
1472090 544
1472100 544
1472110 545
1472120 545
1472130 545
1472140 545
1472150 545
1472160 545
1472170 545
1472180 545
1472190 545
1472200 545
1472210 545
1472220 545
1472230 545
1472240 545
1472250 545
1472260 545
1472270 546
1472280 544
1472290 544
1472300 541
1472310 542
1472320 542
1472330 543
1472340 545
1472350 545
1472360 546
1472370 547
1472380 547
1472390 547
1472400 548
1472410 548
1472420 548
1472430 549
1472440 549
1472450 549
1472460 549
1472470 549
1472480 550
1472490 550
1472500 550
1472510 550
1472520 551
1472530 551
1472540 553
1472550 555
1472560 555
1472570 557
1472580 557
1472590 557
1472600 557
1472610 557
1472620 557
1472630 557
1472640 556
1472650 556
1472660 556
1472670 554
1472680 554
1472690 554
1472700 554
1472710 554
1472720 554
1472730 555
1472740 555
1472750 555
1472760 555
1472770 555
1472780 555
1472790 555
1472800 555
1472810 556
1472820 555
1472830 555
1472840 555
1472850 555
1472860 555
1472870 556
1472880 556
1472890 556
1472900 556
1472910 557
1472920 557
1472930 557
1472940 557
1472950 557
1472960 557
1472970 559
1472980 559
1472990 559
1473000 559
1473010 559
1473020 560
1473030 560
1473040 560
1473050 560
1473060 560
1473070 560
1473080 560
1473090 560
1473100 560
1473110 560
1473120 560
1473130 560
1473140 560
1473150 560
1473160 560
1473170 560
1473180 560
1473190 560
1473200 560
1473210 561
1473220 563
1473230 563
1473240 566
1473250 568
1473260 568
1473270 568
1473280 569
1473290 569
1473300 571
1473310 572
1473320 572
1473330 571
1473340 572
1473350 572
1473360 573
1473370 574
1473380 574
1473390 574
1473400 576
1473410 576
1473420 577
1473430 578
1473440 578
1473450 581
1473460 582
1473470 582
1473480 583
1473490 584
1473500 584
1473510 584
1473520 584
1473530 584
1473540 584
1473550 583
1473560 583
1473570 580
1473580 575
1473590 575
1473600 569
1473610 565
1473620 565
1473630 566
1473640 562
1473650 562
1473660 561
1473670 560
1473680 560
1473690 560
1473700 560
1473710 560
1473720 560
1473730 560
1473740 560
1473750 560
1473760 560
1473770 560
1473780 560
1473790 560
1473800 560
1473810 560
1473820 560
1473830 560
1473840 560
1473850 559
1473860 559
1473870 559
1473880 559
1473890 559
1473900 559
1473910 559
1473920 560
1473930 560
1473940 560
1473950 560
1473960 560
1473970 560
1473980 559
1473990 559
1474000 559
1474010 559
1474020 559
1474030 559
1474040 559
1474050 559
1474060 559
1474070 559
1474080 559
1474090 560
1474100 560
1474110 560
1474120 560
1474130 560
1474140 560
1474150 560
1474160 560
1474170 560
1474180 560
1474190 560
1474200 560
1474210 560
1474220 561
1474230 561
1474240 561
1474250 562
1474260 562
1474270 562
1474280 561
1474290 561
1474300 561
1474310 561
1474320 561
1474330 562
1474340 561
1474350 561
1474360 561
1474370 562
1474380 562
1474390 562
1474400 562
1474410 562
1474420 562
1474430 561
1474440 561
1474450 561
1474460 561
1474470 561
1474480 561
1474490 562
1474500 562
1474510 563
1474520 563
1474530 563
1474540 563
1474550 563
1474560 563
1474570 563
1474580 564
1474590 564
1474600 564
1474610 564
1474620 564
1474630 564
1474640 564
1474650 565
1474660 565
1474670 565
1474680 565
1474690 565
1474700 565
1474710 565
1474720 565
1474730 566
1474740 568
1474750 568
1474760 571
1474770 572
1474780 572
1474790 573
1474800 574
1474810 574
1474820 574
1474830 575
1474840 575
1474850 575
1474860 576
1474870 576
1474880 576
1474890 576
1474900 576
1474910 577
1474920 577
1474930 577
1474940 577
1474950 577
1474960 577
1474970 577
1474980 577
1474990 577
1475000 578
1475010 578
1475020 578
1475030 579
1475040 579
1475050 579
1475060 579
1475070 579
1475080 579
1475090 580
1475100 580
1475110 580
1475120 580
1475130 580
1475140 580
1475150 580
1475160 580
1475170 580
1475180 580
1475190 581
1475200 581
1475210 582
1475220 583
1475230 583
1475240 584
1475250 585
1475260 585
1475270 586
1475280 587
1475290 587
1475300 589
1475310 590
1475320 590
1475330 591
1475340 592
1475350 592
1475360 593
1475370 594
1475380 594
1475390 595
1475400 596
1475410 596
1475420 597
1475430 598
1475440 598
1475450 599
1475460 600
1475470 601
1475480 601
1475490 603
1475500 604
1475510 604
1475520 605
1475530 606
1475540 606
1475550 607
1475560 608
1475570 608
1475580 610
1475590 611
1475600 611
1475610 612
1475620 613
1475630 613
1475640 614
1475650 614
1475660 614
1475670 614
1475680 616
1475690 616
1475700 618
1475710 620
1475720 620
1475730 622
1475740 624
1475750 624
1475760 625
1475770 627
1475780 627
1475790 628
1475800 630
1475810 630
1475820 631
1475830 633
1475840 633
1475850 635
1475860 637
1475870 637
1475880 638
1475890 640
1475900 640
1475910 641
1475920 643
1475930 643
1475940 645
1475950 646
1475960 646
1475970 648
1475980 649
1475990 649
1476000 651
1476010 652
1476020 652
1476030 654
1476040 655
1476050 655
1476060 657
1476070 658
1476080 658
1476090 660
1476100 661
1476110 661
1476120 663
1476130 664
1476140 664
1476150 665
1476160 666
1476170 666
1476180 668
1476190 668
1476200 668
1476210 669
1476220 670
1476230 670
1476240 671
1476250 672
1476260 673
1476270 673
1476280 673
1476290 674
1476300 674
1476310 674
1476320 674
1476330 674
1476340 675
1476350 675
1476360 675
1476370 675
1476380 675
1476390 675
1476400 674
1476410 673
1476420 673
1476430 673
1476440 673
1476450 673
1476460 672
1476470 671
1476480 671
1476490 670
1476500 670
1476510 670
1476520 669
1476530 669
1476540 669
1476550 668
1476560 668
1476570 668
1476580 668
1476590 668
1476600 668
1476610 668
1476620 669
1476630 669
1476640 669
1476650 670
1476660 670
1476670 671
1476680 671
1476690 671
1476700 672
1476710 672
1476720 672
1476730 673
1476740 674
1476750 674
1476760 674
1476770 675
1476780 675
1476790 676
1476800 676
1476810 676
1476820 677
1476830 677
1476840 677
1476850 678
1476860 679
1476870 679
1476880 680
1476890 681
1476900 681
1476910 682
1476920 683
1476930 683
1476940 684
1476950 684
1476960 684
1476970 685
1476980 686
1476990 686
1477000 687
1477010 688
1477020 688
1477030 689
1477040 690
1477050 690
1477060 691
1477070 693
1477080 693
1477090 693
1477100 694
1477110 695
1477120 695
1477130 695
1477140 696
1477150 696
1477160 696
1477170 697
1477180 697
1477190 698
1477200 698
1477210 698
1477220 699
1477230 699
1477240 699
1477250 700
1477260 700
1477270 700
1477280 701
1477290 701
1477300 701
1477310 702
1477320 702
1477330 702
1477340 702
1477350 702
1477360 702
1477370 702
1477380 702
1477390 702
1477400 701
1477410 697
1477420 697
1477430 697
1477440 696
1477450 696
1477460 701
1477470 704
1477480 704
1477490 706
1477500 707
1477510 707
1477520 708
1477530 709
1477540 709
1477550 708
1477560 708
1477570 708
1477580 710
1477590 708
1477600 708
1477610 707
1477620 706
1477630 706
1477640 705
1477650 705
1477660 705
1477670 709
1477680 713
1477690 713
1477700 716
1477710 719
1477720 719
1477730 720
1477740 721
1477750 721
1477760 721
1477770 722
1477780 722
1477790 722
1477800 722
1477810 722
1477820 723
1477830 723
1477840 723
1477850 723
1477860 723
1477870 724
1477880 724
1477890 724
1477900 724
1477910 724
1477920 723
1477930 723
1477940 723
1477950 723
1477960 723
1477970 723
1477980 724
1477990 724
1478000 724
1478010 724
1478020 724
1478030 724
1478040 724
1478050 724
1478060 724
1478070 724
1478080 724
1478090 724
1478100 724
1478110 723
1478120 723
1478130 723
1478140 722
1478150 722
1478160 722
1478170 721
1478180 721
1478190 720
1478200 719
1478210 719
1478220 718
1478230 717
1478240 717
1478250 716
1478260 715
1478270 715
1478280 714
1478290 713
1478300 713
1478310 712
1478320 710
1478330 710
1478340 709
1478350 707
1478360 707
1478370 704
1478380 702
1478390 702
1478400 699
1478410 696
1478420 696
1478430 694
1478440 692
1478450 692
1478460 690
1478470 689
1478480 689
1478490 687
1478500 686
1478510 686
1478520 683
1478530 680
1478540 680
1478550 678
1478560 676
1478570 676
1478580 674
1478590 672
1478600 672
1478610 670
1478620 668
1478630 668
1478640 666
1478650 663
1478660 663
1478670 660
1478680 658
1478690 656
1478700 656
1478710 656
1478720 653
1478730 653
1478740 652
1478750 650
1478760 650
1478770 648
1478780 647
1478790 647
1478800 646
1478810 645
1478820 645
1478830 644
1478840 643
1478850 643
1478860 642
1478870 642
1478880 642
1478890 642
1478900 643
1478910 643
1478920 641
1478930 639
1478940 639
1478950 637
1478960 634
1478970 634
1478980 632
1478990 631
1479000 631
1479010 629
1479020 628
1479030 628
1479040 626
1479050 624
1479060 624
1479070 623
1479080 622
1479090 622
1479100 621
1479110 622
1479120 622
1479130 623
1479140 623
1479150 623
1479160 624
1479170 623
1479180 623
1479190 622
1479200 621
1479210 621
1479220 619
1479230 617
1479240 617
1479250 616
1479260 614
1479270 614
1479280 612
1479290 610
1479300 610
1479310 607
1479320 604
1479330 604
1479340 601
1479350 598
1479360 598
1479370 595
1479380 593
1479390 593
1479400 590
1479410 587
1479420 587
1479430 585
1479440 583
1479450 583
1479460 583
1479470 582
1479480 582
1479490 582
1479500 581
1479510 580
1479520 580
1479530 579
1479540 578
1479550 578
1479560 578
1479570 578
1479580 578
1479590 577
1479600 574
1479610 574
1479620 571
1479630 568
1479640 568
1479650 564
1479660 561
1479670 561
1479680 561
1479690 560
1479700 560
1479710 560
1479720 560
1479730 560
1479740 560
1479750 559
1479760 559
1479770 559
1479780 559
1479790 559
1479800 559
1479810 559
1479820 559
1479830 559
1479840 558
1479850 558
1479860 558
1479870 558
1479880 558
1479890 558
1479900 558
1479910 558
1479920 558
1479930 558
1479940 558
1479950 558
1479960 558
1479970 558
1479980 558
1479990 557
