1460000 532
1460010 533
1460020 535
1460030 535
1460040 536
1460050 537
1460060 537
1460070 538
1460080 540
1460090 540
1460100 543
1460110 545
1460120 545
1460130 547
1460140 550
1460150 550
1460160 553
1460170 555
1460180 555
1460190 558
1460200 565
1460210 565
1460220 569
1460230 572
1460240 572
1460250 574
1460260 576
1460270 577
1460280 577
1460290 579
1460300 581
1460310 581
1460320 583
1460330 585
1460340 585
1460350 587
1460360 588
1460370 588
1460380 589
1460390 590
1460400 590
1460410 591
1460420 592
1460430 592
1460440 593
1460450 592
1460460 592
1460470 590
1460480 592
1460490 592
1460500 596
1460510 598
1460520 598
1460530 599
1460540 600
1460550 600
1460560 602
1460570 602
1460580 602
1460590 603
1460600 603
1460610 603
1460620 603
1460630 602
1460640 602
1460650 602
1460660 602
1460670 602
1460680 601
1460690 601
1460700 601
1460710 601
1460720 601
1460730 601
1460740 601
1460750 601
1460760 601
1460770 602
1460780 602
1460790 602
1460800 602
1460810 602
1460820 602
1460830 602
1460840 602
1460850 602
1460860 602
1460870 602
1460880 602
1460890 602
1460900 602
1460910 602
1460920 602
1460930 603
1460940 603
1460950 603
1460960 602
1460970 602
1460980 601
1460990 600
1461000 600
1461010 600
1461020 600
1461030 600
1461040 600
1461050 599
1461060 599
1461070 599
1461080 598
1461090 598
1461100 598
1461110 598
1461120 597
1461130 597
1461140 597
1461150 597
1461160 597
1461170 597
1461180 598
1461190 598
1461200 598
1461210 599
1461220 599
1461230 600
1461240 600
1461250 600
1461260 601
1461270 601
1461280 601
1461290 602
1461300 602
1461310 602
1461320 603
1461330 603
1461340 603
1461350 603
1461360 603
1461370 603
1461380 603
1461390 602
1461400 602
1461410 602
1461420 602
1461430 602
1461440 602
1461450 602
1461460 602
1461470 602
1461480 603
1461490 603
1461500 603
1461510 604
1461520 604
1461530 604
1461540 604
1461550 604
1461560 604
1461570 604
1461580 604
1461590 604
1461600 603
1461610 603
1461620 603
1461630 602
1461640 602
1461650 602
1461660 602
1461670 602
1461680 602
1461690 602
1461700 602
1461710 603
1461720 603
1461730 603
1461740 603
1461750 603
1461760 603
1461770 604
1461780 604
1461790 604
1461800 604
1461810 605
1461820 605
1461830 605
1461840 605
1461850 605
1461860 606
1461870 606
1461880 606
1461890 607
1461900 608
1461910 608
1461920 608
1461930 609
1461940 609
1461950 609
1461960 610
1461970 611
1461980 611
1461990 612
1462000 613
1462010 613
1462020 615
1462030 616
1462040 616
1462050 616
1462060 617
1462070 617
1462080 618
1462090 620
1462100 620
1462110 622
1462120 625
1462130 625
1462140 628
1462150 629
1462160 629
1462170 629
1462180 629
1462190 629
1462200 628
1462210 628
1462220 628
1462230 626
1462240 625
1462250 625
1462260 625
1462270 624
1462280 624
1462290 624
1462300 624
1462310 624
1462320 623
1462330 623
1462340 623
1462350 623
1462360 623
1462370 623
1462380 623
1462390 623
1462400 623
1462410 624
1462420 624
1462430 624
1462440 624
1462450 625
1462460 625
1462470 625
1462480 625
1462490 625
1462500 626
1462510 626
1462520 626
1462530 627
1462540 629
1462550 629
1462560 631
1462570 632
1462580 632
1462590 633
1462600 635
1462610 635
1462620 637
1462630 638
1462640 638
1462650 640
1462660 642
1462670 642
1462680 644
1462690 646
1462700 646
1462710 648
1462720 649
1462730 649
1462740 651
1462750 652
1462760 652
1462770 653
1462780 654
1462790 654
1462800 655
1462810 657
1462820 658
1462830 658
1462840 659
1462850 661
1462860 661
1462870 662
1462880 663
1462890 663
1462900 664
1462910 665
1462920 665
1462930 665
1462940 666
1462950 666
1462960 668
1462970 669
1462980 669
1462990 669
1463000 670
1463010 670
1463020 671
1463030 671
1463040 671
1463050 672
1463060 673
1463070 673
1463080 674
1463090 674
1463100 674
1463110 674
1463120 675
1463130 675
1463140 676
1463150 676
1463160 676
1463170 677
1463180 677
1463190 677
1463200 678
1463210 678
1463220 678
1463230 679
1463240 679
1463250 679
1463260 679
1463270 679
1463280 679
1463290 678
1463300 678
1463310 678
1463320 677
1463330 675
1463340 675
1463350 673
1463360 671
1463370 671
1463380 669
1463390 667
1463400 667
1463410 666
1463420 665
1463430 665
1463440 665
1463450 665
1463460 665
1463470 665
1463480 665
1463490 665
1463500 664
1463510 664
1463520 664
1463530 664
1463540 663
1463550 663
1463560 663
1463570 663
1463580 663
1463590 663
1463600 663
1463610 663
1463620 663
1463630 663
1463640 663
1463650 663
1463660 663
1463670 664
1463680 664
1463690 666
1463700 668
1463710 668
1463720 670
1463730 670
1463740 670
1463750 670
1463760 670
1463770 670
1463780 670
1463790 669
1463800 669
1463810 670
1463820 671
1463830 671
1463840 673
1463850 675
1463860 675
1463870 676
1463880 677
1463890 677
1463900 677
1463910 676
1463920 676
1463930 676
1463940 676
1463950 676
1463960 676
1463970 676
1463980 676
1463990 676
1464000 675
1464010 675
1464020 675
1464030 675
1464040 675
1464050 675
1464060 675
1464070 675
1464080 675
1464090 675
1464100 675
1464110 676
1464120 677
1464130 677
1464140 678
1464150 679
1464160 679
1464170 681
1464180 682
1464190 682
1464200 683
1464210 685
1464220 685
1464230 686
1464240 687
1464250 687
1464260 689
1464270 690
1464280 690
1464290 692
1464300 693
1464310 693
1464320 695
1464330 696
1464340 696
1464350 697
1464360 699
1464370 699
1464380 700
1464390 701
1464400 701
1464410 702
1464420 703
1464430 703
1464440 704
1464450 705
1464460 705
1464470 705
1464480 706
1464490 706
1464500 707
1464510 708
1464520 708
1464530 708
1464540 708
1464550 709
1464560 709
1464570 709
1464580 710
1464590 710
1464600 710
1464610 710
1464620 710
1464630 711
1464640 711
1464650 711
1464660 711
1464670 711
1464680 711
1464690 711
1464700 711
1464710 711
1464720 711
1464730 711
1464740 711
1464750 710
1464760 710
1464770 710
1464780 710
1464790 709
1464800 709
1464810 709
1464820 708
1464830 708
1464840 708
1464850 707
1464860 707
1464870 706
1464880 706
1464890 706
1464900 705
1464910 704
1464920 704
1464930 704
1464940 703
1464950 703
1464960 702
1464970 702
1464980 702
1464990 701
1465000 701
1465010 701
1465020 700
1465030 700
1465040 700
1465050 699
1465060 698
1465070 698
1465080 698
1465090 698
1465100 698
1465110 697
1465120 697
1465130 697
1465140 696
1465150 696
1465160 696
1465170 696
1465180 696
1465190 696
1465200 696
1465210 696
1465220 696
1465230 695
1465240 695
1465250 695
1465260 695
1465270 695
1465280 695
1465290 694
1465300 694
1465310 694
1465320 694
1465330 693
1465340 693
1465350 693
1465360 693
1465370 693
1465380 692
1465390 692
1465400 691
1465410 691
1465420 691
1465430 691
1465440 691
1465450 690
1465460 690
1465470 690
1465480 690
1465490 690
1465500 690
1465510 690
1465520 690
1465530 690
1465540 690
1465550 690
1465560 690
1465570 690
1465580 690
1465590 690
1465600 690
1465610 690
1465620 690
1465630 690
1465640 690
1465650 690
1465660 690
1465670 690
1465680 690
1465690 690
1465700 691
1465710 691
1465720 691
1465730 691
1465740 691
1465750 691
1465760 691
1465770 691
1465780 691
1465790 691
1465800 691
1465810 691
1465820 691
1465830 691
1465840 690
1465850 690
1465860 690
1465870 690
1465880 690
1465890 690
1465900 689
1465910 689
1465920 689
1465930 689
1465940 689
1465950 689
1465960 689
1465970 689
1465980 689
1465990 690
1466000 690
1466010 690
1466020 691
1466030 692
1466040 692
1466050 692
1466060 692
1466070 692
1466080 692
1466090 692
1466100 692
1466110 693
1466120 693
1466130 693
1466140 693
1466150 693
1466160 693
1466170 693
1466180 693
1466190 693
1466200 693
1466210 693
1466220 693
1466230 693
1466240 693
1466250 693
1466260 693
1466270 693
1466280 693
1466290 693
1466300 692
1466310 692
1466320 692
1466330 692
1466340 692
1466350 692
1466360 692
1466370 692
1466380 692
1466390 691
1466400 691
1466410 691
1466420 691
1466430 691
1466440 691
1466450 691
1466460 690
1466470 690
1466480 690
1466490 690
1466500 690
1466510 690
1466520 690
1466530 690
1466540 690
1466550 690
1466560 690
1466570 690
1466580 690
1466590 690
1466600 689
1466610 689
1466620 689
1466630 689
1466640 689
1466650 689
1466660 688
1466670 688
1466680 688
1466690 688
1466700 687
1466710 687
1466720 687
1466730 686
1466740 686
1466750 686
1466760 685
1466770 685
1466780 685
1466790 684
1466800 684
1466810 683
1466820 683
1466830 683
1466840 682
1466850 682
1466860 682
1466870 681
1466880 681
1466890 681
1466900 680
1466910 680
1466920 680
1466930 679
1466940 679
1466950 679
1466960 678
1466970 677
1466980 677
1466990 676
1467000 675
1467010 675
1467020 675
1467030 674
1467040 674
1467050 673
1467060 673
1467070 673
1467080 672
1467090 671
1467100 669
1467110 669
1467120 668
1467130 667
1467140 667
1467150 667
1467160 667
1467170 667
1467180 667
1467190 667
1467200 667
1467210 667
1467220 667
1467230 667
1467240 667
1467250 666
1467260 666
1467270 666
1467280 667
1467290 667
1467300 667
1467310 668
1467320 668
1467330 668
1467340 669
1467350 669
1467360 670
1467370 671
1467380 671
1467390 672
1467400 673
1467410 673
1467420 673
1467430 674
1467440 674
1467450 676
1467460 677
1467470 677
1467480 678
1467490 679
1467500 679
1467510 680
1467520 680
1467530 680
1467540 681
1467550 682
1467560 682
1467570 683
1467580 684
1467590 684
1467600 685
1467610 686
1467620 686
1467630 687
1467640 687
1467650 687
1467660 688
1467670 689
1467680 689
1467690 689
1467700 690
1467710 690
1467720 690
1467730 691
1467740 691
1467750 692
1467760 692
1467770 692
1467780 692
1467790 693
1467800 693
1467810 694
1467820 695
1467830 695
1467840 696
1467850 696
1467860 696
1467870 697
1467880 697
1467890 697
1467900 699
1467910 699
1467920 699
1467930 700
1467940 701
1467950 701
1467960 702
1467970 703
1467980 704
1467990 704
1468000 705
1468010 705
1468020 705
1468030 706
1468040 707
1468050 707
1468060 707
1468070 708
1468080 708
1468090 709
1468100 710
1468110 710
1468120 710
1468130 711
1468140 711
1468150 711
1468160 711
1468170 711
1468180 713
1468190 713
1468200 713
1468210 714
1468220 714
1468230 714
1468240 715
1468250 715
1468260 715
1468270 715
1468280 715
1468290 715
1468300 715
1468310 715
1468320 715
1468330 716
1468340 716
1468350 716
1468360 716
1468370 715
1468380 715
1468390 715
1468400 715
1468410 715
1468420 715
1468430 715
1468440 715
1468450 714
1468460 714
1468470 714
1468480 714
1468490 713
1468500 713
1468510 713
1468520 712
1468530 712
1468540 712
1468550 712
1468560 712
1468570 711
1468580 711
1468590 711
1468600 710
1468610 709
1468620 709
1468630 708
1468640 708
1468650 708
1468660 707
1468670 706
1468680 706
1468690 705
1468700 704
1468710 704
1468720 704
1468730 703
1468740 703
1468750 702
1468760 701
1468770 701
1468780 700
1468790 699
1468800 699
1468810 698
1468820 697
1468830 696
1468840 696
1468850 696
1468860 695
1468870 695
1468880 693
1468890 691
1468900 691
1468910 691
1468920 690
1468930 690
1468940 689
1468950 688
1468960 688
1468970 687
1468980 686
1468990 686
1469000 686
1469010 685
1469020 685
1469030 684
1469040 683
1469050 683
1469060 682
1469070 681
1469080 681
1469090 680
1469100 679
1469110 679
1469120 678
1469130 677
1469140 677
1469150 676
1469160 675
1469170 675
1469180 674
1469190 672
1469200 672
1469210 671
1469220 669
1469230 669
1469240 667
1469250 666
1469260 666
1469270 663
1469280 661
1469290 661
1469300 659
1469310 657
1469320 657
1469330 655
1469340 653
1469350 653
1469360 650
1469370 648
1469380 648
1469390 647
1469400 646
1469410 646
1469420 645
1469430 643
1469440 643
1469450 641
1469460 639
1469470 639
1469480 637
1469490 636
1469500 636
1469510 634
1469520 632
1469530 632
1469540 630
1469550 629
1469560 629
1469570 628
1469580 627
1469590 627
1469600 626
1469610 625
1469620 625
1469630 625
1469640 624
1469650 624
1469660 624
1469670 623
1469680 622
1469690 622
1469700 621
1469710 620
1469720 620
1469730 619
1469740 618
1469750 618
1469760 617
1469770 616
1469780 616
1469790 615
1469800 614
1469810 614
1469820 614
1469830 613
1469840 613
1469850 612
1469860 612
1469870 612
1469880 612
1469890 612
1469900 612
1469910 610
1469920 609
1469930 609
1469940 608
1469950 608
1469960 608
1469970 607
1469980 606
1469990 606
1470000 605
1470010 604
1470020 604
1470030 603
1470040 602
1470050 602
1470060 600
1470070 599
1470080 599
1470090 597
1470100 596
1470110 596
1470120 595
1470130 594
1470140 594
1470150 594
1470160 593
1470170 593
1470180 592
1470190 592
1470200 592
1470210 591
1470220 590
1470230 590
1470240 590
1470250 590
1470260 590
1470270 589
1470280 589
1470290 589
1470300 589
1470310 587
1470320 587
1470330 587
1470340 586
1470350 586
1470360 586
1470370 586
1470380 586
1470390 585
1470400 585
1470410 585
1470420 585
1470430 584
1470440 584
1470450 584
1470460 583
1470470 583
1470480 583
1470490 582
1470500 582
1470510 582
1470520 582
1470530 581
1470540 581
1470550 581
1470560 580
1470570 580
1470580 580
1470590 580
1470600 580
1470610 580
1470620 580
1470630 580
1470640 579
1470650 579
1470660 579
1470670 579
1470680 579
1470690 579
1470700 578
1470710 578
1470720 578
1470730 578
1470740 578
1470750 578
1470760 577
1470770 577
1470780 577
1470790 577
1470800 577
1470810 577
1470820 577
1470830 576
1470840 576
1470850 576
1470860 576
1470870 576
1470880 576
1470890 576
1470900 576
1470910 575
1470920 575
1470930 575
1470940 575
1470950 575
1470960 575
1470970 575
1470980 575
1470990 575
1471000 575
1471010 575
1471020 575
1471030 575
1471040 575
1471050 575
1471060 575
1471070 575
1471080 575
1471090 575
1471100 575
1471110 575
1471120 575
1471130 575
1471140 575
1471150 575
1471160 575
1471170 575
1471180 575
1471190 575
1471200 575
1471210 576
1471220 576
1471230 576
1471240 576
1471250 576
1471260 576
1471270 576
1471280 577
1471290 577
1471300 577
1471310 577
1471320 577
1471330 577
1471340 577
1471350 577
1471360 577
1471370 577
1471380 577
1471390 576
1471400 576
1471410 576
1471420 576
1471430 576
1471440 576
1471450 576
1471460 575
1471470 575
1471480 575
1471490 574
1471500 574
1471510 574
1471520 574
1471530 574
1471540 574
1471550 574
1471560 574
1471570 574
1471580 573
1471590 574
1471600 574
1471610 573
1471620 573
1471630 573
1471640 573
1471650 572
1471660 572
1471670 572
1471680 572
1471690 572
1471700 572
1471710 571
1471720 571
1471730 571
1471740 570
1471750 570
1471760 570
1471770 570
1471780 570
1471790 570
1471800 570
1471810 570
1471820 569
1471830 569
1471840 569
1471850 569
1471860 569
1471870 569
1471880 569
1471890 569
1471900 569
1471910 569
1471920 569
1471930 569
1471940 569
1471950 568
1471960 568
1471970 568
1471980 568
1471990 568
1472000 567
1472010 567
1472020 567
1472030 567
1472040 566
1472050 566
1472060 565
1472070 565
1472080 565
1472090 564
1472100 564
1472110 564
1472120 564
1472130 564
1472140 564
1472150 563
1472160 563
1472170 563
1472180 563
1472190 564
1472200 564
1472210 564
1472220 564
1472230 564
1472240 564
1472250 564
1472260 564
1472270 564
1472280 564
1472290 564
1472300 564
1472310 564
1472320 564
1472330 564
1472340 563
1472350 563
1472360 563
1472370 563
1472380 563
1472390 563
1472400 562
1472410 562
1472420 562
1472430 562
1472440 561
1472450 561
1472460 561
1472470 560
1472480 560
1472490 560
1472500 559
1472510 559
1472520 560
1472530 561
1472540 561
1472550 561
1472560 561
1472570 561
1472580 561
1472590 561
1472600 561
1472610 561
1472620 561
1472630 561
1472640 561
1472650 561
1472660 561
1472670 560
1472680 560
1472690 560
1472700 560
1472710 560
1472720 560
1472730 560
1472740 560
1472750 560
1472760 559
1472770 559
1472780 559
1472790 559
1472800 559
1472810 559
1472820 559
1472830 558
1472840 558
1472850 557
1472860 556
1472870 556
1472880 556
1472890 555
1472900 555
1472910 555
1472920 555
1472930 555
1472940 555
1472950 555
1472960 555
1472970 555
1472980 555
1472990 555
1473000 555
1473010 555
1473020 555
1473030 555
1473040 555
1473050 555
1473060 554
1473070 554
1473080 554
1473090 554
1473100 554
1473110 553
1473120 553
1473130 553
1473140 553
1473150 553
1473160 553
1473170 553
1473180 553
1473190 553
1473200 552
1473210 552
1473220 552
1473230 552
1473240 552
1473250 552
1473260 551
1473270 551
1473280 551
1473290 551
1473300 551
1473310 551
1473320 551
1473330 551
1473340 551
1473350 550
1473360 550
1473370 550
1473380 550
1473390 550
1473400 550
1473410 550
1473420 550
1473430 550
1473440 549
1473450 549
1473460 549
1473470 549
1473480 549
1473490 547
1473500 545
1473510 545
1473520 543
1473530 542
1473540 542
1473550 541
1473560 541
1473570 541
1473580 541
1473590 541
1473600 541
1473610 540
1473620 540
1473630 540
1473640 540
1473650 539
1473660 539
1473670 538
1473680 536
1473690 536
1473700 535
1473710 533
1473720 533
1473730 533
1473740 533
1473750 533
1473760 533
1473770 532
1473780 532
1473790 532
1473800 533
1473810 533
1473820 535
1473830 538
1473840 538
1473850 539
1473860 539
1473870 539
1473880 539
1473890 539
1473900 539
1473910 539
1473920 539
1473930 539
1473940 539
1473950 538
1473960 538
1473970 538
1473980 537
1473990 537
1474000 537
1474010 537
1474020 537
1474030 537
1474040 537
1474050 537
1474060 537
1474070 537
1474080 537
1474090 537
1474100 537
1474110 537
1474120 537
1474130 537
1474140 537
1474150 537
1474160 539
1474170 538
1474180 538
1474190 537
1474200 538
1474210 538
1474220 538
1474230 539
1474240 539
1474250 539
1474260 539
1474270 539
1474280 540
1474290 540
1474300 540
1474310 540
1474320 540
1474330 540
1474340 540
1474350 540
1474360 540
1474370 541
1474380 541
1474390 541
1474400 542
1474410 542
1474420 542
1474430 542
1474440 542
1474450 542
1474460 542
1474470 541
1474480 541
1474490 540
1474500 540
1474510 540
1474520 540
1474530 540
1474540 540
1474550 540
1474560 539
1474570 539
1474580 539
1474590 539
1474600 539
1474610 539
1474620 539
1474630 539
1474640 539
1474650 539
1474660 539
1474670 539
1474680 539
1474690 539
1474700 539
1474710 539
1474720 539
1474730 539
1474740 539
1474750 539
1474760 539
1474770 539
1474780 539
1474790 539
1474800 539
1474810 539
1474820 539
1474830 540
1474840 541
1474850 541
1474860 541
1474870 540
1474880 540
1474890 541
1474900 541
1474910 541
1474920 542
1474930 542
1474940 542
1474950 542
1474960 542
1474970 542
1474980 542
1474990 543
1475000 543
1475010 544
1475020 545
1475030 545
1475040 545
1475050 545
1475060 545
1475070 545
1475080 547
1475090 547
1475100 549
1475110 552
1475120 552
1475130 555
1475140 557
1475150 557
1475160 558
1475170 559
1475180 559
1475190 559
1475200 560
1475210 560
1475220 561
1475230 561
1475240 561
1475250 561
1475260 562
1475270 562
1475280 562
1475290 563
1475300 563
1475310 563
1475320 563
1475330 563
1475340 563
1475350 563
1475360 563
1475370 563
1475380 563
1475390 563
1475400 563
1475410 563
1475420 563
1475430 563
1475440 562
1475450 562
1475460 562
1475470 561
1475480 561
1475490 561
1475500 560
1475510 560
1475520 560
1475530 559
1475540 559
1475550 559
1475560 559
1475570 559
1475580 559
1475590 559
1475600 559
1475610 559
1475620 559
1475630 559
1475640 559
1475650 559
1475660 559
1475670 559
1475680 559
1475690 559
1475700 559
1475710 559
1475720 559
1475730 559
1475740 559
1475750 560
1475760 560
1475770 560
1475780 559
1475790 559
1475800 559
1475810 559
1475820 559
1475830 559
1475840 559
1475850 559
1475860 558
1475870 558
1475880 558
1475890 556
1475900 556
1475910 556
1475920 556
1475930 557
1475940 557
1475950 557
1475960 556
1475970 556
1475980 556
1475990 556
1476000 556
1476010 556
1476020 558
1476030 558
1476040 559
1476050 560
1476060 560
1476070 560
1476080 560
1476090 560
1476100 561
1476110 561
1476120 561
1476130 561
1476140 561
1476150 561
1476160 562
1476170 562
1476180 562
1476190 562
1476200 562
1476210 562
1476220 562
1476230 562
1476240 562
1476250 562
1476260 563
1476270 563
1476280 563
1476290 562
1476300 562
1476310 562
1476320 561
1476330 561
1476340 560
1476350 559
1476360 559
1476370 557
1476380 555
1476390 555
1476400 553
1476410 551
1476420 551
1476430 550
1476440 549
1476450 549
1476460 548
1476470 548
1476480 548
1476490 549
1476500 549
1476510 549
1476520 549
1476530 549
1476540 550
1476550 550
1476560 550
1476570 550
1476580 550
1476590 550
1476600 550
1476610 550
1476620 549
1476630 547
1476640 547
1476650 547
1476660 547
1476670 547
1476680 548
1476690 548
1476700 548
1476710 548
1476720 549
1476730 549
1476740 548
1476750 545
1476760 545
1476770 543
1476780 542
1476790 542
1476800 541
1476810 540
1476820 540
1476830 540
1476840 540
1476850 540
1476860 540
1476870 541
1476880 541
1476890 541
1476900 542
1476910 542
1476920 543
1476930 542
1476940 542
1476950 541
1476960 541
1476970 541
1476980 542
1476990 542
1477000 542
1477010 542
1477020 542
1477030 542
1477040 540
1477050 538
1477060 538
1477070 538
1477080 539
1477090 539
1477100 539
1477110 539
1477120 539
1477130 539
1477140 539
1477150 539
1477160 539
1477170 538
1477180 538
1477190 538
1477200 538
1477210 538
1477220 538
1477230 538
1477240 538
1477250 538
1477260 538
1477270 538
1477280 538
1477290 538
1477300 538
1477310 538
1477320 538
1477330 538
1477340 538
1477350 538
1477360 538
1477370 539
1477380 539
1477390 539
1477400 539
1477410 539
1477420 539
1477430 539
1477440 539
1477450 539
1477460 539
1477470 539
1477480 539
1477490 539
1477500 539
1477510 539
1477520 539
1477530 539
1477540 539
1477550 539
1477560 538
1477570 539
1477580 539
1477590 539
1477600 539
1477610 539
1477620 539
1477630 539
1477640 539
1477650 539
1477660 539
1477670 539
1477680 540
1477690 540
1477700 540
1477710 540
1477720 540
1477730 540
1477740 540
1477750 540
1477760 540
1477770 540
1477780 540
1477790 540
1477800 541
1477810 540
1477820 540
1477830 540
1477840 540
1477850 540
1477860 540
1477870 540
1477880 540
1477890 540
1477900 540
1477910 540
1477920 540
1477930 540
1477940 540
1477950 540
1477960 540
1477970 540
1477980 539
1477990 539
1478000 539
1478010 539
1478020 540
1478030 540
1478040 540
1478050 540
1478060 540
1478070 540
1478080 540
1478090 540
1478100 540
1478110 541
1478120 541
1478130 541
1478140 542
1478150 542
1478160 542
1478170 542
1478180 542
1478190 543
1478200 544
1478210 544
1478220 545
1478230 545
1478240 545
1478250 546
1478260 546
1478270 546
1478280 546
1478290 546
1478300 546
1478310 546
1478320 547
1478330 547
1478340 547
1478350 547
1478360 547
1478370 547
1478380 547
1478390 547
1478400 547
1478410 547
1478420 547
1478430 547
1478440 547
1478450 547
1478460 547
1478470 547
1478480 547
1478490 547
1478500 547
1478510 548
1478520 548
1478530 548
1478540 548
1478550 548
1478560 548
1478570 548
1478580 548
1478590 548
1478600 548
1478610 548
1478620 548
1478630 548
1478640 548
1478650 548
1478660 548
1478670 548
1478680 548
1478690 548
1478700 548
1478710 548
1478720 548
1478730 548
1478740 549
1478750 548
1478760 548
1478770 548
1478780 548
1478790 548
1478800 549
1478810 549
1478820 549
1478830 549
1478840 549
1478850 549
1478860 549
1478870 549
1478880 549
1478890 549
1478900 549
1478910 549
1478920 549
1478930 549
1478940 549
1478950 549
1478960 549
1478970 549
1478980 549
1478990 549
1479000 549
1479010 549
1479020 550
1479030 550
1479040 550
1479050 550
1479060 550
1479070 550
1479080 550
1479090 550
1479100 550
1479110 550
1479120 550
1479130 550
1479140 550
1479150 551
1479160 551
1479170 550
1479180 550
1479190 550
1479200 550
1479210 550
1479220 550
1479230 550
1479240 550
1479250 550
1479260 550
1479270 550
1479280 550
1479290 550
1479300 551
1479310 551
1479320 550
1479330 550
1479340 550
1479350 550
1479360 550
1479370 550
1479380 550
1479390 550
1479400 550
1479410 550
1479420 550
1479430 550
1479440 549
1479450 549
1479460 549
1479470 549
1479480 549
1479490 549
1479500 549
1479510 549
1479520 549
1479530 549
1479540 549
1479550 549
1479560 549
1479570 550
1479580 550
1479590 550
1479600 550
1479610 550
1479620 550
1479630 550
1479640 550
1479650 549
1479660 549
1479670 549
1479680 549
1479690 549
1479700 549
1479710 549
1479720 549
1479730 549
1479740 549
1479750 549
1479760 549
1479770 549
1479780 549
1479790 549
1479800 549
1479810 549
1479820 549
1479830 549
1479840 550
1479850 550
1479860 550
1479870 550
1479880 550
1479890 549
1479900 549
1479910 549
1479920 549
1479930 549
1479940 549
1479950 549
1479960 549
1479970 549
1479980 549
1479990 549
