1460000 514
1460010 514
1460020 514
1460030 514
1460040 514
1460050 514
1460060 514
1460070 514
1460080 514
1460090 514
1460100 514
1460110 514
1460120 515
1460130 516
1460140 516
1460150 515
1460160 515
1460170 515
1460180 514
1460190 515
1460200 515
1460210 515
1460220 515
1460230 515
1460240 515
1460250 515
1460260 516
1460270 516
1460280 516
1460290 516
1460300 516
1460310 515
1460320 515
1460330 515
1460340 515
1460350 515
1460360 515
1460370 516
1460380 516
1460390 516
1460400 516
1460410 516
1460420 516
1460430 516
1460440 516
1460450 516
1460460 516
1460470 516
1460480 516
1460490 516
1460500 516
1460510 516
1460520 514
1460530 513
1460540 513
1460550 513
1460560 512
1460570 512
1460580 512
1460590 512
1460600 512
1460610 512
1460620 511
1460630 511
1460640 511
1460650 510
1460660 510
1460670 510
1460680 509
1460690 509
1460700 509
1460710 508
1460720 508
1460730 508
1460740 508
1460750 508
1460760 510
1460770 510
1460780 510
1460790 511
1460800 511
1460810 511
1460820 512
1460830 512
1460840 512
1460850 513
1460860 513
1460870 513
1460880 513
1460890 513
1460900 513
1460910 512
1460920 512
1460930 512
1460940 512
1460950 512
1460960 512
1460970 512
1460980 512
1460990 512
1461000 512
1461010 512
1461020 512
1461030 512
1461040 512
1461050 512
1461060 513
1461070 513
1461080 513
1461090 513
1461100 514
1461110 514
1461120 514
1461130 514
1461140 514
1461150 515
1461160 515
1461170 515
1461180 515
1461190 515
1461200 515
1461210 515
1461220 515
1461230 515
1461240 515
1461250 515
1461260 515
1461270 515
1461280 515
1461290 514
1461300 514
1461310 514
1461320 514
1461330 514
1461340 514
1461350 514
1461360 514
1461370 513
1461380 513
1461390 513
1461400 513
1461410 513
1461420 513
1461430 513
1461440 513
1461450 513
1461460 513
1461470 513
1461480 513
1461490 512
1461500 512
1461510 512
1461520 512
1461530 512
1461540 512
1461550 512
1461560 513
1461570 513
1461580 513
1461590 513
1461600 513
1461610 513
1461620 513
1461630 513
1461640 513
1461650 513
1461660 513
1461670 513
1461680 513
1461690 513
1461700 513
1461710 513
1461720 513
1461730 514
1461740 515
1461750 515
1461760 515
1461770 515
1461780 515
1461790 516
1461800 517
1461810 517
1461820 517
1461830 516
1461840 516
1461850 515
1461860 515
1461870 515
1461880 515
1461890 515
1461900 515
1461910 515
1461920 514
1461930 514
1461940 514
1461950 514
1461960 514
1461970 515
1461980 515
1461990 515
1462000 516
1462010 516
1462020 516
1462030 517
1462040 517
1462050 517
1462060 517
1462070 516
1462080 516
1462090 516
1462100 516
1462110 516
1462120 516
1462130 515
1462140 514
1462150 514
1462160 514
1462170 513
1462180 513
1462190 512
1462200 511
1462210 511
1462220 511
1462230 510
1462240 510
1462250 509
1462260 509
1462270 509
1462280 509
1462290 509
1462300 509
1462310 509
1462320 509
1462330 509
1462340 509
1462350 509
1462360 509
1462370 509
1462380 508
1462390 508
1462400 508
1462410 507
1462420 507
1462430 507
1462440 507
1462450 507
1462460 507
1462470 506
1462480 506
1462490 506
1462500 506
1462510 504
1462520 503
1462530 503
1462540 503
1462550 503
1462560 502
1462570 502
1462580 502
1462590 502
1462600 502
1462610 502
1462620 502
1462630 502
1462640 502
1462650 502
1462660 502
1462670 502
1462680 502
1462690 502
1462700 502
1462710 503
1462720 503
1462730 503
1462740 502
1462750 502
1462760 503
1462770 503
1462780 503
1462790 503
1462800 503
1462810 503
1462820 503
1462830 503
1462840 503
1462850 503
1462860 503
1462870 503
1462880 503
1462890 502
1462900 502
1462910 502
1462920 502
1462930 502
1462940 502
1462950 502
1462960 502
1462970 502
1462980 502
1462990 502
1463000 502
1463010 502
1463020 502
1463030 502
1463040 503
1463050 503
1463060 503
1463070 503
1463080 503
1463090 503
1463100 503
1463110 503
1463120 503
1463130 503
1463140 502
1463150 502
1463160 502
1463170 503
1463180 503
1463190 502
1463200 503
1463210 503
1463220 502
1463230 502
1463240 502
1463250 502
1463260 502
1463270 502
1463280 502
1463290 502
1463300 502
1463310 503
1463320 502
1463330 502
1463340 502
1463350 502
1463360 502
1463370 502
1463380 502
1463390 502
1463400 502
1463410 502
1463420 502
1463430 502
1463440 503
1463450 503
1463460 502
1463470 502
1463480 502
1463490 502
1463500 502
1463510 502
1463520 502
1463530 502
1463540 502
1463550 502
1463560 502
1463570 502
1463580 502
1463590 502
1463600 502
1463610 502
1463620 502
1463630 502
1463640 502
1463650 502
1463660 502
1463670 502
1463680 503
1463690 503
1463700 503
1463710 503
1463720 503
1463730 502
1463740 502
1463750 502
1463760 503
1463770 502
1463780 502
1463790 503
1463800 502
1463810 502
1463820 502
1463830 502
1463840 502
1463850 503
1463860 503
1463870 503
1463880 503
1463890 503
1463900 503
1463910 503
1463920 505
1463930 506
1463940 506
1463950 507
1463960 508
1463970 508
1463980 509
1463990 510
1464000 510
1464010 511
1464020 512
1464030 512
1464040 513
1464050 514
1464060 514
1464070 515
1464080 517
1464090 517
1464100 518
1464110 519
1464120 519
1464130 521
1464140 522
1464150 522
1464160 523
1464170 524
1464180 524
1464190 525
1464200 526
1464210 526
1464220 528
1464230 529
1464240 529
1464250 531
1464260 532
1464270 532
1464280 533
1464290 535
1464300 535
1464310 536
1464320 536
1464330 536
1464340 536
1464350 536
1464360 536
1464370 537
1464380 538
1464390 538
1464400 541
1464410 546
1464420 546
1464430 551
1464440 554
1464450 554
1464460 555
1464470 555
1464480 555
1464490 556
1464500 558
1464510 558
1464520 559
1464530 561
1464540 561
1464550 562
1464560 563
1464570 563
1464580 564
1464590 564
1464600 564
1464610 564
1464620 565
1464630 565
1464640 566
1464650 567
1464660 567
1464670 567
1464680 567
1464690 567
1464700 568
1464710 568
1464720 568
1464730 567
1464740 566
1464750 566
1464760 565
1464770 564
1464780 564
1464790 564
1464800 563
1464810 563
1464820 563
1464830 563
1464840 563
1464850 564
1464860 566
1464870 567
1464880 567
1464890 567
1464900 568
1464910 568
1464920 569
1464930 570
1464940 570
1464950 571
1464960 572
1464970 572
1464980 572
1464990 572
1465000 572
1465010 572
1465020 572
1465030 572
1465040 572
1465050 573
1465060 573
1465070 573
1465080 573
1465090 573
1465100 574
1465110 574
1465120 574
1465130 574
1465140 574
1465150 574
1465160 574
1465170 575
1465180 575
1465190 575
1465200 575
1465210 575
1465220 575
1465230 575
1465240 575
1465250 575
1465260 575
1465270 575
1465280 575
1465290 575
1465300 575
1465310 575
1465320 575
1465330 575
1465340 575
1465350 576
1465360 576
1465370 576
1465380 576
1465390 576
1465400 575
1465410 574
1465420 574
1465430 572
1465440 569
1465450 569
1465460 567
1465470 565
1465480 565
1465490 563
1465500 561
1465510 561
1465520 559
1465530 558
1465540 558
1465550 556
1465560 554
1465570 554
1465580 553
1465590 552
1465600 552
1465610 551
1465620 551
1465630 551
1465640 551
1465650 551
1465660 551
1465670 551
1465680 550
1465690 550
1465700 550
1465710 550
1465720 550
1465730 550
1465740 550
1465750 550
1465760 549
1465770 549
1465780 549
1465790 549
1465800 548
1465810 548
1465820 548
1465830 547
1465840 547
1465850 547
1465860 547
1465870 547
1465880 547
1465890 547
1465900 548
1465910 548
1465920 548
1465930 548
1465940 548
1465950 548
1465960 548
1465970 548
1465980 548
1465990 548
1466000 548
1466010 548
1466020 548
1466030 548
1466040 548
1466050 548
1466060 548
1466070 547
1466080 547
1466090 547
1466100 547
1466110 547
1466120 547
1466130 547
1466140 547
1466150 547
1466160 547
1466170 547
1466180 547
1466190 548
1466200 548
1466210 548
1466220 548
1466230 548
1466240 548
1466250 548
1466260 548
1466270 548
1466280 547
1466290 547
1466300 547
1466310 547
1466320 547
1466330 547
1466340 547
1466350 547
1466360 547
1466370 547
1466380 547
1466390 547
1466400 547
1466410 547
1466420 547
1466430 547
1466440 547
1466450 547
1466460 547
1466470 547
1466480 547
1466490 547
1466500 547
1466510 547
1466520 547
1466530 547
1466540 547
1466550 547
1466560 545
1466570 545
1466580 545
1466590 545
1466600 545
1466610 545
1466620 545
1466630 545
1466640 546
1466650 546
1466660 546
1466670 546
1466680 545
1466690 545
1466700 545
1466710 545
1466720 545
1466730 545
1466740 545
1466750 545
1466760 545
1466770 545
1466780 545
1466790 545
1466800 545
1466810 545
1466820 545
1466830 544
1466840 544
1466850 544
1466860 544
1466870 544
1466880 544
1466890 544
1466900 544
1466910 544
1466920 544
1466930 544
1466940 544
1466950 543
1466960 543
1466970 543
1466980 544
1466990 544
1467000 544
1467010 545
1467020 545
1467030 545
1467040 545
1467050 545
1467060 545
1467070 545
1467080 545
1467090 545
1467100 545
1467110 545
1467120 545
1467130 544
1467140 544
1467150 544
1467160 544
1467170 544
1467180 544
1467190 544
1467200 543
1467210 543
1467220 543
1467230 542
1467240 542
1467250 542
1467260 543
1467270 543
1467280 543
1467290 543
1467300 543
1467310 543
1467320 543
1467330 543
1467340 543
1467350 543
1467360 543
1467370 543
1467380 542
1467390 542
1467400 542
1467410 542
1467420 542
1467430 542
1467440 543
1467450 543
1467460 543
1467470 543
1467480 543
1467490 543
1467500 543
1467510 543
1467520 543
1467530 543
1467540 543
1467550 543
1467560 543
1467570 543
1467580 543
1467590 543
1467600 543
1467610 543
1467620 543
1467630 544
1467640 544
1467650 544
1467660 545
1467670 545
1467680 546
1467690 546
1467700 546
1467710 546
1467720 547
1467730 547
1467740 547
1467750 547
1467760 547
1467770 548
1467780 548
1467790 548
1467800 548
1467810 548
1467820 548
1467830 548
1467840 548
1467850 548
1467860 548
1467870 549
1467880 549
1467890 549
1467900 549
1467910 549
1467920 549
1467930 549
1467940 549
1467950 549
1467960 549
1467970 549
1467980 549
1467990 548
1468000 548
1468010 548
1468020 548
1468030 548
1468040 548
1468050 547
1468060 547
1468070 547
1468080 547
1468090 547
1468100 546
1468110 546
1468120 546
1468130 546
1468140 545
1468150 545
1468160 544
1468170 543
1468180 543
1468190 543
1468200 543
1468210 543
1468220 543
1468230 543
1468240 543
1468250 544
1468260 544
1468270 544
1468280 544
1468290 543
1468300 543
1468310 543
1468320 544
1468330 544
1468340 546
1468350 547
1468360 547
1468370 549
1468380 550
1468390 550
1468400 552
1468410 553
1468420 553
1468430 554
1468440 556
1468450 556
1468460 557
1468470 559
1468480 559
1468490 560
1468500 562
1468510 562
1468520 564
1468530 565
1468540 566
1468550 566
1468560 567
1468570 568
1468580 568
1468590 569
1468600 570
1468610 570
1468620 571
1468630 572
1468640 572
1468650 574
1468660 575
1468670 575
1468680 576
1468690 577
1468700 577
1468710 578
1468720 579
1468730 579
1468740 580
1468750 581
1468760 581
1468770 582
1468780 583
1468790 583
1468800 584
1468810 585
1468820 585
1468830 587
1468840 588
1468850 588
1468860 589
1468870 590
1468880 590
1468890 591
1468900 593
1468910 593
1468920 594
1468930 596
1468940 596
1468950 598
1468960 600
1468970 600
1468980 602
1468990 603
1469000 603
1469010 603
1469020 604
1469030 604
1469040 604
1469050 605
1469060 605
1469070 606
1469080 607
1469090 607
1469100 608
1469110 609
1469120 609
1469130 610
1469140 611
1469150 611
1469160 612
1469170 613
1469180 613
1469190 613
1469200 614
1469210 614
1469220 615
1469230 615
1469240 615
1469250 616
1469260 616
1469270 616
1469280 616
1469290 616
1469300 616
1469310 619
1469320 621
1469330 621
1469340 622
1469350 622
1469360 622
1469370 622
1469380 623
1469390 623
1469400 623
1469410 623
1469420 623
1469430 623
1469440 624
1469450 624
1469460 624
1469470 625
1469480 625
1469490 625
1469500 625
1469510 625
1469520 625
1469530 625
1469540 625
1469550 625
1469560 625
1469570 625
1469580 625
1469590 625
1469600 625
1469610 625
1469620 625
1469630 624
1469640 624
1469650 624
1469660 624
1469670 624
1469680 623
1469690 622
1469700 622
1469710 621
1469720 620
1469730 620
1469740 619
1469750 618
1469760 618
1469770 617
1469780 617
1469790 617
1469800 616
1469810 615
1469820 615
1469830 614
1469840 613
1469850 613
1469860 611
1469870 609
1469880 609
1469890 607
1469900 607
1469910 607
1469920 606
1469930 605
1469940 605
1469950 604
1469960 603
1469970 603
1469980 602
1469990 601
1470000 601
1470010 600
1470020 599
1470030 599
1470040 598
1470050 596
1470060 596
1470070 595
1470080 594
1470090 594
1470100 593
1470110 591
1470120 591
1470130 590
1470140 588
1470150 588
1470160 586
1470170 585
1470180 585
1470190 584
1470200 583
1470210 583
1470220 582
1470230 581
1470240 581
1470250 581
1470260 581
1470270 581
1470280 580
1470290 580
1470300 580
1470310 579
1470320 579
1470330 579
1470340 578
1470350 577
1470360 577
1470370 577
1470380 576
1470390 575
1470400 575
1470410 574
1470420 573
1470430 573
1470440 572
1470450 571
1470460 571
1470470 570
1470480 569
1470490 569
1470500 568
1470510 568
1470520 568
1470530 567
1470540 566
1470550 566
1470560 565
1470570 564
1470580 564
1470590 563
1470600 562
1470610 562
1470620 561
1470630 561
1470640 561
1470650 560
1470660 559
1470670 559
1470680 558
1470690 558
1470700 558
1470710 557
1470720 557
1470730 557
1470740 556
1470750 556
1470760 556
1470770 556
1470780 555
1470790 555
1470800 554
1470810 554
1470820 554
1470830 553
1470840 553
1470850 553
1470860 552
1470870 552
1470880 552
1470890 551
1470900 550
1470910 550
1470920 549
1470930 547
1470940 547
1470950 546
1470960 544
1470970 544
1470980 542
1470990 541
1471000 541
1471010 540
1471020 539
1471030 539
1471040 538
1471050 538
1471060 538
1471070 538
1471080 537
1471090 537
1471100 536
1471110 535
1471120 535
1471130 535
1471140 534
1471150 534
1471160 533
1471170 533
1471180 533
1471190 533
1471200 532
1471210 532
1471220 532
1471230 531
1471240 531
1471250 531
1471260 531
1471270 531
1471280 530
1471290 530
1471300 530
1471310 529
1471320 528
1471330 527
1471340 527
1471350 527
1471360 527
1471370 527
1471380 529
1471390 530
1471400 530
1471410 530
1471420 530
1471430 530
1471440 530
1471450 530
1471460 530
1471470 530
1471480 530
1471490 530
1471500 530
1471510 530
1471520 530
1471530 530
1471540 529
1471550 529
1471560 529
1471570 529
1471580 529
1471590 528
1471600 525
1471610 525
1471620 524
1471630 524
1471640 524
1471650 524
1471660 524
1471670 524
1471680 526
1471690 528
1471700 528
1471710 529
1471720 529
1471730 529
1471740 529
1471750 530
1471760 530
1471770 530
1471780 530
1471790 530
1471800 530
1471810 530
1471820 530
1471830 530
1471840 530
1471850 530
1471860 530
1471870 530
1471880 530
1471890 530
1471900 530
1471910 530
1471920 530
1471930 530
1471940 530
1471950 530
1471960 529
1471970 529
1471980 529
1471990 529
1472000 529
1472010 529
1472020 528
1472030 528
1472040 528
1472050 528
1472060 528
1472070 528
1472080 528
1472090 528
1472100 528
1472110 528
1472120 528
1472130 528
1472140 527
1472150 527
1472160 527
1472170 527
1472180 527
1472190 526
1472200 526
1472210 526
1472220 525
1472230 524
1472240 523
1472250 523
1472260 523
1472270 523
1472280 523
1472290 523
1472300 523
1472310 523
1472320 525
1472330 526
1472340 526
1472350 527
1472360 527
1472370 527
1472380 528
1472390 528
1472400 528
1472410 528
1472420 528
1472430 528
1472440 528
1472450 529
1472460 529
1472470 529
1472480 529
1472490 529
1472500 529
1472510 529
1472520 529
1472530 529
1472540 529
1472550 529
1472560 529
1472570 530
1472580 530
1472590 530
1472600 530
1472610 530
1472620 530
1472630 530
1472640 530
1472650 530
1472660 530
1472670 530
1472680 529
1472690 529
1472700 529
1472710 529
1472720 529
1472730 529
1472740 528
1472750 528
1472760 528
1472770 527
1472780 527
1472790 527
1472800 526
1472810 524
1472820 524
1472830 523
1472840 522
1472850 522
1472860 521
1472870 520
1472880 520
1472890 520
1472900 520
1472910 520
1472920 520
1472930 520
1472940 520
1472950 520
1472960 520
1472970 520
1472980 520
1472990 520
1473000 520
1473010 520
1473020 520
1473030 520
1473040 520
1473050 520
1473060 520
1473070 520
1473080 520
1473090 520
1473100 520
1473110 520
1473120 520
1473130 520
1473140 520
1473150 520
1473160 520
1473170 520
1473180 520
1473190 520
1473200 520
1473210 520
1473220 520
1473230 520
1473240 520
1473250 520
1473260 520
1473270 521
1473280 521
1473290 521
1473300 521
1473310 521
1473320 521
1473330 521
1473340 521
1473350 521
1473360 521
1473370 521
1473380 521
1473390 521
1473400 521
1473410 521
1473420 521
1473430 521
1473440 521
1473450 521
1473460 521
1473470 520
1473480 519
1473490 519
1473500 519
1473510 520
1473520 520
1473530 521
1473540 521
1473550 521
1473560 522
1473570 522
1473580 522
1473590 522
1473600 521
1473610 521
1473620 521
1473630 521
1473640 521
1473650 521
1473660 521
1473670 521
1473680 521
1473690 520
1473700 520
1473710 519
1473720 519
1473730 519
1473740 518
1473750 518
1473760 518
1473770 518
1473780 518
1473790 518
1473800 518
1473810 518
1473820 518
1473830 518
1473840 518
1473850 518
1473860 518
1473870 518
1473880 518
1473890 517
1473900 516
1473910 516
1473920 516
1473930 516
1473940 516
1473950 517
1473960 517
1473970 517
1473980 518
1473990 518
1474000 518
1474010 519
1474020 519
1474030 519
1474040 518
1474050 518
1474060 518
1474070 518
1474080 518
1474090 518
1474100 518
1474110 518
1474120 518
1474130 518
1474140 519
1474150 518
1474160 518
1474170 518
1474180 519
1474190 519
1474200 519
1474210 519
1474220 519
1474230 520
1474240 520
1474250 520
1474260 521
1474270 521
1474280 521
1474290 521
1474300 521
1474310 521
1474320 522
1474330 522
1474340 522
1474350 522
1474360 524
1474370 524
1474380 525
1474390 525
1474400 525
1474410 529
1474420 530
1474430 530
1474440 531
1474450 531
1474460 531
1474470 532
1474480 532
1474490 532
1474500 533
1474510 533
1474520 533
1474530 534
1474540 534
1474550 534
1474560 534
1474570 534
1474580 534
1474590 535
1474600 535
1474610 535
1474620 536
1474630 536
1474640 536
1474650 536
1474660 536
1474670 536
1474680 537
1474690 537
1474700 537
1474710 537
1474720 537
1474730 537
1474740 537
1474750 537
1474760 537
1474770 537
1474780 537
1474790 537
1474800 538
1474810 538
1474820 538
1474830 539
1474840 539
1474850 539
1474860 540
1474870 540
1474880 540
1474890 541
1474900 541
1474910 541
1474920 542
1474930 542
1474940 542
1474950 542
1474960 543
1474970 543
1474980 543
1474990 543
1475000 544
1475010 544
1475020 544
1475030 544
1475040 544
1475050 545
1475060 545
1475070 545
1475080 545
1475090 545
1475100 545
1475110 545
1475120 545
1475130 545
1475140 546
1475150 547
1475160 547
1475170 548
1475180 549
1475190 549
1475200 550
1475210 550
1475220 550
1475230 551
1475240 551
1475250 551
1475260 551
1475270 551
1475280 551
1475290 551
1475300 552
1475310 552
1475320 552
1475330 552
1475340 552
1475350 552
1475360 553
1475370 553
1475380 553
1475390 553
1475400 553
1475410 553
1475420 553
1475430 553
1475440 553
1475450 553
1475460 553
1475470 553
1475480 553
1475490 553
1475500 553
1475510 553
1475520 553
1475530 553
1475540 552
1475550 552
1475560 552
1475570 552
1475580 552
1475590 551
1475600 551
1475610 551
1475620 550
1475630 550
1475640 550
1475650 550
1475660 550
1475670 550
1475680 551
1475690 551
1475700 551
1475710 552
1475720 553
1475730 553
1475740 555
1475750 558
1475760 558
1475770 560
1475780 561
1475790 561
1475800 562
1475810 563
1475820 563
1475830 564
1475840 564
1475850 564
1475860 565
1475870 566
1475880 566
1475890 566
1475900 567
1475910 567
1475920 567
1475930 568
1475940 568
1475950 568
1475960 569
1475970 569
1475980 569
1475990 569
1476000 570
1476010 570
1476020 570
1476030 570
1476040 570
1476050 571
1476060 572
1476070 572
1476080 572
1476090 572
1476100 572
1476110 573
1476120 573
1476130 573
1476140 574
1476150 574
1476160 574
1476170 575
1476180 575
1476190 575
1476200 576
1476210 577
1476220 577
1476230 578
1476240 579
1476250 579
1476260 580
1476270 581
1476280 581
1476290 582
1476300 583
1476310 583
1476320 584
1476330 585
1476340 585
1476350 587
1476360 588
1476370 588
1476380 589
1476390 590
1476400 590
1476410 590
1476420 591
1476430 591
1476440 591
1476450 592
1476460 592
1476470 592
1476480 592
1476490 592
1476500 592
1476510 592
1476520 592
1476530 592
1476540 592
1476550 592
1476560 591
1476570 590
1476580 590
1476590 590
1476600 590
1476610 590
1476620 591
1476630 592
1476640 592
1476650 592
1476660 592
1476670 592
1476680 592
1476690 592
1476700 592
1476710 592
1476720 591
1476730 591
1476740 589
1476750 589
1476760 589
1476770 590
1476780 589
1476790 589
1476800 589
1476810 588
1476820 588
1476830 588
1476840 588
1476850 589
1476860 589
1476870 589
1476880 589
1476890 589
1476900 590
1476910 591
1476920 591
1476930 592
1476940 592
1476950 592
1476960 593
1476970 593
1476980 593
1476990 594
1477000 595
1477010 595
1477020 596
1477030 597
1477040 597
1477050 597
1477060 598
1477070 598
1477080 600
1477090 601
1477100 601
1477110 602
1477120 602
1477130 602
1477140 603
1477150 604
1477160 604
1477170 605
1477180 606
1477190 606
1477200 606
1477210 607
1477220 607
1477230 608
1477240 609
1477250 609
1477260 610
1477270 610
1477280 610
1477290 611
1477300 612
1477310 612
1477320 613
1477330 614
1477340 614
1477350 614
1477360 615
1477370 615
1477380 616
1477390 616
1477400 616
1477410 617
1477420 617
1477430 617
1477440 618
1477450 618
1477460 618
1477470 618
1477480 618
1477490 618
1477500 618
1477510 618
1477520 618
1477530 618
1477540 618
1477550 618
1477560 619
1477570 619
1477580 619
1477590 619
1477600 620
1477610 620
1477620 620
1477630 621
1477640 621
1477650 621
1477660 622
1477670 622
1477680 622
1477690 623
1477700 623
1477710 624
1477720 624
1477730 624
1477740 625
1477750 626
1477760 627
1477770 627
1477780 628
1477790 628
1477800 628
1477810 629
1477820 629
1477830 629
1477840 630
1477850 630
1477860 630
1477870 630
1477880 631
1477890 631
1477900 631
1477910 632
1477920 632
1477930 632
1477940 632
1477950 632
1477960 633
1477970 633
1477980 633
1477990 633
1478000 634
1478010 634
1478020 634
1478030 635
1478040 635
1478050 635
1478060 636
1478070 636
1478080 636
1478090 637
1478100 637
1478110 637
1478120 638
1478130 638
1478140 638
1478150 638
1478160 638
1478170 639
1478180 639
1478190 639
1478200 639
1478210 640
1478220 640
1478230 641
1478240 641
1478250 641
1478260 642
1478270 642
1478280 642
1478290 642
1478300 643
1478310 643
1478320 643
1478330 643
1478340 643
1478350 644
1478360 644
1478370 644
1478380 644
1478390 644
1478400 644
1478410 645
1478420 645
1478430 645
1478440 645
1478450 646
1478460 646
1478470 646
1478480 647
1478490 647
1478500 647
1478510 647
1478520 647
1478530 648
1478540 648
1478550 648
1478560 648
1478570 649
1478580 649
1478590 649
1478600 649
1478610 649
1478620 649
1478630 650
1478640 650
1478650 650
1478660 650
1478670 650
1478680 650
1478690 650
1478700 650
1478710 650
1478720 650
1478730 650
1478740 650
1478750 650
1478760 650
1478770 650
1478780 651
1478790 651
1478800 651
1478810 650
1478820 650
1478830 650
1478840 650
1478850 650
1478860 650
1478870 651
1478880 651
1478890 651
1478900 651
1478910 651
1478920 651
1478930 651
1478940 651
1478950 651
1478960 651
1478970 651
1478980 651
1478990 651
1479000 651
1479010 651
1479020 651
1479030 651
1479040 651
1479050 651
1479060 651
1479070 651
1479080 651
1479090 651
1479100 651
1479110 651
1479120 651
1479130 651
1479140 651
1479150 651
1479160 651
1479170 651
1479180 651
1479190 651
1479200 651
1479210 651
1479220 651
1479230 650
1479240 650
1479250 650
1479260 649
1479270 649
1479280 649
1479290 649
1479300 648
1479310 648
1479320 648
1479330 648
1479340 648
1479350 647
1479360 647
1479370 647
1479380 647
1479390 648
1479400 648
1479410 648
1479420 647
1479430 647
1479440 647
1479450 648
1479460 648
1479470 647
1479480 647
1479490 647
1479500 647
1479510 647
1479520 647
1479530 646
1479540 646
1479550 646
1479560 645
1479570 644
1479580 644
1479590 643
1479600 642
1479610 641
1479620 641
1479630 641
1479640 640
1479650 640
1479660 639
1479670 638
1479680 638
1479690 636
1479700 634
1479710 634
1479720 632
1479730 631
1479740 631
1479750 629
1479760 628
1479770 628
1479780 628
1479790 628
1479800 628
1479810 627
1479820 627
1479830 627
1479840 627
1479850 627
1479860 627
1479870 627
1479880 627
1479890 627
1479900 627
1479910 626
1479920 626
1479930 626
1479940 626
1479950 626
1479960 625
1479970 625
1479980 625
1479990 625
