1460000 502
1460010 502
1460020 502
1460030 502
1460040 502
1460050 504
1460060 504
1460070 506
1460080 508
1460090 508
1460100 510
1460110 512
1460120 512
1460130 513
1460140 515
1460150 515
1460160 516
1460170 517
1460180 517
1460190 518
1460200 519
1460210 519
1460220 519
1460230 519
1460240 519
1460250 519
1460260 519
1460270 519
1460280 519
1460290 519
1460300 519
1460310 519
1460320 518
1460330 518
1460340 517
1460350 516
1460360 516
1460370 514
1460380 513
1460390 513
1460400 513
1460410 513
1460420 513
1460430 513
1460440 514
1460450 514
1460460 514
1460470 513
1460480 513
1460490 512
1460500 512
1460510 512
1460520 512
1460530 512
1460540 512
1460550 512
1460560 512
1460570 512
1460580 512
1460590 511
1460600 511
1460610 511
1460620 511
1460630 511
1460640 511
1460650 511
1460660 511
1460670 511
1460680 511
1460690 511
1460700 511
1460710 511
1460720 511
1460730 511
1460740 511
1460750 511
1460760 511
1460770 511
1460780 512
1460790 512
1460800 512
1460810 512
1460820 512
1460830 512
1460840 512
1460850 512
1460860 512
1460870 511
1460880 511
1460890 511
1460900 511
1460910 511
1460920 511
1460930 512
1460940 512
1460950 512
1460960 512
1460970 512
1460980 512
1460990 512
1461000 512
1461010 512
1461020 512
1461030 512
1461040 512
1461050 512
1461060 512
1461070 512
1461080 513
1461090 513
1461100 513
1461110 513
1461120 513
1461130 513
1461140 513
1461150 513
1461160 513
1461170 513
1461180 513
1461190 513
1461200 514
1461210 514
1461220 514
1461230 514
1461240 514
1461250 514
1461260 514
1461270 514
1461280 515
1461290 515
1461300 515
1461310 515
1461320 515
1461330 515
1461340 516
1461350 516
1461360 516
1461370 517
1461380 517
1461390 517
1461400 518
1461410 518
1461420 517
1461430 517
1461440 517
1461450 517
1461460 517
1461470 517
1461480 517
1461490 517
1461500 518
1461510 518
1461520 518
1461530 518
1461540 518
1461550 518
1461560 518
1461570 518
1461580 519
1461590 519
1461600 519
1461610 519
1461620 519
1461630 519
1461640 519
1461650 520
1461660 520
1461670 520
1461680 521
1461690 521
1461700 521
1461710 522
1461720 522
1461730 522
1461740 523
1461750 523
1461760 523
1461770 523
1461780 524
1461790 524
1461800 524
1461810 524
1461820 524
1461830 525
1461840 525
1461850 525
1461860 525
1461870 525
1461880 525
1461890 526
1461900 527
1461910 527
1461920 528
1461930 529
1461940 529
1461950 529
1461960 530
1461970 530
1461980 529
1461990 529
1462000 529
1462010 529
1462020 529
1462030 529
1462040 530
1462050 532
1462060 532
1462070 535
1462080 536
1462090 536
1462100 538
1462110 539
1462120 539
1462130 539
1462140 540
1462150 540
1462160 540
1462170 541
1462180 541
1462190 542
1462200 543
1462210 543
1462220 544
1462230 546
1462240 546
1462250 547
1462260 549
1462270 549
1462280 550
1462290 551
1462300 551
1462310 552
1462320 553
1462330 553
1462340 554
1462350 555
1462360 555
1462370 556
1462380 556
1462390 556
1462400 557
1462410 558
1462420 558
1462430 558
1462440 559
1462450 559
1462460 559
1462470 560
1462480 560
1462490 560
1462500 560
1462510 560
1462520 561
1462530 561
1462540 561
1462550 561
1462560 561
1462570 561
1462580 562
1462590 562
1462600 562
1462610 562
1462620 562
1462630 562
1462640 562
1462650 562
1462660 562
1462670 562
1462680 562
1462690 562
1462700 562
1462710 562
1462720 563
1462730 563
1462740 563
1462750 563
1462760 563
1462770 565
1462780 565
1462790 565
1462800 565
1462810 566
1462820 566
1462830 567
1462840 569
1462850 569
1462860 571
1462870 572
1462880 572
1462890 573
1462900 575
1462910 575
1462920 576
1462930 576
1462940 576
1462950 576
1462960 575
1462970 575
1462980 575
1462990 575
1463000 575
1463010 575
1463020 574
1463030 574
1463040 574
1463050 573
1463060 573
1463070 572
1463080 572
1463090 572
1463100 571
1463110 569
1463120 569
1463130 568
1463140 566
1463150 566
1463160 565
1463170 564
1463180 564
1463190 564
1463200 563
1463210 563
1463220 562
1463230 562
1463240 562
1463250 561
1463260 560
1463270 560
1463280 559
1463290 558
1463300 558
1463310 557
1463320 556
1463330 556
1463340 554
1463350 553
1463360 553
1463370 552
1463380 551
1463390 551
1463400 550
1463410 548
1463420 548
1463430 546
1463440 543
1463450 543
1463460 541
1463470 539
1463480 539
1463490 536
1463500 534
1463510 534
1463520 533
1463530 531
1463540 529
1463550 529
1463560 527
1463570 525
1463580 525
1463590 524
1463600 523
1463610 523
1463620 522
1463630 521
1463640 521
1463650 520
1463660 520
1463670 520
1463680 519
1463690 519
1463700 519
1463710 518
1463720 517
1463730 517
1463740 517
1463750 517
1463760 517
1463770 517
1463780 518
1463790 518
1463800 518
1463810 520
1463820 520
1463830 521
1463840 522
1463850 522
1463860 524
1463870 525
1463880 525
1463890 526
1463900 527
1463910 527
1463920 529
1463930 529
1463940 529
1463950 530
1463960 531
1463970 531
1463980 531
1463990 531
1464000 531
1464010 531
1464020 530
1464030 530
1464040 527
1464050 524
1464060 524
1464070 521
1464080 518
1464090 518
1464100 516
1464110 514
1464120 514
1464130 512
1464140 511
1464150 511
1464160 510
1464170 509
1464180 509
1464190 509
1464200 508
1464210 508
1464220 508
1464230 508
1464240 508
1464250 508
1464260 509
1464270 509
1464280 509
1464290 509
1464300 509
1464310 509
1464320 509
1464330 509
1464340 509
1464350 510
1464360 510
1464370 510
1464380 511
1464390 511
1464400 511
1464410 512
1464420 512
1464430 512
1464440 513
1464450 513
1464460 514
1464470 514
1464480 515
1464490 515
1464500 515
1464510 516
1464520 516
1464530 517
1464540 517
1464550 517
1464560 518
1464570 519
1464580 519
1464590 519
1464600 520
1464610 520
1464620 520
1464630 521
1464640 521
1464650 521
1464660 522
1464670 522
1464680 522
1464690 522
1464700 522
1464710 523
1464720 523
1464730 523
1464740 523
1464750 524
1464760 524
1464770 524
1464780 524
1464790 524
1464800 525
1464810 526
1464820 526
1464830 527
1464840 528
1464850 528
1464860 528
1464870 529
1464880 529
1464890 530
1464900 530
1464910 530
1464920 531
1464930 532
1464940 532
1464950 532
1464960 533
1464970 533
1464980 533
1464990 533
1465000 533
1465010 533
1465020 534
1465030 534
1465040 535
1465050 536
1465060 536
1465070 537
1465080 538
1465090 538
1465100 538
1465110 539
1465120 539
1465130 540
1465140 541
1465150 541
1465160 542
1465170 544
1465180 544
1465190 545
1465200 546
1465210 546
1465220 546
1465230 547
1465240 547
1465250 548
1465260 548
1465270 548
1465280 549
1465290 550
1465300 550
1465310 551
1465320 551
1465330 551
1465340 552
1465350 553
1465360 553
1465370 553
1465380 553
1465390 553
1465400 553
1465410 553
1465420 553
1465430 553
1465440 553
1465450 553
1465460 553
1465470 552
1465480 552
1465490 552
1465500 550
1465510 549
1465520 549
1465530 548
1465540 549
1465550 549
1465560 550
1465570 552
1465580 552
1465590 555
1465600 556
1465610 556
1465620 557
1465630 557
1465640 557
1465650 557
1465660 557
1465670 557
1465680 557
1465690 557
1465700 557
1465710 556
1465720 556
1465730 556
1465740 555
1465750 555
1465760 555
1465770 554
1465780 553
1465790 553
1465800 552
1465810 551
1465820 551
1465830 550
1465840 548
1465850 548
1465860 547
1465870 546
1465880 546
1465890 546
1465900 545
1465910 545
1465920 544
1465930 543
1465940 543
1465950 542
1465960 541
1465970 541
1465980 540
1465990 539
1466000 539
1466010 538
1466020 538
1466030 538
1466040 538
1466050 538
1466060 538
1466070 538
1466080 538
1466090 538
1466100 538
1466110 538
1466120 538
1466130 538
1466140 538
1466150 538
1466160 538
1466170 537
1466180 537
1466190 536
1466200 537
1466210 537
1466220 537
1466230 537
1466240 537
1466250 537
1466260 537
1466270 537
1466280 537
1466290 537
1466300 537
1466310 537
1466320 537
1466330 537
1466340 537
1466350 537
1466360 537
1466370 537
1466380 537
1466390 537
1466400 537
1466410 538
1466420 539
1466430 539
1466440 541
1466450 544
1466460 544
1466470 547
1466480 549
1466490 549
1466500 551
1466510 552
1466520 552
1466530 552
1466540 552
1466550 552
1466560 552
1466570 551
1466580 551
1466590 551
1466600 550
1466610 550
1466620 549
1466630 548
1466640 548
1466650 547
1466660 546
1466670 546
1466680 545
1466690 544
1466700 544
1466710 543
1466720 542
1466730 542
1466740 541
1466750 540
1466760 540
1466770 538
1466780 537
1466790 537
1466800 537
1466810 536
1466820 536
1466830 536
1466840 535
1466850 535
1466860 535
1466870 535
1466880 535
1466890 535
1466900 535
1466910 535
1466920 535
1466930 535
1466940 535
1466950 535
1466960 535
1466970 535
1466980 535
1466990 535
1467000 535
1467010 535
1467020 535
1467030 535
1467040 535
1467050 535
1467060 535
1467070 535
1467080 534
1467090 534
1467100 534
1467110 534
1467120 534
1467130 534
1467140 534
1467150 534
1467160 534
1467170 534
1467180 534
1467190 534
1467200 534
1467210 534
1467220 534
1467230 534
1467240 534
1467250 534
1467260 533
1467270 533
1467280 533
1467290 533
1467300 534
1467310 534
1467320 534
1467330 533
1467340 533
1467350 533
1467360 533
1467370 533
1467380 533
1467390 533
1467400 533
1467410 533
1467420 533
1467430 533
1467440 533
1467450 533
1467460 533
1467470 533
1467480 532
1467490 532
1467500 532
1467510 532
1467520 532
1467530 531
1467540 531
1467550 531
1467560 531
1467570 532
1467580 532
1467590 531
1467600 531
1467610 531
1467620 531
1467630 531
1467640 531
1467650 531
1467660 531
1467670 531
1467680 531
1467690 531
1467700 531
1467710 531
1467720 531
1467730 531
1467740 531
1467750 531
1467760 531
1467770 531
1467780 530
1467790 530
1467800 529
1467810 530
1467820 530
1467830 530
1467840 530
1467850 530
1467860 530
1467870 530
1467880 530
1467890 530
1467900 530
1467910 530
1467920 530
1467930 530
1467940 530
1467950 530
1467960 530
1467970 530
1467980 530
1467990 530
1468000 530
1468010 531
1468020 532
1468030 532
1468040 533
1468050 534
1468060 534
1468070 535
1468080 536
1468090 536
1468100 537
1468110 538
1468120 538
1468130 539
1468140 540
1468150 540
1468160 541
1468170 541
1468180 541
1468190 542
1468200 543
1468210 543
1468220 544
1468230 545
1468240 546
1468250 546
1468260 547
1468270 548
1468280 548
1468290 549
1468300 549
1468310 549
1468320 550
1468330 551
1468340 551
1468350 552
1468360 553
1468370 553
1468380 554
1468390 554
1468400 554
1468410 555
1468420 556
1468430 556
1468440 557
1468450 558
1468460 558
1468470 559
1468480 560
1468490 560
1468500 561
1468510 562
1468520 562
1468530 563
1468540 563
1468550 563
1468560 564
1468570 565
1468580 565
1468590 566
1468600 567
1468610 567
1468620 569
1468630 570
1468640 570
1468650 571
1468660 572
1468670 572
1468680 572
1468690 575
1468700 575
1468710 578
1468720 579
1468730 579
1468740 579
1468750 579
1468760 579
1468770 580
1468780 580
1468790 580
1468800 580
1468810 580
1468820 580
1468830 580
1468840 580
1468850 580
1468860 579
1468870 580
1468880 580
1468890 579
1468900 579
1468910 579
1468920 579
1468930 578
1468940 578
1468950 578
1468960 577
1468970 577
1468980 577
1468990 576
1469000 576
1469010 576
1469020 575
1469030 575
1469040 574
1469050 573
1469060 573
1469070 571
1469080 570
1469090 570
1469100 568
1469110 566
1469120 566
1469130 564
1469140 562
1469150 562
1469160 562
1469170 561
1469180 560
1469190 560
1469200 560
1469210 559
1469220 559
1469230 559
1469240 558
1469250 558
1469260 557
1469270 556
1469280 556
1469290 556
1469300 555
1469310 555
1469320 554
1469330 554
1469340 554
1469350 554
1469360 554
1469370 554
1469380 554
1469390 554
1469400 554
1469410 554
1469420 554
1469430 554
1469440 554
1469450 554
1469460 554
1469470 554
1469480 555
1469490 555
1469500 555
1469510 555
1469520 555
1469530 555
1469540 555
1469550 555
1469560 555
1469570 554
1469580 554
1469590 554
1469600 554
1469610 554
1469620 554
1469630 554
1469640 554
1469650 554
1469660 554
1469670 554
1469680 553
1469690 553
1469700 553
1469710 553
1469720 553
1469730 553
1469740 553
1469750 552
1469760 552
1469770 552
1469780 552
1469790 552
1469800 551
1469810 550
1469820 550
1469830 550
1469840 549
1469850 549
1469860 549
1469870 549
1469880 549
1469890 548
1469900 547
1469910 547
1469920 547
1469930 546
1469940 546
1469950 546
1469960 545
1469970 545
1469980 545
1469990 544
1470000 544
1470010 544
1470020 543
1470030 543
1470040 543
1470050 543
1470060 543
1470070 543
1470080 542
1470090 542
1470100 541
1470110 541
1470120 540
1470130 540
1470140 539
1470150 537
1470160 537
1470170 536
1470180 535
1470190 535
1470200 533
1470210 533
1470220 533
1470230 532
1470240 532
1470250 532
1470260 531
1470270 530
1470280 530
1470290 529
1470300 528
1470310 528
1470320 528
1470330 527
1470340 527
1470350 528
1470360 530
1470370 530
1470380 532
1470390 533
1470400 533
1470410 533
1470420 534
1470430 534
1470440 534
1470450 535
1470460 535
1470470 535
1470480 535
1470490 535
1470500 534
1470510 534
1470520 534
1470530 533
1470540 533
1470550 533
1470560 532
1470570 531
1470580 531
1470590 531
1470600 530
1470610 530
1470620 530
1470630 529
1470640 529
1470650 529
1470660 528
1470670 528
1470680 528
1470690 527
1470700 527
1470710 527
1470720 526
1470730 526
1470740 526
1470750 526
1470760 526
1470770 526
1470780 525
1470790 525
1470800 525
1470810 524
1470820 524
1470830 524
1470840 524
1470850 524
1470860 524
1470870 523
1470880 523
1470890 523
1470900 523
1470910 523
1470920 522
1470930 521
1470940 521
1470950 521
1470960 520
1470970 520
1470980 519
1470990 519
1471000 519
1471010 518
1471020 518
1471030 518
1471040 517
1471050 517
1471060 517
1471070 517
1471080 517
1471090 517
1471100 517
1471110 518
1471120 519
1471130 519
1471140 520
1471150 521
1471160 521
1471170 522
1471180 522
1471190 522
1471200 522
1471210 521
1471220 521
1471230 521
1471240 521
1471250 521
1471260 521
1471270 521
1471280 521
1471290 522
1471300 522
1471310 522
1471320 522
1471330 523
1471340 523
1471350 523
1471360 523
1471370 523
1471380 523
1471390 523
1471400 523
1471410 523
1471420 523
1471430 523
1471440 523
1471450 522
1471460 522
1471470 521
1471480 518
1471490 518
1471500 517
1471510 516
1471520 516
1471530 516
1471540 516
1471550 516
1471560 516
1471570 516
1471580 516
1471590 520
1471600 522
1471610 522
1471620 523
1471630 523
1471640 523
1471650 523
1471660 523
1471670 523
1471680 523
1471690 523
1471700 523
1471710 523
1471720 523
1471730 523
1471740 523
1471750 523
1471760 523
1471770 524
1471780 524
1471790 524
1471800 524
1471810 524
1471820 524
1471830 524
1471840 525
1471850 525
1471860 525
1471870 525
1471880 525
1471890 525
1471900 525
1471910 525
1471920 525
1471930 525
1471940 525
1471950 525
1471960 525
1471970 525
1471980 525
1471990 525
1472000 525
1472010 525
1472020 525
1472030 525
1472040 525
1472050 525
1472060 525
1472070 525
1472080 525
1472090 525
1472100 525
1472110 525
1472120 524
1472130 524
1472140 524
1472150 524
1472160 524
1472170 524
1472180 523
1472190 523
1472200 523
1472210 523
1472220 523
1472230 523
1472240 523
1472250 523
1472260 522
1472270 522
1472280 522
1472290 522
1472300 522
1472310 522
1472320 521
1472330 521
1472340 521
1472350 519
1472360 517
1472370 517
1472380 515
1472390 513
1472400 513
1472410 513
1472420 513
1472430 513
1472440 513
1472450 513
1472460 513
1472470 513
1472480 513
1472490 513
1472500 513
1472510 513
1472520 513
1472530 514
1472540 514
1472550 514
1472560 514
1472570 514
1472580 514
1472590 514
1472600 514
1472610 514
1472620 513
1472630 513
1472640 513
1472650 513
1472660 513
1472670 513
1472680 513
1472690 513
1472700 513
1472710 513
1472720 513
1472730 513
1472740 513
1472750 513
1472760 513
1472770 512
1472780 512
1472790 512
1472800 512
1472810 512
1472820 512
1472830 512
1472840 513
1472850 513
1472860 513
1472870 513
1472880 513
1472890 513
1472900 513
1472910 513
1472920 513
1472930 513
1472940 513
1472950 513
1472960 513
1472970 513
1472980 513
1472990 513
1473000 513
1473010 513
1473020 513
1473030 513
1473040 513
1473050 513
1473060 513
1473070 513
1473080 513
1473090 513
1473100 513
1473110 513
1473120 513
1473130 513
1473140 513
1473150 513
1473160 513
1473170 513
1473180 513
1473190 513
1473200 514
1473210 514
1473220 514
1473230 514
1473240 515
1473250 515
1473260 515
1473270 515
1473280 515
1473290 514
1473300 514
1473310 514
1473320 514
1473330 514
1473340 514
1473350 515
1473360 517
1473370 517
1473380 516
1473390 517
1473400 517
1473410 520
1473420 523
1473430 523
1473440 525
1473450 525
1473460 525
1473470 525
1473480 525
1473490 525
1473500 525
1473510 525
1473520 525
1473530 525
1473540 526
1473550 526
1473560 526
1473570 526
1473580 526
1473590 526
1473600 526
1473610 526
1473620 526
1473630 526
1473640 526
1473650 526
1473660 526
1473670 526
1473680 526
1473690 526
1473700 526
1473710 527
1473720 527
1473730 527
1473740 527
1473750 527
1473760 527
1473770 527
1473780 527
1473790 527
1473800 527
1473810 527
1473820 527
1473830 527
1473840 528
1473850 528
1473860 528
1473870 528
1473880 528
1473890 528
1473900 527
1473910 527
1473920 527
1473930 527
1473940 527
1473950 527
1473960 527
1473970 527
1473980 527
1473990 528
1474000 528
1474010 528
1474020 528
1474030 528
1474040 528
1474050 528
1474060 529
1474070 529
1474080 529
1474090 529
1474100 529
1474110 530
1474120 530
1474130 530
1474140 530
1474150 530
1474160 530
1474170 530
1474180 531
1474190 531
1474200 531
1474210 531
1474220 531
1474230 531
1474240 531
1474250 531
1474260 531
1474270 531
1474280 531
1474290 531
1474300 531
1474310 531
1474320 531
1474330 531
1474340 531
1474350 531
1474360 530
1474370 530
1474380 531
1474390 531
1474400 531
1474410 531
1474420 531
1474430 531
1474440 530
1474450 530
1474460 530
1474470 530
1474480 530
1474490 530
1474500 530
1474510 530
1474520 530
1474530 530
1474540 531
1474550 531
1474560 530
1474570 530
1474580 530
1474590 530
1474600 531
1474610 531
1474620 531
1474630 531
1474640 531
1474650 532
1474660 532
1474670 532
1474680 532
1474690 532
1474700 532
1474710 533
1474720 533
1474730 533
1474740 533
1474750 533
1474760 533
1474770 533
1474780 533
1474790 533
1474800 533
1474810 533
1474820 534
1474830 534
1474840 534
1474850 533
1474860 533
1474870 533
1474880 533
1474890 533
1474900 533
1474910 534
1474920 534
1474930 534
1474940 534
1474950 534
1474960 535
1474970 535
1474980 535
1474990 535
1475000 535
1475010 535
1475020 536
1475030 536
1475040 536
1475050 536
1475060 537
1475070 537
1475080 537
1475090 537
1475100 537
1475110 538
1475120 538
1475130 538
1475140 539
1475150 539
1475160 539
1475170 540
1475180 540
1475190 540
1475200 541
1475210 542
1475220 542
1475230 542
1475240 543
1475250 543
1475260 544
1475270 545
1475280 545
1475290 545
1475300 546
1475310 546
1475320 547
1475330 548
1475340 548
1475350 549
1475360 550
1475370 550
1475380 552
1475390 553
1475400 553
1475410 553
1475420 554
1475430 554
1475440 555
1475450 557
1475460 557
1475470 558
1475480 559
1475490 559
1475500 561
1475510 562
1475520 562
1475530 563
1475540 565
1475550 565
1475560 566
1475570 567
1475580 567
1475590 569
1475600 571
1475610 571
1475620 572
1475630 573
1475640 573
1475650 574
1475660 575
1475670 575
1475680 577
1475690 578
1475700 578
1475710 580
1475720 582
1475730 582
1475740 584
1475750 585
1475760 585
1475770 585
1475780 586
1475790 588
1475800 588
1475810 589
1475820 591
1475830 591
1475840 592
1475850 594
1475860 594
1475870 595
1475880 596
1475890 596
1475900 597
1475910 598
1475920 598
1475930 599
1475940 600
1475950 600
1475960 601
1475970 602
1475980 602
1475990 603
1476000 604
1476010 604
1476020 605
1476030 606
1476040 606
1476050 607
1476060 608
1476070 608
1476080 609
1476090 610
1476100 610
1476110 611
1476120 612
1476130 612
1476140 613
1476150 614
1476160 614
1476170 615
1476180 615
1476190 615
1476200 616
1476210 617
1476220 617
1476230 617
1476240 618
1476250 618
1476260 619
1476270 619
1476280 619
1476290 620
1476300 621
1476310 621
1476320 621
1476330 622
1476340 622
1476350 622
1476360 623
1476370 623
1476380 623
1476390 624
1476400 624
1476410 624
1476420 624
1476430 624
1476440 625
1476450 625
1476460 625
1476470 625
1476480 626
1476490 626
1476500 626
1476510 626
1476520 626
1476530 626
1476540 626
1476550 626
1476560 626
1476570 626
1476580 626
1476590 626
1476600 625
1476610 625
1476620 625
1476630 625
1476640 625
1476650 624
1476660 623
1476670 623
1476680 623
1476690 622
1476700 620
1476710 620
1476720 619
1476730 619
1476740 619
1476750 619
1476760 619
1476770 619
1476780 619
1476790 619
1476800 619
1476810 618
1476820 618
1476830 618
1476840 618
1476850 618
1476860 618
1476870 617
1476880 617
1476890 617
1476900 617
1476910 617
1476920 617
1476930 616
1476940 616
1476950 616
1476960 616
1476970 615
1476980 615
1476990 615
1477000 615
1477010 615
1477020 614
1477030 614
1477040 614
1477050 614
1477060 614
1477070 614
1477080 614
1477090 613
1477100 613
1477110 613
1477120 613
1477130 613
1477140 613
1477150 613
1477160 613
1477170 613
1477180 613
1477190 613
1477200 612
1477210 612
1477220 612
1477230 612
1477240 611
1477250 611
1477260 611
1477270 611
1477280 611
1477290 610
1477300 610
1477310 610
1477320 610
1477330 610
1477340 610
1477350 610
1477360 609
1477370 609
1477380 610
1477390 610
1477400 610
1477410 610
1477420 609
1477430 609
1477440 607
1477450 607
1477460 607
1477470 607
1477480 607
1477490 607
1477500 607
1477510 607
1477520 607
1477530 607
1477540 608
1477550 608
1477560 608
1477570 608
1477580 608
1477590 608
1477600 607
1477610 607
1477620 606
1477630 606
1477640 606
1477650 606
1477660 606
1477670 605
1477680 605
1477690 605
1477700 605
1477710 605
1477720 605
1477730 604
1477740 604
1477750 604
1477760 604
1477770 604
1477780 604
1477790 604
1477800 604
1477810 604
1477820 604
1477830 604
1477840 604
1477850 604
1477860 604
1477870 604
1477880 605
1477890 605
1477900 605
1477910 605
1477920 605
1477930 604
1477940 604
1477950 604
1477960 604
1477970 604
1477980 604
1477990 604
1478000 604
1478010 604
1478020 604
1478030 604
1478040 604
1478050 604
1478060 604
1478070 604
1478080 604
1478090 604
1478100 604
1478110 604
1478120 604
1478130 604
1478140 604
1478150 603
1478160 603
1478170 603
1478180 603
1478190 603
1478200 604
1478210 603
1478220 603
1478230 603
1478240 603
1478250 603
1478260 603
1478270 603
1478280 603
1478290 603
1478300 603
1478310 603
1478320 603
1478330 603
1478340 603
1478350 602
1478360 602
1478370 602
1478380 602
1478390 602
1478400 602
1478410 602
1478420 602
1478430 602
1478440 601
1478450 601
1478460 601
1478470 601
1478480 601
1478490 601
1478500 601
1478510 601
1478520 601
1478530 601
1478540 601
1478550 601
1478560 600
1478570 600
1478580 601
1478590 601
1478600 601
1478610 601
1478620 601
1478630 601
1478640 601
1478650 601
1478660 601
1478670 601
1478680 601
1478690 601
1478700 601
1478710 601
1478720 600
1478730 600
1478740 600
1478750 600
1478760 600
1478770 600
1478780 600
1478790 600
1478800 600
1478810 600
1478820 600
1478830 600
1478840 599
1478850 599
1478860 599
1478870 599
1478880 599
1478890 599
1478900 599
1478910 598
1478920 598
1478930 598
1478940 598
1478950 598
1478960 599
1478970 599
1478980 599
1478990 599
1479000 600
1479010 600
1479020 601
1479030 602
1479040 602
1479050 603
1479060 604
1479070 604
1479080 605
1479090 606
1479100 606
1479110 606
1479120 607
1479130 607
1479140 606
1479150 605
1479160 605
1479170 604
1479180 603
1479190 603
1479200 603
1479210 603
1479220 603
1479230 603
1479240 604
1479250 604
1479260 606
1479270 608
1479280 608
1479290 609
1479300 610
1479310 610
1479320 610
1479330 611
1479340 611
1479350 611
1479360 612
1479370 612
1479380 612
1479390 612
1479400 612
1479410 613
1479420 613
1479430 613
1479440 613
1479450 614
1479460 614
1479470 614
1479480 614
1479490 614
1479500 615
1479510 615
1479520 615
1479530 615
1479540 616
1479550 616
1479560 616
1479570 617
1479580 617
1479590 617
1479600 618
1479610 619
1479620 619
1479630 619
1479640 620
1479650 620
1479660 621
1479670 621
1479680 621
1479690 622
1479700 623
1479710 623
1479720 623
1479730 624
1479740 624
1479750 624
1479760 625
1479770 625
1479780 625
1479790 625
1479800 625
1479810 626
1479820 626
1479830 626
1479840 626
1479850 627
1479860 627
1479870 627
1479880 627
1479890 627
1479900 628
1479910 628
1479920 628
1479930 629
1479940 629
1479950 629
1479960 629
1479970 630
1479980 630
1479990 630
