1460000 499
1460010 499
1460020 499
1460030 499
1460040 499
1460050 499
1460060 499
1460070 499
1460080 499
1460090 499
1460100 499
1460110 499
1460120 499
1460130 499
1460140 499
1460150 499
1460160 499
1460170 499
1460180 499
1460190 499
1460200 499
1460210 499
1460220 499
1460230 499
1460240 499
1460250 499
1460260 499
1460270 499
1460280 499
1460290 499
1460300 499
1460310 499
1460320 499
1460330 498
1460340 498
1460350 498
1460360 498
1460370 498
1460380 498
1460390 498
1460400 498
1460410 498
1460420 498
1460430 498
1460440 498
1460450 498
1460460 498
1460470 498
1460480 498
1460490 498
1460500 498
1460510 498
1460520 498
1460530 498
1460540 497
1460550 497
1460560 497
1460570 497
1460580 497
1460590 497
1460600 497
1460610 497
1460620 497
1460630 497
1460640 497
1460650 497
1460660 497
1460670 497
1460680 497
1460690 497
1460700 498
1460710 498
1460720 500
1460730 502
1460740 502
1460750 502
1460760 502
1460770 502
1460780 502
1460790 502
1460800 502
1460810 503
1460820 503
1460830 503
1460840 503
1460850 503
1460860 503
1460870 503
1460880 503
1460890 503
1460900 503
1460910 503
1460920 503
1460930 503
1460940 503
1460950 503
1460960 503
1460970 503
1460980 503
1460990 503
1461000 504
1461010 504
1461020 504
1461030 504
1461040 504
1461050 505
1461060 505
1461070 505
1461080 505
1461090 506
1461100 506
1461110 506
1461120 506
1461130 506
1461140 506
1461150 507
1461160 507
1461170 507
1461180 507
1461190 507
1461200 508
1461210 508
1461220 508
1461230 508
1461240 509
1461250 509
1461260 509
1461270 509
1461280 509
1461290 509
1461300 510
1461310 510
1461320 510
1461330 511
1461340 511
1461350 511
1461360 511
1461370 511
1461380 511
1461390 512
1461400 512
1461410 512
1461420 512
1461430 512
1461440 513
1461450 513
1461460 513
1461470 514
1461480 514
1461490 515
1461500 515
1461510 515
1461520 515
1461530 515
1461540 516
1461550 516
1461560 516
1461570 517
1461580 517
1461590 517
1461600 518
1461610 519
1461620 519
1461630 519
1461640 520
1461650 520
1461660 521
1461670 522
1461680 522
1461690 522
1461700 523
1461710 523
1461720 524
1461730 524
1461740 524
1461750 524
1461760 525
1461770 525
1461780 526
1461790 526
1461800 526
1461810 527
1461820 527
1461830 527
1461840 527
1461850 527
1461860 527
1461870 528
1461880 528
1461890 528
1461900 528
1461910 528
1461920 528
1461930 528
1461940 528
1461950 528
1461960 528
1461970 527
1461980 527
1461990 527
1462000 528
1462010 528
1462020 528
1462030 528
1462040 528
1462050 529
1462060 530
1462070 530
1462080 531
1462090 532
1462100 532
1462110 533
1462120 534
1462130 534
1462140 535
1462150 535
1462160 535
1462170 536
1462180 537
1462190 537
1462200 539
1462210 540
1462220 540
1462230 542
1462240 544
1462250 544
1462260 545
1462270 547
1462280 547
1462290 548
1462300 549
1462310 549
1462320 550
1462330 551
1462340 551
1462350 551
1462360 552
1462370 552
1462380 553
1462390 553
1462400 553
1462410 554
1462420 555
1462430 555
1462440 556
1462450 557
1462460 557
1462470 558
1462480 559
1462490 560
1462500 560
1462510 561
1462520 562
1462530 562
1462540 563
1462550 564
1462560 564
1462570 565
1462580 566
1462590 566
1462600 567
1462610 568
1462620 568
1462630 569
1462640 570
1462650 570
1462660 571
1462670 572
1462680 572
1462690 572
1462700 573
1462710 573
1462720 573
1462730 574
1462740 574
1462750 574
1462760 574
1462770 574
1462780 575
1462790 576
1462800 576
1462810 577
1462820 578
1462830 578
1462840 579
1462850 580
1462860 580
1462870 581
1462880 581
1462890 581
1462900 582
1462910 582
1462920 582
1462930 583
1462940 584
1462950 584
1462960 585
1462970 585
1462980 585
1462990 586
1463000 586
1463010 586
1463020 587
1463030 588
1463040 588
1463050 589
1463060 590
1463070 590
1463080 590
1463090 591
1463100 591
1463110 591
1463120 592
1463130 592
1463140 592
1463150 592
1463160 592
1463170 593
1463180 593
1463190 593
1463200 594
1463210 594
1463220 594
1463230 594
1463240 594
1463250 594
1463260 593
1463270 591
1463280 591
1463290 591
1463300 590
1463310 590
1463320 589
1463330 588
1463340 588
1463350 588
1463360 588
1463370 588
1463380 588
1463390 588
1463400 588
1463410 588
1463420 587
1463430 587
1463440 586
1463450 585
1463460 584
1463470 584
1463480 583
1463490 583
1463500 583
1463510 582
1463520 583
1463530 583
1463540 583
1463550 583
1463560 583
1463570 583
1463580 583
1463590 583
1463600 584
1463610 583
1463620 583
1463630 583
1463640 583
1463650 583
1463660 583
1463670 583
1463680 583
1463690 585
1463700 586
1463710 586
1463720 586
1463730 585
1463740 585
1463750 584
1463760 583
1463770 583
1463780 582
1463790 580
1463800 580
1463810 577
1463820 575
1463830 575
1463840 572
1463850 570
1463860 570
1463870 568
1463880 567
1463890 567
1463900 565
1463910 562
1463920 562
1463930 560
1463940 558
1463950 558
1463960 557
1463970 555
1463980 555
1463990 554
1464000 552
1464010 552
1464020 550
1464030 549
1464040 549
1464050 548
1464060 547
1464070 547
1464080 545
1464090 544
1464100 544
1464110 543
1464120 543
1464130 543
1464140 542
1464150 542
1464160 542
1464170 541
1464180 541
1464190 541
1464200 541
1464210 541
1464220 541
1464230 541
1464240 540
1464250 540
1464260 540
1464270 539
1464280 539
1464290 539
1464300 539
1464310 539
1464320 539
1464330 539
1464340 539
1464350 539
1464360 539
1464370 539
1464380 539
1464390 538
1464400 538
1464410 538
1464420 537
1464430 537
1464440 536
1464450 535
1464460 534
1464470 534
1464480 534
1464490 534
1464500 534
1464510 533
1464520 533
1464530 533
1464540 532
1464550 531
1464560 531
1464570 530
1464580 530
1464590 530
1464600 529
1464610 528
1464620 528
1464630 527
1464640 526
1464650 526
1464660 525
1464670 523
1464680 523
1464690 522
1464700 522
1464710 522
1464720 522
1464730 521
1464740 521
1464750 521
1464760 520
1464770 520
1464780 520
1464790 519
1464800 519
1464810 519
1464820 518
1464830 518
1464840 518
1464850 518
1464860 518
1464870 517
1464880 517
1464890 517
1464900 517
1464910 517
1464920 517
1464930 516
1464940 517
1464950 517
1464960 517
1464970 516
1464980 516
1464990 516
1465000 516
1465010 516
1465020 516
1465030 516
1465040 516
1465050 516
1465060 516
1465070 516
1465080 516
1465090 516
1465100 516
1465110 516
1465120 516
1465130 516
1465140 516
1465150 516
1465160 516
1465170 516
1465180 516
1465190 516
1465200 516
1465210 516
1465220 516
1465230 516
1465240 516
1465250 516
1465260 516
1465270 516
1465280 516
1465290 517
1465300 517
1465310 517
1465320 516
1465330 516
1465340 516
1465350 516
1465360 516
1465370 516
1465380 516
1465390 516
1465400 516
1465410 516
1465420 515
1465430 515
1465440 515
1465450 515
1465460 515
1465470 515
1465480 515
1465490 515
1465500 515
1465510 515
1465520 515
1465530 515
1465540 515
1465550 515
1465560 515
1465570 515
1465580 515
1465590 515
1465600 515
1465610 515
1465620 515
1465630 515
1465640 515
1465650 515
1465660 515
1465670 515
1465680 515
1465690 515
1465700 514
1465710 514
1465720 514
1465730 514
1465740 514
1465750 514
1465760 514
1465770 514
1465780 514
1465790 514
1465800 514
1465810 514
1465820 514
1465830 514
1465840 514
1465850 514
1465860 514
1465870 514
1465880 514
1465890 514
1465900 514
1465910 514
1465920 514
1465930 514
1465940 514
1465950 514
1465960 514
1465970 514
1465980 514
1465990 515
1466000 515
1466010 515
1466020 515
1466030 515
1466040 515
1466050 515
1466060 514
1466070 514
1466080 514
1466090 514
1466100 514
1466110 514
1466120 514
1466130 514
1466140 514
1466150 514
1466160 514
1466170 514
1466180 514
1466190 514
1466200 514
1466210 514
1466220 514
1466230 514
1466240 514
1466250 514
1466260 514
1466270 514
1466280 514
1466290 514
1466300 514
1466310 514
1466320 514
1466330 514
1466340 514
1466350 514
1466360 514
1466370 514
1466380 514
1466390 514
1466400 514
1466410 514
1466420 514
1466430 514
1466440 514
1466450 514
1466460 514
1466470 514
1466480 514
1466490 514
1466500 514
1466510 514
1466520 514
1466530 514
1466540 514
1466550 514
1466560 514
1466570 514
1466580 514
1466590 514
1466600 514
1466610 514
1466620 514
1466630 514
1466640 514
1466650 514
1466660 514
1466670 514
1466680 514
1466690 514
1466700 514
1466710 514
1466720 514
1466730 514
1466740 514
1466750 514
1466760 514
1466770 514
1466780 514
1466790 514
1466800 514
1466810 514
1466820 514
1466830 514
1466840 514
1466850 514
1466860 514
1466870 513
1466880 513
1466890 513
1466900 514
1466910 514
1466920 514
1466930 514
1466940 513
1466950 513
1466960 514
1466970 514
1466980 514
1466990 514
1467000 514
1467010 514
1467020 514
1467030 514
1467040 514
1467050 514
1467060 514
1467070 514
1467080 514
1467090 514
1467100 514
1467110 514
1467120 514
1467130 514
1467140 514
1467150 514
1467160 514
1467170 514
1467180 514
1467190 514
1467200 514
1467210 514
1467220 514
1467230 513
1467240 513
1467250 513
1467260 513
1467270 513
1467280 513
1467290 513
1467300 513
1467310 513
1467320 513
1467330 513
1467340 513
1467350 513
1467360 513
1467370 513
1467380 513
1467390 513
1467400 513
1467410 513
1467420 513
1467430 513
1467440 513
1467450 513
1467460 514
1467470 514
1467480 514
1467490 514
1467500 514
1467510 514
1467520 514
1467530 514
1467540 514
1467550 514
1467560 514
1467570 514
1467580 514
1467590 514
1467600 514
1467610 514
1467620 514
1467630 514
1467640 514
1467650 514
1467660 514
1467670 514
1467680 514
1467690 514
1467700 514
1467710 514
1467720 515
1467730 515
1467740 515
1467750 515
1467760 515
1467770 515
1467780 515
1467790 515
1467800 515
1467810 515
1467820 515
1467830 515
1467840 515
1467850 515
1467860 515
1467870 516
1467880 516
1467890 516
1467900 515
1467910 515
1467920 515
1467930 515
1467940 515
1467950 515
1467960 515
1467970 514
1467980 514
1467990 515
1468000 516
1468010 516
1468020 516
1468030 517
1468040 517
1468050 516
1468060 516
1468070 516
1468080 516
1468090 517
1468100 517
1468110 517
1468120 517
1468130 517
1468140 517
1468150 517
1468160 517
1468170 517
1468180 517
1468190 517
1468200 516
1468210 516
1468220 516
1468230 516
1468240 516
1468250 516
1468260 517
1468270 517
1468280 517
1468290 517
1468300 517
1468310 517
1468320 517
1468330 517
1468340 517
1468350 517
1468360 517
1468370 517
1468380 517
1468390 517
1468400 517
1468410 517
1468420 517
1468430 517
1468440 517
1468450 517
1468460 518
1468470 518
1468480 518
1468490 518
1468500 518
1468510 519
1468520 520
1468530 520
1468540 520
1468550 520
1468560 520
1468570 521
1468580 521
1468590 521
1468600 522
1468610 522
1468620 522
1468630 523
1468640 523
1468650 523
1468660 524
1468670 524
1468680 524
1468690 524
1468700 524
1468710 524
1468720 524
1468730 524
1468740 524
1468750 525
1468760 525
1468770 525
1468780 526
1468790 526
1468800 526
1468810 527
1468820 527
1468830 527
1468840 528
1468850 529
1468860 529
1468870 529
1468880 530
1468890 530
1468900 530
1468910 530
1468920 530
1468930 530
1468940 531
1468950 531
1468960 532
1468970 533
1468980 533
1468990 533
1469000 534
1469010 534
1469020 534
1469030 534
1469040 534
1469050 535
1469060 535
1469070 535
1469080 535
1469090 535
1469100 535
1469110 535
1469120 536
1469130 536
1469140 536
1469150 536
1469160 536
1469170 536
1469180 537
1469190 537
1469200 537
1469210 537
1469220 537
1469230 537
1469240 537
1469250 537
1469260 537
1469270 536
1469280 536
1469290 536
1469300 536
1469310 536
1469320 536
1469330 535
1469340 535
1469350 535
1469360 535
1469370 535
1469380 534
1469390 534
1469400 533
1469410 533
1469420 533
1469430 532
1469440 532
1469450 532
1469460 532
1469470 532
1469480 532
1469490 531
1469500 531
1469510 531
1469520 531
1469530 531
1469540 530
1469550 530
1469560 530
1469570 529
1469580 529
1469590 529
1469600 528
1469610 527
1469620 527
1469630 527
1469640 526
1469650 526
1469660 526
1469670 525
1469680 525
1469690 525
1469700 524
1469710 524
1469720 523
1469730 523
1469740 523
1469750 523
1469760 524
1469770 524
1469780 524
1469790 524
1469800 524
1469810 525
1469820 525
1469830 525
1469840 525
1469850 525
1469860 525
1469870 525
1469880 525
1469890 525
1469900 526
1469910 526
1469920 526
1469930 526
1469940 526
1469950 526
1469960 526
1469970 526
1469980 526
1469990 526
1470000 526
1470010 526
1470020 526
1470030 526
1470040 526
1470050 525
1470060 525
1470070 525
1470080 525
1470090 525
1470100 525
1470110 525
1470120 525
1470130 525
1470140 524
1470150 524
1470160 524
1470170 524
1470180 523
1470190 523
1470200 523
1470210 522
1470220 522
1470230 522
1470240 521
1470250 521
1470260 520
1470270 518
1470280 518
1470290 513
1470300 510
1470310 510
1470320 508
1470330 507
1470340 507
1470350 507
1470360 507
1470370 507
1470380 507
1470390 507
1470400 507
1470410 507
1470420 507
1470430 507
1470440 507
1470450 507
1470460 507
1470470 507
1470480 507
1470490 507
1470500 507
1470510 507
1470520 507
1470530 507
1470540 507
1470550 507
1470560 507
1470570 507
1470580 507
1470590 507
1470600 507
1470610 507
1470620 507
1470630 507
1470640 507
1470650 507
1470660 507
1470670 506
1470680 506
1470690 506
1470700 506
1470710 506
1470720 506
1470730 506
1470740 506
1470750 506
1470760 506
1470770 506
1470780 506
1470790 506
1470800 506
1470810 507
1470820 507
1470830 507
1470840 507
1470850 507
1470860 507
1470870 507
1470880 507
1470890 507
1470900 507
1470910 507
1470920 507
1470930 507
1470940 507
1470950 507
1470960 507
1470970 507
1470980 507
1470990 507
1471000 507
1471010 507
1471020 507
1471030 507
1471040 507
1471050 507
1471060 507
1471070 507
1471080 506
1471090 506
1471100 506
1471110 505
1471120 504
1471130 504
1471140 504
1471150 503
1471160 503
1471170 503
1471180 503
1471190 503
1471200 503
1471210 503
1471220 503
1471230 503
1471240 503
1471250 503
1471260 503
1471270 503
1471280 503
1471290 503
1471300 503
1471310 503
1471320 503
1471330 503
1471340 503
1471350 503
1471360 503
1471370 503
1471380 503
1471390 503
1471400 504
1471410 504
1471420 503
1471430 503
1471440 503
1471450 503
1471460 502
1471470 502
1471480 502
1471490 503
1471500 503
1471510 504
1471520 504
1471530 504
1471540 504
1471550 504
1471560 504
1471570 504
1471580 504
1471590 504
1471600 504
1471610 504
1471620 504
1471630 504
1471640 504
1471650 504
1471660 504
1471670 504
1471680 504
1471690 504
1471700 504
1471710 504
1471720 504
1471730 504
1471740 504
1471750 504
1471760 504
1471770 504
1471780 504
1471790 504
1471800 504
1471810 504
1471820 504
1471830 504
1471840 504
1471850 504
1471860 504
1471870 504
1471880 504
1471890 504
1471900 504
1471910 505
1471920 505
1471930 505
1471940 505
1471950 505
1471960 505
1471970 506
1471980 506
1471990 506
1472000 506
1472010 506
1472020 506
1472030 506
1472040 506
1472050 506
1472060 506
1472070 506
1472080 506
1472090 506
1472100 506
1472110 506
1472120 506
1472130 506
1472140 506
1472150 506
1472160 506
1472170 506
1472180 505
1472190 505
1472200 505
1472210 506
1472220 506
1472230 507
1472240 507
1472250 507
1472260 508
1472270 508
1472280 508
1472290 509
1472300 512
1472310 512
1472320 515
1472330 516
1472340 516
1472350 516
1472360 517
1472370 517
1472380 517
1472390 517
1472400 517
1472410 517
1472420 517
1472430 517
1472440 517
1472450 517
1472460 517
1472470 517
1472480 517
1472490 517
1472500 517
1472510 517
1472520 517
1472530 517
1472540 517
1472550 517
1472560 517
1472570 517
1472580 517
1472590 517
1472600 517
1472610 516
1472620 516
1472630 516
1472640 516
1472650 516
1472660 515
1472670 515
1472680 515
1472690 514
1472700 514
1472710 514
1472720 513
1472730 514
1472740 514
1472750 515
1472760 515
1472770 515
1472780 516
1472790 516
1472800 516
1472810 517
1472820 517
1472830 517
1472840 517
1472850 517
1472860 517
1472870 518
1472880 518
1472890 518
1472900 518
1472910 518
1472920 518
1472930 518
1472940 518
1472950 518
1472960 519
1472970 519
1472980 519
1472990 519
1473000 519
1473010 519
1473020 519
1473030 519
1473040 519
1473050 519
1473060 519
1473070 519
1473080 519
1473090 520
1473100 520
1473110 520
1473120 520
1473130 520
1473140 520
1473150 520
1473160 520
1473170 520
1473180 520
1473190 520
1473200 520
1473210 520
1473220 520
1473230 520
1473240 520
1473250 520
1473260 519
1473270 519
1473280 519
1473290 518
1473300 517
1473310 517
1473320 517
1473330 517
1473340 518
1473350 518
1473360 519
1473370 520
1473380 520
1473390 520
1473400 521
1473410 521
1473420 521
1473430 521
1473440 521
1473450 522
1473460 522
1473470 522
1473480 522
1473490 522
1473500 522
1473510 522
1473520 522
1473530 522
1473540 522
1473550 522
1473560 522
1473570 522
1473580 522
1473590 522
1473600 522
1473610 522
1473620 522
1473630 522
1473640 522
1473650 522
1473660 522
1473670 522
1473680 522
1473690 522
1473700 522
1473710 522
1473720 522
1473730 522
1473740 522
1473750 522
1473760 522
1473770 522
1473780 523
1473790 523
1473800 523
1473810 523
1473820 523
1473830 523
1473840 523
1473850 523
1473860 523
1473870 523
1473880 523
1473890 523
1473900 523
1473910 523
1473920 523
1473930 523
1473940 523
1473950 523
1473960 523
1473970 523
1473980 523
1473990 522
1474000 522
1474010 522
1474020 522
1474030 522
1474040 522
1474050 523
1474060 523
1474070 523
1474080 523
1474090 523
1474100 523
1474110 523
1474120 523
1474130 523
1474140 523
1474150 523
1474160 523
1474170 523
1474180 523
1474190 523
1474200 523
1474210 523
1474220 523
1474230 523
1474240 524
1474250 524
1474260 524
1474270 523
1474280 523
1474290 523
1474300 523
1474310 523
1474320 523
1474330 523
1474340 523
1474350 523
1474360 522
1474370 522
1474380 522
1474390 523
1474400 523
1474410 523
1474420 522
1474430 520
1474440 520
1474450 519
1474460 518
1474470 518
1474480 518
1474490 519
1474500 519
1474510 519
1474520 520
1474530 520
1474540 520
1474550 520
1474560 520
1474570 521
1474580 521
1474590 521
1474600 521
1474610 521
1474620 521
1474630 521
1474640 521
1474650 521
1474660 521
1474670 522
1474680 522
1474690 522
1474700 522
1474710 522
1474720 523
1474730 523
1474740 523
1474750 523
1474760 523
1474770 523
1474780 524
1474790 524
1474800 524
1474810 524
1474820 524
1474830 524
1474840 524
1474850 524
1474860 524
1474870 525
1474880 525
1474890 525
1474900 525
1474910 526
1474920 526
1474930 526
1474940 526
1474950 526
1474960 527
1474970 528
1474980 528
1474990 528
1475000 529
1475010 529
1475020 530
1475030 531
1475040 531
1475050 531
1475060 532
1475070 532
1475080 533
1475090 533
1475100 533
1475110 534
1475120 535
1475130 535
1475140 535
1475150 536
1475160 536
1475170 537
1475180 537
1475190 537
1475200 538
1475210 539
1475220 539
1475230 539
1475240 540
1475250 540
1475260 540
1475270 541
1475280 541
1475290 542
1475300 542
1475310 542
1475320 543
1475330 543
1475340 543
1475350 543
1475360 544
1475370 544
1475380 544
1475390 544
1475400 545
1475410 545
1475420 545
1475430 545
1475440 545
1475450 546
1475460 546
1475470 546
1475480 547
1475490 547
1475500 547
1475510 547
1475520 548
1475530 548
1475540 548
1475550 549
1475560 549
1475570 549
1475580 549
1475590 549
1475600 550
1475610 550
1475620 550
1475630 550
1475640 551
1475650 551
1475660 551
1475670 551
1475680 551
1475690 550
1475700 551
1475710 551
1475720 551
1475730 551
1475740 551
1475750 551
1475760 551
1475770 551
1475780 551
1475790 549
1475800 549
1475810 548
1475820 548
1475830 548
1475840 547
1475850 545
1475860 545
1475870 545
1475880 545
1475890 545
1475900 545
1475910 546
1475920 546
1475930 547
1475940 548
1475950 548
1475960 550
1475970 553
1475980 553
1475990 555
1476000 558
1476010 558
1476020 560
1476030 563
1476040 563
1476050 570
1476060 576
1476070 576
1476080 583
1476090 588
1476100 588
1476110 591
1476120 593
1476130 593
1476140 595
1476150 596
1476160 596
1476170 597
1476180 598
1476190 598
1476200 598
1476210 598
1476220 598
1476230 599
1476240 599
1476250 599
1476260 600
1476270 600
1476280 600
1476290 601
1476300 601
1476310 602
1476320 602
1476330 602
1476340 603
1476350 603
1476360 603
1476370 603
1476380 603
1476390 603
1476400 603
1476410 603
1476420 604
1476430 604
1476440 604
1476450 604
1476460 604
1476470 604
1476480 604
1476490 604
1476500 604
1476510 604
1476520 604
1476530 604
1476540 605
1476550 605
1476560 605
1476570 605
1476580 605
1476590 605
1476600 605
1476610 605
1476620 605
1476630 606
1476640 606
1476650 606
1476660 606
1476670 606
1476680 606
1476690 606
1476700 607
1476710 607
1476720 607
1476730 607
1476740 607
1476750 607
1476760 607
1476770 607
1476780 607
1476790 607
1476800 607
1476810 607
1476820 607
1476830 607
1476840 607
1476850 607
1476860 607
1476870 607
1476880 607
1476890 607
1476900 607
1476910 607
1476920 607
1476930 606
1476940 606
1476950 606
1476960 606
1476970 605
1476980 605
1476990 605
1477000 604
1477010 604
1477020 604
1477030 603
1477040 603
1477050 603
1477060 602
1477070 602
1477080 601
1477090 600
1477100 600
1477110 597
1477120 594
1477130 594
1477140 591
1477150 588
1477160 588
1477170 586
1477180 584
1477190 584
1477200 583
1477210 581
1477220 581
1477230 579
1477240 578
1477250 578
1477260 576
1477270 574
1477280 574
1477290 571
1477300 569
1477310 566
1477320 566
1477330 564
1477340 564
1477350 564
1477360 565
1477370 567
1477380 567
1477390 571
1477400 575
1477410 575
1477420 579
1477430 581
1477440 581
1477450 583
1477460 586
1477470 586
1477480 588
1477490 591
1477500 591
1477510 593
1477520 593
1477530 593
1477540 593
1477550 593
1477560 593
1477570 592
1477580 592
1477590 592
1477600 591
1477610 590
1477620 590
1477630 589
1477640 587
1477650 587
1477660 586
1477670 584
1477680 584
1477690 583
1477700 582
1477710 582
1477720 581
1477730 580
1477740 580
1477750 580
1477760 581
1477770 581
1477780 583
1477790 586
1477800 586
1477810 589
1477820 591
1477830 591
1477840 594
1477850 596
1477860 596
1477870 598
1477880 600
1477890 600
1477900 601
1477910 603
1477920 603
1477930 603
1477940 604
1477950 604
1477960 605
1477970 605
1477980 605
1477990 606
1478000 606
1478010 606
1478020 607
1478030 607
1478040 607
1478050 608
1478060 608
1478070 608
1478080 609
1478090 609
1478100 609
1478110 609
1478120 609
1478130 609
1478140 610
1478150 610
1478160 610
1478170 610
1478180 610
1478190 610
1478200 610
1478210 611
1478220 611
1478230 611
1478240 611
1478250 611
1478260 611
1478270 611
1478280 611
1478290 611
1478300 611
1478310 612
1478320 612
1478330 612
1478340 612
1478350 612
1478360 612
1478370 612
1478380 612
1478390 612
1478400 612
1478410 612
1478420 612
1478430 613
1478440 613
1478450 613
1478460 613
1478470 613
1478480 612
1478490 612
1478500 612
1478510 611
1478520 611
1478530 611
1478540 611
1478550 611
1478560 611
1478570 610
1478580 610
1478590 610
1478600 609
1478610 609
1478620 609
1478630 608
1478640 608
1478650 608
1478660 607
1478670 606
1478680 606
1478690 605
1478700 604
1478710 604
1478720 603
1478730 601
1478740 601
1478750 598
1478760 596
1478770 596
1478780 594
1478790 592
1478800 592
1478810 590
1478820 589
1478830 589
1478840 588
1478850 586
1478860 586
1478870 586
1478880 587
1478890 587
1478900 589
1478910 593
1478920 593
1478930 596
1478940 599
1478950 599
1478960 600
1478970 601
1478980 601
1478990 602
1479000 603
1479010 603
1479020 604
1479030 605
1479040 605
1479050 606
1479060 607
1479070 607
1479080 608
1479090 608
1479100 608
1479110 609
1479120 610
1479130 610
1479140 611
1479150 612
1479160 612
1479170 612
1479180 613
1479190 613
1479200 614
1479210 615
1479220 615
1479230 615
1479240 616
1479250 616
1479260 616
1479270 617
1479280 617
1479290 617
1479300 618
1479310 618
1479320 618
1479330 619
1479340 619
1479350 619
1479360 619
1479370 620
1479380 620
1479390 620
1479400 620
1479410 620
1479420 621
1479430 621
1479440 621
1479450 621
1479460 622
1479470 622
1479480 622
1479490 622
1479500 622
1479510 622
1479520 622
1479530 622
1479540 622
1479550 622
1479560 622
1479570 622
1479580 622
1479590 622
1479600 621
1479610 621
1479620 621
1479630 620
1479640 620
1479650 620
1479660 619
1479670 619
1479680 619
1479690 619
1479700 618
1479710 618
1479720 618
1479730 617
1479740 617
1479750 616
1479760 616
1479770 616
1479780 615
1479790 614
1479800 614
1479810 614
1479820 613
1479830 613
1479840 613
1479850 612
1479860 612
1479870 612
1479880 611
1479890 611
1479900 611
1479910 610
1479920 610
1479930 610
1479940 610
1479950 610
1479960 609
1479970 609
1479980 609
1479990 608
