1460000 498
1460010 498
1460020 498
1460030 498
1460040 498
1460050 498
1460060 498
1460070 498
1460080 498
1460090 498
1460100 498
1460110 498
1460120 498
1460130 498
1460140 498
1460150 498
1460160 498
1460170 498
1460180 498
1460190 498
1460200 498
1460210 498
1460220 498
1460230 498
1460240 497
1460250 497
1460260 497
1460270 498
1460280 498
1460290 497
1460300 497
1460310 497
1460320 497
1460330 497
1460340 497
1460350 497
1460360 497
1460370 497
1460380 497
1460390 497
1460400 497
1460410 497
1460420 497
1460430 497
1460440 497
1460450 497
1460460 497
1460470 497
1460480 497
1460490 497
1460500 497
1460510 496
1460520 496
1460530 496
1460540 496
1460550 496
1460560 496
1460570 496
1460580 496
1460590 496
1460600 496
1460610 497
1460620 497
1460630 497
1460640 498
1460650 498
1460660 500
1460670 501
1460680 501
1460690 502
1460700 502
1460710 502
1460720 502
1460730 502
1460740 502
1460750 502
1460760 503
1460770 503
1460780 503
1460790 504
1460800 504
1460810 504
1460820 504
1460830 504
1460840 504
1460850 504
1460860 504
1460870 505
1460880 505
1460890 505
1460900 505
1460910 505
1460920 505
1460930 505
1460940 505
1460950 505
1460960 506
1460970 506
1460980 506
1460990 506
1461000 506
1461010 506
1461020 506
1461030 506
1461040 506
1461050 506
1461060 507
1461070 507
1461080 507
1461090 507
1461100 507
1461110 507
1461120 507
1461130 507
1461140 507
1461150 507
1461160 507
1461170 508
1461180 509
1461190 509
1461200 509
1461210 510
1461220 510
1461230 510
1461240 511
1461250 511
1461260 511
1461270 511
1461280 511
1461290 512
1461300 513
1461310 513
1461320 514
1461330 514
1461340 514
1461350 514
1461360 514
1461370 514
1461380 514
1461390 514
1461400 513
1461410 513
1461420 513
1461430 512
1461440 512
1461450 512
1461460 511
1461470 511
1461480 511
1461490 511
1461500 511
1461510 511
1461520 511
1461530 511
1461540 512
1461550 512
1461560 512
1461570 512
1461580 513
1461590 513
1461600 514
1461610 515
1461620 515
1461630 516
1461640 518
1461650 518
1461660 519
1461670 520
1461680 520
1461690 522
1461700 523
1461710 523
1461720 523
1461730 524
1461740 524
1461750 525
1461760 526
1461770 526
1461780 527
1461790 528
1461800 528
1461810 530
1461820 531
1461830 531
1461840 532
1461850 533
1461860 533
1461870 533
1461880 533
1461890 533
1461900 532
1461910 532
1461920 532
1461930 532
1461940 532
1461950 532
1461960 533
1461970 535
1461980 535
1461990 537
1462000 537
1462010 537
1462020 538
1462030 540
1462040 540
1462050 541
1462060 542
1462070 542
1462080 544
1462090 545
1462100 545
1462110 546
1462120 547
1462130 547
1462140 547
1462150 548
1462160 548
1462170 549
1462180 549
1462190 549
1462200 551
1462210 551
1462220 551
1462230 552
1462240 553
1462250 553
1462260 553
1462270 554
1462280 554
1462290 554
1462300 555
1462310 555
1462320 555
1462330 555
1462340 555
1462350 555
1462360 555
1462370 556
1462380 556
1462390 556
1462400 556
1462410 556
1462420 554
1462430 553
1462440 553
1462450 552
1462460 552
1462470 552
1462480 553
1462490 555
1462500 555
1462510 558
1462520 561
1462530 561
1462540 564
1462550 566
1462560 566
1462570 566
1462580 566
1462590 566
1462600 566
1462610 566
1462620 566
1462630 566
1462640 566
1462650 566
1462660 566
1462670 567
1462680 567
1462690 568
1462700 569
1462710 569
1462720 569
1462730 570
1462740 570
1462750 571
1462760 572
1462770 572
1462780 573
1462790 574
1462800 574
1462810 575
1462820 576
1462830 576
1462840 577
1462850 577
1462860 577
1462870 578
1462880 578
1462890 578
1462900 579
1462910 580
1462920 580
1462930 581
1462940 582
1462950 582
1462960 583
1462970 584
1462980 584
1462990 585
1463000 586
1463010 586
1463020 587
1463030 587
1463040 587
1463050 587
1463060 587
1463070 587
1463080 587
1463090 587
1463100 587
1463110 587
1463120 588
1463130 588
1463140 590
1463150 591
1463160 591
1463170 592
1463180 593
1463190 593
1463200 594
1463210 594
1463220 594
1463230 595
1463240 594
1463250 594
1463260 594
1463270 594
1463280 594
1463290 594
1463300 593
1463310 593
1463320 592
1463330 591
1463340 591
1463350 590
1463360 589
1463370 589
1463380 589
1463390 588
1463400 588
1463410 588
1463420 588
1463430 587
1463440 587
1463450 588
1463460 588
1463470 588
1463480 589
1463490 589
1463500 589
1463510 589
1463520 589
1463530 589
1463540 588
1463550 588
1463560 588
1463570 587
1463580 586
1463590 586
1463600 586
1463610 586
1463620 586
1463630 586
1463640 587
1463650 587
1463660 588
1463670 589
1463680 589
1463690 589
1463700 589
1463710 589
1463720 589
1463730 587
1463740 587
1463750 584
1463760 581
1463770 581
1463780 579
1463790 577
1463800 577
1463810 574
1463820 571
1463830 571
1463840 569
1463850 568
1463860 568
1463870 566
1463880 565
1463890 565
1463900 564
1463910 563
1463920 563
1463930 562
1463940 561
1463950 561
1463960 560
1463970 559
1463980 559
1463990 558
1464000 558
1464010 558
1464020 557
1464030 557
1464040 557
1464050 556
1464060 556
1464070 556
1464080 555
1464090 555
1464100 555
1464110 554
1464120 554
1464130 554
1464140 553
1464150 552
1464160 552
1464170 552
1464180 551
1464190 551
1464200 550
1464210 550
1464220 550
1464230 549
1464240 549
1464250 549
1464260 548
1464270 546
1464280 546
1464290 545
1464300 544
1464310 544
1464320 543
1464330 542
1464340 542
1464350 541
1464360 540
1464370 540
1464380 540
1464390 539
1464400 538
1464410 538
1464420 538
1464430 537
1464440 537
1464450 537
1464460 537
1464470 537
1464480 537
1464490 537
1464500 537
1464510 537
1464520 536
1464530 536
1464540 536
1464550 536
1464560 536
1464570 535
1464580 534
1464590 534
1464600 533
1464610 532
1464620 532
1464630 531
1464640 530
1464650 530
1464660 529
1464670 528
1464680 528
1464690 526
1464700 525
1464710 525
1464720 523
1464730 522
1464740 522
1464750 520
1464760 519
1464770 519
1464780 518
1464790 518
1464800 518
1464810 517
1464820 517
1464830 517
1464840 517
1464850 518
1464860 518
1464870 517
1464880 517
1464890 517
1464900 517
1464910 516
1464920 516
1464930 516
1464940 516
1464950 516
1464960 515
1464970 515
1464980 515
1464990 515
1465000 515
1465010 515
1465020 515
1465030 515
1465040 515
1465050 515
1465060 514
1465070 514
1465080 514
1465090 515
1465100 515
1465110 515
1465120 515
1465130 515
1465140 515
1465150 515
1465160 515
1465170 515
1465180 515
1465190 515
1465200 515
1465210 515
1465220 515
1465230 515
1465240 515
1465250 515
1465260 515
1465270 515
1465280 515
1465290 515
1465300 515
1465310 515
1465320 515
1465330 515
1465340 515
1465350 515
1465360 515
1465370 515
1465380 515
1465390 515
1465400 515
1465410 515
1465420 515
1465430 515
1465440 515
1465450 515
1465460 515
1465470 515
1465480 515
1465490 514
1465500 514
1465510 514
1465520 514
1465530 514
1465540 514
1465550 514
1465560 514
1465570 514
1465580 514
1465590 514
1465600 514
1465610 514
1465620 514
1465630 513
1465640 514
1465650 514
1465660 514
1465670 514
1465680 514
1465690 514
1465700 513
1465710 513
1465720 513
1465730 513
1465740 513
1465750 513
1465760 513
1465770 513
1465780 513
1465790 513
1465800 513
1465810 513
1465820 513
1465830 513
1465840 513
1465850 513
1465860 513
1465870 513
1465880 513
1465890 513
1465900 513
1465910 513
1465920 513
1465930 513
1465940 513
1465950 513
1465960 513
1465970 513
1465980 513
1465990 513
1466000 512
1466010 512
1466020 512
1466030 512
1466040 512
1466050 512
1466060 512
1466070 512
1466080 512
1466090 512
1466100 512
1466110 512
1466120 512
1466130 512
1466140 512
1466150 512
1466160 512
1466170 512
1466180 512
1466190 512
1466200 512
1466210 512
1466220 512
1466230 512
1466240 512
1466250 512
1466260 512
1466270 512
1466280 512
1466290 512
1466300 512
1466310 512
1466320 512
1466330 512
1466340 512
1466350 512
1466360 512
1466370 512
1466380 512
1466390 512
1466400 512
1466410 512
1466420 512
1466430 512
1466440 512
1466450 512
1466460 512
1466470 512
1466480 512
1466490 512
1466500 512
1466510 512
1466520 512
1466530 512
1466540 512
1466550 512
1466560 512
1466570 512
1466580 512
1466590 512
1466600 512
1466610 512
1466620 512
1466630 512
1466640 512
1466650 512
1466660 512
1466670 512
1466680 512
1466690 512
1466700 512
1466710 512
1466720 512
1466730 512
1466740 512
1466750 512
1466760 512
1466770 512
1466780 512
1466790 512
1466800 512
1466810 512
1466820 512
1466830 512
1466840 512
1466850 512
1466860 512
1466870 511
1466880 511
1466890 511
1466900 511
1466910 512
1466920 512
1466930 512
1466940 512
1466950 512
1466960 512
1466970 512
1466980 512
1466990 512
1467000 512
1467010 512
1467020 512
1467030 512
1467040 512
1467050 512
1467060 512
1467070 512
1467080 512
1467090 513
1467100 513
1467110 513
1467120 512
1467130 512
1467140 512
1467150 512
1467160 512
1467170 512
1467180 512
1467190 512
1467200 512
1467210 512
1467220 512
1467230 512
1467240 512
1467250 512
1467260 512
1467270 512
1467280 512
1467290 512
1467300 512
1467310 512
1467320 512
1467330 512
1467340 512
1467350 512
1467360 512
1467370 512
1467380 512
1467390 512
1467400 512
1467410 512
1467420 512
1467430 512
1467440 512
1467450 512
1467460 513
1467470 513
1467480 513
1467490 513
1467500 513
1467510 513
1467520 513
1467530 513
1467540 513
1467550 513
1467560 513
1467570 513
1467580 513
1467590 513
1467600 513
1467610 513
1467620 513
1467630 512
1467640 512
1467650 512
1467660 512
1467670 512
1467680 512
1467690 512
1467700 513
1467710 513
1467720 513
1467730 513
1467740 513
1467750 514
1467760 514
1467770 514
1467780 514
1467790 514
1467800 514
1467810 514
1467820 514
1467830 514
1467840 514
1467850 514
1467860 514
1467870 514
1467880 514
1467890 514
1467900 514
1467910 514
1467920 514
1467930 514
1467940 514
1467950 514
1467960 514
1467970 514
1467980 514
1467990 514
1468000 515
1468010 515
1468020 515
1468030 515
1468040 515
1468050 516
1468060 516
1468070 516
1468080 516
1468090 517
1468100 517
1468110 517
1468120 517
1468130 517
1468140 516
1468150 516
1468160 516
1468170 516
1468180 516
1468190 516
1468200 516
1468210 515
1468220 515
1468230 515
1468240 515
1468250 515
1468260 515
1468270 514
1468280 514
1468290 514
1468300 514
1468310 514
1468320 514
1468330 514
1468340 515
1468350 515
1468360 515
1468370 515
1468380 515
1468390 515
1468400 516
1468410 516
1468420 516
1468430 516
1468440 516
1468450 516
1468460 516
1468470 516
1468480 516
1468490 516
1468500 516
1468510 516
1468520 517
1468530 517
1468540 517
1468550 517
1468560 517
1468570 517
1468580 517
1468590 517
1468600 517
1468610 517
1468620 517
1468630 517
1468640 517
1468650 517
1468660 518
1468670 518
1468680 518
1468690 518
1468700 518
1468710 518
1468720 518
1468730 518
1468740 518
1468750 519
1468760 519
1468770 519
1468780 519
1468790 519
1468800 519
1468810 519
1468820 519
1468830 519
1468840 520
1468850 520
1468860 520
1468870 520
1468880 520
1468890 520
1468900 520
1468910 520
1468920 520
1468930 520
1468940 520
1468950 520
1468960 521
1468970 521
1468980 521
1468990 521
1469000 521
1469010 521
1469020 521
1469030 522
1469040 522
1469050 522
1469060 522
1469070 522
1469080 522
1469090 522
1469100 522
1469110 522
1469120 522
1469130 522
1469140 522
1469150 523
1469160 523
1469170 523
1469180 523
1469190 523
1469200 522
1469210 522
1469220 522
1469230 522
1469240 522
1469250 522
1469260 522
1469270 522
1469280 522
1469290 522
1469300 522
1469310 522
1469320 522
1469330 521
1469340 521
1469350 521
1469360 521
1469370 520
1469380 520
1469390 520
1469400 520
1469410 520
1469420 519
1469430 519
1469440 519
1469450 518
1469460 518
1469470 518
1469480 518
1469490 518
1469500 518
1469510 518
1469520 518
1469530 518
1469540 518
1469550 518
1469560 518
1469570 518
1469580 518
1469590 518
1469600 519
1469610 518
1469620 518
1469630 518
1469640 518
1469650 518
1469660 519
1469670 519
1469680 519
1469690 519
1469700 519
1469710 519
1469720 519
1469730 519
1469740 519
1469750 519
1469760 519
1469770 519
1469780 519
1469790 519
1469800 519
1469810 519
1469820 519
1469830 519
1469840 519
1469850 519
1469860 519
1469870 520
1469880 520
1469890 520
1469900 520
1469910 520
1469920 520
1469930 520
1469940 520
1469950 520
1469960 520
1469970 519
1469980 519
1469990 519
1470000 519
1470010 519
1470020 519
1470030 519
1470040 519
1470050 518
1470060 518
1470070 518
1470080 518
1470090 518
1470100 518
1470110 517
1470120 517
1470130 517
1470140 517
1470150 516
1470160 516
1470170 516
1470180 515
1470190 515
1470200 515
1470210 514
1470220 514
1470230 512
1470240 510
1470250 510
1470260 508
1470270 507
1470280 507
1470290 506
1470300 506
1470310 506
1470320 506
1470330 505
1470340 505
1470350 505
1470360 505
1470370 505
1470380 505
1470390 505
1470400 506
1470410 506
1470420 506
1470430 506
1470440 506
1470450 506
1470460 506
1470470 506
1470480 506
1470490 506
1470500 506
1470510 506
1470520 506
1470530 506
1470540 506
1470550 506
1470560 506
1470570 506
1470580 506
1470590 506
1470600 506
1470610 506
1470620 506
1470630 506
1470640 506
1470650 506
1470660 506
1470670 506
1470680 506
1470690 506
1470700 506
1470710 506
1470720 506
1470730 506
1470740 506
1470750 506
1470760 506
1470770 506
1470780 506
1470790 506
1470800 506
1470810 506
1470820 506
1470830 506
1470840 506
1470850 506
1470860 506
1470870 506
1470880 506
1470890 506
1470900 506
1470910 506
1470920 506
1470930 506
1470940 506
1470950 506
1470960 506
1470970 507
1470980 507
1470990 507
1471000 507
1471010 507
1471020 506
1471030 506
1471040 506
1471050 505
1471060 504
1471070 504
1471080 504
1471090 503
1471100 503
1471110 503
1471120 503
1471130 503
1471140 502
1471150 502
1471160 502
1471170 502
1471180 502
1471190 502
1471200 502
1471210 502
1471220 502
1471230 502
1471240 502
1471250 502
1471260 502
1471270 502
1471280 502
1471290 502
1471300 503
1471310 503
1471320 503
1471330 503
1471340 502
1471350 502
1471360 502
1471370 502
1471380 502
1471390 502
1471400 503
1471410 503
1471420 504
1471430 504
1471440 504
1471450 503
1471460 501
1471470 501
1471480 499
1471490 500
1471500 500
1471510 501
1471520 502
1471530 502
1471540 503
1471550 503
1471560 503
1471570 503
1471580 503
1471590 503
1471600 503
1471610 503
1471620 503
1471630 503
1471640 503
1471650 503
1471660 503
1471670 503
1471680 503
1471690 503
1471700 503
1471710 503
1471720 503
1471730 503
1471740 503
1471750 503
1471760 503
1471770 503
1471780 503
1471790 503
1471800 503
1471810 503
1471820 503
1471830 503
1471840 503
1471850 504
1471860 504
1471870 504
1471880 504
1471890 504
1471900 504
1471910 504
1471920 504
1471930 504
1471940 504
1471950 504
1471960 504
1471970 505
1471980 505
1471990 505
1472000 505
1472010 505
1472020 505
1472030 505
1472040 505
1472050 505
1472060 506
1472070 506
1472080 508
1472090 511
1472100 511
1472110 513
1472120 513
1472130 513
1472140 513
1472150 513
1472160 513
1472170 513
1472180 513
1472190 513
1472200 514
1472210 514
1472220 514
1472230 514
1472240 514
1472250 514
1472260 514
1472270 514
1472280 514
1472290 514
1472300 514
1472310 514
1472320 514
1472330 514
1472340 514
1472350 514
1472360 514
1472370 514
1472380 514
1472390 514
1472400 513
1472410 513
1472420 514
1472430 515
1472440 515
1472450 516
1472460 516
1472470 516
1472480 516
1472490 516
1472500 516
1472510 516
1472520 516
1472530 516
1472540 516
1472550 516
1472560 516
1472570 516
1472580 516
1472590 516
1472600 516
1472610 516
1472620 516
1472630 516
1472640 516
1472650 516
1472660 517
1472670 517
1472680 517
1472690 517
1472700 517
1472710 517
1472720 517
1472730 517
1472740 517
1472750 517
1472760 517
1472770 517
1472780 518
1472790 518
1472800 518
1472810 518
1472820 518
1472830 518
1472840 518
1472850 518
1472860 518
1472870 518
1472880 518
1472890 518
1472900 518
1472910 518
1472920 518
1472930 519
1472940 519
1472950 519
1472960 519
1472970 519
1472980 519
1472990 519
1473000 519
1473010 519
1473020 519
1473030 519
1473040 519
1473050 519
1473060 519
1473070 519
1473080 519
1473090 518
1473100 518
1473110 518
1473120 517
1473130 517
1473140 517
1473150 517
1473160 517
1473170 517
1473180 516
1473190 516
1473200 517
1473210 517
1473220 517
1473230 518
1473240 518
1473250 518
1473260 519
1473270 519
1473280 520
1473290 520
1473300 520
1473310 520
1473320 520
1473330 521
1473340 521
1473350 521
1473360 521
1473370 521
1473380 521
1473390 521
1473400 521
1473410 521
1473420 521
1473430 521
1473440 521
1473450 521
1473460 521
1473470 521
1473480 521
1473490 521
1473500 521
1473510 521
1473520 521
1473530 521
1473540 521
1473550 521
1473560 521
1473570 521
1473580 521
1473590 521
1473600 521
1473610 521
1473620 521
1473630 521
1473640 521
1473650 521
1473660 521
1473670 521
1473680 521
1473690 521
1473700 522
1473710 522
1473720 522
1473730 522
1473740 522
1473750 522
1473760 522
1473770 522
1473780 522
1473790 522
1473800 522
1473810 522
1473820 522
1473830 522
1473840 522
1473850 522
1473860 522
1473870 522
1473880 522
1473890 522
1473900 522
1473910 522
1473920 522
1473930 522
1473940 522
1473950 522
1473960 521
1473970 521
1473980 521
1473990 521
1474000 522
1474010 522
1474020 522
1474030 522
1474040 522
1474050 522
1474060 522
1474070 522
1474080 522
1474090 522
1474100 522
1474110 523
1474120 523
1474130 523
1474140 522
1474150 522
1474160 522
1474170 522
1474180 522
1474190 522
1474200 523
1474210 523
1474220 523
1474230 523
1474240 523
1474250 523
1474260 523
1474270 523
1474280 523
1474290 523
1474300 523
1474310 523
1474320 523
1474330 523
1474340 523
1474350 523
1474360 522
1474370 522
1474380 522
1474390 522
1474400 522
1474410 522
1474420 522
1474430 522
1474440 522
1474450 522
1474460 521
1474470 521
1474480 521
1474490 521
1474500 521
1474510 521
1474520 520
1474530 520
1474540 518
1474550 517
1474560 517
1474570 516
1474580 516
1474590 516
1474600 515
1474610 515
1474620 515
1474630 515
1474640 516
1474650 516
1474660 516
1474670 516
1474680 516
1474690 517
1474700 517
1474710 517
1474720 517
1474730 517
1474740 517
1474750 517
1474760 518
1474770 518
1474780 518
1474790 518
1474800 518
1474810 518
1474820 518
1474830 518
1474840 519
1474850 519
1474860 519
1474870 519
1474880 520
1474890 520
1474900 520
1474910 520
1474920 520
1474930 521
1474940 521
1474950 521
1474960 521
1474970 522
1474980 522
1474990 522
1475000 522
1475010 522
1475020 522
1475030 523
1475040 523
1475050 523
1475060 523
1475070 523
1475080 523
1475090 524
1475100 524
1475110 524
1475120 524
1475130 524
1475140 525
1475150 525
1475160 525
1475170 525
1475180 525
1475190 525
1475200 526
1475210 526
1475220 526
1475230 526
1475240 527
1475250 527
1475260 527
1475270 527
1475280 528
1475290 528
1475300 528
1475310 528
1475320 528
1475330 528
1475340 529
1475350 529
1475360 529
1475370 529
1475380 529
1475390 530
1475400 530
1475410 530
1475420 530
1475430 531
1475440 531
1475450 531
1475460 531
1475470 531
1475480 531
1475490 532
1475500 532
1475510 532
1475520 532
1475530 532
1475540 533
1475550 533
1475560 533
1475570 534
1475580 534
1475590 534
1475600 534
1475610 534
1475620 534
1475630 534
1475640 535
1475650 535
1475660 535
1475670 535
1475680 535
1475690 535
1475700 535
1475710 535
1475720 535
1475730 535
1475740 535
1475750 535
1475760 535
1475770 535
1475780 535
1475790 535
1475800 535
1475810 535
1475820 534
1475830 534
1475840 534
1475850 534
1475860 534
1475870 535
1475880 536
1475890 536
1475900 537
1475910 538
1475920 538
1475930 539
1475940 541
1475950 541
1475960 542
1475970 543
1475980 543
1475990 544
1476000 545
1476010 545
1476020 546
1476030 547
1476040 547
1476050 548
1476060 548
1476070 548
1476080 549
1476090 550
1476100 550
1476110 551
1476120 552
1476130 552
1476140 552
1476150 553
1476160 553
1476170 553
1476180 554
1476190 554
1476200 555
1476210 555
1476220 555
1476230 556
1476240 556
1476250 556
1476260 557
1476270 558
1476280 558
1476290 558
1476300 559
1476310 561
1476320 561
1476330 562
1476340 564
1476350 564
1476360 565
1476370 564
1476380 564
1476390 565
1476400 568
1476410 568
1476420 569
1476430 569
1476440 569
1476450 570
1476460 571
1476470 571
1476480 571
1476490 570
1476500 570
1476510 570
1476520 570
1476530 570
1476540 572
1476550 575
1476560 575
1476570 576
1476580 579
1476590 579
1476600 584
1476610 587
1476620 587
1476630 590
1476640 592
1476650 592
1476660 594
1476670 595
1476680 595
1476690 597
1476700 597
1476710 597
1476720 598
1476730 598
1476740 598
1476750 599
1476760 599
1476770 599
1476780 598
1476790 598
1476800 598
1476810 598
1476820 598
1476830 598
1476840 598
1476850 599
1476860 599
1476870 599
1476880 599
1476890 599
1476900 599
1476910 598
1476920 598
1476930 598
1476940 598
1476950 598
1476960 599
1476970 599
1476980 599
1476990 599
1477000 599
1477010 599
1477020 600
1477030 600
1477040 600
1477050 600
1477060 601
1477070 601
1477080 601
1477090 602
1477100 602
1477110 602
1477120 602
1477130 602
1477140 602
1477150 602
1477160 602
1477170 602
1477180 602
1477190 602
1477200 601
1477210 601
1477220 601
1477230 601
1477240 600
1477250 600
1477260 600
1477270 599
1477280 598
1477290 598
1477300 596
1477310 593
1477320 593
1477330 589
1477340 585
1477350 585
1477360 582
1477370 580
1477380 580
1477390 577
1477400 575
1477410 575
1477420 574
1477430 572
1477440 572
1477450 570
1477460 569
1477470 569
1477480 567
1477490 565
1477500 565
1477510 562
1477520 559
1477530 559
1477540 558
1477550 557
1477560 557
1477570 557
1477580 559
1477590 559
1477600 564
1477610 570
1477620 570
1477630 576
1477640 583
1477650 583
1477660 588
1477670 591
1477680 591
1477690 592
1477700 592
1477710 592
1477720 592
1477730 592
1477740 592
1477750 592
1477760 592
1477770 592
1477780 592
1477790 592
1477800 592
1477810 593
1477820 593
1477830 593
1477840 594
1477850 595
1477860 595
1477870 596
1477880 596
1477890 596
1477900 597
1477910 597
1477920 597
1477930 598
1477940 598
1477950 598
1477960 598
1477970 598
1477980 598
1477990 598
1478000 598
1478010 598
1478020 598
1478030 597
1478040 597
1478050 597
1478060 597
1478070 597
1478080 596
1478090 596
1478100 596
1478110 595
1478120 595
1478130 595
1478140 594
1478150 594
1478160 594
1478170 593
1478180 593
1478190 593
1478200 593
1478210 593
1478220 593
1478230 595
1478240 597
1478250 599
1478260 599
1478270 600
1478280 601
1478290 601
1478300 602
1478310 603
1478320 603
1478330 603
1478340 604
1478350 604
1478360 605
1478370 605
1478380 605
1478390 606
1478400 606
1478410 606
1478420 606
1478430 607
1478440 607
1478450 607
1478460 607
1478470 607
1478480 607
1478490 607
1478500 607
1478510 607
1478520 607
1478530 607
1478540 607
1478550 606
1478560 606
1478570 606
1478580 606
1478590 606
1478600 605
1478610 605
1478620 605
1478630 604
1478640 604
1478650 604
1478660 603
1478670 602
1478680 602
1478690 601
1478700 600
1478710 600
1478720 597
1478730 594
1478740 594
1478750 590
1478760 587
1478770 587
1478780 586
1478790 585
1478800 585
1478810 582
1478820 579
1478830 579
1478840 577
1478850 578
1478860 578
1478870 581
1478880 585
1478890 585
1478900 588
1478910 591
1478920 591
1478930 594
1478940 596
1478950 596
1478960 598
1478970 599
1478980 599
1478990 600
1479000 601
1479010 601
1479020 601
1479030 602
1479040 602
1479050 602
1479060 603
1479070 603
1479080 603
1479090 604
1479100 604
1479110 604
1479120 605
1479130 605
1479140 605
1479150 605
1479160 605
1479170 606
1479180 606
1479190 606
1479200 607
1479210 607
1479220 607
1479230 607
1479240 608
1479250 608
1479260 608
1479270 609
1479280 609
1479290 609
1479300 609
1479310 610
1479320 610
1479330 610
1479340 611
1479350 611
1479360 611
1479370 611
1479380 611
1479390 612
1479400 612
1479410 612
1479420 613
1479430 613
1479440 613
1479450 613
1479460 614
1479470 614
1479480 614
1479490 615
1479500 615
1479510 615
1479520 616
1479530 616
1479540 616
1479550 616
1479560 616
1479570 617
1479580 617
1479590 617
1479600 617
1479610 617
1479620 617
1479630 617
1479640 617
1479650 617
1479660 617
1479670 617
1479680 617
1479690 616
1479700 616
1479710 616
1479720 616
1479730 616
1479740 616
1479750 616
1479760 615
1479770 615
1479780 615
1479790 615
1479800 615
1479810 614
1479820 614
1479830 614
1479840 614
1479850 614
1479860 614
1479870 613
1479880 613
1479890 613
1479900 613
1479910 613
1479920 613
1479930 612
1479940 612
1479950 612
1479960 612
1479970 612
1479980 612
1479990 612
