1460000 517
1460010 517
1460020 517
1460030 516
1460040 516
1460050 516
1460060 516
1460070 516
1460080 516
1460090 516
1460100 515
1460110 515
1460120 515
1460130 515
1460140 515
1460150 514
1460160 514
1460170 514
1460180 513
1460190 513
1460200 513
1460210 512
1460220 512
1460230 512
1460240 512
1460250 511
1460260 511
1460270 511
1460280 510
1460290 510
1460300 510
1460310 509
1460320 509
1460330 509
1460340 509
1460350 509
1460360 508
1460370 508
1460380 508
1460390 508
1460400 508
1460410 508
1460420 508
1460430 508
1460440 508
1460450 508
1460460 507
1460470 507
1460480 507
1460490 506
1460500 506
1460510 506
1460520 506
1460530 506
1460540 504
1460550 504
1460560 504
1460570 503
1460580 502
1460590 502
1460600 501
1460610 500
1460620 500
1460630 499
1460640 497
1460650 497
1460660 496
1460670 496
1460680 496
1460690 495
1460700 495
1460710 495
1460720 495
1460730 495
1460740 495
1460750 495
1460760 495
1460770 495
1460780 495
1460790 494
1460800 494
1460810 494
1460820 495
1460830 495
1460840 495
1460850 495
1460860 495
1460870 495
1460880 496
1460890 496
1460900 497
1460910 498
1460920 498
1460930 498
1460940 499
1460950 499
1460960 500
1460970 501
1460980 501
1460990 502
1461000 503
1461010 504
1461020 504
1461030 506
1461040 507
1461050 507
1461060 508
1461070 508
1461080 508
1461090 509
1461100 510
1461110 510
1461120 510
1461130 511
1461140 511
1461150 512
1461160 513
1461170 513
1461180 513
1461190 514
1461200 514
1461210 514
1461220 514
1461230 514
1461240 514
1461250 515
1461260 515
1461270 515
1461280 515
1461290 515
1461300 515
1461310 515
1461320 515
1461330 514
1461340 514
1461350 514
1461360 514
1461370 514
1461380 514
1461390 514
1461400 514
1461410 514
1461420 513
1461430 513
1461440 513
1461450 512
1461460 512
1461470 512
1461480 511
1461490 511
1461500 511
1461510 511
1461520 510
1461530 510
1461540 509
1461550 509
1461560 509
1461570 509
1461580 508
1461590 508
1461600 508
1461610 508
1461620 508
1461630 508
1461640 507
1461650 507
1461660 507
1461670 507
1461680 507
1461690 507
1461700 507
1461710 507
1461720 507
1461730 507
1461740 507
1461750 507
1461760 507
1461770 507
1461780 508
1461790 510
1461800 510
1461810 512
1461820 513
1461830 513
1461840 513
1461850 512
1461860 512
1461870 513
1461880 513
1461890 513
1461900 515
1461910 518
1461920 518
1461930 520
1461940 520
1461950 520
1461960 520
1461970 521
1461980 521
1461990 522
1462000 524
1462010 525
1462020 525
1462030 526
1462040 527
1462050 527
1462060 528
1462070 528
1462080 528
1462090 529
1462100 530
1462110 530
1462120 530
1462130 531
1462140 531
1462150 532
1462160 532
1462170 532
1462180 533
1462190 532
1462200 532
1462210 531
1462220 531
1462230 531
1462240 532
1462250 534
1462260 534
1462270 536
1462280 537
1462290 537
1462300 538
1462310 538
1462320 538
1462330 539
1462340 539
1462350 539
1462360 540
1462370 540
1462380 540
1462390 541
1462400 543
1462410 543
1462420 545
1462430 547
1462440 547
1462450 548
1462460 549
1462470 549
1462480 549
1462490 549
1462500 549
1462510 549
1462520 549
1462530 549
1462540 549
1462550 549
1462560 549
1462570 549
1462580 549
1462590 549
1462600 549
1462610 549
1462620 549
1462630 550
1462640 551
1462650 551
1462660 552
1462670 554
1462680 554
1462690 556
1462700 557
1462710 557
1462720 558
1462730 559
1462740 559
1462750 560
1462760 561
1462770 561
1462780 562
1462790 563
1462800 563
1462810 565
1462820 567
1462830 567
1462840 567
1462850 568
1462860 568
1462870 569
1462880 570
1462890 570
1462900 571
1462910 571
1462920 571
1462930 572
1462940 573
1462950 573
1462960 574
1462970 575
1462980 575
1462990 577
1463000 578
1463010 579
1463020 579
1463030 580
1463040 581
1463050 581
1463060 582
1463070 582
1463080 582
1463090 584
1463100 584
1463110 584
1463120 585
1463130 586
1463140 586
1463150 586
1463160 586
1463170 586
1463180 587
1463190 588
1463200 588
1463210 589
1463220 589
1463230 589
1463240 590
1463250 591
1463260 591
1463270 591
1463280 592
1463290 592
1463300 593
1463310 594
1463320 594
1463330 595
1463340 596
1463350 596
1463360 595
1463370 595
1463380 595
1463390 595
1463400 595
1463410 595
1463420 596
1463430 596
1463440 596
1463450 595
1463460 594
1463470 594
1463480 593
1463490 592
1463500 592
1463510 591
1463520 590
1463530 590
1463540 590
1463550 589
1463560 589
1463570 588
1463580 587
1463590 587
1463600 586
1463610 584
1463620 584
1463630 583
1463640 582
1463650 582
1463660 580
1463670 579
1463680 579
1463690 579
1463700 578
1463710 578
1463720 577
1463730 576
1463740 576
1463750 575
1463760 574
1463770 574
1463780 572
1463790 571
1463800 571
1463810 570
1463820 569
1463830 569
1463840 567
1463850 566
1463860 566
1463870 564
1463880 563
1463890 563
1463900 561
1463910 560
1463920 560
1463930 558
1463940 557
1463950 557
1463960 555
1463970 554
1463980 554
1463990 553
1464000 553
1464010 552
1464020 552
1464030 551
1464040 551
1464050 551
1464060 551
1464070 551
1464080 551
1464090 551
1464100 550
1464110 550
1464120 550
1464130 550
1464140 550
1464150 550
1464160 551
1464170 551
1464180 551
1464190 551
1464200 551
1464210 551
1464220 551
1464230 551
1464240 551
1464250 551
1464260 551
1464270 551
1464280 550
1464290 550
1464300 550
1464310 550
1464320 550
1464330 550
1464340 550
1464350 550
1464360 549
1464370 549
1464380 549
1464390 549
1464400 548
1464410 548
1464420 548
1464430 548
1464440 548
1464450 547
1464460 547
1464470 547
1464480 546
1464490 546
1464500 546
1464510 545
1464520 544
1464530 544
1464540 543
1464550 542
1464560 542
1464570 541
1464580 541
1464590 541
1464600 540
1464610 539
1464620 539
1464630 538
1464640 537
1464650 537
1464660 536
1464670 534
1464680 534
1464690 533
1464700 532
1464710 532
1464720 531
1464730 530
1464740 530
1464750 529
1464760 527
1464770 527
1464780 526
1464790 525
1464800 525
1464810 524
1464820 522
1464830 522
1464840 521
1464850 520
1464860 520
1464870 518
1464880 516
1464890 516
1464900 515
1464910 514
1464920 514
1464930 513
1464940 513
1464950 513
1464960 513
1464970 512
1464980 512
1464990 512
1465000 512
1465010 512
1465020 512
1465030 512
1465040 512
1465050 512
1465060 512
1465070 512
1465080 512
1465090 512
1465100 512
1465110 512
1465120 511
1465130 511
1465140 511
1465150 511
1465160 511
1465170 511
1465180 510
1465190 510
1465200 510
1465210 510
1465220 510
1465230 510
1465240 510
1465250 509
1465260 509
1465270 509
1465280 509
1465290 509
1465300 509
1465310 510
1465320 510
1465330 510
1465340 510
1465350 510
1465360 510
1465370 510
1465380 510
1465390 510
1465400 510
1465410 510
1465420 510
1465430 510
1465440 510
1465450 510
1465460 510
1465470 510
1465480 511
1465490 510
1465500 510
1465510 510
1465520 510
1465530 510
1465540 510
1465550 510
1465560 510
1465570 510
1465580 510
1465590 510
1465600 510
1465610 510
1465620 510
1465630 510
1465640 510
1465650 510
1465660 510
1465670 510
1465680 510
1465690 510
1465700 510
1465710 510
1465720 510
1465730 510
1465740 510
1465750 510
1465760 510
1465770 510
1465780 510
1465790 509
1465800 509
1465810 509
1465820 509
1465830 509
1465840 509
1465850 509
1465860 509
1465870 509
1465880 509
1465890 509
1465900 509
1465910 509
1465920 509
1465930 509
1465940 509
1465950 509
1465960 509
1465970 509
1465980 509
1465990 509
1466000 508
1466010 508
1466020 508
1466030 508
1466040 508
1466050 508
1466060 508
1466070 508
1466080 508
1466090 508
1466100 508
1466110 508
1466120 508
1466130 508
1466140 508
1466150 508
1466160 508
1466170 508
1466180 508
1466190 508
1466200 508
1466210 508
1466220 508
1466230 508
1466240 508
1466250 508
1466260 508
1466270 508
1466280 508
1466290 508
1466300 508
1466310 508
1466320 508
1466330 508
1466340 508
1466350 508
1466360 508
1466370 507
1466380 507
1466390 507
1466400 507
1466410 507
1466420 507
1466430 507
1466440 507
1466450 507
1466460 507
1466470 507
1466480 507
1466490 507
1466500 507
1466510 507
1466520 507
1466530 507
1466540 507
1466550 507
1466560 507
1466570 506
1466580 506
1466590 506
1466600 506
1466610 506
1466620 506
1466630 506
1466640 507
1466650 507
1466660 507
1466670 507
1466680 507
1466690 507
1466700 507
1466710 507
1466720 507
1466730 507
1466740 507
1466750 507
1466760 507
1466770 507
1466780 507
1466790 507
1466800 507
1466810 507
1466820 507
1466830 507
1466840 507
1466850 507
1466860 507
1466870 507
1466880 507
1466890 507
1466900 507
1466910 507
1466920 507
1466930 507
1466940 507
1466950 507
1466960 507
1466970 508
1466980 508
1466990 508
1467000 508
1467010 508
1467020 508
1467030 508
1467040 508
1467050 508
1467060 507
1467070 507
1467080 507
1467090 507
1467100 508
1467110 508
1467120 508
1467130 508
1467140 508
1467150 508
1467160 508
1467170 508
1467180 508
1467190 508
1467200 508
1467210 508
1467220 508
1467230 508
1467240 508
1467250 508
1467260 508
1467270 508
1467280 508
1467290 508
1467300 508
1467310 508
1467320 508
1467330 508
1467340 508
1467350 508
1467360 508
1467370 508
1467380 508
1467390 508
1467400 507
1467410 507
1467420 508
1467430 508
1467440 508
1467450 508
1467460 508
1467470 508
1467480 508
1467490 509
1467500 509
1467510 509
1467520 509
1467530 509
1467540 509
1467550 509
1467560 509
1467570 509
1467580 509
1467590 509
1467600 509
1467610 510
1467620 510
1467630 509
1467640 509
1467650 509
1467660 509
1467670 510
1467680 510
1467690 510
1467700 510
1467710 510
1467720 510
1467730 510
1467740 510
1467750 510
1467760 510
1467770 510
1467780 510
1467790 510
1467800 510
1467810 510
1467820 510
1467830 510
1467840 510
1467850 510
1467860 510
1467870 511
1467880 510
1467890 510
1467900 510
1467910 511
1467920 511
1467930 511
1467940 511
1467950 511
1467960 511
1467970 511
1467980 511
1467990 511
1468000 511
1468010 511
1468020 511
1468030 511
1468040 511
1468050 511
1468060 511
1468070 511
1468080 511
1468090 512
1468100 512
1468110 512
1468120 512
1468130 512
1468140 512
1468150 512
1468160 512
1468170 512
1468180 512
1468190 512
1468200 512
1468210 512
1468220 512
1468230 512
1468240 512
1468250 512
1468260 512
1468270 512
1468280 512
1468290 512
1468300 512
1468310 511
1468320 511
1468330 511
1468340 510
1468350 510
1468360 510
1468370 509
1468380 509
1468390 509
1468400 508
1468410 508
1468420 508
1468430 509
1468440 509
1468450 510
1468460 511
1468470 511
1468480 511
1468490 511
1468500 511
1468510 512
1468520 512
1468530 512
1468540 512
1468550 512
1468560 512
1468570 512
1468580 512
1468590 512
1468600 512
1468610 512
1468620 512
1468630 512
1468640 512
1468650 512
1468660 512
1468670 513
1468680 513
1468690 513
1468700 513
1468710 513
1468720 513
1468730 513
1468740 513
1468750 513
1468760 513
1468770 513
1468780 512
1468790 512
1468800 512
1468810 512
1468820 512
1468830 512
1468840 512
1468850 512
1468860 512
1468870 511
1468880 511
1468890 511
1468900 511
1468910 510
1468920 510
1468930 510
1468940 510
1468950 510
1468960 509
1468970 509
1468980 509
1468990 509
1469000 509
1469010 509
1469020 510
1469030 510
1469040 510
1469050 511
1469060 511
1469070 512
1469080 512
1469090 512
1469100 512
1469110 512
1469120 513
1469130 513
1469140 513
1469150 513
1469160 513
1469170 513
1469180 513
1469190 514
1469200 514
1469210 514
1469220 514
1469230 514
1469240 514
1469250 514
1469260 514
1469270 514
1469280 514
1469290 514
1469300 514
1469310 515
1469320 515
1469330 515
1469340 515
1469350 515
1469360 515
1469370 515
1469380 515
1469390 515
1469400 515
1469410 515
1469420 515
1469430 515
1469440 515
1469450 515
1469460 515
1469470 515
1469480 515
1469490 515
1469500 515
1469510 515
1469520 515
1469530 515
1469540 514
1469550 514
1469560 514
1469570 514
1469580 514
1469590 514
1469600 513
1469610 513
1469620 513
1469630 512
1469640 512
1469650 512
1469660 511
1469670 511
1469680 511
1469690 510
1469700 510
1469710 510
1469720 509
1469730 509
1469740 509
1469750 508
1469760 507
1469770 507
1469780 506
1469790 505
1469800 505
1469810 503
1469820 501
1469830 501
1469840 501
1469850 501
1469860 501
1469870 501
1469880 501
1469890 501
1469900 501
1469910 501
1469920 501
1469930 501
1469940 501
1469950 501
1469960 501
1469970 501
1469980 501
1469990 501
1470000 501
1470010 501
1470020 502
1470030 502
1470040 502
1470050 502
1470060 502
1470070 502
1470080 502
1470090 502
1470100 502
1470110 502
1470120 501
1470130 501
1470140 501
1470150 501
1470160 501
1470170 501
1470180 501
1470190 501
1470200 501
1470210 501
1470220 501
1470230 501
1470240 501
1470250 501
1470260 501
1470270 501
1470280 501
1470290 501
1470300 501
1470310 501
1470320 501
1470330 501
1470340 500
1470350 500
1470360 500
1470370 500
1470380 500
1470390 500
1470400 500
1470410 500
1470420 500
1470430 501
1470440 501
1470450 501
1470460 501
1470470 501
1470480 500
1470490 500
1470500 500
1470510 500
1470520 500
1470530 500
1470540 500
1470550 500
1470560 500
1470570 500
1470580 500
1470590 500
1470600 500
1470610 500
1470620 500
1470630 500
1470640 500
1470650 500
1470660 500
1470670 500
1470680 500
1470690 500
1470700 500
1470710 500
1470720 500
1470730 500
1470740 500
1470750 500
1470760 500
1470770 500
1470780 500
1470790 500
1470800 500
1470810 500
1470820 499
1470830 499
1470840 499
1470850 500
1470860 500
1470870 499
1470880 499
1470890 499
1470900 499
1470910 500
1470920 500
1470930 500
1470940 500
1470950 500
1470960 500
1470970 500
1470980 500
1470990 500
1471000 500
1471010 500
1471020 500
1471030 500
1471040 500
1471050 500
1471060 501
1471070 501
1471080 501
1471090 501
1471100 501
1471110 501
1471120 501
1471130 500
1471140 500
1471150 500
1471160 500
1471170 500
1471180 500
1471190 500
1471200 500
1471210 500
1471220 500
1471230 500
1471240 500
1471250 501
1471260 501
1471270 501
1471280 501
1471290 501
1471300 501
1471310 501
1471320 501
1471330 502
1471340 502
1471350 502
1471360 502
1471370 502
1471380 502
1471390 502
1471400 503
1471410 503
1471420 502
1471430 501
1471440 501
1471450 499
1471460 498
1471470 498
1471480 497
1471490 495
1471500 495
1471510 496
1471520 497
1471530 497
1471540 497
1471550 498
1471560 498
1471570 500
1471580 501
1471590 501
1471600 503
1471610 505
1471620 505
1471630 507
1471640 508
1471650 508
1471660 509
1471670 510
1471680 510
1471690 510
1471700 510
1471710 510
1471720 510
1471730 510
1471740 510
1471750 511
1471760 511
1471770 511
1471780 511
1471790 511
1471800 511
1471810 512
1471820 512
1471830 512
1471840 512
1471850 512
1471860 512
1471870 513
1471880 513
1471890 513
1471900 513
1471910 513
1471920 513
1471930 513
1471940 514
1471950 514
1471960 514
1471970 514
1471980 514
1471990 514
1472000 514
1472010 514
1472020 514
1472030 514
1472040 514
1472050 514
1472060 514
1472070 514
1472080 514
1472090 515
1472100 515
1472110 515
1472120 515
1472130 515
1472140 515
1472150 515
1472160 515
1472170 515
1472180 515
1472190 515
1472200 515
1472210 515
1472220 515
1472230 515
1472240 515
1472250 515
1472260 515
1472270 515
1472280 515
1472290 515
1472300 515
1472310 515
1472320 515
1472330 515
1472340 515
1472350 515
1472360 515
1472370 515
1472380 515
1472390 515
1472400 514
1472410 514
1472420 514
1472430 514
1472440 514
1472450 514
1472460 514
1472470 514
1472480 514
1472490 513
1472500 513
1472510 513
1472520 512
1472530 512
1472540 512
1472550 512
1472560 512
1472570 512
1472580 512
1472590 512
1472600 512
1472610 512
1472620 512
1472630 512
1472640 512
1472650 512
1472660 512
1472670 513
1472680 513
1472690 513
1472700 514
1472710 514
1472720 514
1472730 515
1472740 515
1472750 515
1472760 515
1472770 515
1472780 516
1472790 516
1472800 516
1472810 516
1472820 517
1472830 517
1472840 517
1472850 517
1472860 517
1472870 517
1472880 517
1472890 517
1472900 518
1472910 518
1472920 518
1472930 518
1472940 518
1472950 518
1472960 518
1472970 518
1472980 518
1472990 518
1473000 519
1473010 519
1473020 519
1473030 519
1473040 519
1473050 519
1473060 519
1473070 519
1473080 519
1473090 519
1473100 519
1473110 519
1473120 519
1473130 519
1473140 519
1473150 519
1473160 519
1473170 519
1473180 519
1473190 519
1473200 519
1473210 519
1473220 519
1473230 519
1473240 519
1473250 519
1473260 519
1473270 519
1473280 518
1473290 518
1473300 518
1473310 518
1473320 518
1473330 516
1473340 515
1473350 515
1473360 516
1473370 517
1473380 517
1473390 518
1473400 518
1473410 518
1473420 518
1473430 518
1473440 518
1473450 518
1473460 518
1473470 518
1473480 519
1473490 518
1473500 518
1473510 518
1473520 518
1473530 518
1473540 517
1473550 517
1473560 517
1473570 516
1473580 516
1473590 516
1473600 514
1473610 513
1473620 513
1473630 510
1473640 508
1473650 508
1473660 508
1473670 507
1473680 507
1473690 507
1473700 507
1473710 507
1473720 507
1473730 507
1473740 507
1473750 507
1473760 507
1473770 507
1473780 507
1473790 507
1473800 507
1473810 507
1473820 507
1473830 507
1473840 506
1473850 506
1473860 506
1473870 507
1473880 507
1473890 507
1473900 508
1473910 508
1473920 508
1473930 507
1473940 507
1473950 507
1473960 507
1473970 508
1473980 508
1473990 508
1474000 508
1474010 508
1474020 508
1474030 508
1474040 508
1474050 508
1474060 508
1474070 508
1474080 508
1474090 508
1474100 508
1474110 507
1474120 507
1474130 507
1474140 507
1474150 508
1474160 508
1474170 508
1474180 509
1474190 509
1474200 509
1474210 509
1474220 509
1474230 509
1474240 509
1474250 509
1474260 509
1474270 509
1474280 510
1474290 510
1474300 510
1474310 510
1474320 510
1474330 510
1474340 510
1474350 510
1474360 510
1474370 510
1474380 510
1474390 510
1474400 510
1474410 510
1474420 510
1474430 510
1474440 510
1474450 510
1474460 510
1474470 510
1474480 510
1474490 510
1474500 510
1474510 510
1474520 510
1474530 510
1474540 511
1474550 511
1474560 511
1474570 511
1474580 512
1474590 512
1474600 512
1474610 512
1474620 512
1474630 512
1474640 512
1474650 512
1474660 511
1474670 511
1474680 511
1474690 511
1474700 511
1474710 511
1474720 512
1474730 512
1474740 512
1474750 512
1474760 512
1474770 512
1474780 512
1474790 512
1474800 512
1474810 512
1474820 512
1474830 512
1474840 512
1474850 512
1474860 512
1474870 512
1474880 513
1474890 513
1474900 512
1474910 512
1474920 512
1474930 512
1474940 511
1474950 511
1474960 510
1474970 511
1474980 511
1474990 511
1475000 512
1475010 512
1475020 513
1475030 514
1475040 514
1475050 514
1475060 513
1475070 513
1475080 514
1475090 513
1475100 513
1475110 514
1475120 514
1475130 514
1475140 514
1475150 514
1475160 514
1475170 514
1475180 514
1475190 514
1475200 514
1475210 514
1475220 514
1475230 514
1475240 513
1475250 513
1475260 513
1475270 513
1475280 513
1475290 513
1475300 514
1475310 514
1475320 514
1475330 514
1475340 514
1475350 514
1475360 515
1475370 514
1475380 514
1475390 514
1475400 514
1475410 514
1475420 514
1475430 514
1475440 514
1475450 514
1475460 514
1475470 514
1475480 514
1475490 515
1475500 515
1475510 515
1475520 515
1475530 515
1475540 515
1475550 515
1475560 515
1475570 515
1475580 515
1475590 515
1475600 515
1475610 515
1475620 515
1475630 515
1475640 515
1475650 515
1475660 515
1475670 515
1475680 515
1475690 515
1475700 516
1475710 516
1475720 516
1475730 515
1475740 515
1475750 515
1475760 515
1475770 515
1475780 515
1475790 515
1475800 515
1475810 515
1475820 516
1475830 516
1475840 516
1475850 516
1475860 516
1475870 516
1475880 516
1475890 516
1475900 516
1475910 516
1475920 516
1475930 517
1475940 517
1475950 517
1475960 516
1475970 516
1475980 516
1475990 516
1476000 516
1476010 516
1476020 517
1476030 517
1476040 517
1476050 517
1476060 517
1476070 517
1476080 517
1476090 517
1476100 517
1476110 517
1476120 517
1476130 517
1476140 517
1476150 517
1476160 517
1476170 517
1476180 517
1476190 517
1476200 517
1476210 517
1476220 518
1476230 518
1476240 518
1476250 518
1476260 518
1476270 518
1476280 518
1476290 518
1476300 518
1476310 518
1476320 518
1476330 518
1476340 518
1476350 518
1476360 518
1476370 518
1476380 518
1476390 518
1476400 518
1476410 518
1476420 518
1476430 519
1476440 519
1476450 519
1476460 519
1476470 519
1476480 519
1476490 519
1476500 519
1476510 519
1476520 519
1476530 519
1476540 519
1476550 520
1476560 520
1476570 520
1476580 520
1476590 520
1476600 520
1476610 520
1476620 520
1476630 520
1476640 520
1476650 520
1476660 520
1476670 520
1476680 520
1476690 520
1476700 520
1476710 520
1476720 520
1476730 520
1476740 520
1476750 520
1476760 520
1476770 520
1476780 520
1476790 520
1476800 520
1476810 520
1476820 520
1476830 520
1476840 520
1476850 520
1476860 520
1476870 520
1476880 520
1476890 520
1476900 521
1476910 521
1476920 521
1476930 522
1476940 524
1476950 524
1476960 524
1476970 525
1476980 525
1476990 525
1477000 526
1477010 526
1477020 526
1477030 527
1477040 527
1477050 528
1477060 529
1477070 529
1477080 530
1477090 532
1477100 532
1477110 534
1477120 535
1477130 535
1477140 536
1477150 537
1477160 539
1477170 539
1477180 539
1477190 539
1477200 539
1477210 539
1477220 539
1477230 539
1477240 540
1477250 540
1477260 540
1477270 540
1477280 540
1477290 540
1477300 540
1477310 541
1477320 541
1477330 543
1477340 544
1477350 544
1477360 545
1477370 545
1477380 545
1477390 546
1477400 546
1477410 546
1477420 546
1477430 547
1477440 547
1477450 547
1477460 548
1477470 548
1477480 548
1477490 548
1477500 548
1477510 548
1477520 549
1477530 549
1477540 549
1477550 549
1477560 549
1477570 549
1477580 550
1477590 550
1477600 550
1477610 551
1477620 551
1477630 551
1477640 551
1477650 551
1477660 551
1477670 551
1477680 551
1477690 551
1477700 551
1477710 551
1477720 551
1477730 551
1477740 551
1477750 550
1477760 550
1477770 550
1477780 550
1477790 550
1477800 550
1477810 549
1477820 548
1477830 548
1477840 546
1477850 543
1477860 543
1477870 541
1477880 539
1477890 539
1477900 537
1477910 535
1477920 535
1477930 534
1477940 534
1477950 534
1477960 535
1477970 539
1477980 539
1477990 543
1478000 548
1478010 548
1478020 552
1478030 557
1478040 557
1478050 563
1478060 569
1478070 569
1478080 575
1478090 581
1478100 581
1478110 585
1478120 588
1478130 588
1478140 590
1478150 591
1478160 591
1478170 591
1478180 592
1478190 592
1478200 592
1478210 593
1478220 593
1478230 593
1478240 594
1478250 594
1478260 594
1478270 594
1478280 594
1478290 594
1478300 594
1478310 595
1478320 595
1478330 595
1478340 595
1478350 595
1478360 595
1478370 595
1478380 595
1478390 595
1478400 595
1478410 595
1478420 594
1478430 594
1478440 594
1478450 594
1478460 594
1478470 594
1478480 593
1478490 593
1478500 593
1478510 593
1478520 593
1478530 593
1478540 592
1478550 592
1478560 592
1478570 591
1478580 590
1478590 590
1478600 587
1478610 583
1478620 583
1478630 579
1478640 576
1478650 576
1478660 574
1478670 571
1478680 571
1478690 569
1478700 567
1478710 567
1478720 564
1478730 561
1478740 561
1478750 557
1478760 553
1478770 553
1478780 550
1478790 550
1478800 550
1478810 551
1478820 553
1478830 553
1478840 558
1478850 563
1478860 563
1478870 568
1478880 572
1478890 572
1478900 575
1478910 578
1478920 578
1478930 581
1478940 584
1478950 584
1478960 586
1478970 588
1478980 588
1478990 590
1479000 592
1479010 592
1479020 593
1479030 594
1479040 594
1479050 594
1479060 594
1479070 594
1479080 594
1479090 593
1479100 593
1479110 593
1479120 592
1479130 592
1479140 591
1479150 590
1479160 590
1479170 590
1479180 589
1479190 588
1479200 588
1479210 588
1479220 588
1479230 588
1479240 589
1479250 589
1479260 589
1479270 590
1479280 591
1479290 591
1479300 591
1479310 592
1479320 592
1479330 593
1479340 593
1479350 593
1479360 595
1479370 596
1479380 596
1479390 597
1479400 598
1479410 598
1479420 599
1479430 600
1479440 600
1479450 601
1479460 602
1479470 602
1479480 602
1479490 603
1479500 603
1479510 603
1479520 604
1479530 604
1479540 604
1479550 605
1479560 605
1479570 605
1479580 605
1479590 605
1479600 605
1479610 605
1479620 605
1479630 606
1479640 606
1479650 606
1479660 606
1479670 606
1479680 606
1479690 606
1479700 606
1479710 606
1479720 606
1479730 606
1479740 606
1479750 607
1479760 608
1479770 608
1479780 608
1479790 608
1479800 608
1479810 607
1479820 607
1479830 607
1479840 607
1479850 608
1479860 608
1479870 608
1479880 608
1479890 608
1479900 609
1479910 609
1479920 609
1479930 609
1479940 609
1479950 609
1479960 610
1479970 610
1479980 610
1479990 610
