1460000 529
1460010 529
1460020 529
1460030 529
1460040 529
1460050 529
1460060 529
1460070 529
1460080 528
1460090 528
1460100 528
1460110 528
1460120 528
1460130 529
1460140 529
1460150 529
1460160 528
1460170 529
1460180 529
1460190 530
1460200 530
1460210 530
1460220 530
1460230 530
1460240 530
1460250 530
1460260 529
1460270 529
1460280 529
1460290 529
1460300 529
1460310 529
1460320 529
1460330 529
1460340 528
1460350 528
1460360 528
1460370 527
1460380 527
1460390 527
1460400 526
1460410 526
1460420 526
1460430 526
1460440 525
1460450 525
1460460 524
1460470 524
1460480 524
1460490 524
1460500 525
1460510 525
1460520 527
1460530 528
1460540 528
1460550 529
1460560 529
1460570 529
1460580 529
1460590 529
1460600 529
1460610 527
1460620 526
1460630 526
1460640 525
1460650 525
1460660 525
1460670 525
1460680 525
1460690 525
1460700 525
1460710 525
1460720 525
1460730 524
1460740 523
1460750 523
1460760 522
1460770 522
1460780 522
1460790 521
1460800 521
1460810 521
1460820 520
1460830 520
1460840 520
1460850 520
1460860 520
1460870 520
1460880 520
1460890 520
1460900 520
1460910 519
1460920 519
1460930 519
1460940 520
1460950 520
1460960 520
1460970 520
1460980 520
1460990 520
1461000 520
1461010 520
1461020 520
1461030 520
1461040 520
1461050 520
1461060 520
1461070 521
1461080 520
1461090 520
1461100 520
1461110 520
1461120 520
1461130 520
1461140 520
1461150 520
1461160 520
1461170 520
1461180 520
1461190 520
1461200 519
1461210 519
1461220 519
1461230 519
1461240 519
1461250 519
1461260 519
1461270 519
1461280 519
1461290 519
1461300 519
1461310 518
1461320 518
1461330 518
1461340 518
1461350 518
1461360 518
1461370 518
1461380 518
1461390 518
1461400 518
1461410 518
1461420 518
1461430 518
1461440 518
1461450 518
1461460 518
1461470 518
1461480 518
1461490 518
1461500 518
1461510 518
1461520 517
1461530 517
1461540 517
1461550 517
1461560 516
1461570 516
1461580 516
1461590 516
1461600 516
1461610 516
1461620 516
1461630 516
1461640 516
1461650 516
1461660 516
1461670 516
1461680 516
1461690 516
1461700 516
1461710 515
1461720 515
1461730 515
1461740 515
1461750 515
1461760 515
1461770 515
1461780 515
1461790 515
1461800 514
1461810 514
1461820 514
1461830 514
1461840 514
1461850 514
1461860 514
1461870 514
1461880 514
1461890 513
1461900 513
1461910 512
1461920 510
1461930 510
1461940 506
1461950 503
1461960 503
1461970 501
1461980 500
1461990 500
1462000 498
1462010 495
1462020 495
1462030 491
1462040 489
1462050 488
1462060 488
1462070 488
1462080 488
1462090 488
1462100 488
1462110 488
1462120 488
1462130 488
1462140 488
1462150 488
1462160 489
1462170 493
1462180 493
1462190 497
1462200 499
1462210 499
1462220 501
1462230 501
1462240 501
1462250 502
1462260 502
1462270 502
1462280 503
1462290 505
1462300 505
1462310 506
1462320 507
1462330 507
1462340 507
1462350 507
1462360 507
1462370 506
1462380 505
1462390 505
1462400 505
1462410 505
1462420 505
1462430 505
1462440 505
1462450 505
1462460 506
1462470 507
1462480 507
1462490 508
1462500 508
1462510 508
1462520 509
1462530 511
1462540 511
1462550 512
1462560 513
1462570 513
1462580 513
1462590 512
1462600 512
1462610 512
1462620 512
1462630 512
1462640 512
1462650 512
1462660 512
1462670 512
1462680 511
1462690 511
1462700 511
1462710 511
1462720 511
1462730 511
1462740 512
1462750 512
1462760 512
1462770 513
1462780 513
1462790 514
1462800 515
1462810 515
1462820 515
1462830 516
1462840 516
1462850 517
1462860 517
1462870 517
1462880 518
1462890 518
1462900 518
1462910 518
1462920 518
1462930 518
1462940 518
1462950 518
1462960 518
1462970 518
1462980 518
1462990 518
1463000 519
1463010 519
1463020 519
1463030 520
1463040 521
1463050 521
1463060 521
1463070 522
1463080 522
1463090 522
1463100 523
1463110 524
1463120 524
1463130 524
1463140 525
1463150 525
1463160 526
1463170 526
1463180 526
1463190 526
1463200 527
1463210 527
1463220 527
1463230 528
1463240 528
1463250 528
1463260 528
1463270 528
1463280 528
1463290 528
1463300 528
1463310 529
1463320 530
1463330 530
1463340 531
1463350 531
1463360 531
1463370 530
1463380 529
1463390 529
1463400 529
1463410 529
1463420 529
1463430 530
1463440 530
1463450 530
1463460 531
1463470 532
1463480 532
1463490 533
1463500 535
1463510 535
1463520 536
1463530 537
1463540 537
1463550 538
1463560 539
1463570 539
1463580 540
1463590 540
1463600 540
1463610 541
1463620 541
1463630 541
1463640 541
1463650 540
1463660 540
1463670 540
1463680 540
1463690 540
1463700 540
1463710 540
1463720 540
1463730 541
1463740 542
1463750 542
1463760 544
1463770 544
1463780 544
1463790 543
1463800 541
1463810 541
1463820 538
1463830 535
1463840 535
1463850 533
1463860 531
1463870 531
1463880 529
1463890 528
1463900 528
1463910 527
1463920 526
1463930 526
1463940 525
1463950 524
1463960 524
1463970 524
1463980 523
1463990 523
1464000 522
1464010 522
1464020 522
1464030 521
1464040 521
1464050 521
1464060 520
1464070 520
1464080 520
1464090 520
1464100 519
1464110 519
1464120 519
1464130 519
1464140 518
1464150 518
1464160 518
1464170 518
1464180 518
1464190 517
1464200 517
1464210 517
1464220 516
1464230 516
1464240 516
1464250 516
1464260 515
1464270 515
1464280 515
1464290 515
1464300 515
1464310 514
1464320 514
1464330 514
1464340 513
1464350 513
1464360 513
1464370 512
1464380 512
1464390 512
1464400 512
1464410 511
1464420 511
1464430 511
1464440 511
1464450 511
1464460 511
1464470 511
1464480 511
1464490 510
1464500 510
1464510 510
1464520 510
1464530 509
1464540 509
1464550 509
1464560 509
1464570 509
1464580 509
1464590 508
1464600 508
1464610 508
1464620 508
1464630 508
1464640 508
1464650 508
1464660 508
1464670 507
1464680 507
1464690 507
1464700 507
1464710 506
1464720 506
1464730 506
1464740 506
1464750 506
1464760 506
1464770 505
1464780 505
1464790 505
1464800 504
1464810 504
1464820 504
1464830 504
1464840 504
1464850 504
1464860 504
1464870 504
1464880 503
1464890 503
1464900 503
1464910 503
1464920 503
1464930 503
1464940 502
1464950 502
1464960 502
1464970 502
1464980 502
1464990 502
1465000 501
1465010 501
1465020 501
1465030 501
1465040 501
1465050 501
1465060 501
1465070 500
1465080 500
1465090 500
1465100 500
1465110 500
1465120 500
1465130 500
1465140 500
1465150 500
1465160 500
1465170 500
1465180 500
1465190 500
1465200 500
1465210 500
1465220 500
1465230 500
1465240 500
1465250 499
1465260 499
1465270 499
1465280 499
1465290 499
1465300 499
1465310 499
1465320 499
1465330 499
1465340 499
1465350 499
1465360 499
1465370 499
1465380 499
1465390 499
1465400 499
1465410 499
1465420 499
1465430 499
1465440 499
1465450 499
1465460 499
1465470 499
1465480 499
1465490 499
1465500 499
1465510 499
1465520 499
1465530 499
1465540 499
1465550 499
1465560 499
1465570 499
1465580 499
1465590 499
1465600 499
1465610 499
1465620 499
1465630 499
1465640 499
1465650 499
1465660 499
1465670 499
1465680 499
1465690 499
1465700 499
1465710 499
1465720 499
1465730 498
1465740 498
1465750 498
1465760 498
1465770 498
1465780 498
1465790 498
1465800 498
1465810 498
1465820 498
1465830 498
1465840 498
1465850 498
1465860 498
1465870 498
1465880 498
1465890 498
1465900 498
1465910 498
1465920 498
1465930 498
1465940 498
1465950 498
1465960 498
1465970 498
1465980 498
1465990 498
1466000 498
1466010 497
1466020 497
1466030 497
1466040 497
1466050 497
1466060 497
1466070 497
1466080 497
1466090 497
1466100 497
1466110 497
1466120 497
1466130 497
1466140 497
1466150 497
1466160 497
1466170 497
1466180 497
1466190 497
1466200 497
1466210 497
1466220 497
1466230 497
1466240 497
1466250 497
1466260 497
1466270 497
1466280 497
1466290 497
1466300 497
1466310 497
1466320 497
1466330 497
1466340 497
1466350 497
1466360 497
1466370 497
1466380 497
1466390 497
1466400 497
1466410 497
1466420 497
1466430 497
1466440 497
1466450 497
1466460 497
1466470 497
1466480 497
1466490 497
1466500 497
1466510 497
1466520 497
1466530 497
1466540 497
1466550 497
1466560 497
1466570 497
1466580 497
1466590 497
1466600 497
1466610 497
1466620 497
1466630 497
1466640 497
1466650 497
1466660 497
1466670 497
1466680 497
1466690 497
1466700 497
1466710 497
1466720 497
1466730 497
1466740 497
1466750 497
1466760 497
1466770 497
1466780 497
1466790 497
1466800 496
1466810 496
1466820 496
1466830 497
1466840 497
1466850 497
1466860 497
1466870 497
1466880 497
1466890 497
1466900 497
1466910 497
1466920 497
1466930 497
1466940 497
1466950 497
1466960 497
1466970 497
1466980 497
1466990 497
1467000 497
1467010 497
1467020 497
1467030 497
1467040 497
1467050 497
1467060 497
1467070 497
1467080 497
1467090 497
1467100 497
1467110 497
1467120 497
1467130 497
1467140 497
1467150 497
1467160 497
1467170 497
1467180 496
1467190 496
1467200 496
1467210 496
1467220 496
1467230 496
1467240 496
1467250 496
1467260 496
1467270 496
1467280 496
1467290 496
1467300 496
1467310 496
1467320 496
1467330 496
1467340 496
1467350 496
1467360 496
1467370 496
1467380 497
1467390 497
1467400 497
1467410 497
1467420 497
1467430 497
1467440 497
1467450 497
1467460 497
1467470 497
1467480 497
1467490 498
1467500 498
1467510 498
1467520 499
1467530 499
1467540 499
1467550 500
1467560 500
1467570 500
1467580 501
1467590 501
1467600 501
1467610 502
1467620 502
1467630 502
1467640 502
1467650 502
1467660 502
1467670 502
1467680 503
1467690 503
1467700 503
1467710 503
1467720 503
1467730 503
1467740 503
1467750 503
1467760 503
1467770 503
1467780 503
1467790 503
1467800 503
1467810 503
1467820 503
1467830 503
1467840 503
1467850 504
1467860 504
1467870 504
1467880 504
1467890 504
1467900 504
1467910 504
1467920 504
1467930 504
1467940 504
1467950 504
1467960 504
1467970 504
1467980 504
1467990 504
1468000 504
1468010 504
1468020 504
1468030 504
1468040 504
1468050 504
1468060 504
1468070 504
1468080 504
1468090 504
1468100 504
1468110 504
1468120 504
1468130 504
1468140 504
1468150 504
1468160 504
1468170 504
1468180 504
1468190 505
1468200 505
1468210 505
1468220 505
1468230 505
1468240 505
1468250 505
1468260 505
1468270 505
1468280 505
1468290 505
1468300 505
1468310 505
1468320 505
1468330 505
1468340 505
1468350 505
1468360 505
1468370 505
1468380 505
1468390 505
1468400 505
1468410 505
1468420 505
1468430 505
1468440 505
1468450 505
1468460 505
1468470 505
1468480 505
1468490 505
1468500 505
1468510 505
1468520 505
1468530 505
1468540 505
1468550 505
1468560 505
1468570 505
1468580 504
1468590 504
1468600 504
1468610 504
1468620 504
1468630 504
1468640 504
1468650 504
1468660 504
1468670 504
1468680 504
1468690 504
1468700 504
1468710 504
1468720 504
1468730 504
1468740 504
1468750 504
1468760 504
1468770 504
1468780 504
1468790 504
1468800 504
1468810 504
1468820 504
1468830 504
1468840 504
1468850 504
1468860 504
1468870 504
1468880 504
1468890 504
1468900 504
1468910 504
1468920 504
1468930 504
1468940 504
1468950 504
1468960 504
1468970 504
1468980 503
1468990 503
1469000 503
1469010 503
1469020 503
1469030 503
1469040 503
1469050 503
1469060 503
1469070 503
1469080 503
1469090 503
1469100 503
1469110 503
1469120 502
1469130 502
1469140 502
1469150 502
1469160 502
1469170 502
1469180 501
1469190 500
1469200 500
1469210 498
1469220 494
1469230 494
1469240 492
1469250 491
1469260 491
1469270 491
1469280 491
1469290 491
1469300 491
1469310 491
1469320 491
1469330 491
1469340 491
1469350 491
1469360 492
1469370 492
1469380 492
1469390 492
1469400 492
1469410 492
1469420 492
1469430 492
1469440 492
1469450 492
1469460 491
1469470 491
1469480 491
1469490 491
1469500 491
1469510 491
1469520 491
1469530 491
1469540 491
1469550 491
1469560 491
1469570 491
1469580 491
1469590 492
1469600 492
1469610 492
1469620 492
1469630 492
1469640 492
1469650 492
1469660 492
1469670 492
1469680 492
1469690 492
1469700 492
1469710 492
1469720 492
1469730 492
1469740 492
1469750 492
1469760 492
1469770 492
1469780 492
1469790 492
1469800 492
1469810 492
1469820 493
1469830 493
1469840 493
1469850 493
1469860 493
1469870 493
1469880 493
1469890 493
1469900 493
1469910 492
1469920 493
1469930 493
1469940 492
1469950 493
1469960 493
1469970 493
1469980 492
1469990 492
1470000 492
1470010 492
1470020 492
1470030 492
1470040 492
1470050 492
1470060 492
1470070 492
1470080 492
1470090 492
1470100 492
1470110 492
1470120 492
1470130 492
1470140 492
1470150 493
1470160 493
1470170 493
1470180 493
1470190 493
1470200 493
1470210 493
1470220 493
1470230 493
1470240 493
1470250 493
1470260 493
1470270 493
1470280 493
1470290 493
1470300 493
1470310 493
1470320 493
1470330 493
1470340 493
1470350 493
1470360 493
1470370 493
1470380 493
1470390 493
1470400 493
1470410 493
1470420 494
1470430 493
1470440 493
1470450 493
1470460 493
1470470 494
1470480 494
1470490 494
1470500 495
1470510 495
1470520 496
1470530 496
1470540 496
1470550 497
1470560 497
1470570 497
1470580 496
1470590 496
1470600 496
1470610 496
1470620 496
1470630 496
1470640 496
1470650 496
1470660 496
1470670 496
1470680 496
1470690 496
1470700 496
1470710 496
1470720 496
1470730 496
1470740 496
1470750 496
1470760 496
1470770 496
1470780 496
1470790 496
1470800 496
1470810 496
1470820 496
1470830 496
1470840 496
1470850 496
1470860 497
1470870 497
1470880 497
1470890 497
1470900 497
1470910 497
1470920 497
1470930 497
1470940 497
1470950 497
1470960 497
1470970 497
1470980 497
1470990 497
1471000 497
1471010 498
1471020 498
1471030 498
1471040 498
1471050 498
1471060 499
1471070 499
1471080 499
1471090 499
1471100 499
1471110 499
1471120 499
1471130 500
1471140 500
1471150 500
1471160 501
1471170 501
1471180 502
1471190 503
1471200 503
1471210 503
1471220 503
1471230 503
1471240 504
1471250 504
1471260 504
1471270 504
1471280 504
1471290 504
1471300 504
1471310 504
1471320 504
1471330 504
1471340 504
1471350 504
1471360 504
1471370 503
1471380 503
1471390 500
1471400 498
1471410 498
1471420 496
1471430 495
1471440 495
1471450 495
1471460 495
1471470 495
1471480 495
1471490 495
1471500 495
1471510 495
1471520 494
1471530 495
1471540 495
1471550 496
1471560 496
1471570 496
1471580 496
1471590 496
1471600 496
1471610 496
1471620 496
1471630 496
1471640 496
1471650 496
1471660 496
1471670 496
1471680 496
1471690 496
1471700 496
1471710 496
1471720 496
1471730 496
1471740 496
1471750 496
1471760 497
1471770 497
1471780 497
1471790 497
1471800 497
1471810 497
1471820 497
1471830 497
1471840 497
1471850 497
1471860 497
1471870 497
1471880 497
1471890 497
1471900 497
1471910 497
1471920 497
1471930 497
1471940 497
1471950 497
1471960 497
1471970 497
1471980 497
1471990 497
1472000 497
1472010 497
1472020 497
1472030 498
1472040 498
1472050 498
1472060 498
1472070 498
1472080 498
1472090 498
1472100 498
1472110 498
1472120 498
1472130 498
1472140 498
1472150 498
1472160 498
1472170 498
1472180 498
1472190 498
1472200 498
1472210 498
1472220 498
1472230 498
1472240 498
1472250 498
1472260 498
1472270 499
1472280 499
1472290 499
1472300 499
1472310 500
1472320 500
1472330 501
1472340 502
1472350 502
1472360 503
1472370 504
1472380 504
1472390 506
1472400 507
1472410 507
1472420 508
1472430 509
1472440 509
1472450 510
1472460 512
1472470 512
1472480 513
1472490 514
1472500 514
1472510 515
1472520 515
1472530 515
1472540 516
1472550 517
1472560 517
1472570 517
1472580 518
1472590 518
1472600 518
1472610 518
1472620 518
1472630 518
1472640 518
1472650 520
1472660 520
1472670 520
1472680 521
1472690 521
1472700 521
1472710 521
1472720 521
1472730 522
1472740 522
1472750 522
1472760 522
1472770 523
1472780 523
1472790 523
1472800 524
1472810 524
1472820 524
1472830 524
1472840 524
1472850 522
1472860 520
1472870 520
1472880 517
1472890 514
1472900 514
1472910 513
1472920 512
1472930 512
1472940 512
1472950 512
1472960 512
1472970 511
1472980 511
1472990 511
1473000 510
1473010 511
1473020 511
1473030 511
1473040 511
1473050 511
1473060 511
1473070 512
1473080 512
1473090 512
1473100 512
1473110 512
1473120 513
1473130 513
1473140 513
1473150 512
1473160 512
1473170 512
1473180 513
1473190 513
1473200 513
1473210 514
1473220 515
1473230 515
1473240 516
1473250 518
1473260 518
1473270 519
1473280 520
1473290 520
1473300 522
1473310 525
1473320 525
1473330 529
1473340 533
1473350 533
1473360 536
1473370 539
1473380 539
1473390 541
1473400 543
1473410 543
1473420 545
1473430 547
1473440 547
1473450 549
1473460 551
1473470 551
1473480 553
1473490 555
1473500 555
1473510 557
1473520 559
1473530 559
1473540 561
1473550 563
1473560 563
1473570 565
1473580 567
1473590 567
1473600 568
1473610 569
1473620 569
1473630 570
1473640 572
1473650 573
1473660 573
1473670 574
1473680 574
1473690 574
1473700 573
1473710 573
1473720 573
1473730 573
1473740 574
1473750 574
1473760 576
1473770 577
1473780 577
1473790 578
1473800 578
1473810 578
1473820 579
1473830 579
1473840 579
1473850 579
1473860 579
1473870 579
1473880 580
1473890 580
1473900 580
1473910 581
1473920 583
1473930 583
1473940 584
1473950 585
1473960 585
1473970 586
1473980 588
1473990 588
1474000 590
1474010 593
1474020 593
1474030 596
1474040 599
1474050 599
1474060 602
1474070 604
1474080 604
1474090 607
1474100 610
1474110 610
1474120 613
1474130 615
1474140 615
1474150 618
1474160 620
1474170 620
1474180 622
1474190 624
1474200 624
1474210 625
1474220 626
1474230 626
1474240 628
1474250 630
1474260 630
1474270 634
1474280 638
1474290 638
1474300 641
1474310 643
1474320 643
1474330 644
1474340 645
1474350 645
1474360 644
1474370 644
1474380 644
1474390 642
1474400 641
1474410 641
1474420 640
1474430 639
1474440 639
1474450 637
1474460 635
1474470 635
1474480 634
1474490 632
1474500 632
1474510 631
1474520 629
1474530 629
1474540 627
1474550 626
1474560 626
1474570 625
1474580 623
1474590 623
1474600 622
1474610 620
1474620 620
1474630 617
1474640 614
1474650 614
1474660 612
1474670 609
1474680 609
1474690 607
1474700 605
1474710 603
1474720 603
1474730 603
1474740 602
1474750 602
1474760 601
1474770 600
1474780 600
1474790 599
1474800 598
1474810 598
1474820 597
1474830 596
1474840 596
1474850 595
1474860 594
1474870 594
1474880 593
1474890 592
1474900 592
1474910 591
1474920 590
1474930 590
1474940 589
1474950 589
1474960 589
1474970 588
1474980 587
1474990 587
1475000 586
1475010 585
1475020 585
1475030 585
1475040 584
1475050 584
1475060 584
1475070 583
1475080 583
1475090 583
1475100 583
1475110 583
1475120 582
1475130 581
1475140 581
1475150 580
1475160 580
1475170 580
1475180 579
1475190 579
1475200 579
1475210 578
1475220 578
1475230 578
1475240 577
1475250 577
1475260 577
1475270 576
1475280 576
1475290 576
1475300 576
1475310 576
1475320 576
1475330 576
1475340 575
1475350 575
1475360 575
1475370 575
1475380 575
1475390 575
1475400 575
1475410 575
1475420 574
1475430 574
1475440 574
1475450 574
1475460 574
1475470 574
1475480 574
1475490 573
1475500 573
1475510 573
1475520 573
1475530 573
1475540 572
1475550 572
1475560 572
1475570 571
1475580 570
1475590 570
1475600 570
1475610 569
1475620 569
1475630 569
1475640 568
1475650 568
1475660 567
1475670 567
1475680 567
1475690 567
1475700 567
1475710 567
1475720 566
1475730 565
1475740 565
1475750 565
1475760 565
1475770 565
1475780 565
1475790 565
1475800 565
1475810 565
1475820 565
1475830 565
1475840 565
1475850 565
1475860 565
1475870 565
1475880 564
1475890 564
1475900 564
1475910 563
1475920 562
1475930 562
1475940 561
1475950 559
1475960 559
1475970 558
1475980 556
1475990 556
1476000 556
1476010 555
1476020 555
1476030 554
1476040 553
1476050 553
1476060 552
1476070 551
1476080 551
1476090 550
1476100 549
1476110 549
1476120 548
1476130 547
1476140 547
1476150 546
1476160 546
1476170 546
1476180 544
1476190 541
1476200 541
1476210 540
1476220 540
1476230 540
1476240 540
1476250 540
1476260 540
1476270 540
1476280 540
1476290 540
1476300 540
1476310 539
1476320 539
1476330 540
1476340 540
1476350 540
1476360 542
1476370 544
1476380 544
1476390 546
1476400 549
1476410 549
1476420 552
1476430 556
1476440 556
1476450 560
1476460 564
1476470 564
1476480 567
1476490 571
1476500 571
1476510 575
1476520 578
1476530 578
1476540 580
1476550 582
1476560 582
1476570 582
1476580 581
1476590 581
1476600 579
1476610 578
1476620 578
1476630 577
1476640 576
1476650 576
1476660 576
1476670 577
1476680 577
1476690 578
1476700 580
1476710 580
1476720 581
1476730 582
1476740 582
1476750 585
1476760 587
1476770 587
1476780 590
1476790 591
1476800 592
1476810 592
1476820 593
1476830 593
1476840 593
1476850 592
1476860 591
1476870 591
1476880 590
1476890 589
1476900 589
1476910 588
1476920 587
1476930 587
1476940 586
1476950 585
1476960 585
1476970 584
1476980 584
1476990 584
1477000 583
1477010 582
1477020 582
1477030 581
1477040 579
1477050 579
1477060 577
1477070 576
1477080 576
1477090 574
1477100 573
1477110 573
1477120 571
1477130 569
1477140 569
1477150 566
1477160 564
1477170 564
1477180 562
1477190 561
1477200 561
1477210 560
1477220 559
1477230 559
1477240 558
1477250 557
1477260 557
1477270 556
1477280 556
1477290 556
1477300 555
1477310 554
1477320 554
1477330 553
1477340 550
1477350 550
1477360 547
1477370 544
1477380 544
1477390 542
1477400 541
1477410 541
1477420 541
1477430 542
1477440 542
1477450 542
1477460 544
1477470 544
1477480 547
1477490 550
1477500 550
1477510 553
1477520 556
1477530 556
1477540 559
1477550 561
1477560 561
1477570 563
1477580 564
1477590 564
1477600 565
1477610 567
1477620 567
1477630 568
1477640 572
1477650 572
1477660 575
1477670 577
1477680 577
1477690 579
1477700 581
1477710 581
1477720 583
1477730 585
1477740 585
1477750 587
1477760 590
1477770 590
1477780 593
1477790 596
1477800 596
1477810 599
1477820 601
1477830 601
1477840 604
1477850 606
1477860 608
1477870 608
1477880 611
1477890 613
1477900 613
1477910 616
1477920 618
1477930 618
1477940 619
1477950 620
1477960 620
1477970 621
1477980 621
1477990 621
1478000 622
1478010 622
1478020 622
1478030 622
1478040 621
1478050 621
1478060 621
1478070 621
1478080 621
1478090 621
1478100 621
1478110 621
1478120 621
1478130 622
1478140 622
1478150 621
1478160 621
1478170 621
1478180 621
1478190 621
1478200 621
1478210 622
1478220 622
1478230 622
1478240 622
1478250 623
1478260 623
1478270 623
1478280 623
1478290 623
1478300 622
1478310 622
1478320 622
1478330 623
1478340 622
1478350 622
1478360 622
1478370 621
1478380 621
1478390 621
1478400 620
1478410 620
1478420 620
1478430 619
1478440 619
1478450 619
1478460 618
1478470 618
1478480 617
1478490 615
1478500 615
1478510 613
1478520 610
1478530 610
1478540 606
1478550 603
1478560 603
1478570 601
1478580 599
1478590 599
1478600 598
1478610 599
1478620 599
1478630 599
1478640 600
1478650 600
1478660 600
1478670 601
1478680 601
1478690 603
1478700 606
1478710 606
1478720 608
1478730 609
1478740 609
1478750 610
1478760 610
1478770 610
1478780 610
1478790 609
1478800 609
1478810 608
1478820 608
1478830 608
1478840 607
1478850 607
1478860 607
1478870 606
1478880 606
1478890 606
1478900 605
1478910 605
1478920 605
1478930 605
1478940 605
1478950 604
1478960 604
1478970 603
1478980 603
1478990 603
1479000 603
1479010 602
1479020 602
1479030 602
1479040 603
1479050 603
1479060 603
1479070 603
1479080 603
1479090 604
1479100 603
1479110 603
1479120 603
1479130 604
1479140 604
1479150 605
1479160 605
1479170 605
1479180 605
1479190 605
1479200 605
1479210 605
1479220 606
1479230 606
1479240 606
1479250 606
1479260 606
1479270 606
1479280 606
1479290 606
1479300 606
1479310 605
1479320 605
1479330 605
1479340 605
1479350 605
1479360 604
1479370 604
1479380 604
1479390 603
1479400 602
1479410 602
1479420 600
1479430 599
1479440 599
1479450 598
1479460 597
1479470 597
1479480 595
1479490 594
1479500 594
1479510 592
1479520 588
1479530 588
1479540 582
1479550 576
1479560 576
1479570 570
1479580 563
1479590 563
1479600 558
1479610 549
1479620 549
1479630 545
1479640 542
1479650 542
1479660 542
1479670 541
1479680 541
1479690 541
1479700 541
1479710 541
1479720 541
1479730 541
1479740 541
1479750 541
1479760 540
1479770 540
1479780 540
1479790 541
1479800 541
1479810 542
1479820 541
1479830 541
1479840 541
1479850 541
1479860 541
1479870 541
1479880 541
1479890 541
1479900 541
1479910 541
1479920 541
1479930 541
1479940 541
1479950 541
1479960 541
1479970 541
1479980 541
1479990 541
