1460000 552
1460010 552
1460020 552
1460030 552
1460040 552
1460050 552
1460060 551
1460070 551
1460080 550
1460090 550
1460100 550
1460110 549
1460120 550
1460130 550
1460140 550
1460150 550
1460160 550
1460170 551
1460180 551
1460190 551
1460200 550
1460210 550
1460220 550
1460230 550
1460240 547
1460250 547
1460260 544
1460270 542
1460280 542
1460290 541
1460300 540
1460310 540
1460320 540
1460330 539
1460340 539
1460350 539
1460360 539
1460370 539
1460380 540
1460390 541
1460400 541
1460410 542
1460420 543
1460430 543
1460440 543
1460450 544
1460460 544
1460470 544
1460480 544
1460490 544
1460500 544
1460510 544
1460520 544
1460530 544
1460540 544
1460550 544
1460560 543
1460570 543
1460580 543
1460590 543
1460600 542
1460610 542
1460620 541
1460630 538
1460640 538
1460650 536
1460660 533
1460670 533
1460680 531
1460690 532
1460700 532
1460710 535
1460720 536
1460730 536
1460740 539
1460750 541
1460760 541
1460770 542
1460780 543
1460790 543
1460800 544
1460810 545
1460820 545
1460830 545
1460840 546
1460850 546
1460860 546
1460870 547
1460880 547
1460890 547
1460900 547
1460910 548
1460920 548
1460930 549
1460940 549
1460950 549
1460960 549
1460970 549
1460980 549
1460990 548
1461000 547
1461010 547
1461020 545
1461030 543
1461040 543
1461050 542
1461060 541
1461070 541
1461080 540
1461090 540
1461100 540
1461110 540
1461120 540
1461130 540
1461140 540
1461150 540
1461160 540
1461170 540
1461180 540
1461190 540
1461200 540
1461210 539
1461220 539
1461230 539
1461240 538
1461250 538
1461260 538
1461270 537
1461280 537
1461290 536
1461300 536
1461310 536
1461320 536
1461330 535
1461340 535
1461350 535
1461360 533
1461370 533
1461380 531
1461390 530
1461400 530
1461410 530
1461420 530
1461430 530
1461440 530
1461450 530
1461460 530
1461470 530
1461480 530
1461490 530
1461500 531
1461510 531
1461520 531
1461530 532
1461540 533
1461550 533
1461560 533
1461570 532
1461580 532
1461590 532
1461600 532
1461610 532
1461620 533
1461630 533
1461640 533
1461650 534
1461660 534
1461670 534
1461680 534
1461690 533
1461700 533
1461710 532
1461720 530
1461730 530
1461740 528
1461750 527
1461760 527
1461770 527
1461780 526
1461790 526
1461800 527
1461810 527
1461820 527
1461830 528
1461840 529
1461850 529
1461860 530
1461870 530
1461880 530
1461890 529
1461900 529
1461910 529
1461920 530
1461930 530
1461940 530
1461950 529
1461960 528
1461970 528
1461980 528
1461990 527
1462000 526
1462010 526
1462020 526
1462030 526
1462040 526
1462050 526
1462060 525
1462070 525
1462080 525
1462090 525
1462100 525
1462110 525
1462120 525
1462130 525
1462140 525
1462150 525
1462160 525
1462170 525
1462180 525
1462190 525
1462200 524
1462210 524
1462220 524
1462230 524
1462240 525
1462250 525
1462260 525
1462270 526
1462280 526
1462290 526
1462300 525
1462310 525
1462320 525
1462330 524
1462340 524
1462350 524
1462360 524
1462370 524
1462380 524
1462390 524
1462400 524
1462410 523
1462420 523
1462430 523
1462440 523
1462450 523
1462460 523
1462470 523
1462480 523
1462490 523
1462500 523
1462510 522
1462520 522
1462530 522
1462540 522
1462550 522
1462560 521
1462570 520
1462580 520
1462590 520
1462600 519
1462610 519
1462620 519
1462630 519
1462640 519
1462650 519
1462660 518
1462670 518
1462680 519
1462690 519
1462700 519
1462710 519
1462720 519
1462730 519
1462740 519
1462750 519
1462760 519
1462770 519
1462780 519
1462790 519
1462800 518
1462810 518
1462820 518
1462830 517
1462840 516
1462850 516
1462860 516
1462870 516
1462880 516
1462890 516
1462900 515
1462910 515
1462920 515
1462930 514
1462940 514
1462950 514
1462960 514
1462970 514
1462980 513
1462990 513
1463000 513
1463010 513
1463020 513
1463030 513
1463040 512
1463050 512
1463060 511
1463070 511
1463080 511
1463090 510
1463100 510
1463110 510
1463120 509
1463130 509
1463140 508
1463150 507
1463160 507
1463170 505
1463180 503
1463190 503
1463200 502
1463210 501
1463220 501
1463230 499
1463240 497
1463250 497
1463260 496
1463270 494
1463280 494
1463290 489
1463300 484
1463310 484
1463320 482
1463330 481
1463340 481
1463350 481
1463360 485
1463370 485
1463380 492
1463390 496
1463400 496
1463410 499
1463420 501
1463430 501
1463440 502
1463450 502
1463460 502
1463470 503
1463480 504
1463490 504
1463500 504
1463510 505
1463520 505
1463530 505
1463540 505
1463550 505
1463560 505
1463570 505
1463580 505
1463590 505
1463600 505
1463610 505
1463620 505
1463630 505
1463640 505
1463650 505
1463660 504
1463670 504
1463680 504
1463690 504
1463700 504
1463710 504
1463720 504
1463730 504
1463740 504
1463750 504
1463760 504
1463770 504
1463780 504
1463790 504
1463800 504
1463810 504
1463820 504
1463830 503
1463840 503
1463850 503
1463860 503
1463870 503
1463880 503
1463890 503
1463900 503
1463910 503
1463920 503
1463930 503
1463940 503
1463950 503
1463960 503
1463970 503
1463980 503
1463990 503
1464000 503
1464010 503
1464020 503
1464030 503
1464040 502
1464050 502
1464060 502
1464070 502
1464080 502
1464090 502
1464100 502
1464110 502
1464120 502
1464130 502
1464140 502
1464150 502
1464160 502
1464170 501
1464180 501
1464190 501
1464200 501
1464210 501
1464220 501
1464230 501
1464240 501
1464250 501
1464260 501
1464270 501
1464280 501
1464290 501
1464300 500
1464310 500
1464320 500
1464330 500
1464340 500
1464350 500
1464360 500
1464370 500
1464380 500
1464390 499
1464400 499
1464410 499
1464420 499
1464430 499
1464440 499
1464450 499
1464460 499
1464470 499
1464480 499
1464490 499
1464500 498
1464510 498
1464520 498
1464530 498
1464540 498
1464550 498
1464560 498
1464570 498
1464580 498
1464590 498
1464600 498
1464610 498
1464620 497
1464630 497
1464640 497
1464650 497
1464660 497
1464670 497
1464680 497
1464690 497
1464700 497
1464710 497
1464720 496
1464730 496
1464740 496
1464750 496
1464760 496
1464770 496
1464780 496
1464790 496
1464800 496
1464810 495
1464820 495
1464830 495
1464840 495
1464850 495
1464860 495
1464870 495
1464880 495
1464890 495
1464900 494
1464910 494
1464920 494
1464930 494
1464940 494
1464950 494
1464960 494
1464970 494
1464980 493
1464990 493
1465000 493
1465010 493
1465020 493
1465030 493
1465040 493
1465050 493
1465060 493
1465070 493
1465080 492
1465090 492
1465100 492
1465110 492
1465120 492
1465130 492
1465140 492
1465150 492
1465160 492
1465170 491
1465180 491
1465190 491
1465200 491
1465210 491
1465220 489
1465230 486
1465240 486
1465250 486
1465260 486
1465270 487
1465280 487
1465290 487
1465300 488
1465310 488
1465320 487
1465330 486
1465340 486
1465350 486
1465360 486
1465370 486
1465380 485
1465390 485
1465400 485
1465410 485
1465420 486
1465430 486
1465440 486
1465450 486
1465460 486
1465470 486
1465480 486
1465490 486
1465500 486
1465510 486
1465520 486
1465530 486
1465540 486
1465550 486
1465560 486
1465570 486
1465580 486
1465590 486
1465600 486
1465610 486
1465620 486
1465630 486
1465640 486
1465650 486
1465660 486
1465670 486
1465680 486
1465690 487
1465700 487
1465710 486
1465720 486
1465730 486
1465740 486
1465750 486
1465760 486
1465770 486
1465780 486
1465790 486
1465800 486
1465810 486
1465820 486
1465830 486
1465840 486
1465850 486
1465860 486
1465870 487
1465880 487
1465890 487
1465900 487
1465910 487
1465920 487
1465930 488
1465940 488
1465950 488
1465960 488
1465970 488
1465980 489
1465990 490
1466000 490
1466010 491
1466020 491
1466030 491
1466040 491
1466050 491
1466060 491
1466070 491
1466080 492
1466090 492
1466100 492
1466110 492
1466120 492
1466130 492
1466140 492
1466150 492
1466160 492
1466170 492
1466180 492
1466190 492
1466200 492
1466210 492
1466220 493
1466230 493
1466240 493
1466250 492
1466260 492
1466270 492
1466280 492
1466290 492
1466300 492
1466310 492
1466320 493
1466330 493
1466340 493
1466350 493
1466360 493
1466370 493
1466380 492
1466390 492
1466400 492
1466410 493
1466420 493
1466430 493
1466440 493
1466450 493
1466460 493
1466470 493
1466480 493
1466490 493
1466500 493
1466510 493
1466520 493
1466530 493
1466540 493
1466550 493
1466560 493
1466570 493
1466580 493
1466590 493
1466600 494
1466610 494
1466620 494
1466630 494
1466640 494
1466650 494
1466660 494
1466670 494
1466680 494
1466690 494
1466700 494
1466710 494
1466720 494
1466730 494
1466740 494
1466750 494
1466760 494
1466770 494
1466780 494
1466790 494
1466800 494
1466810 495
1466820 495
1466830 495
1466840 495
1466850 495
1466860 495
1466870 495
1466880 495
1466890 495
1466900 495
1466910 495
1466920 495
1466930 495
1466940 495
1466950 495
1466960 495
1466970 495
1466980 495
1466990 495
1467000 495
1467010 495
1467020 495
1467030 495
1467040 495
1467050 495
1467060 495
1467070 495
1467080 495
1467090 495
1467100 495
1467110 495
1467120 495
1467130 495
1467140 495
1467150 495
1467160 495
1467170 495
1467180 495
1467190 496
1467200 496
1467210 496
1467220 495
1467230 495
1467240 495
1467250 495
1467260 495
1467270 495
1467280 495
1467290 495
1467300 495
1467310 495
1467320 495
1467330 495
1467340 495
1467350 495
1467360 495
1467370 495
1467380 495
1467390 495
1467400 495
1467410 495
1467420 495
1467430 495
1467440 495
1467450 495
1467460 495
1467470 496
1467480 496
1467490 496
1467500 496
1467510 496
1467520 496
1467530 496
1467540 496
1467550 496
1467560 496
1467570 496
1467580 496
1467590 496
1467600 496
1467610 496
1467620 496
1467630 496
1467640 496
1467650 496
1467660 496
1467670 496
1467680 496
1467690 496
1467700 496
1467710 496
1467720 496
1467730 496
1467740 496
1467750 496
1467760 496
1467770 496
1467780 496
1467790 496
1467800 496
1467810 496
1467820 496
1467830 496
1467840 496
1467850 496
1467860 496
1467870 496
1467880 496
1467890 496
1467900 496
1467910 496
1467920 496
1467930 496
1467940 496
1467950 496
1467960 496
1467970 496
1467980 496
1467990 496
1468000 496
1468010 496
1468020 496
1468030 496
1468040 495
1468050 495
1468060 495
1468070 495
1468080 494
1468090 494
1468100 494
1468110 494
1468120 494
1468130 494
1468140 494
1468150 494
1468160 495
1468170 495
1468180 495
1468190 495
1468200 495
1468210 495
1468220 496
1468230 496
1468240 496
1468250 495
1468260 495
1468270 495
1468280 495
1468290 495
1468300 495
1468310 495
1468320 495
1468330 495
1468340 494
1468350 493
1468360 493
1468370 490
1468380 488
1468390 488
1468400 486
1468410 485
1468420 485
1468430 486
1468440 485
1468450 485
1468460 485
1468470 485
1468480 485
1468490 485
1468500 485
1468510 485
1468520 485
1468530 484
1468540 484
1468550 484
1468560 484
1468570 484
1468580 484
1468590 484
1468600 484
1468610 484
1468620 484
1468630 484
1468640 484
1468650 484
1468660 484
1468670 484
1468680 484
1468690 484
1468700 484
1468710 484
1468720 484
1468730 484
1468740 484
1468750 484
1468760 484
1468770 484
1468780 484
1468790 484
1468800 484
1468810 484
1468820 484
1468830 484
1468840 484
1468850 484
1468860 484
1468870 484
1468880 484
1468890 483
1468900 483
1468910 483
1468920 483
1468930 483
1468940 483
1468950 483
1468960 483
1468970 483
1468980 483
1468990 483
1469000 483
1469010 483
1469020 483
1469030 483
1469040 483
1469050 483
1469060 483
1469070 484
1469080 484
1469090 484
1469100 484
1469110 484
1469120 484
1469130 484
1469140 484
1469150 484
1469160 484
1469170 484
1469180 484
1469190 484
1469200 484
1469210 484
1469220 484
1469230 484
1469240 484
1469250 484
1469260 484
1469270 484
1469280 484
1469290 484
1469300 484
1469310 484
1469320 484
1469330 484
1469340 484
1469350 484
1469360 484
1469370 484
1469380 484
1469390 484
1469400 485
1469410 485
1469420 485
1469430 484
1469440 484
1469450 484
1469460 484
1469470 484
1469480 484
1469490 484
1469500 484
1469510 484
1469520 484
1469530 484
1469540 484
1469550 484
1469560 484
1469570 484
1469580 484
1469590 485
1469600 485
1469610 485
1469620 485
1469630 485
1469640 484
1469650 485
1469660 485
1469670 485
1469680 485
1469690 485
1469700 485
1469710 485
1469720 485
1469730 485
1469740 485
1469750 485
1469760 485
1469770 485
1469780 485
1469790 485
1469800 485
1469810 485
1469820 485
1469830 485
1469840 485
1469850 485
1469860 486
1469870 486
1469880 486
1469890 486
1469900 486
1469910 486
1469920 486
1469930 486
1469940 486
1469950 486
1469960 486
1469970 486
1469980 486
1469990 486
1470000 486
1470010 486
1470020 486
1470030 486
1470040 486
1470050 486
1470060 486
1470070 486
1470080 486
1470090 486
1470100 486
1470110 486
1470120 486
1470130 486
1470140 486
1470150 486
1470160 486
1470170 486
1470180 486
1470190 486
1470200 486
1470210 486
1470220 486
1470230 486
1470240 486
1470250 486
1470260 486
1470270 486
1470280 486
1470290 486
1470300 486
1470310 486
1470320 486
1470330 486
1470340 486
1470350 486
1470360 486
1470370 486
1470380 486
1470390 486
1470400 486
1470410 486
1470420 486
1470430 486
1470440 486
1470450 486
1470460 487
1470470 487
1470480 487
1470490 486
1470500 486
1470510 486
1470520 485
1470530 485
1470540 485
1470550 485
1470560 485
1470570 485
1470580 485
1470590 485
1470600 485
1470610 485
1470620 485
1470630 485
1470640 485
1470650 485
1470660 485
1470670 485
1470680 485
1470690 485
1470700 485
1470710 486
1470720 486
1470730 486
1470740 486
1470750 486
1470760 486
1470770 487
1470780 487
1470790 487
1470800 487
1470810 487
1470820 487
1470830 488
1470840 488
1470850 488
1470860 488
1470870 488
1470880 488
1470890 488
1470900 488
1470910 488
1470920 488
1470930 490
1470940 490
1470950 492
1470960 493
1470970 493
1470980 497
1470990 503
1471000 503
1471010 508
1471020 514
1471030 514
1471040 520
1471050 524
1471060 524
1471070 529
1471080 534
1471090 534
1471100 539
1471110 544
1471120 544
1471130 549
1471140 553
1471150 553
1471160 557
1471170 560
1471180 560
1471190 562
1471200 565
1471210 565
1471220 568
1471230 572
1471240 572
1471250 576
1471260 580
1471270 580
1471280 584
1471290 588
1471300 588
1471310 592
1471320 596
1471330 596
1471340 600
1471350 603
1471360 603
1471370 604
1471380 602
1471390 602
1471400 599
1471410 597
1471420 597
1471430 597
1471440 598
1471450 598
1471460 599
1471470 601
1471480 601
1471490 602
1471500 605
1471510 605
1471520 609
1471530 612
1471540 612
1471550 615
1471560 616
1471570 616
1471580 614
1471590 611
1471600 611
1471610 607
1471620 604
1471630 604
1471640 600
1471650 596
1471660 596
1471670 592
1471680 588
1471690 588
1471700 584
1471710 581
1471720 581
1471730 578
1471740 575
1471750 575
1471760 572
1471770 568
1471780 568
1471790 564
1471800 562
1471810 562
1471820 559
1471830 558
1471840 558
1471850 558
1471860 558
1471870 558
1471880 558
1471890 556
1471900 556
1471910 553
1471920 550
1471930 547
1471940 547
1471950 543
1471960 539
1471970 539
1471980 536
1471990 537
1472000 537
1472010 540
1472020 544
1472030 544
1472040 547
1472050 551
1472060 551
1472070 555
1472080 559
1472090 559
1472100 562
1472110 566
1472120 566
1472130 568
1472140 570
1472150 570
1472160 572
1472170 575
1472180 575
1472190 577
1472200 579
1472210 579
1472220 581
1472230 583
1472240 583
1472250 584
1472260 587
1472270 587
1472280 589
1472290 591
1472300 591
1472310 594
1472320 596
1472330 596
1472340 597
1472350 599
1472360 599
1472370 600
1472380 602
1472390 602
1472400 603
1472410 604
1472420 604
1472430 604
1472440 604
1472450 604
1472460 605
1472470 606
1472480 606
1472490 607
1472500 607
1472510 607
1472520 607
1472530 607
1472540 607
1472550 608
1472560 609
1472570 609
1472580 609
1472590 609
1472600 609
1472610 611
1472620 613
1472630 613
1472640 616
1472650 619
1472660 619
1472670 621
1472680 623
1472690 623
1472700 626
1472710 629
1472720 629
1472730 631
1472740 633
1472750 633
1472760 635
1472770 637
1472780 637
1472790 637
1472800 637
1472810 637
1472820 638
1472830 638
1472840 638
1472850 638
1472860 638
1472870 638
1472880 638
1472890 638
1472900 638
1472910 638
1472920 637
1472930 637
1472940 636
1472950 636
1472960 636
1472970 635
1472980 633
1472990 633
1473000 632
1473010 631
1473020 631
1473030 629
1473040 628
1473050 626
1473060 626
1473070 625
1473080 623
1473090 623
1473100 622
1473110 621
1473120 621
1473130 620
1473140 618
1473150 618
1473160 617
1473170 615
1473180 615
1473190 614
1473200 612
1473210 612
1473220 610
1473230 609
1473240 609
1473250 609
1473260 608
1473270 608
1473280 607
1473290 606
1473300 606
1473310 605
1473320 604
1473330 604
1473340 603
1473350 602
1473360 602
1473370 601
1473380 600
1473390 600
1473400 599
1473410 598
1473420 598
1473430 597
1473440 596
1473450 596
1473460 595
1473470 594
1473480 594
1473490 593
1473500 592
1473510 592
1473520 591
1473530 590
1473540 590
1473550 589
1473560 588
1473570 588
1473580 587
1473590 585
1473600 585
1473610 584
1473620 582
1473630 582
1473640 581
1473650 579
1473660 579
1473670 578
1473680 575
1473690 575
1473700 571
1473710 567
1473720 567
1473730 564
1473740 562
1473750 562
1473760 561
1473770 560
1473780 560
1473790 563
1473800 569
1473810 569
1473820 575
1473830 579
1473840 579
1473850 583
1473860 586
1473870 586
1473880 588
1473890 590
1473900 590
1473910 592
1473920 594
1473930 594
1473940 596
1473950 598
1473960 598
1473970 601
1473980 604
1473990 604
1474000 608
1474010 611
1474020 611
1474030 614
1474040 615
1474050 615
1474060 615
1474070 614
1474080 614
1474090 613
1474100 611
1474110 611
1474120 610
1474130 609
1474140 609
1474150 610
1474160 611
1474170 612
1474180 612
1474190 612
1474200 608
1474210 608
1474220 604
1474230 600
1474240 600
1474250 597
1474260 595
1474270 595
1474280 597
1474290 599
1474300 599
1474310 601
1474320 604
1474330 604
1474340 608
1474350 613
1474360 613
1474370 619
1474380 624
1474390 624
1474400 627
1474410 628
1474420 628
1474430 630
1474440 631
1474450 631
1474460 632
1474470 632
1474480 632
1474490 633
1474500 634
1474510 634
1474520 635
1474530 636
1474540 636
1474550 637
1474560 638
1474570 638
1474580 638
1474590 638
1474600 638
1474610 637
1474620 637
1474630 637
1474640 636
1474650 635
1474660 635
1474670 634
1474680 633
1474690 633
1474700 632
1474710 631
1474720 631
1474730 630
1474740 629
1474750 629
1474760 627
1474770 626
1474780 626
1474790 625
1474800 624
1474810 624
1474820 624
1474830 623
1474840 623
1474850 622
1474860 621
1474870 621
1474880 619
1474890 618
1474900 618
1474910 617
1474920 615
1474930 615
1474940 612
1474950 611
1474960 611
1474970 610
1474980 608
1474990 608
1475000 607
1475010 605
1475020 605
1475030 604
1475040 602
1475050 602
1475060 599
1475070 597
1475080 597
1475090 595
1475100 594
1475110 594
1475120 593
1475130 591
1475140 591
1475150 590
1475160 588
1475170 588
1475180 587
1475190 585
1475200 585
1475210 584
1475220 582
1475230 582
1475240 581
1475250 578
1475260 575
1475270 575
1475280 573
1475290 571
1475300 571
1475310 569
1475320 567
1475330 567
1475340 566
1475350 565
1475360 565
1475370 565
1475380 565
1475390 565
1475400 566
1475410 569
1475420 569
1475430 573
1475440 578
1475450 578
1475460 583
1475470 587
1475480 587
1475490 591
1475500 593
1475510 593
1475520 593
1475530 592
1475540 592
1475550 590
1475560 590
1475570 590
1475580 591
1475590 594
1475600 594
1475610 598
1475620 601
1475630 601
1475640 604
1475650 606
1475660 606
1475670 607
1475680 609
1475690 609
1475700 612
1475710 613
1475720 613
1475730 615
1475740 616
1475750 616
1475760 618
1475770 619
1475780 619
1475790 622
1475800 624
1475810 624
1475820 626
1475830 628
1475840 628
1475850 630
1475860 632
1475870 632
1475880 633
1475890 635
1475900 635
1475910 636
1475920 638
1475930 638
1475940 639
1475950 641
1475960 641
1475970 641
1475980 642
1475990 642
1476000 643
1476010 644
1476020 644
1476030 645
1476040 646
1476050 646
1476060 646
1476070 647
1476080 647
1476090 647
1476100 647
1476110 647
1476120 648
1476130 648
1476140 648
1476150 648
1476160 647
1476170 647
1476180 647
1476190 650
1476200 650
1476210 653
1476220 655
1476230 655
1476240 657
1476250 658
1476260 658
1476270 659
1476280 660
1476290 660
1476300 661
1476310 662
1476320 662
1476330 663
1476340 665
1476350 665
1476360 667
1476370 669
1476380 670
1476390 670
1476400 672
1476410 673
1476420 673
1476430 674
1476440 675
1476450 675
1476460 676
1476470 676
1476480 676
1476490 676
1476500 675
1476510 675
1476520 675
1476530 674
1476540 674
1476550 674
1476560 674
1476570 674
1476580 673
1476590 672
1476600 672
1476610 671
1476620 670
1476630 670
1476640 669
1476650 668
1476660 668
1476670 667
1476680 666
1476690 666
1476700 666
1476710 665
1476720 665
1476730 664
1476740 663
1476750 663
1476760 663
1476770 662
1476780 662
1476790 662
1476800 661
1476810 661
1476820 660
1476830 660
1476840 660
1476850 659
1476860 658
1476870 658
1476880 657
1476890 656
1476900 656
1476910 654
1476920 653
1476930 653
1476940 653
1476950 652
1476960 652
1476970 651
1476980 650
1476990 650
1477000 649
1477010 648
1477020 648
1477030 648
1477040 647
1477050 647
1477060 646
1477070 646
1477080 646
1477090 645
1477100 645
1477110 645
1477120 644
1477130 643
1477140 643
1477150 643
1477160 642
1477170 642
1477180 642
1477190 641
1477200 641
1477210 641
1477220 640
1477230 640
1477240 639
1477250 638
1477260 638
1477270 638
1477280 637
1477290 637
1477300 636
1477310 635
1477320 635
1477330 633
1477340 632
1477350 632
1477360 629
1477370 626
1477380 626
1477390 623
1477400 620
1477410 620
1477420 619
1477430 618
1477440 618
1477450 617
1477460 616
1477470 616
1477480 615
1477490 613
1477500 612
1477510 612
1477520 610
1477530 609
1477540 609
1477550 608
1477560 606
1477570 606
1477580 605
1477590 603
1477600 603
1477610 601
1477620 597
1477630 597
1477640 594
1477650 592
1477660 592
1477670 591
1477680 590
1477690 590
1477700 589
1477710 589
1477720 589
1477730 588
1477740 586
1477750 586
1477760 584
1477770 582
1477780 582
1477790 585
1477800 589
1477810 589
1477820 594
1477830 599
1477840 599
1477850 602
1477860 605
1477870 605
1477880 607
1477890 610
1477900 610
1477910 613
1477920 616
1477930 616
1477940 619
1477950 621
1477960 621
1477970 623
1477980 624
1477990 624
1478000 625
1478010 627
1478020 627
1478030 628
1478040 629
1478050 629
1478060 629
1478070 630
1478080 630
1478090 631
1478100 632
1478110 632
1478120 633
1478130 634
1478140 634
1478150 636
1478160 637
1478170 637
1478180 639
1478190 640
1478200 640
1478210 642
1478220 644
1478230 644
1478240 646
1478250 648
1478260 648
1478270 649
1478280 650
1478290 650
1478300 651
1478310 651
1478320 651
1478330 650
1478340 649
1478350 649
1478360 648
1478370 647
1478380 647
1478390 647
1478400 646
1478410 646
1478420 646
1478430 645
1478440 645
1478450 645
1478460 645
1478470 645
1478480 644
1478490 644
1478500 644
1478510 643
1478520 643
1478530 643
1478540 642
1478550 640
1478560 640
1478570 639
1478580 638
1478590 637
1478600 637
1478610 635
1478620 634
1478630 634
1478640 632
1478650 631
1478660 631
1478670 629
1478680 627
1478690 627
1478700 625
1478710 624
1478720 624
1478730 622
1478740 620
1478750 620
1478760 619
1478770 617
1478780 617
1478790 615
1478800 613
1478810 613
1478820 611
1478830 610
1478840 610
1478850 610
1478860 609
1478870 609
1478880 606
1478890 603
1478900 603
1478910 599
1478920 597
1478930 597
1478940 594
1478950 592
1478960 592
1478970 591
1478980 590
1478990 590
1479000 589
1479010 587
1479020 587
1479030 586
1479040 585
1479050 585
1479060 584
1479070 584
1479080 584
1479090 583
1479100 582
1479110 582
1479120 581
1479130 580
1479140 580
1479150 580
1479160 579
1479170 579
1479180 578
1479190 577
1479200 577
1479210 576
1479220 575
1479230 575
1479240 574
1479250 573
1479260 573
1479270 572
1479280 571
1479290 571
1479300 571
1479310 570
1479320 570
1479330 569
1479340 568
1479350 568
1479360 567
1479370 566
1479380 566
1479390 565
1479400 564
1479410 564
1479420 564
1479430 563
1479440 563
1479450 562
1479460 560
1479470 560
1479480 557
1479490 555
1479500 555
1479510 555
1479520 556
1479530 556
1479540 556
1479550 556
1479560 556
1479570 555
1479580 555
1479590 555
1479600 555
1479610 556
1479620 556
1479630 556
1479640 556
1479650 556
1479660 556
1479670 556
1479680 556
1479690 556
1479700 556
1479710 560
1479720 560
1479730 563
1479740 566
1479750 566
1479760 568
1479770 570
1479780 570
1479790 573
1479800 575
1479810 575
1479820 577
1479830 579
1479840 579
1479850 580
1479860 582
1479870 582
1479880 583
1479890 584
1479900 584
1479910 584
1479920 585
1479930 585
1479940 585
1479950 586
1479960 586
1479970 587
1479980 587
1479990 587
