1460000 524
1460010 524
1460020 524
1460030 523
1460040 523
1460050 522
1460060 521
1460070 521
1460080 520
1460090 519
1460100 519
1460110 519
1460120 518
1460130 518
1460140 517
1460150 516
1460160 516
1460170 516
1460180 515
1460190 515
1460200 515
1460210 514
1460220 514
1460230 513
1460240 512
1460250 512
1460260 512
1460270 512
1460280 511
1460290 511
1460300 511
1460310 511
1460320 511
1460330 510
1460340 510
1460350 510
1460360 510
1460370 510
1460380 510
1460390 511
1460400 511
1460410 511
1460420 511
1460430 511
1460440 511
1460450 511
1460460 510
1460470 510
1460480 510
1460490 510
1460500 510
1460510 509
1460520 509
1460530 509
1460540 508
1460550 508
1460560 508
1460570 509
1460580 509
1460590 509
1460600 509
1460610 509
1460620 509
1460630 509
1460640 509
1460650 509
1460660 509
1460670 509
1460680 509
1460690 508
1460700 508
1460710 508
1460720 508
1460730 508
1460740 508
1460750 507
1460760 507
1460770 507
1460780 507
1460790 506
1460800 506
1460810 506
1460820 506
1460830 506
1460840 505
1460850 505
1460860 505
1460870 504
1460880 504
1460890 504
1460900 503
1460910 503
1460920 503
1460930 503
1460940 502
1460950 502
1460960 502
1460970 502
1460980 502
1460990 502
1461000 502
1461010 502
1461020 502
1461030 501
1461040 501
1461050 501
1461060 501
1461070 501
1461080 501
1461090 500
1461100 500
1461110 500
1461120 500
1461130 500
1461140 500
1461150 500
1461160 500
1461170 500
1461180 500
1461190 500
1461200 500
1461210 500
1461220 500
1461230 500
1461240 500
1461250 500
1461260 500
1461270 500
1461280 500
1461290 500
1461300 500
1461310 500
1461320 500
1461330 500
1461340 500
1461350 501
1461360 501
1461370 501
1461380 501
1461390 501
1461400 501
1461410 501
1461420 501
1461430 501
1461440 501
1461450 501
1461460 501
1461470 501
1461480 501
1461490 500
1461500 500
1461510 500
1461520 500
1461530 500
1461540 500
1461550 499
1461560 499
1461570 499
1461580 498
1461590 498
1461600 498
1461610 499
1461620 499
1461630 499
1461640 499
1461650 499
1461660 499
1461670 499
1461680 499
1461690 499
1461700 499
1461710 499
1461720 500
1461730 500
1461740 500
1461750 500
1461760 500
1461770 500
1461780 500
1461790 500
1461800 500
1461810 500
1461820 500
1461830 500
1461840 500
1461850 500
1461860 500
1461870 499
1461880 499
1461890 499
1461900 499
1461910 499
1461920 499
1461930 499
1461940 498
1461950 498
1461960 498
1461970 498
1461980 498
1461990 497
1462000 497
1462010 497
1462020 497
1462030 496
1462040 496
1462050 496
1462060 495
1462070 495
1462080 495
1462090 494
1462100 494
1462110 493
1462120 493
1462130 493
1462140 492
1462150 492
1462160 492
1462170 492
1462180 493
1462190 493
1462200 495
1462210 496
1462220 496
1462230 496
1462240 497
1462250 497
1462260 497
1462270 497
1462280 497
1462290 497
1462300 497
1462310 497
1462320 497
1462330 497
1462340 497
1462350 497
1462360 497
1462370 497
1462380 497
1462390 497
1462400 497
1462410 497
1462420 497
1462430 497
1462440 497
1462450 497
1462460 497
1462470 497
1462480 497
1462490 497
1462500 497
1462510 498
1462520 498
1462530 498
1462540 498
1462550 498
1462560 498
1462570 498
1462580 498
1462590 498
1462600 498
1462610 498
1462620 498
1462630 498
1462640 498
1462650 498
1462660 498
1462670 498
1462680 498
1462690 498
1462700 497
1462710 497
1462720 497
1462730 497
1462740 497
1462750 497
1462760 497
1462770 497
1462780 497
1462790 496
1462800 496
1462810 496
1462820 495
1462830 495
1462840 495
1462850 495
1462860 495
1462870 494
1462880 494
1462890 494
1462900 494
1462910 494
1462920 494
1462930 494
1462940 494
1462950 494
1462960 494
1462970 495
1462980 495
1462990 495
1463000 495
1463010 495
1463020 495
1463030 495
1463040 495
1463050 495
1463060 495
1463070 495
1463080 495
1463090 495
1463100 495
1463110 495
1463120 495
1463130 495
1463140 495
1463150 494
1463160 494
1463170 494
1463180 494
1463190 494
1463200 493
1463210 493
1463220 493
1463230 493
1463240 492
1463250 492
1463260 492
1463270 492
1463280 492
1463290 492
1463300 492
1463310 492
1463320 491
1463330 491
1463340 491
1463350 490
1463360 490
1463370 490
1463380 489
1463390 489
1463400 489
1463410 488
1463420 484
1463430 484
1463440 480
1463450 478
1463460 478
1463470 478
1463480 478
1463490 478
1463500 478
1463510 478
1463520 478
1463530 477
1463540 477
1463550 477
1463560 481
1463570 486
1463580 486
1463590 488
1463600 488
1463610 488
1463620 489
1463630 489
1463640 489
1463650 489
1463660 489
1463670 490
1463680 490
1463690 490
1463700 490
1463710 490
1463720 490
1463730 491
1463740 491
1463750 493
1463760 494
1463770 494
1463780 494
1463790 494
1463800 494
1463810 494
1463820 494
1463830 494
1463840 494
1463850 494
1463860 494
1463870 494
1463880 494
1463890 494
1463900 494
1463910 494
1463920 494
1463930 494
1463940 493
1463950 493
1463960 493
1463970 493
1463980 493
1463990 493
1464000 493
1464010 493
1464020 493
1464030 493
1464040 493
1464050 493
1464060 493
1464070 493
1464080 493
1464090 493
1464100 493
1464110 493
1464120 493
1464130 493
1464140 493
1464150 493
1464160 493
1464170 493
1464180 493
1464190 493
1464200 493
1464210 493
1464220 493
1464230 493
1464240 492
1464250 492
1464260 492
1464270 492
1464280 492
1464290 492
1464300 492
1464310 492
1464320 492
1464330 492
1464340 492
1464350 492
1464360 492
1464370 492
1464380 492
1464390 492
1464400 492
1464410 492
1464420 492
1464430 492
1464440 492
1464450 492
1464460 492
1464470 492
1464480 491
1464490 491
1464500 491
1464510 491
1464520 491
1464530 491
1464540 491
1464550 491
1464560 491
1464570 491
1464580 491
1464590 491
1464600 491
1464610 491
1464620 490
1464630 490
1464640 490
1464650 490
1464660 490
1464670 490
1464680 490
1464690 490
1464700 490
1464710 490
1464720 490
1464730 490
1464740 490
1464750 490
1464760 490
1464770 490
1464780 490
1464790 489
1464800 489
1464810 489
1464820 489
1464830 489
1464840 489
1464850 489
1464860 489
1464870 488
1464880 486
1464890 486
1464900 483
1464910 482
1464920 482
1464930 482
1464940 482
1464950 482
1464960 482
1464970 482
1464980 482
1464990 481
1465000 481
1465010 481
1465020 480
1465030 481
1465040 481
1465050 481
1465060 481
1465070 481
1465080 481
1465090 481
1465100 481
1465110 481
1465120 481
1465130 481
1465140 481
1465150 481
1465160 481
1465170 481
1465180 481
1465190 481
1465200 481
1465210 481
1465220 481
1465230 481
1465240 481
1465250 481
1465260 481
1465270 481
1465280 481
1465290 481
1465300 481
1465310 481
1465320 481
1465330 481
1465340 481
1465350 481
1465360 481
1465370 481
1465380 481
1465390 481
1465400 481
1465410 481
1465420 481
1465430 481
1465440 481
1465450 481
1465460 481
1465470 481
1465480 481
1465490 481
1465500 481
1465510 481
1465520 481
1465530 481
1465540 481
1465550 481
1465560 481
1465570 481
1465580 481
1465590 481
1465600 481
1465610 481
1465620 481
1465630 482
1465640 482
1465650 482
1465660 482
1465670 482
1465680 482
1465690 482
1465700 482
1465710 482
1465720 482
1465730 482
1465740 482
1465750 482
1465760 482
1465770 482
1465780 482
1465790 482
1465800 482
1465810 482
1465820 482
1465830 482
1465840 482
1465850 482
1465860 482
1465870 483
1465880 483
1465890 484
1465900 485
1465910 485
1465920 486
1465930 487
1465940 487
1465950 487
1465960 488
1465970 488
1465980 488
1465990 489
1466000 489
1466010 489
1466020 489
1466030 489
1466040 489
1466050 489
1466060 489
1466070 489
1466080 489
1466090 490
1466100 490
1466110 490
1466120 490
1466130 490
1466140 490
1466150 490
1466160 490
1466170 490
1466180 490
1466190 490
1466200 490
1466210 490
1466220 490
1466230 490
1466240 490
1466250 490
1466260 490
1466270 490
1466280 490
1466290 490
1466300 490
1466310 490
1466320 490
1466330 490
1466340 490
1466350 490
1466360 490
1466370 490
1466380 490
1466390 490
1466400 490
1466410 490
1466420 490
1466430 490
1466440 490
1466450 490
1466460 490
1466470 490
1466480 490
1466490 490
1466500 489
1466510 489
1466520 489
1466530 489
1466540 490
1466550 490
1466560 489
1466570 489
1466580 489
1466590 489
1466600 489
1466610 489
1466620 489
1466630 489
1466640 489
1466650 489
1466660 490
1466670 490
1466680 491
1466690 491
1466700 491
1466710 491
1466720 491
1466730 491
1466740 492
1466750 492
1466760 492
1466770 492
1466780 492
1466790 492
1466800 492
1466810 492
1466820 492
1466830 492
1466840 492
1466850 492
1466860 492
1466870 492
1466880 492
1466890 492
1466900 492
1466910 492
1466920 492
1466930 492
1466940 492
1466950 492
1466960 492
1466970 492
1466980 492
1466990 492
1467000 492
1467010 493
1467020 493
1467030 493
1467040 493
1467050 493
1467060 493
1467070 493
1467080 493
1467090 493
1467100 493
1467110 493
1467120 493
1467130 493
1467140 493
1467150 493
1467160 493
1467170 493
1467180 493
1467190 493
1467200 493
1467210 493
1467220 493
1467230 493
1467240 493
1467250 493
1467260 493
1467270 493
1467280 493
1467290 492
1467300 492
1467310 492
1467320 492
1467330 492
1467340 492
1467350 492
1467360 491
1467370 491
1467380 491
1467390 491
1467400 491
1467410 490
1467420 488
1467430 488
1467440 486
1467450 486
1467460 486
1467470 486
1467480 487
1467490 487
1467500 489
1467510 490
1467520 490
1467530 491
1467540 491
1467550 491
1467560 492
1467570 492
1467580 492
1467590 492
1467600 492
1467610 492
1467620 492
1467630 492
1467640 492
1467650 492
1467660 492
1467670 492
1467680 492
1467690 492
1467700 492
1467710 492
1467720 491
1467730 491
1467740 491
1467750 490
1467760 490
1467770 488
1467780 487
1467790 487
1467800 486
1467810 485
1467820 485
1467830 485
1467840 484
1467850 484
1467860 484
1467870 484
1467880 484
1467890 484
1467900 484
1467910 484
1467920 484
1467930 484
1467940 484
1467950 484
1467960 484
1467970 484
1467980 484
1467990 484
1468000 484
1468010 484
1468020 484
1468030 484
1468040 484
1468050 484
1468060 484
1468070 484
1468080 484
1468090 484
1468100 484
1468110 484
1468120 484
1468130 484
1468140 484
1468150 484
1468160 484
1468170 484
1468180 484
1468190 484
1468200 484
1468210 484
1468220 484
1468230 484
1468240 484
1468250 484
1468260 484
1468270 484
1468280 484
1468290 484
1468300 484
1468310 484
1468320 484
1468330 484
1468340 484
1468350 484
1468360 483
1468370 483
1468380 482
1468390 482
1468400 482
1468410 481
1468420 481
1468430 481
1468440 481
1468450 481
1468460 481
1468470 481
1468480 481
1468490 481
1468500 481
1468510 481
1468520 481
1468530 481
1468540 481
1468550 481
1468560 481
1468570 481
1468580 481
1468590 481
1468600 481
1468610 481
1468620 481
1468630 481
1468640 481
1468650 481
1468660 481
1468670 481
1468680 481
1468690 481
1468700 481
1468710 480
1468720 480
1468730 480
1468740 480
1468750 480
1468760 480
1468770 480
1468780 480
1468790 480
1468800 480
1468810 480
1468820 480
1468830 480
1468840 480
1468850 480
1468860 480
1468870 480
1468880 480
1468890 480
1468900 480
1468910 480
1468920 481
1468930 481
1468940 481
1468950 481
1468960 480
1468970 480
1468980 480
1468990 480
1469000 480
1469010 480
1469020 480
1469030 480
1469040 480
1469050 480
1469060 480
1469070 480
1469080 480
1469090 480
1469100 480
1469110 480
1469120 480
1469130 480
1469140 480
1469150 480
1469160 481
1469170 481
1469180 481
1469190 481
1469200 481
1469210 481
1469220 480
1469230 481
1469240 481
1469250 480
1469260 480
1469270 480
1469280 480
1469290 480
1469300 480
1469310 480
1469320 480
1469330 480
1469340 480
1469350 480
1469360 480
1469370 480
1469380 480
1469390 480
1469400 480
1469410 480
1469420 480
1469430 480
1469440 480
1469450 480
1469460 480
1469470 481
1469480 481
1469490 481
1469500 481
1469510 481
1469520 481
1469530 480
1469540 481
1469550 481
1469560 481
1469570 481
1469580 481
1469590 480
1469600 480
1469610 480
1469620 480
1469630 480
1469640 480
1469650 480
1469660 479
1469670 479
1469680 480
1469690 480
1469700 480
1469710 479
1469720 479
1469730 479
1469740 480
1469750 480
1469760 480
1469770 481
1469780 482
1469790 482
1469800 482
1469810 483
1469820 483
1469830 483
1469840 483
1469850 483
1469860 482
1469870 482
1469880 482
1469890 483
1469900 483
1469910 483
1469920 483
1469930 483
1469940 483
1469950 483
1469960 483
1469970 483
1469980 483
1469990 483
1470000 483
1470010 483
1470020 483
1470030 483
1470040 483
1470050 483
1470060 483
1470070 484
1470080 484
1470090 484
1470100 484
1470110 484
1470120 484
1470130 484
1470140 484
1470150 484
1470160 484
1470170 484
1470180 484
1470190 484
1470200 484
1470210 484
1470220 484
1470230 484
1470240 484
1470250 484
1470260 484
1470270 484
1470280 484
1470290 484
1470300 484
1470310 484
1470320 484
1470330 484
1470340 484
1470350 484
1470360 484
1470370 484
1470380 485
1470390 485
1470400 485
1470410 485
1470420 485
1470430 486
1470440 486
1470450 486
1470460 488
1470470 489
1470480 489
1470490 489
1470500 491
1470510 492
1470520 492
1470530 493
1470540 495
1470550 495
1470560 496
1470570 498
1470580 498
1470590 499
1470600 501
1470610 501
1470620 502
1470630 504
1470640 504
1470650 505
1470660 506
1470670 506
1470680 507
1470690 507
1470700 507
1470710 509
1470720 511
1470730 511
1470740 514
1470750 517
1470760 517
1470770 520
1470780 524
1470790 524
1470800 528
1470810 532
1470820 532
1470830 535
1470840 536
1470850 536
1470860 536
1470870 536
1470880 536
1470890 535
1470900 534
1470910 534
1470920 532
1470930 529
1470940 529
1470950 525
1470960 525
1470970 525
1470980 526
1470990 528
1471000 528
1471010 530
1471020 532
1471030 532
1471040 532
1471050 532
1471060 532
1471070 532
1471080 531
1471090 531
1471100 529
1471110 527
1471120 527
1471130 525
1471140 522
1471150 522
1471160 519
1471170 516
1471180 516
1471190 514
1471200 513
1471210 513
1471220 513
1471230 513
1471240 513
1471250 514
1471260 517
1471270 517
1471280 520
1471290 524
1471300 524
1471310 529
1471320 534
1471330 534
1471340 539
1471350 544
1471360 544
1471370 550
1471380 556
1471390 556
1471400 560
1471410 564
1471420 564
1471430 567
1471440 569
1471450 569
1471460 571
1471470 573
1471480 573
1471490 575
1471500 576
1471510 576
1471520 577
1471530 578
1471540 578
1471550 580
1471560 581
1471570 581
1471580 582
1471590 581
1471600 581
1471610 580
1471620 580
1471630 580
1471640 580
1471650 580
1471660 580
1471670 580
1471680 579
1471690 579
1471700 579
1471710 577
1471720 573
1471730 573
1471740 568
1471750 564
1471760 564
1471770 561
1471780 563
1471790 563
1471800 566
1471810 569
1471820 569
1471830 572
1471840 574
1471850 574
1471860 578
1471870 582
1471880 582
1471890 587
1471900 591
1471910 591
1471920 594
1471930 597
1471940 597
1471950 600
1471960 603
1471970 603
1471980 606
1471990 610
1472000 610
1472010 612
1472020 614
1472030 614
1472040 615
1472050 616
1472060 616
1472070 615
1472080 614
1472090 614
1472100 613
1472110 611
1472120 611
1472130 609
1472140 607
1472150 607
1472160 609
1472170 612
1472180 612
1472190 616
1472200 620
1472210 620
1472220 623
1472230 626
1472240 626
1472250 627
1472260 629
1472270 629
1472280 630
1472290 631
1472300 631
1472310 633
1472320 636
1472330 636
1472340 639
1472350 641
1472360 641
1472370 643
1472380 645
1472390 645
1472400 646
1472410 647
1472420 647
1472430 647
1472440 648
1472450 648
1472460 649
1472470 649
1472480 649
1472490 650
1472500 651
1472510 651
1472520 653
1472530 655
1472540 655
1472550 657
1472560 659
1472570 659
1472580 660
1472590 661
1472600 661
1472610 662
1472620 662
1472630 662
1472640 662
1472650 662
1472660 662
1472670 662
1472680 662
1472690 662
1472700 662
1472710 662
1472720 662
1472730 662
1472740 662
1472750 662
1472760 662
1472770 663
1472780 664
1472790 664
1472800 664
1472810 665
1472820 665
1472830 666
1472840 667
1472850 667
1472860 668
1472870 670
1472880 670
1472890 672
1472900 673
1472910 673
1472920 676
1472930 677
1472940 677
1472950 679
1472960 680
1472970 680
1472980 681
1472990 682
1473000 682
1473010 681
1473020 681
1473030 681
1473040 681
1473050 680
1473060 680
1473070 679
1473080 677
1473090 677
1473100 676
1473110 675
1473120 675
1473130 674
1473140 673
1473150 673
1473160 671
1473170 670
1473180 670
1473190 669
1473200 667
1473210 667
1473220 666
1473230 664
1473240 664
1473250 662
1473260 661
1473270 661
1473280 659
1473290 657
1473300 657
1473310 656
1473320 654
1473330 654
1473340 653
1473350 651
1473360 651
1473370 649
1473380 647
1473390 647
1473400 645
1473410 643
1473420 643
1473430 641
1473440 638
1473450 638
1473460 636
1473470 634
1473480 634
1473490 633
1473500 632
1473510 632
1473520 631
1473530 629
1473540 629
1473550 627
1473560 626
1473570 626
1473580 624
1473590 622
1473600 622
1473610 620
1473620 618
1473630 618
1473640 615
1473650 613
1473660 613
1473670 611
1473680 608
1473690 608
1473700 606
1473710 603
1473720 603
1473730 600
1473740 599
1473750 599
1473760 599
1473770 601
1473780 601
1473790 605
1473800 608
1473810 608
1473820 611
1473830 613
1473840 613
1473850 615
1473860 616
1473870 616
1473880 618
1473890 620
1473900 623
1473910 623
1473920 626
1473930 628
1473940 628
1473950 630
1473960 632
1473970 632
1473980 635
1473990 638
1474000 638
1474010 641
1474020 644
1474030 644
1474040 647
1474050 651
1474060 651
1474070 654
1474080 656
1474090 656
1474100 658
1474110 659
1474120 659
1474130 661
1474140 663
1474150 663
1474160 664
1474170 665
1474180 665
1474190 666
1474200 666
1474210 666
1474220 666
1474230 666
1474240 666
1474250 666
1474260 666
1474270 666
1474280 666
1474290 665
1474300 665
1474310 665
1474320 664
1474330 664
1474340 663
1474350 662
1474360 662
1474370 661
1474380 661
1474390 661
1474400 661
1474410 661
1474420 661
1474430 660
1474440 660
1474450 660
1474460 660
1474470 659
1474480 659
1474490 659
1474500 659
1474510 659
1474520 659
1474530 659
1474540 659
1474550 659
1474560 659
1474570 659
1474580 658
1474590 658
1474600 658
1474610 658
1474620 658
1474630 658
1474640 658
1474650 657
1474660 657
1474670 657
1474680 657
1474690 657
1474700 656
1474710 656
1474720 656
1474730 656
1474740 655
1474750 655
1474760 655
1474770 655
1474780 655
1474790 654
1474800 654
1474810 654
1474820 653
1474830 653
1474840 653
1474850 652
1474860 652
1474870 652
1474880 651
1474890 651
1474900 651
1474910 650
1474920 649
1474930 649
1474940 648
1474950 647
1474960 647
1474970 645
1474980 644
1474990 644
1475000 642
1475010 640
1475020 639
1475030 639
1475040 637
1475050 636
1475060 636
1475070 634
1475080 633
1475090 633
1475100 632
1475110 631
1475120 631
1475130 629
1475140 627
1475150 627
1475160 626
1475170 625
1475180 625
1475190 624
1475200 622
1475210 622
1475220 620
1475230 619
1475240 619
1475250 618
1475260 617
1475270 617
1475280 615
1475290 612
1475300 612
1475310 609
1475320 607
1475330 607
1475340 606
1475350 604
1475360 604
1475370 602
1475380 600
1475390 600
1475400 598
1475410 597
1475420 597
1475430 597
1475440 596
1475450 596
1475460 596
1475470 595
1475480 595
1475490 594
1475500 593
1475510 593
1475520 591
1475530 589
1475540 589
1475550 587
1475560 587
1475570 587
1475580 586
1475590 587
1475600 587
1475610 588
1475620 588
1475630 588
1475640 588
1475650 586
1475660 586
1475670 585
1475680 582
1475690 582
1475700 580
1475710 579
1475720 579
1475730 579
1475740 579
1475750 579
1475760 579
1475770 579
1475780 579
1475790 580
1475800 581
1475810 581
1475820 582
1475830 584
1475840 584
1475850 587
1475860 590
1475870 590
1475880 592
1475890 593
1475900 593
1475910 595
1475920 597
1475930 597
1475940 599
1475950 601
1475960 601
1475970 603
1475980 605
1475990 605
1476000 607
1476010 610
1476020 610
1476030 612
1476040 615
1476050 615
1476060 617
1476070 619
1476080 619
1476090 620
1476100 620
1476110 620
1476120 621
1476130 620
1476140 620
1476150 620
1476160 618
1476170 616
1476180 616
1476190 615
1476200 615
1476210 615
1476220 615
1476230 615
1476240 615
1476250 615
1476260 616
1476270 616
1476280 616
1476290 616
1476300 616
1476310 617
1476320 617
1476330 617
1476340 618
1476350 618
1476360 618
1476370 619
1476380 621
1476390 621
1476400 623
1476410 625
1476420 625
1476430 626
1476440 628
1476450 628
1476460 630
1476470 631
1476480 631
1476490 633
1476500 635
1476510 635
1476520 637
1476530 639
1476540 639
1476550 640
1476560 641
1476570 641
1476580 642
1476590 644
1476600 644
1476610 646
1476620 649
1476630 649
1476640 652
1476650 655
1476660 655
1476670 657
1476680 660
1476690 660
1476700 662
1476710 664
1476720 664
1476730 666
1476740 668
1476750 668
1476760 669
1476770 671
1476780 671
1476790 674
1476800 676
1476810 676
1476820 678
1476830 680
1476840 680
1476850 681
1476860 682
1476870 682
1476880 682
1476890 681
1476900 681
1476910 679
1476920 678
1476930 678
1476940 676
1476950 675
1476960 675
1476970 673
1476980 672
1476990 672
1477000 671
1477010 671
1477020 671
1477030 669
1477040 668
1477050 668
1477060 666
1477070 665
1477080 665
1477090 663
1477100 661
1477110 661
1477120 659
1477130 658
1477140 658
1477150 656
1477160 653
1477170 653
1477180 650
1477190 648
1477200 648
1477210 646
1477220 645
1477230 645
1477240 642
1477250 640
1477260 640
1477270 639
1477280 637
1477290 637
1477300 635
1477310 633
1477320 631
1477330 631
1477340 630
1477350 629
1477360 629
1477370 630
1477380 632
1477390 632
1477400 634
1477410 636
1477420 636
1477430 638
1477440 641
1477450 641
1477460 643
1477470 644
1477480 644
1477490 644
1477500 643
1477510 643
1477520 641
1477530 641
1477540 641
1477550 643
1477560 646
1477570 646
1477580 649
1477590 653
1477600 653
1477610 657
1477620 660
1477630 660
1477640 662
1477650 664
1477660 664
1477670 665
1477680 666
1477690 666
1477700 667
1477710 667
1477720 667
1477730 668
1477740 668
1477750 668
1477760 668
1477770 668
1477780 668
1477790 669
1477800 669
1477810 669
1477820 669
1477830 669
1477840 669
1477850 669
1477860 669
1477870 669
1477880 669
1477890 668
1477900 668
1477910 668
1477920 668
1477930 668
1477940 667
1477950 667
1477960 667
1477970 666
1477980 666
1477990 666
1478000 665
1478010 665
1478020 665
1478030 664
1478040 663
1478050 663
1478060 662
1478070 661
1478080 661
1478090 659
1478100 658
1478110 658
1478120 656
1478130 655
1478140 655
1478150 652
1478160 650
1478170 650
1478180 648
1478190 646
1478200 646
1478210 644
1478220 641
1478230 641
1478240 638
1478250 635
1478260 635
1478270 633
1478280 632
1478290 632
1478300 631
1478310 629
1478320 629
1478330 628
1478340 626
1478350 626
1478360 624
1478370 622
1478380 622
1478390 620
1478400 618
1478410 618
1478420 615
1478430 613
1478440 612
1478450 612
1478460 612
1478470 613
1478480 613
1478490 613
1478500 613
1478510 613
1478520 613
1478530 613
1478540 613
1478550 611
1478560 612
1478570 612
1478580 613
1478590 614
1478600 614
1478610 615
1478620 615
1478630 615
1478640 615
1478650 614
1478660 614
1478670 614
1478680 614
1478690 614
1478700 613
1478710 613
1478720 613
1478730 613
1478740 612
1478750 612
1478760 611
1478770 611
1478780 611
1478790 610
1478800 609
1478810 609
1478820 609
1478830 608
1478840 608
1478850 607
1478860 606
1478870 606
1478880 606
1478890 604
1478900 604
1478910 603
1478920 603
1478930 603
1478940 602
1478950 601
1478960 601
1478970 599
1478980 598
1478990 598
1479000 597
1479010 596
1479020 596
1479030 595
1479040 594
1479050 594
1479060 592
1479070 590
1479080 590
1479090 589
1479100 588
1479110 588
1479120 587
1479130 587
1479140 587
1479150 586
1479160 585
1479170 585
1479180 584
1479190 583
1479200 583
1479210 582
1479220 581
1479230 581
1479240 579
1479250 578
1479260 578
1479270 577
1479280 576
1479290 576
1479300 574
1479310 569
1479320 569
1479330 564
1479340 562
1479350 562
1479360 562
1479370 562
1479380 562
1479390 562
1479400 562
1479410 562
1479420 562
1479430 562
1479440 562
1479450 562
1479460 562
1479470 562
1479480 562
1479490 563
1479500 563
1479510 562
1479520 562
1479530 562
1479540 563
1479550 563
1479560 563
1479570 563
1479580 563
1479590 562
1479600 562
1479610 562
1479620 562
1479630 562
1479640 563
1479650 567
1479660 567
1479670 571
1479680 573
1479690 573
1479700 574
1479710 576
1479720 576
1479730 577
1479740 578
1479750 578
1479760 580
1479770 581
1479780 581
1479790 583
1479800 584
1479810 584
1479820 586
1479830 587
1479840 587
1479850 588
1479860 590
1479870 590
1479880 591
1479890 593
1479900 593
1479910 594
1479920 596
1479930 596
1479940 597
1479950 598
1479960 598
1479970 599
1479980 601
1479990 601
