1460000 527
1460010 527
1460020 526
1460030 525
1460040 525
1460050 525
1460060 524
1460070 524
1460080 524
1460090 523
1460100 523
1460110 523
1460120 522
1460130 522
1460140 521
1460150 520
1460160 520
1460170 520
1460180 519
1460190 518
1460200 518
1460210 517
1460220 516
1460230 516
1460240 515
1460250 514
1460260 514
1460270 513
1460280 512
1460290 512
1460300 511
1460310 510
1460320 510
1460330 510
1460340 509
1460350 509
1460360 509
1460370 508
1460380 508
1460390 508
1460400 508
1460410 508
1460420 508
1460430 508
1460440 508
1460450 508
1460460 508
1460470 508
1460480 508
1460490 507
1460500 507
1460510 507
1460520 507
1460530 507
1460540 507
1460550 507
1460560 507
1460570 506
1460580 506
1460590 506
1460600 507
1460610 507
1460620 507
1460630 507
1460640 507
1460650 507
1460660 507
1460670 506
1460680 506
1460690 506
1460700 506
1460710 506
1460720 506
1460730 505
1460740 505
1460750 505
1460760 505
1460770 505
1460780 505
1460790 505
1460800 505
1460810 505
1460820 504
1460830 504
1460840 504
1460850 504
1460860 504
1460870 503
1460880 503
1460890 503
1460900 503
1460910 502
1460920 502
1460930 502
1460940 502
1460950 502
1460960 501
1460970 501
1460980 501
1460990 501
1461000 500
1461010 500
1461020 500
1461030 499
1461040 499
1461050 499
1461060 499
1461070 499
1461080 498
1461090 498
1461100 498
1461110 498
1461120 498
1461130 498
1461140 498
1461150 498
1461160 498
1461170 497
1461180 497
1461190 497
1461200 497
1461210 497
1461220 497
1461230 497
1461240 497
1461250 497
1461260 497
1461270 496
1461280 496
1461290 496
1461300 496
1461310 496
1461320 496
1461330 496
1461340 496
1461350 496
1461360 497
1461370 497
1461380 497
1461390 497
1461400 497
1461410 497
1461420 498
1461430 498
1461440 498
1461450 498
1461460 498
1461470 498
1461480 498
1461490 498
1461500 498
1461510 498
1461520 498
1461530 498
1461540 497
1461550 497
1461560 497
1461570 497
1461580 497
1461590 497
1461600 497
1461610 497
1461620 497
1461630 498
1461640 498
1461650 498
1461660 498
1461670 499
1461680 499
1461690 499
1461700 499
1461710 499
1461720 499
1461730 499
1461740 499
1461750 499
1461760 499
1461770 499
1461780 499
1461790 499
1461800 499
1461810 499
1461820 499
1461830 499
1461840 499
1461850 499
1461860 499
1461870 499
1461880 499
1461890 499
1461900 499
1461910 498
1461920 498
1461930 498
1461940 498
1461950 498
1461960 498
1461970 498
1461980 498
1461990 498
1462000 498
1462010 498
1462020 497
1462030 497
1462040 497
1462050 497
1462060 497
1462070 497
1462080 496
1462090 496
1462100 496
1462110 495
1462120 494
1462130 494
1462140 492
1462150 491
1462160 491
1462170 491
1462180 491
1462190 491
1462200 491
1462210 493
1462220 493
1462230 494
1462240 495
1462250 495
1462260 495
1462270 496
1462280 496
1462290 496
1462300 496
1462310 496
1462320 496
1462330 496
1462340 496
1462350 496
1462360 496
1462370 496
1462380 496
1462390 496
1462400 496
1462410 495
1462420 495
1462430 495
1462440 495
1462450 495
1462460 496
1462470 496
1462480 496
1462490 496
1462500 496
1462510 496
1462520 496
1462530 496
1462540 496
1462550 496
1462560 496
1462570 496
1462580 496
1462590 496
1462600 496
1462610 496
1462620 496
1462630 496
1462640 496
1462650 496
1462660 496
1462670 496
1462680 496
1462690 496
1462700 496
1462710 496
1462720 496
1462730 496
1462740 496
1462750 495
1462760 495
1462770 495
1462780 495
1462790 494
1462800 494
1462810 494
1462820 494
1462830 494
1462840 493
1462850 493
1462860 493
1462870 493
1462880 493
1462890 493
1462900 493
1462910 493
1462920 493
1462930 493
1462940 493
1462950 493
1462960 494
1462970 494
1462980 494
1462990 494
1463000 494
1463010 494
1463020 494
1463030 494
1463040 494
1463050 494
1463060 494
1463070 494
1463080 494
1463090 494
1463100 494
1463110 494
1463120 494
1463130 494
1463140 494
1463150 494
1463160 494
1463170 494
1463180 493
1463190 493
1463200 493
1463210 492
1463220 492
1463230 492
1463240 492
1463250 492
1463260 491
1463270 491
1463280 491
1463290 491
1463300 491
1463310 491
1463320 491
1463330 490
1463340 490
1463350 490
1463360 489
1463370 489
1463380 488
1463390 488
1463400 488
1463410 488
1463420 485
1463430 485
1463440 481
1463450 479
1463460 479
1463470 478
1463480 477
1463490 477
1463500 477
1463510 477
1463520 477
1463530 477
1463540 478
1463550 478
1463560 479
1463570 482
1463580 482
1463590 486
1463600 488
1463610 488
1463620 488
1463630 488
1463640 488
1463650 488
1463660 488
1463670 488
1463680 488
1463690 488
1463700 488
1463710 488
1463720 489
1463730 489
1463740 489
1463750 490
1463760 490
1463770 490
1463780 491
1463790 492
1463800 492
1463810 493
1463820 493
1463830 493
1463840 493
1463850 493
1463860 493
1463870 493
1463880 493
1463890 493
1463900 492
1463910 492
1463920 492
1463930 492
1463940 492
1463950 492
1463960 492
1463970 492
1463980 492
1463990 492
1464000 492
1464010 492
1464020 492
1464030 492
1464040 492
1464050 492
1464060 492
1464070 492
1464080 492
1464090 492
1464100 492
1464110 492
1464120 492
1464130 492
1464140 492
1464150 492
1464160 492
1464170 492
1464180 492
1464190 492
1464200 492
1464210 492
1464220 492
1464230 492
1464240 491
1464250 491
1464260 491
1464270 491
1464280 491
1464290 491
1464300 491
1464310 491
1464320 491
1464330 491
1464340 491
1464350 491
1464360 490
1464370 490
1464380 490
1464390 491
1464400 491
1464410 490
1464420 490
1464430 490
1464440 490
1464450 490
1464460 490
1464470 490
1464480 490
1464490 490
1464500 490
1464510 490
1464520 490
1464530 490
1464540 490
1464550 490
1464560 490
1464570 489
1464580 489
1464590 489
1464600 489
1464610 489
1464620 489
1464630 489
1464640 489
1464650 489
1464660 489
1464670 489
1464680 489
1464690 489
1464700 489
1464710 489
1464720 489
1464730 489
1464740 489
1464750 489
1464760 488
1464770 488
1464780 488
1464790 488
1464800 488
1464810 488
1464820 488
1464830 488
1464840 488
1464850 487
1464860 487
1464870 487
1464880 487
1464890 487
1464900 487
1464910 487
1464920 487
1464930 486
1464940 484
1464950 484
1464960 482
1464970 482
1464980 482
1464990 482
1465000 482
1465010 482
1465020 481
1465030 480
1465040 480
1465050 480
1465060 480
1465070 480
1465080 480
1465090 480
1465100 480
1465110 480
1465120 480
1465130 480
1465140 480
1465150 480
1465160 480
1465170 480
1465180 480
1465190 480
1465200 480
1465210 480
1465220 480
1465230 480
1465240 480
1465250 480
1465260 480
1465270 481
1465280 481
1465290 481
1465300 481
1465310 481
1465320 481
1465330 481
1465340 481
1465350 481
1465360 481
1465370 481
1465380 481
1465390 481
1465400 481
1465410 481
1465420 481
1465430 481
1465440 480
1465450 480
1465460 480
1465470 481
1465480 481
1465490 481
1465500 481
1465510 481
1465520 481
1465530 481
1465540 481
1465550 481
1465560 481
1465570 481
1465580 481
1465590 481
1465600 481
1465610 481
1465620 481
1465630 481
1465640 481
1465650 481
1465660 481
1465670 481
1465680 481
1465690 481
1465700 481
1465710 481
1465720 481
1465730 481
1465740 481
1465750 481
1465760 481
1465770 481
1465780 481
1465790 481
1465800 481
1465810 482
1465820 482
1465830 482
1465840 482
1465850 482
1465860 483
1465870 485
1465880 486
1465890 486
1465900 487
1465910 487
1465920 487
1465930 488
1465940 488
1465950 488
1465960 488
1465970 489
1465980 489
1465990 489
1466000 489
1466010 489
1466020 489
1466030 489
1466040 489
1466050 489
1466060 489
1466070 489
1466080 489
1466090 489
1466100 489
1466110 489
1466120 489
1466130 489
1466140 489
1466150 489
1466160 489
1466170 489
1466180 489
1466190 489
1466200 489
1466210 488
1466220 488
1466230 487
1466240 487
1466250 487
1466260 486
1466270 486
1466280 486
1466290 486
1466300 486
1466310 486
1466320 487
1466330 488
1466340 488
1466350 488
1466360 488
1466370 488
1466380 489
1466390 489
1466400 489
1466410 489
1466420 489
1466430 489
1466440 489
1466450 489
1466460 489
1466470 489
1466480 489
1466490 489
1466500 489
1466510 490
1466520 490
1466530 490
1466540 490
1466550 490
1466560 490
1466570 490
1466580 490
1466590 491
1466600 491
1466610 491
1466620 491
1466630 491
1466640 491
1466650 491
1466660 491
1466670 491
1466680 491
1466690 492
1466700 492
1466710 492
1466720 492
1466730 492
1466740 492
1466750 492
1466760 492
1466770 492
1466780 492
1466790 492
1466800 492
1466810 492
1466820 492
1466830 492
1466840 491
1466850 491
1466860 491
1466870 492
1466880 492
1466890 492
1466900 492
1466910 492
1466920 492
1466930 492
1466940 492
1466950 492
1466960 492
1466970 492
1466980 492
1466990 492
1467000 492
1467010 492
1467020 492
1467030 492
1467040 492
1467050 492
1467060 492
1467070 492
1467080 492
1467090 492
1467100 492
1467110 492
1467120 492
1467130 492
1467140 492
1467150 492
1467160 492
1467170 492
1467180 492
1467190 492
1467200 492
1467210 492
1467220 492
1467230 492
1467240 492
1467250 492
1467260 492
1467270 491
1467280 491
1467290 491
1467300 491
1467310 491
1467320 491
1467330 490
1467340 490
1467350 489
1467360 487
1467370 487
1467380 485
1467390 484
1467400 484
1467410 484
1467420 484
1467430 484
1467440 485
1467450 487
1467460 487
1467470 490
1467480 490
1467490 490
1467500 491
1467510 491
1467520 491
1467530 491
1467540 491
1467550 491
1467560 491
1467570 491
1467580 491
1467590 491
1467600 491
1467610 491
1467620 491
1467630 490
1467640 490
1467650 490
1467660 490
1467670 490
1467680 489
1467690 487
1467700 487
1467710 485
1467720 484
1467730 484
1467740 484
1467750 484
1467760 484
1467770 484
1467780 483
1467790 483
1467800 484
1467810 484
1467820 484
1467830 483
1467840 483
1467850 483
1467860 483
1467870 483
1467880 483
1467890 483
1467900 483
1467910 483
1467920 483
1467930 483
1467940 483
1467950 483
1467960 483
1467970 483
1467980 483
1467990 483
1468000 483
1468010 483
1468020 483
1468030 483
1468040 484
1468050 483
1468060 483
1468070 484
1468080 484
1468090 484
1468100 484
1468110 484
1468120 484
1468130 484
1468140 484
1468150 484
1468160 484
1468170 484
1468180 484
1468190 484
1468200 484
1468210 484
1468220 484
1468230 484
1468240 483
1468250 483
1468260 484
1468270 484
1468280 484
1468290 483
1468300 483
1468310 483
1468320 483
1468330 482
1468340 482
1468350 481
1468360 480
1468370 480
1468380 480
1468390 480
1468400 480
1468410 480
1468420 480
1468430 480
1468440 480
1468450 480
1468460 480
1468470 480
1468480 480
1468490 480
1468500 480
1468510 480
1468520 480
1468530 480
1468540 480
1468550 480
1468560 480
1468570 480
1468580 480
1468590 480
1468600 480
1468610 480
1468620 480
1468630 480
1468640 480
1468650 480
1468660 480
1468670 480
1468680 480
1468690 480
1468700 480
1468710 480
1468720 480
1468730 480
1468740 480
1468750 480
1468760 480
1468770 480
1468780 480
1468790 480
1468800 480
1468810 480
1468820 480
1468830 480
1468840 480
1468850 480
1468860 480
1468870 480
1468880 480
1468890 480
1468900 480
1468910 480
1468920 480
1468930 480
1468940 480
1468950 480
1468960 480
1468970 480
1468980 480
1468990 480
1469000 480
1469010 480
1469020 480
1469030 480
1469040 480
1469050 480
1469060 480
1469070 480
1469080 480
1469090 480
1469100 480
1469110 480
1469120 480
1469130 480
1469140 480
1469150 480
1469160 480
1469170 480
1469180 480
1469190 480
1469200 480
1469210 480
1469220 480
1469230 480
1469240 480
1469250 480
1469260 480
1469270 480
1469280 480
1469290 480
1469300 480
1469310 480
1469320 480
1469330 480
1469340 480
1469350 480
1469360 480
1469370 480
1469380 480
1469390 480
1469400 480
1469410 480
1469420 480
1469430 480
1469440 480
1469450 480
1469460 480
1469470 480
1469480 480
1469490 480
1469500 479
1469510 479
1469520 479
1469530 479
1469540 479
1469550 479
1469560 479
1469570 479
1469580 479
1469590 479
1469600 479
1469610 479
1469620 479
1469630 479
1469640 479
1469650 479
1469660 479
1469670 479
1469680 479
1469690 479
1469700 479
1469710 480
1469720 480
1469730 480
1469740 481
1469750 482
1469760 482
1469770 482
1469780 482
1469790 482
1469800 482
1469810 482
1469820 482
1469830 482
1469840 482
1469850 482
1469860 482
1469870 482
1469880 482
1469890 482
1469900 482
1469910 482
1469920 482
1469930 482
1469940 482
1469950 482
1469960 482
1469970 482
1469980 483
1469990 483
1470000 483
1470010 483
1470020 483
1470030 483
1470040 483
1470050 483
1470060 483
1470070 483
1470080 483
1470090 483
1470100 484
1470110 484
1470120 484
1470130 484
1470140 484
1470150 484
1470160 484
1470170 484
1470180 484
1470190 484
1470200 484
1470210 484
1470220 484
1470230 484
1470240 484
1470250 484
1470260 485
1470270 485
1470280 485
1470290 485
1470300 485
1470310 484
1470320 484
1470330 484
1470340 484
1470350 484
1470360 484
1470370 484
1470380 484
1470390 484
1470400 485
1470410 487
1470420 487
1470430 487
1470440 488
1470450 488
1470460 488
1470470 489
1470480 491
1470490 491
1470500 495
1470510 499
1470520 499
1470530 504
1470540 509
1470550 509
1470560 513
1470570 517
1470580 513
1470590 517
1470600 520
1470610 520
1470620 523
1470630 525
1470640 525
1470650 528
1470660 529
1470670 529
1470680 530
1470690 531
1470700 531
1470710 534
1470720 536
1470730 536
1470740 540
1470750 544
1470760 544
1470770 549
1470780 553
1470790 553
1470800 557
1470810 561
1470820 561
1470830 563
1470840 566
1470850 566
1470860 567
1470870 564
1470880 564
1470890 559
1470900 555
1470910 555
1470920 552
1470930 554
1470940 554
1470950 557
1470960 561
1470970 561
1470980 564
1470990 567
1471000 567
1471010 569
1471020 571
1471030 571
1471040 573
1471050 573
1471060 573
1471070 573
1471080 570
1471090 570
1471100 567
1471110 564
1471120 564
1471130 560
1471140 556
1471150 556
1471160 551
1471170 546
1471180 546
1471190 541
1471200 535
1471210 535
1471220 530
1471230 524
1471240 524
1471250 521
1471260 519
1471270 519
1471280 518
1471290 517
1471300 517
1471310 519
1471320 523
1471330 523
1471340 527
1471350 531
1471360 531
1471370 533
1471380 536
1471390 536
1471400 539
1471410 541
1471420 541
1471430 542
1471440 542
1471450 542
1471460 544
1471470 548
1471480 548
1471490 551
1471500 554
1471510 554
1471520 556
1471530 558
1471540 558
1471550 560
1471560 561
1471570 561
1471580 561
1471590 559
1471600 556
1471610 556
1471620 553
1471630 550
1471640 550
1471650 549
1471660 549
1471670 549
1471680 550
1471690 550
1471700 550
1471710 550
1471720 549
1471730 549
1471740 551
1471750 554
1471760 554
1471770 558
1471780 561
1471790 561
1471800 564
1471810 568
1471820 568
1471830 572
1471840 576
1471850 576
1471860 581
1471870 585
1471880 585
1471890 589
1471900 593
1471910 593
1471920 595
1471930 597
1471940 597
1471950 597
1471960 596
1471970 596
1471980 594
1471990 592
1472000 592
1472010 589
1472020 588
1472030 588
1472040 586
1472050 588
1472060 588
1472070 590
1472080 593
1472090 593
1472100 597
1472110 602
1472120 602
1472130 607
1472140 610
1472150 610
1472160 613
1472170 615
1472180 615
1472190 618
1472200 620
1472210 620
1472220 623
1472230 624
1472240 624
1472250 626
1472260 627
1472270 627
1472280 628
1472290 628
1472300 628
1472310 629
1472320 629
1472330 629
1472340 629
1472350 629
1472360 629
1472370 630
1472380 630
1472390 630
1472400 630
1472410 632
1472420 632
1472430 635
1472440 638
1472450 638
1472460 642
1472470 645
1472480 645
1472490 647
1472500 649
1472510 649
1472520 650
1472530 651
1472540 651
1472550 651
1472560 650
1472570 650
1472580 649
1472590 648
1472600 648
1472610 647
1472620 646
1472630 646
1472640 646
1472650 645
1472660 645
1472670 644
1472680 644
1472690 644
1472700 643
1472710 643
1472720 645
1472730 645
1472740 649
1472750 652
1472760 652
1472770 654
1472780 655
1472790 655
1472800 656
1472810 657
1472820 657
1472830 659
1472840 661
1472850 661
1472860 662
1472870 664
1472880 664
1472890 666
1472900 668
1472910 668
1472920 671
1472930 673
1472940 673
1472950 675
1472960 678
1472970 678
1472980 680
1472990 682
1473000 682
1473010 682
1473020 683
1473030 683
1473040 682
1473050 682
1473060 682
1473070 680
1473080 679
1473090 679
1473100 677
1473110 675
1473120 675
1473130 673
1473140 671
1473150 671
1473160 670
1473170 668
1473180 668
1473190 667
1473200 665
1473210 665
1473220 662
1473230 660
1473240 660
1473250 659
1473260 657
1473270 657
1473280 656
1473290 654
1473300 654
1473310 652
1473320 651
1473330 651
1473340 651
1473350 650
1473360 650
1473370 648
1473380 647
1473390 647
1473400 646
1473410 645
1473420 645
1473430 643
1473440 641
1473450 641
1473460 639
1473470 636
1473480 636
1473490 634
1473500 632
1473510 632
1473520 631
1473530 630
1473540 630
1473550 627
1473560 624
1473570 624
1473580 622
1473590 619
1473600 619
1473610 617
1473620 614
1473630 614
1473640 612
1473650 613
1473660 613
1473670 616
1473680 619
1473690 619
1473700 623
1473710 625
1473720 625
1473730 624
1473740 620
1473750 620
1473760 616
1473770 613
1473780 613
1473790 612
1473800 614
1473810 614
1473820 619
1473830 624
1473840 624
1473850 629
1473860 633
1473870 636
1473880 636
1473890 640
1473900 643
1473910 643
1473920 646
1473930 649
1473940 649
1473950 651
1473960 652
1473970 652
1473980 654
1473990 654
1474000 654
1474010 655
1474020 655
1474030 655
1474040 655
1474050 655
1474060 655
1474070 655
1474080 655
1474090 655
1474100 655
1474110 655
1474120 655
1474130 656
1474140 656
1474150 656
1474160 658
1474170 659
1474180 659
1474190 662
1474200 665
1474210 665
1474220 668
1474230 670
1474240 670
1474250 672
1474260 673
1474270 673
1474280 673
1474290 673
1474300 673
1474310 672
1474320 671
1474330 671
1474340 671
1474350 670
1474360 670
1474370 669
1474380 669
1474390 669
1474400 668
1474410 667
1474420 667
1474430 665
1474440 664
1474450 664
1474460 663
1474470 662
1474480 662
1474490 660
1474500 659
1474510 659
1474520 658
1474530 656
1474540 656
1474550 654
1474560 652
1474570 652
1474580 651
1474590 650
1474600 650
1474610 649
1474620 649
1474630 649
1474640 648
1474650 647
1474660 647
1474670 646
1474680 646
1474690 646
1474700 645
1474710 645
1474720 645
1474730 644
1474740 643
1474750 643
1474760 643
1474770 642
1474780 642
1474790 642
1474800 642
1474810 642
1474820 642
1474830 641
1474840 641
1474850 641
1474860 641
1474870 641
1474880 641
1474890 640
1474900 640
1474910 640
1474920 639
1474930 639
1474940 637
1474950 636
1474960 636
1474970 635
1474980 634
1474990 633
1475000 633
1475010 632
1475020 632
1475030 632
1475040 631
1475050 630
1475060 630
1475070 629
1475080 629
1475090 629
1475100 628
1475110 628
1475120 628
1475130 627
1475140 626
1475150 626
1475160 626
1475170 625
1475180 625
1475190 625
1475200 624
1475210 624
1475220 623
1475230 622
1475240 622
1475250 621
1475260 620
1475270 620
1475280 618
1475290 617
1475300 617
1475310 615
1475320 614
1475330 614
1475340 612
1475350 610
1475360 610
1475370 609
1475380 607
1475390 607
1475400 605
1475410 604
1475420 604
1475430 603
1475440 602
1475450 602
1475460 601
1475470 600
1475480 600
1475490 599
1475500 598
1475510 598
1475520 597
1475530 596
1475540 596
1475550 595
1475560 594
1475570 594
1475580 593
1475590 592
1475600 592
1475610 591
1475620 590
1475630 590
1475640 589
1475650 589
1475660 589
1475670 588
1475680 587
1475690 587
1475700 586
1475710 586
1475720 586
1475730 584
1475740 583
1475750 583
1475760 582
1475770 581
1475780 581
1475790 581
1475800 581
1475810 581
1475820 581
1475830 582
1475840 582
1475850 584
1475860 588
1475870 588
1475880 590
1475890 593
1475900 593
1475910 597
1475920 601
1475930 601
1475940 604
1475950 607
1475960 607
1475970 609
1475980 610
1475990 610
1476000 610
1476010 610
1476020 610
1476030 609
1476040 608
1476050 608
1476060 606
1476070 605
1476080 605
1476090 602
1476100 601
1476110 601
1476120 601
1476130 603
1476140 606
1476150 606
1476160 609
1476170 612
1476180 612
1476190 614
1476200 616
1476210 616
1476220 619
1476230 621
1476240 621
1476250 623
1476260 623
1476270 623
1476280 623
1476290 624
1476300 624
1476310 626
1476320 628
1476330 628
1476340 630
1476350 633
1476360 633
1476370 636
1476380 638
1476390 638
1476400 641
1476410 643
1476420 643
1476430 646
1476440 648
1476450 648
1476460 650
1476470 651
1476480 651
1476490 653
1476500 654
1476510 654
1476520 655
1476530 656
1476540 656
1476550 657
1476560 658
1476570 658
1476580 659
1476590 660
1476600 660
1476610 661
1476620 662
1476630 662
1476640 663
1476650 665
1476660 665
1476670 667
1476680 668
1476690 668
1476700 670
1476710 672
1476720 672
1476730 674
1476740 676
1476750 676
1476760 678
1476770 680
1476780 680
1476790 682
1476800 683
1476810 683
1476820 683
1476830 683
1476840 683
1476850 683
1476860 682
1476870 682
1476880 681
1476890 680
1476900 680
1476910 678
1476920 677
1476930 677
1476940 676
1476950 675
1476960 675
1476970 674
1476980 672
1476990 672
1477000 669
1477010 667
1477020 667
1477030 666
1477040 665
1477050 665
1477060 664
1477070 663
1477080 663
1477090 661
1477100 658
1477110 658
1477120 655
1477130 652
1477140 652
1477150 650
1477160 648
1477170 648
1477180 647
1477190 646
1477200 646
1477210 646
1477220 646
1477230 646
1477240 647
1477250 647
1477260 647
1477270 647
1477280 648
1477290 649
1477300 649
1477310 649
1477320 649
1477330 649
1477340 650
1477350 651
1477360 651
1477370 653
1477380 654
1477390 654
1477400 654
1477410 655
1477420 655
1477430 656
1477440 657
1477450 657
1477460 659
1477470 660
1477480 660
1477490 662
1477500 665
1477510 665
1477520 666
1477530 667
1477540 667
1477550 668
1477560 668
1477570 668
1477580 668
1477590 668
1477600 668
1477610 668
1477620 668
1477630 668
1477640 668
1477650 668
1477660 668
1477670 668
1477680 667
1477690 667
1477700 666
1477710 665
1477720 665
1477730 664
1477740 663
1477750 663
1477760 662
1477770 661
1477780 661
1477790 660
1477800 660
1477810 660
1477820 659
1477830 658
1477840 658
1477850 657
1477860 656
1477870 656
1477880 656
1477890 655
1477900 655
1477910 655
1477920 654
1477930 654
1477940 653
1477950 653
1477960 653
1477970 653
1477980 652
1477990 652
1478000 653
1478010 653
1478020 653
1478030 654
1478040 654
1478050 654
1478060 654
1478070 655
1478080 655
1478090 655
1478100 655
1478110 655
1478120 655
1478130 655
1478140 655
1478150 655
1478160 654
1478170 654
1478180 654
1478190 652
1478200 652
1478210 650
1478220 648
1478230 648
1478240 646
1478250 643
1478260 643
1478270 640
1478280 636
1478290 636
1478300 634
1478310 631
1478320 631
1478330 629
1478340 627
1478350 627
1478360 625
1478370 624
1478380 624
1478390 622
1478400 620
1478410 620
1478420 619
1478430 617
1478440 616
1478450 616
1478460 615
1478470 614
1478480 614
1478490 612
1478500 610
1478510 610
1478520 608
1478530 604
1478540 604
1478550 601
1478560 598
1478570 598
1478580 596
1478590 596
1478600 596
1478610 595
1478620 595
1478630 595
1478640 595
1478650 597
1478660 597
1478670 598
1478680 599
1478690 599
1478700 599
1478710 599
1478720 599
1478730 599
1478740 599
1478750 599
1478760 599
1478770 599
1478780 599
1478790 599
1478800 599
1478810 599
1478820 599
1478830 599
1478840 599
1478850 599
1478860 598
1478870 598
1478880 598
1478890 598
1478900 598
1478910 597
1478920 596
1478930 596
1478940 595
1478950 594
1478960 594
1478970 593
1478980 593
1478990 593
1479000 592
1479010 591
1479020 591
1479030 590
1479040 589
1479050 589
1479060 588
1479070 587
1479080 587
1479090 586
1479100 585
1479110 585
1479120 584
1479130 583
1479140 583
1479150 582
1479160 581
1479170 581
1479180 580
1479190 579
1479200 579
1479210 578
1479220 577
1479230 577
1479240 576
1479250 574
1479260 574
1479270 573
1479280 571
1479290 571
1479300 569
1479310 566
1479320 566
1479330 564
1479340 563
1479350 563
1479360 563
1479370 563
1479380 563
1479390 563
1479400 563
1479410 563
1479420 563
1479430 563
1479440 563
1479450 563
1479460 563
1479470 563
1479480 563
1479490 563
1479500 563
1479510 563
1479520 563
1479530 563
1479540 563
1479550 564
1479560 564
1479570 564
1479580 563
1479590 563
1479600 563
1479610 563
1479620 564
1479630 564
1479640 566
1479650 569
1479660 569
1479670 571
1479680 573
1479690 573
1479700 574
1479710 576
1479720 576
1479730 577
1479740 578
1479750 578
1479760 580
1479770 581
1479780 581
1479790 582
1479800 584
1479810 584
1479820 585
1479830 586
1479840 586
1479850 587
1479860 588
1479870 588
1479880 590
1479890 591
1479900 591
1479910 592
1479920 594
1479930 594
1479940 595
1479950 596
1479960 596
1479970 597
1479980 598
1479990 598
