1460000 476
1460010 477
1460020 477
1460030 478
1460040 479
1460050 479
1460060 479
1460070 480
1460080 480
1460090 481
1460100 483
1460110 483
1460120 484
1460130 487
1460140 487
1460150 490
1460160 493
1460170 493
1460180 495
1460190 496
1460200 496
1460210 498
1460220 499
1460230 499
1460240 500
1460250 501
1460260 501
1460270 502
1460280 503
1460290 503
1460300 504
1460310 505
1460320 505
1460330 506
1460340 508
1460350 508
1460360 509
1460370 511
1460380 511
1460390 512
1460400 513
1460410 513
1460420 514
1460430 515
1460440 515
1460450 516
1460460 517
1460470 517
1460480 518
1460490 519
1460500 519
1460510 520
1460520 521
1460530 521
1460540 521
1460550 522
1460560 522
1460570 523
1460580 523
1460590 523
1460600 524
1460610 525
1460620 525
1460630 525
1460640 526
1460650 526
1460660 527
1460670 527
1460680 527
1460690 528
1460700 528
1460710 528
1460720 529
1460730 529
1460740 529
1460750 530
1460760 530
1460770 530
1460780 531
1460790 531
1460800 531
1460810 532
1460820 532
1460830 532
1460840 533
1460850 533
1460860 533
1460870 534
1460880 534
1460890 534
1460900 534
1460910 534
1460920 534
1460930 535
1460940 535
1460950 535
1460960 535
1460970 535
1460980 535
1460990 535
1461000 534
1461010 534
1461020 534
1461030 534
1461040 534
1461050 534
1461060 534
1461070 534
1461080 533
1461090 533
1461100 533
1461110 532
1461120 532
1461130 532
1461140 532
1461150 532
1461160 531
1461170 531
1461180 531
1461190 531
1461200 531
1461210 530
1461220 529
1461230 529
1461240 529
1461250 528
1461260 528
1461270 527
1461280 527
1461290 527
1461300 525
1461310 523
1461320 523
1461330 519
1461340 515
1461350 515
1461360 511
1461370 508
1461380 508
1461390 504
1461400 501
1461410 501
1461420 498
1461430 496
1461440 496
1461450 493
1461460 490
1461470 490
1461480 488
1461490 486
1461500 486
1461510 484
1461520 485
1461530 485
1461540 487
1461550 489
1461560 489
1461570 492
1461580 492
1461590 492
1461600 491
1461610 489
1461620 489
1461630 485
1461640 480
1461650 480
1461660 476
1461670 471
1461680 471
1461690 468
1461700 466
1461710 466
1461720 465
1461730 463
1461740 463
1461750 462
1461760 461
1461770 461
1461780 461
1461790 460
1461800 460
1461810 460
1461820 459
1461830 459
1461840 459
1461850 458
1461860 458
1461870 458
1461880 458
1461890 458
1461900 457
1461910 457
1461920 457
1461930 457
1461940 456
1461950 456
1461960 456
1461970 456
1461980 456
1461990 456
1462000 456
1462010 456
1462020 456
1462030 456
1462040 456
1462050 456
1462060 456
1462070 456
1462080 456
1462090 455
1462100 455
1462110 455
1462120 455
1462130 455
1462140 456
1462150 456
1462160 456
1462170 456
1462180 455
1462190 455
1462200 455
1462210 455
1462220 455
1462230 455
1462240 455
1462250 455
1462260 455
1462270 455
1462280 455
1462290 455
1462300 455
1462310 455
1462320 455
1462330 455
1462340 455
1462350 455
1462360 455
1462370 455
1462380 455
1462390 455
1462400 455
1462410 455
1462420 455
1462430 455
1462440 455
1462450 455
1462460 455
1462470 455
1462480 455
1462490 455
1462500 455
1462510 455
1462520 455
1462530 455
1462540 455
1462550 455
1462560 455
1462570 455
1462580 455
1462590 455
1462600 455
1462610 455
1462620 455
1462630 455
1462640 455
1462650 455
1462660 455
1462670 455
1462680 455
1462690 455
1462700 455
1462710 455
1462720 455
1462730 455
1462740 455
1462750 455
1462760 455
1462770 455
1462780 455
1462790 455
1462800 455
1462810 455
1462820 455
1462830 455
1462840 455
1462850 455
1462860 455
1462870 455
1462880 455
1462890 455
1462900 455
1462910 455
1462920 455
1462930 455
1462940 455
1462950 455
1462960 455
1462970 455
1462980 455
1462990 455
1463000 455
1463010 455
1463020 455
1463030 455
1463040 455
1463050 455
1463060 455
1463070 455
1463080 455
1463090 455
1463100 455
1463110 455
1463120 455
1463130 455
1463140 455
1463150 455
1463160 455
1463170 455
1463180 455
1463190 455
1463200 455
1463210 455
1463220 455
1463230 456
1463240 456
1463250 456
1463260 456
1463270 456
1463280 456
1463290 456
1463300 456
1463310 456
1463320 456
1463330 457
1463340 457
1463350 456
1463360 457
1463370 457
1463380 458
1463390 459
1463400 459
1463410 459
1463420 460
1463430 460
1463440 461
1463450 462
1463460 462
1463470 464
1463480 466
1463490 466
1463500 466
1463510 467
1463520 467
1463530 467
1463540 468
1463550 468
1463560 468
1463570 468
1463580 468
1463590 468
1463600 468
1463610 468
1463620 468
1463630 468
1463640 468
1463650 468
1463660 468
1463670 468
1463680 468
1463690 468
1463700 469
1463710 468
1463720 468
1463730 468
1463740 468
1463750 468
1463760 468
1463770 468
1463780 468
1463790 468
1463800 468
1463810 468
1463820 468
1463830 468
1463840 468
1463850 468
1463860 468
1463870 468
1463880 468
1463890 468
1463900 468
1463910 469
1463920 469
1463930 469
1463940 469
1463950 469
1463960 469
1463970 469
1463980 469
1463990 470
1464000 470
1464010 470
1464020 470
1464030 470
1464040 470
1464050 470
1464060 470
1464070 470
1464080 470
1464090 470
1464100 470
1464110 470
1464120 471
1464130 471
1464140 471
1464150 471
1464160 471
1464170 471
1464180 471
1464190 471
1464200 471
1464210 471
1464220 471
1464230 471
1464240 471
1464250 471
1464260 471
1464270 471
1464280 471
1464290 470
1464300 470
1464310 470
1464320 471
1464330 471
1464340 471
1464350 471
1464360 471
1464370 471
1464380 471
1464390 471
1464400 471
1464410 471
1464420 471
1464430 471
1464440 471
1464450 471
1464460 471
1464470 471
1464480 471
1464490 471
1464500 471
1464510 471
1464520 471
1464530 471
1464540 471
1464550 471
1464560 471
1464570 471
1464580 471
1464590 472
1464600 471
1464610 471
1464620 471
1464630 471
1464640 471
1464650 471
1464660 471
1464670 471
1464680 471
1464690 469
1464700 469
1464710 464
1464720 459
1464730 459
1464740 456
1464750 456
1464760 456
1464770 456
1464780 456
1464790 456
1464800 456
1464810 456
1464820 456
1464830 456
1464840 457
1464850 457
1464860 456
1464870 456
1464880 456
1464890 456
1464900 456
1464910 456
1464920 457
1464930 457
1464940 457
1464950 457
1464960 457
1464970 457
1464980 457
1464990 457
1465000 457
1465010 457
1465020 457
1465030 457
1465040 457
1465050 457
1465060 457
1465070 457
1465080 457
1465090 457
1465100 457
1465110 457
1465120 457
1465130 457
1465140 457
1465150 457
1465160 457
1465170 457
1465180 457
1465190 457
1465200 457
1465210 457
1465220 457
1465230 457
1465240 457
1465250 457
1465260 457
1465270 457
1465280 457
1465290 457
1465300 457
1465310 457
1465320 457
1465330 457
1465340 457
1465350 457
1465360 457
1465370 457
1465380 457
1465390 457
1465400 457
1465410 457
1465420 457
1465430 457
1465440 457
1465450 457
1465460 457
1465470 457
1465480 457
1465490 457
1465500 458
1465510 458
1465520 458
1465530 458
1465540 458
1465550 458
1465560 458
1465570 458
1465580 458
1465590 458
1465600 458
1465610 458
1465620 458
1465630 458
1465640 458
1465650 458
1465660 458
1465670 458
1465680 458
1465690 458
1465700 458
1465710 458
1465720 458
1465730 458
1465740 458
1465750 458
1465760 458
1465770 458
1465780 458
1465790 458
1465800 459
1465810 459
1465820 459
1465830 459
1465840 458
1465850 458
1465860 458
1465870 458
1465880 458
1465890 458
1465900 459
1465910 459
1465920 459
1465930 458
1465940 458
1465950 458
1465960 459
1465970 459
1465980 459
1465990 459
1466000 459
1466010 458
1466020 458
1466030 458
1466040 458
1466050 458
1466060 458
1466070 458
1466080 458
1466090 458
1466100 458
1466110 458
1466120 458
1466130 458
1466140 459
1466150 459
1466160 459
1466170 459
1466180 459
1466190 459
1466200 459
1466210 459
1466220 459
1466230 459
1466240 459
1466250 459
1466260 459
1466270 459
1466280 459
1466290 459
1466300 459
1466310 459
1466320 459
1466330 459
1466340 459
1466350 459
1466360 459
1466370 459
1466380 459
1466390 459
1466400 459
1466410 459
1466420 459
1466430 459
1466440 459
1466450 459
1466460 459
1466470 459
1466480 459
1466490 459
1466500 459
1466510 459
1466520 459
1466530 459
1466540 459
1466550 459
1466560 459
1466570 459
1466580 459
1466590 460
1466600 460
1466610 460
1466620 460
1466630 460
1466640 460
1466650 460
1466660 460
1466670 460
1466680 460
1466690 460
1466700 460
1466710 460
1466720 460
1466730 460
1466740 460
1466750 461
1466760 461
1466770 462
1466780 464
1466790 464
1466800 466
1466810 469
1466820 469
1466830 473
1466840 476
1466850 476
1466860 478
1466870 478
1466880 478
1466890 478
1466900 479
1466910 479
1466920 479
1466930 480
1466940 480
1466950 480
1466960 481
1466970 481
1466980 481
1466990 481
1467000 481
1467010 482
1467020 482
1467030 482
1467040 483
1467050 483
1467060 483
1467070 484
1467080 484
1467090 484
1467100 485
1467110 485
1467120 485
1467130 486
1467140 486
1467150 486
1467160 487
1467170 488
1467180 488
1467190 488
1467200 489
1467210 489
1467220 491
1467230 492
1467240 492
1467250 492
1467260 493
1467270 493
1467280 493
1467290 494
1467300 494
1467310 495
1467320 496
1467330 496
1467340 496
1467350 497
1467360 497
1467370 498
1467380 499
1467390 499
1467400 499
1467410 500
1467420 500
1467430 501
1467440 502
1467450 502
1467460 502
1467470 503
1467480 503
1467490 504
1467500 505
1467510 505
1467520 505
1467530 506
1467540 506
1467550 507
1467560 508
1467570 508
1467580 508
1467590 509
1467600 509
1467610 510
1467620 511
1467630 511
1467640 512
1467650 513
1467660 513
1467670 515
1467680 516
1467690 516
1467700 517
1467710 518
1467720 518
1467730 519
1467740 521
1467750 521
1467760 523
1467770 525
1467780 525
1467790 526
1467800 528
1467810 528
1467820 529
1467830 531
1467840 533
1467850 533
1467860 535
1467870 537
1467880 537
1467890 538
1467900 539
1467910 539
1467920 539
1467930 540
1467940 540
1467950 540
1467960 541
1467970 541
1467980 540
1467990 540
1468000 540
1468010 541
1468020 542
1468030 542
1468040 542
1468050 542
1468060 542
1468070 543
1468080 544
1468090 544
1468100 544
1468110 545
1468120 545
1468130 546
1468140 547
1468150 547
1468160 549
1468170 551
1468180 551
1468190 554
1468200 557
1468210 557
1468220 559
1468230 561
1468240 561
1468250 563
1468260 565
1468270 565
1468280 566
1468290 568
1468300 568
1468310 569
1468320 571
1468330 571
1468340 572
1468350 573
1468360 573
1468370 574
1468380 577
1468390 577
1468400 580
1468410 583
1468420 583
1468430 585
1468440 587
1468450 587
1468460 589
1468470 592
1468480 592
1468490 594
1468500 596
1468510 596
1468520 597
1468530 598
1468540 598
1468550 598
1468560 599
1468570 599
1468580 599
1468590 600
1468600 600
1468610 601
1468620 602
1468630 602
1468640 603
1468650 604
1468660 604
1468670 606
1468680 609
1468690 609
1468700 612
1468710 616
1468720 616
1468730 618
1468740 621
1468750 621
1468760 622
1468770 621
1468780 621
1468790 619
1468800 616
1468810 616
1468820 613
1468830 609
1468840 609
1468850 606
1468860 603
1468870 603
1468880 600
1468890 596
1468900 596
1468910 594
1468920 593
1468930 593
1468940 592
1468950 591
1468960 591
1468970 591
1468980 591
1468990 591
1469000 591
1469010 590
1469020 590
1469030 589
1469040 588
1469050 588
1469060 586
1469070 584
1469080 584
1469090 581
1469100 577
1469110 577
1469120 572
1469130 570
1469140 570
1469150 572
1469160 576
1469170 576
1469180 581
1469190 585
1469200 588
1469210 588
1469220 590
1469230 591
1469240 591
1469250 591
1469260 590
1469270 590
1469280 590
1469290 590
1469300 590
1469310 592
1469320 594
1469330 594
1469340 596
1469350 598
1469360 598
1469370 600
1469380 603
1469390 603
1469400 604
1469410 604
1469420 604
1469430 603
1469440 602
1469450 602
1469460 600
1469470 599
1469480 599
1469490 599
1469500 598
1469510 598
1469520 597
1469530 595
1469540 595
1469550 594
1469560 592
1469570 592
1469580 591
1469590 589
1469600 589
1469610 587
1469620 585
1469630 585
1469640 583
1469650 581
1469660 581
1469670 579
1469680 577
1469690 577
1469700 574
1469710 571
1469720 571
1469730 567
1469740 564
1469750 564
1469760 561
1469770 559
1469780 559
1469790 557
1469800 555
1469810 555
1469820 553
1469830 551
1469840 551
1469850 550
1469860 548
1469870 548
1469880 548
1469890 547
1469900 547
1469910 547
1469920 546
1469930 546
1469940 547
1469950 550
1469960 550
1469970 553
1469980 556
1469990 556
1470000 557
1470010 555
1470020 555
1470030 553
1470040 550
1470050 550
1470060 549
1470070 552
1470080 552
1470090 555
1470100 560
1470110 560
1470120 564
1470130 569
1470140 569
1470150 574
1470160 578
1470170 578
1470180 582
1470190 587
1470200 587
1470210 591
1470220 594
1470230 594
1470240 596
1470250 596
1470260 596
1470270 597
1470280 596
1470290 596
1470300 595
1470310 593
1470320 593
1470330 591
1470340 588
1470350 588
1470360 586
1470370 584
1470380 584
1470390 582
1470400 580
1470410 580
1470420 578
1470430 575
1470440 575
1470450 572
1470460 569
1470470 569
1470480 567
1470490 566
1470500 566
1470510 565
1470520 563
1470530 563
1470540 561
1470550 560
1470560 558
1470570 558
1470580 557
1470590 556
1470600 556
1470610 555
1470620 555
1470630 555
1470640 555
1470650 553
1470660 553
1470670 550
1470680 548
1470690 548
1470700 547
1470710 549
1470720 549
1470730 553
1470740 557
1470750 557
1470760 559
1470770 560
1470780 560
1470790 562
1470800 563
1470810 563
1470820 566
1470830 569
1470840 569
1470850 573
1470860 578
1470870 578
1470880 582
1470890 586
1470900 586
1470910 589
1470920 590
1470930 590
1470940 588
1470950 585
1470960 585
1470970 581
1470980 579
1470990 579
1471000 579
1471010 579
1471020 579
1471030 580
1471040 581
1471050 581
1471060 583
1471070 585
1471080 585
1471090 588
1471100 591
1471110 591
1471120 593
1471130 593
1471140 593
1471150 592
1471160 590
1471170 590
1471180 586
1471190 582
1471200 582
1471210 579
1471220 575
1471230 575
1471240 572
1471250 570
1471260 570
1471270 566
1471280 562
1471290 562
1471300 557
1471310 552
1471320 552
1471330 549
1471340 548
1471350 548
1471360 551
1471370 554
1471380 554
1471390 556
1471400 557
1471410 557
1471420 556
1471430 555
1471440 555
1471450 552
1471460 548
1471470 548
1471480 545
1471490 542
1471500 542
1471510 540
1471520 539
1471530 539
1471540 538
1471550 537
1471560 537
1471570 537
1471580 536
1471590 536
1471600 535
1471610 535
1471620 535
1471630 534
1471640 533
1471650 533
1471660 532
1471670 531
1471680 531
1471690 530
1471700 531
1471710 531
1471720 532
1471730 533
1471740 533
1471750 535
1471760 537
1471770 537
1471780 540
1471790 542
1471800 542
1471810 543
1471820 544
1471830 544
1471840 543
1471850 542
1471860 542
1471870 541
1471880 540
1471890 541
1471900 541
1471910 544
1471920 546
1471930 546
1471940 548
1471950 549
1471960 549
1471970 550
1471980 550
1471990 550
1472000 551
1472010 552
1472020 552
1472030 553
1472040 553
1472050 553
1472060 554
1472070 555
1472080 555
1472090 555
1472100 556
1472110 556
1472120 557
1472130 559
1472140 559
1472150 560
1472160 560
1472170 560
1472180 561
1472190 562
1472200 562
1472210 563
1472220 563
1472230 563
1472240 564
1472250 565
1472260 565
1472270 565
1472280 566
1472290 566
1472300 567
1472310 567
1472320 567
1472330 568
1472340 568
1472350 568
1472360 568
1472370 569
1472380 569
1472390 569
1472400 570
1472410 570
1472420 570
1472430 570
1472440 570
1472450 570
1472460 571
1472470 571
1472480 570
1472490 570
1472500 570
1472510 570
1472520 569
1472530 569
1472540 568
1472550 565
1472560 565
1472570 563
1472580 563
1472590 563
1472600 565
1472610 569
1472620 569
1472630 573
1472640 577
1472650 577
1472660 580
1472670 582
1472680 582
1472690 585
1472700 587
1472710 587
1472720 589
1472730 590
1472740 590
1472750 592
1472760 593
1472770 593
1472780 594
1472790 595
1472800 595
1472810 596
1472820 597
1472830 597
1472840 598
1472850 599
1472860 599
1472870 600
1472880 601
1472890 601
1472900 602
1472910 603
1472920 603
1472930 604
1472940 605
1472950 605
1472960 605
1472970 605
1472980 605
1472990 605
1473000 605
1473010 605
1473020 605
1473030 606
1473040 606
1473050 606
1473060 606
1473070 606
1473080 607
1473090 608
1473100 608
1473110 609
1473120 609
1473130 609
1473140 610
1473150 611
1473160 611
1473170 612
1473180 613
1473190 613
1473200 614
1473210 614
1473220 614
1473230 614
1473240 613
1473250 610
1473260 610
1473270 608
1473280 606
1473290 606
1473300 605
1473310 603
1473320 603
1473330 602
1473340 601
1473350 601
1473360 600
1473370 599
1473380 599
1473390 598
1473400 596
1473410 596
1473420 595
1473430 593
1473440 593
1473450 591
1473460 589
1473470 589
1473480 585
1473490 583
1473500 583
1473510 580
1473520 579
1473530 579
1473540 579
1473550 582
1473560 582
1473570 586
1473580 590
1473590 590
1473600 594
1473610 598
1473620 598
1473630 601
1473640 602
1473650 602
1473660 603
1473670 603
1473680 603
1473690 603
1473700 603
1473710 603
1473720 603
1473730 603
1473740 603
1473750 602
1473760 602
1473770 602
1473780 601
1473790 601
1473800 601
1473810 601
1473820 601
1473830 601
1473840 600
1473850 599
1473860 599
1473870 599
1473880 600
1473890 600
1473900 603
1473910 606
1473920 606
1473930 608
1473940 609
1473950 609
1473960 611
1473970 612
1473980 612
1473990 614
1474000 616
1474010 616
1474020 617
1474030 619
1474040 619
1474050 620
1474060 622
1474070 622
1474080 623
1474090 624
1474100 624
1474110 625
1474120 626
1474130 626
1474140 627
1474150 628
1474160 628
1474170 629
1474180 630
1474190 630
1474200 631
1474210 632
1474220 632
1474230 632
1474240 630
1474250 630
1474260 628
1474270 625
1474280 625
1474290 623
1474300 620
1474310 620
1474320 617
1474330 618
1474340 618
1474350 621
1474360 624
1474370 624
1474380 627
1474390 629
1474400 629
1474410 630
1474420 630
1474430 630
1474440 628
1474450 625
1474460 625
1474470 622
1474480 619
1474490 619
1474500 618
1474510 619
1474520 619
1474530 622
1474540 624
1474550 624
1474560 627
1474570 629
1474580 629
1474590 631
1474600 633
1474610 636
1474620 636
1474630 639
1474640 641
1474650 641
1474660 643
1474670 644
1474680 644
1474690 644
1474700 643
1474710 643
1474720 642
1474730 641
1474740 641
1474750 640
1474760 639
1474770 639
1474780 639
1474790 638
1474800 638
1474810 638
1474820 638
1474830 638
1474840 639
1474850 640
1474860 640
1474870 641
1474880 642
1474890 642
1474900 642
1474910 642
1474920 642
1474930 642
1474940 641
1474950 641
1474960 639
1474970 638
1474980 638
1474990 636
1475000 634
1475010 634
1475020 632
1475030 630
1475040 630
1475050 629
1475060 627
1475070 627
1475080 625
1475090 623
1475100 623
1475110 622
1475120 621
1475130 621
1475140 620
1475150 618
1475160 618
1475170 616
1475180 613
1475190 613
1475200 610
1475210 607
1475220 607
1475230 604
1475240 601
1475250 601
1475260 599
1475270 598
1475280 598
1475290 595
1475300 592
1475310 592
1475320 590
1475330 588
1475340 588
1475350 589
1475360 593
1475370 593
1475380 597
1475390 601
1475400 601
1475410 604
1475420 607
1475430 607
1475440 609
1475450 611
1475460 611
1475470 613
1475480 615
1475490 615
1475500 617
1475510 618
1475520 618
1475530 618
1475540 617
1475550 617
1475560 616
1475570 615
1475580 615
1475590 613
1475600 613
1475610 613
1475620 612
1475630 611
1475640 611
1475650 610
1475660 610
1475670 610
1475680 609
1475690 608
1475700 608
1475710 607
1475720 606
1475730 606
1475740 605
1475750 604
1475760 604
1475770 604
1475780 603
1475790 603
1475800 601
1475810 600
1475820 600
1475830 599
1475840 598
1475850 598
1475860 598
1475870 597
1475880 597
1475890 597
1475900 596
1475910 596
1475920 596
1475930 595
1475940 595
1475950 595
1475960 594
1475970 594
1475980 594
1475990 593
1476000 593
1476010 593
1476020 592
1476030 591
1476040 591
1476050 589
1476060 586
1476070 586
1476080 584
1476090 582
1476100 582
1476110 581
1476120 583
1476130 583
1476140 587
1476150 592
1476160 592
1476170 597
1476180 602
1476190 602
1476200 606
1476210 609
1476220 609
1476230 612
1476240 615
1476250 615
1476260 618
1476270 621
1476280 621
1476290 624
1476300 627
1476310 627
1476320 630
1476330 632
1476340 632
1476350 634
1476360 636
1476370 636
1476380 637
1476390 637
1476400 637
1476410 636
1476420 635
1476430 635
1476440 635
1476450 634
1476460 634
1476470 634
1476480 634
1476490 634
1476500 635
1476510 635
1476520 635
1476530 636
1476540 637
1476550 637
1476560 638
1476570 638
1476580 638
1476590 637
1476600 637
1476610 637
1476620 635
1476630 634
1476640 634
1476650 633
1476660 631
1476670 631
1476680 630
1476690 628
1476700 628
1476710 627
1476720 625
1476730 625
1476740 624
1476750 622
1476760 622
1476770 621
1476780 620
1476790 620
1476800 620
1476810 618
1476820 618
1476830 617
1476840 615
1476850 615
1476860 612
1476870 609
1476880 609
1476890 606
1476900 602
1476910 602
1476920 598
1476930 594
1476940 594
1476950 593
1476960 594
1476970 594
1476980 596
1476990 598
1477000 598
1477010 602
1477020 605
1477030 605
1477040 609
1477050 612
1477060 612
1477070 614
1477080 617
1477090 617
1477100 619
1477110 621
1477120 621
1477130 623
1477140 623
1477150 623
1477160 624
1477170 624
1477180 624
1477190 624
1477200 624
1477210 624
1477220 624
1477230 625
1477240 625
1477250 625
1477260 625
1477270 625
1477280 625
1477290 624
1477300 624
1477310 624
1477320 623
1477330 623
1477340 623
1477350 624
1477360 626
1477370 626
1477380 628
1477390 629
1477400 629
1477410 631
1477420 633
1477430 633
1477440 634
1477450 635
1477460 635
1477470 637
1477480 638
1477490 638
1477500 640
1477510 642
1477520 642
1477530 644
1477540 646
1477550 646
1477560 648
1477570 651
1477580 651
1477590 653
1477600 655
1477610 655
1477620 657
1477630 659
1477640 659
1477650 659
1477660 660
1477670 660
1477680 660
1477690 660
1477700 660
1477710 660
1477720 660
1477730 660
1477740 660
1477750 659
1477760 659
1477770 659
1477780 658
1477790 658
1477800 656
1477810 655
1477820 655
1477830 653
1477840 651
1477850 651
1477860 649
1477870 647
1477880 647
1477890 644
1477900 642
1477910 642
1477920 640
1477930 638
1477940 638
1477950 635
1477960 631
1477970 631
1477980 628
1477990 624
1478000 624
1478010 623
1478020 623
1478030 623
1478040 625
1478050 628
1478060 628
1478070 631
1478080 634
1478090 634
1478100 637
1478110 640
1478120 640
1478130 642
1478140 644
1478150 644
1478160 646
1478170 648
1478180 648
1478190 649
1478200 650
1478210 650
1478220 651
1478230 653
1478240 653
1478250 654
1478260 656
1478270 656
1478280 657
1478290 659
1478300 659
1478310 660
1478320 660
1478330 660
1478340 661
1478350 661
1478360 661
1478370 661
1478380 661
1478390 661
1478400 661
1478410 662
1478420 662
1478430 662
1478440 662
1478450 662
1478460 662
1478470 662
1478480 662
1478490 662
1478500 662
1478510 662
1478520 662
1478530 662
1478540 662
1478550 663
1478560 663
1478570 663
1478580 663
1478590 664
1478600 664
1478610 664
1478620 664
1478630 664
1478640 665
1478650 665
1478660 666
1478670 666
1478680 666
1478690 666
1478700 666
1478710 667
1478720 667
1478730 667
1478740 667
1478750 667
1478760 667
1478770 667
1478780 667
1478790 667
1478800 667
1478810 667
1478820 667
1478830 667
1478840 667
1478850 667
1478860 667
1478870 667
1478880 667
1478890 666
1478900 666
1478910 666
1478920 666
1478930 666
1478940 666
1478950 666
1478960 665
1478970 665
1478980 664
1478990 663
1479000 663
1479010 662
1479020 662
1479030 662
1479040 662
1479050 661
1479060 661
1479070 661
1479080 660
1479090 660
1479100 660
1479110 659
1479120 659
1479130 658
1479140 658
1479150 658
1479160 657
1479170 657
1479180 657
1479190 657
1479200 657
1479210 657
1479220 657
1479230 658
1479240 658
1479250 658
1479260 658
1479270 658
1479280 658
1479290 658
1479300 658
1479310 657
1479320 657
1479330 657
1479340 657
1479350 657
1479360 657
1479370 656
1479380 655
1479390 655
1479400 655
1479410 655
1479420 655
1479430 654
1479440 654
1479450 654
1479460 654
1479470 653
1479480 653
1479490 652
1479500 651
1479510 651
1479520 651
1479530 650
1479540 650
1479550 649
1479560 648
1479570 648
1479580 646
1479590 644
1479600 644
1479610 643
1479620 642
1479630 642
1479640 641
1479650 639
1479660 639
1479670 638
1479680 637
1479690 637
1479700 635
1479710 634
1479720 634
1479730 633
1479740 632
1479750 632
1479760 631
1479770 631
1479780 631
1479790 630
1479800 629
1479810 629
1479820 629
1479830 628
1479840 628
1479850 628
1479860 627
1479870 627
1479880 627
1479890 626
1479900 626
1479910 626
1479920 625
1479930 625
1479940 624
1479950 623
1479960 623
1479970 622
1479980 621
1479990 621
