1460000 501
1460010 502
1460020 502
1460030 504
1460040 505
1460050 505
1460060 507
1460070 510
1460080 510
1460090 513
1460100 517
1460110 517
1460120 520
1460130 522
1460140 522
1460150 524
1460160 524
1460170 524
1460180 524
1460190 524
1460200 524
1460210 525
1460220 525
1460230 525
1460240 525
1460250 526
1460260 526
1460270 526
1460280 527
1460290 527
1460300 528
1460310 530
1460320 530
1460330 531
1460340 532
1460350 532
1460360 532
1460370 533
1460380 533
1460390 533
1460400 533
1460410 533
1460420 532
1460430 532
1460440 532
1460450 532
1460460 532
1460470 532
1460480 533
1460490 533
1460500 533
1460510 533
1460520 533
1460530 533
1460540 533
1460550 532
1460560 532
1460570 532
1460580 531
1460590 531
1460600 531
1460610 530
1460620 530
1460630 530
1460640 529
1460650 529
1460660 529
1460670 529
1460680 529
1460690 529
1460700 529
1460710 529
1460720 529
1460730 529
1460740 529
1460750 529
1460760 529
1460770 530
1460780 530
1460790 530
1460800 531
1460810 531
1460820 531
1460830 532
1460840 532
1460850 532
1460860 533
1460870 533
1460880 533
1460890 533
1460900 533
1460910 534
1460920 534
1460930 534
1460940 534
1460950 534
1460960 534
1460970 534
1460980 534
1460990 534
1461000 534
1461010 534
1461020 534
1461030 535
1461040 535
1461050 535
1461060 535
1461070 535
1461080 535
1461090 535
1461100 535
1461110 535
1461120 535
1461130 534
1461140 534
1461150 534
1461160 534
1461170 534
1461180 534
1461190 533
1461200 533
1461210 533
1461220 532
1461230 532
1461240 532
1461250 531
1461260 531
1461270 531
1461280 531
1461290 531
1461300 530
1461310 530
1461320 530
1461330 529
1461340 528
1461350 528
1461360 527
1461370 525
1461380 525
1461390 524
1461400 522
1461410 522
1461420 520
1461430 518
1461440 518
1461450 517
1461460 516
1461470 516
1461480 514
1461490 513
1461500 513
1461510 511
1461520 508
1461530 508
1461540 505
1461550 503
1461560 503
1461570 501
1461580 500
1461590 500
1461600 501
1461610 503
1461620 503
1461630 506
1461640 508
1461650 508
1461660 511
1461670 514
1461680 514
1461690 516
1461700 516
1461710 516
1461720 513
1461730 507
1461740 507
1461750 500
1461760 494
1461770 494
1461780 488
1461790 482
1461800 482
1461810 476
1461820 470
1461830 470
1461840 465
1461850 460
1461860 460
1461870 456
1461880 454
1461890 453
1461900 453
1461910 453
1461920 453
1461930 453
1461940 453
1461950 453
1461960 453
1461970 453
1461980 453
1461990 453
1462000 453
1462010 453
1462020 453
1462030 453
1462040 453
1462050 453
1462060 452
1462070 452
1462080 452
1462090 452
1462100 452
1462110 452
1462120 452
1462130 452
1462140 452
1462150 452
1462160 452
1462170 452
1462180 452
1462190 452
1462200 452
1462210 452
1462220 452
1462230 452
1462240 452
1462250 453
1462260 453
1462270 453
1462280 452
1462290 452
1462300 452
1462310 452
1462320 452
1462330 452
1462340 452
1462350 452
1462360 452
1462370 452
1462380 452
1462390 452
1462400 452
1462410 452
1462420 452
1462430 452
1462440 452
1462450 452
1462460 452
1462470 452
1462480 452
1462490 452
1462500 452
1462510 452
1462520 452
1462530 452
1462540 452
1462550 452
1462560 452
1462570 452
1462580 452
1462590 452
1462600 452
1462610 452
1462620 452
1462630 452
1462640 452
1462650 452
1462660 452
1462670 452
1462680 452
1462690 452
1462700 452
1462710 452
1462720 452
1462730 452
1462740 452
1462750 452
1462760 452
1462770 452
1462780 452
1462790 452
1462800 452
1462810 452
1462820 452
1462830 452
1462840 452
1462850 452
1462860 452
1462870 452
1462880 452
1462890 452
1462900 452
1462910 452
1462920 452
1462930 452
1462940 452
1462950 452
1462960 452
1462970 452
1462980 452
1462990 452
1463000 452
1463010 452
1463020 452
1463030 452
1463040 452
1463050 452
1463060 452
1463070 452
1463080 452
1463090 452
1463100 452
1463110 452
1463120 453
1463130 453
1463140 453
1463150 453
1463160 453
1463170 453
1463180 453
1463190 453
1463200 453
1463210 453
1463220 453
1463230 453
1463240 453
1463250 453
1463260 453
1463270 453
1463280 453
1463290 453
1463300 453
1463310 453
1463320 453
1463330 454
1463340 454
1463350 454
1463360 454
1463370 454
1463380 454
1463390 453
1463400 453
1463410 453
1463420 453
1463430 453
1463440 453
1463450 453
1463460 453
1463470 453
1463480 453
1463490 453
1463500 453
1463510 453
1463520 453
1463530 453
1463540 454
1463550 454
1463560 454
1463570 454
1463580 455
1463590 455
1463600 455
1463610 455
1463620 455
1463630 456
1463640 458
1463650 458
1463660 461
1463670 463
1463680 463
1463690 465
1463700 465
1463710 465
1463720 465
1463730 466
1463740 466
1463750 466
1463760 466
1463770 466
1463780 466
1463790 466
1463800 466
1463810 467
1463820 467
1463830 467
1463840 467
1463850 468
1463860 468
1463870 468
1463880 468
1463890 468
1463900 468
1463910 468
1463920 468
1463930 468
1463940 468
1463950 468
1463960 468
1463970 468
1463980 468
1463990 468
1464000 468
1464010 468
1464020 468
1464030 468
1464040 468
1464050 468
1464060 468
1464070 468
1464080 468
1464090 468
1464100 468
1464110 468
1464120 468
1464130 468
1464140 468
1464150 468
1464160 468
1464170 468
1464180 468
1464190 468
1464200 468
1464210 468
1464220 468
1464230 468
1464240 468
1464250 468
1464260 468
1464270 468
1464280 468
1464290 468
1464300 468
1464310 468
1464320 468
1464330 468
1464340 468
1464350 468
1464360 469
1464370 469
1464380 469
1464390 469
1464400 469
1464410 469
1464420 469
1464430 469
1464440 469
1464450 469
1464460 469
1464470 469
1464480 469
1464490 469
1464500 469
1464510 469
1464520 469
1464530 469
1464540 468
1464550 468
1464560 468
1464570 468
1464580 468
1464590 468
1464600 464
1464610 464
1464620 457
1464630 454
1464640 454
1464650 454
1464660 454
1464670 454
1464680 454
1464690 454
1464700 454
1464710 454
1464720 454
1464730 454
1464740 454
1464750 454
1464760 454
1464770 454
1464780 455
1464790 455
1464800 455
1464810 455
1464820 454
1464830 454
1464840 454
1464850 454
1464860 454
1464870 454
1464880 454
1464890 454
1464900 454
1464910 455
1464920 455
1464930 455
1464940 455
1464950 455
1464960 455
1464970 455
1464980 455
1464990 455
1465000 455
1465010 455
1465020 455
1465030 455
1465040 455
1465050 454
1465060 454
1465070 454
1465080 454
1465090 454
1465100 454
1465110 454
1465120 454
1465130 454
1465140 454
1465150 454
1465160 454
1465170 454
1465180 455
1465190 455
1465200 455
1465210 455
1465220 455
1465230 455
1465240 455
1465250 455
1465260 455
1465270 455
1465280 455
1465290 455
1465300 455
1465310 455
1465320 455
1465330 456
1465340 456
1465350 456
1465360 455
1465370 455
1465380 455
1465390 455
1465400 455
1465410 455
1465420 455
1465430 455
1465440 455
1465450 455
1465460 455
1465470 455
1465480 455
1465490 455
1465500 455
1465510 455
1465520 455
1465530 455
1465540 455
1465550 455
1465560 455
1465570 455
1465580 455
1465590 455
1465600 455
1465610 455
1465620 455
1465630 455
1465640 455
1465650 455
1465660 455
1465670 455
1465680 455
1465690 455
1465700 455
1465710 455
1465720 455
1465730 455
1465740 455
1465750 455
1465760 455
1465770 455
1465780 455
1465790 455
1465800 455
1465810 456
1465820 456
1465830 456
1465840 456
1465850 456
1465860 456
1465870 456
1465880 456
1465890 456
1465900 456
1465910 456
1465920 456
1465930 456
1465940 456
1465950 456
1465960 456
1465970 456
1465980 456
1465990 456
1466000 456
1466010 456
1466020 456
1466030 456
1466040 456
1466050 456
1466060 456
1466070 456
1466080 456
1466090 456
1466100 456
1466110 455
1466120 455
1466130 455
1466140 455
1466150 455
1466160 455
1466170 455
1466180 456
1466190 456
1466200 456
1466210 456
1466220 456
1466230 456
1466240 456
1466250 456
1466260 456
1466270 456
1466280 456
1466290 456
1466300 456
1466310 456
1466320 456
1466330 457
1466340 457
1466350 457
1466360 457
1466370 457
1466380 457
1466390 457
1466400 457
1466410 457
1466420 457
1466430 457
1466440 457
1466450 457
1466460 457
1466470 457
1466480 457
1466490 457
1466500 457
1466510 457
1466520 457
1466530 457
1466540 458
1466550 458
1466560 458
1466570 458
1466580 458
1466590 458
1466600 458
1466610 458
1466620 458
1466630 459
1466640 459
1466650 459
1466660 459
1466670 459
1466680 459
1466690 460
1466700 460
1466710 460
1466720 461
1466730 461
1466740 461
1466750 462
1466760 462
1466770 463
1466780 463
1466790 463
1466800 464
1466810 464
1466820 464
1466830 465
1466840 466
1466850 466
1466860 466
1466870 467
1466880 467
1466890 467
1466900 468
1466910 468
1466920 469
1466930 470
1466940 470
1466950 472
1466960 473
1466970 473
1466980 474
1466990 475
1467000 475
1467010 475
1467020 476
1467030 476
1467040 476
1467050 476
1467060 476
1467070 477
1467080 477
1467090 477
1467100 477
1467110 478
1467120 478
1467130 478
1467140 478
1467150 478
1467160 478
1467170 478
1467180 478
1467190 479
1467200 479
1467210 479
1467220 479
1467230 479
1467240 479
1467250 479
1467260 479
1467270 479
1467280 479
1467290 479
1467300 479
1467310 479
1467320 479
1467330 479
1467340 479
1467350 479
1467360 479
1467370 479
1467380 479
1467390 479
1467400 479
1467410 479
1467420 480
1467430 480
1467440 480
1467450 481
1467460 481
1467470 482
1467480 483
1467490 483
1467500 483
1467510 483
1467520 483
1467530 483
1467540 484
1467550 484
1467560 484
1467570 484
1467580 484
1467590 484
1467600 484
1467610 484
1467620 484
1467630 485
1467640 485
1467650 486
1467660 487
1467670 487
1467680 487
1467690 488
1467700 488
1467710 489
1467720 490
1467730 490
1467740 491
1467750 492
1467760 492
1467770 493
1467780 493
1467790 493
1467800 494
1467810 496
1467820 496
1467830 498
1467840 499
1467850 499
1467860 501
1467870 503
1467880 503
1467890 505
1467900 507
1467910 507
1467920 509
1467930 512
1467940 512
1467950 515
1467960 518
1467970 518
1467980 521
1467990 524
1468000 524
1468010 527
1468020 529
1468030 529
1468040 532
1468050 535
1468060 535
1468070 537
1468080 539
1468090 539
1468100 541
1468110 542
1468120 542
1468130 542
1468140 542
1468150 542
1468160 542
1468170 542
1468180 542
1468190 542
1468200 541
1468210 541
1468220 540
1468230 538
1468240 538
1468250 535
1468260 534
1468270 534
1468280 533
1468290 534
1468300 534
1468310 535
1468320 537
1468330 537
1468340 540
1468350 544
1468360 544
1468370 547
1468380 550
1468390 550
1468400 553
1468410 556
1468420 556
1468430 558
1468440 560
1468450 560
1468460 562
1468470 564
1468480 564
1468490 566
1468500 568
1468510 568
1468520 570
1468530 571
1468540 571
1468550 572
1468560 572
1468570 572
1468580 573
1468590 574
1468600 574
1468610 576
1468620 577
1468630 577
1468640 577
1468650 578
1468660 578
1468670 579
1468680 579
1468690 579
1468700 579
1468710 578
1468720 578
1468730 576
1468740 574
1468750 574
1468760 571
1468770 568
1468780 565
1468790 565
1468800 563
1468810 561
1468820 561
1468830 559
1468840 557
1468850 557
1468860 554
1468870 551
1468880 551
1468890 548
1468900 545
1468910 545
1468920 543
1468930 541
1468940 541
1468950 542
1468960 544
1468970 544
1468980 546
1468990 546
1469000 546
1469010 547
1469020 546
1469030 546
1469040 544
1469050 540
1469060 540
1469070 536
1469080 532
1469090 532
1469100 530
1469110 529
1469120 529
1469130 531
1469140 532
1469150 532
1469160 533
1469170 534
1469180 534
1469190 536
1469200 538
1469210 538
1469220 540
1469230 541
1469240 541
1469250 543
1469260 544
1469270 544
1469280 546
1469290 547
1469300 547
1469310 546
1469320 543
1469330 543
1469340 541
1469350 540
1469360 540
1469370 542
1469380 544
1469390 544
1469400 547
1469410 549
1469420 549
1469430 551
1469440 553
1469450 553
1469460 554
1469470 555
1469480 555
1469490 557
1469500 559
1469510 559
1469520 561
1469530 563
1469540 563
1469550 565
1469560 568
1469570 568
1469580 569
1469590 571
1469600 571
1469610 571
1469620 570
1469630 570
1469640 566
1469650 562
1469660 562
1469670 559
1469680 556
1469690 556
1469700 553
1469710 551
1469720 551
1469730 553
1469740 555
1469750 555
1469760 557
1469770 559
1469780 559
1469790 561
1469800 562
1469810 562
1469820 564
1469830 566
1469840 566
1469850 567
1469860 569
1469870 569
1469880 571
1469890 573
1469900 573
1469910 574
1469920 576
1469930 576
1469940 577
1469950 579
1469960 579
1469970 581
1469980 584
1469990 584
1470000 586
1470010 587
1470020 587
1470030 587
1470040 586
1470050 586
1470060 585
1470070 585
1470080 585
1470090 584
1470100 582
1470110 582
1470120 580
1470130 578
1470140 578
1470150 575
1470160 571
1470170 567
1470180 567
1470190 564
1470200 560
1470210 560
1470220 556
1470230 553
1470240 553
1470250 550
1470260 548
1470270 548
1470280 546
1470290 544
1470300 544
1470310 543
1470320 541
1470330 541
1470340 538
1470350 535
1470360 535
1470370 534
1470380 535
1470390 535
1470400 538
1470410 541
1470420 541
1470430 545
1470440 549
1470450 549
1470460 553
1470470 556
1470480 556
1470490 558
1470500 561
1470510 561
1470520 563
1470530 565
1470540 565
1470550 568
1470560 571
1470570 571
1470580 575
1470590 578
1470600 578
1470610 580
1470620 583
1470630 583
1470640 585
1470650 587
1470660 587
1470670 589
1470680 589
1470690 589
1470700 589
1470710 587
1470720 587
1470730 586
1470740 584
1470750 584
1470760 583
1470770 583
1470780 583
1470790 583
1470800 584
1470810 584
1470820 585
1470830 588
1470840 588
1470850 590
1470860 592
1470870 592
1470880 594
1470890 594
1470900 594
1470910 593
1470920 591
1470930 591
1470940 588
1470950 585
1470960 585
1470970 582
1470980 578
1470990 578
1471000 575
1471010 571
1471020 571
1471030 568
1471040 566
1471050 566
1471060 564
1471070 563
1471080 563
1471090 563
1471100 566
1471110 566
1471120 570
1471130 574
1471140 574
1471150 578
1471160 581
1471170 581
1471180 584
1471190 585
1471200 585
1471210 585
1471220 582
1471230 582
1471240 578
1471250 572
1471260 572
1471270 566
1471280 562
1471290 562
1471300 561
1471310 561
1471320 561
1471330 563
1471340 566
1471350 566
1471360 569
1471370 572
1471380 572
1471390 575
1471400 578
1471410 578
1471420 581
1471430 584
1471440 584
1471450 587
1471460 590
1471470 590
1471480 593
1471490 594
1471500 594
1471510 594
1471520 592
1471530 592
1471540 589
1471550 586
1471560 584
1471570 584
1471580 581
1471590 577
1471600 577
1471610 573
1471620 570
1471630 570
1471640 570
1471650 572
1471660 572
1471670 575
1471680 578
1471690 578
1471700 581
1471710 584
1471720 584
1471730 587
1471740 590
1471750 590
1471760 592
1471770 594
1471780 594
1471790 595
1471800 596
1471810 596
1471820 597
1471830 598
1471840 598
1471850 599
1471860 600
1471870 600
1471880 601
1471890 603
1471900 603
1471910 603
1471920 604
1471930 604
1471940 603
1471950 603
1471960 603
1471970 602
1471980 600
1471990 600
1472000 599
1472010 597
1472020 597
1472030 596
1472040 594
1472050 594
1472060 592
1472070 590
1472080 590
1472090 587
1472100 583
1472110 583
1472120 579
1472130 576
1472140 576
1472150 573
1472160 570
1472170 570
1472180 566
1472190 563
1472200 563
1472210 561
1472220 559
1472230 559
1472240 557
1472250 556
1472260 556
1472270 554
1472280 555
1472290 555
1472300 557
1472310 560
1472320 560
1472330 564
1472340 567
1472350 567
1472360 570
1472370 573
1472380 573
1472390 574
1472400 573
1472410 573
1472420 571
1472430 569
1472440 569
1472450 566
1472460 562
1472470 562
1472480 558
1472490 553
1472500 553
1472510 550
1472520 548
1472530 548
1472540 548
1472550 549
1472560 549
1472570 550
1472580 552
1472590 552
1472600 554
1472610 555
1472620 555
1472630 554
1472640 552
1472650 552
1472660 550
1472670 547
1472680 547
1472690 545
1472700 542
1472710 542
1472720 540
1472730 538
1472740 538
1472750 536
1472760 534
1472770 534
1472780 532
1472790 529
1472800 529
1472810 527
1472820 525
1472830 525
1472840 523
1472850 523
1472860 523
1472870 523
1472880 523
1472890 523
1472900 523
1472910 523
1472920 523
1472930 523
1472940 524
1472950 524
1472960 524
1472970 524
1472980 524
1472990 524
1473000 524
1473010 524
1473020 524
1473030 524
1473040 524
1473050 524
1473060 524
1473070 525
1473080 525
1473090 525
1473100 525
1473110 525
1473120 525
1473130 526
1473140 526
1473150 526
1473160 526
1473170 526
1473180 526
1473190 526
1473200 526
1473210 526
1473220 526
1473230 526
1473240 526
1473250 527
1473260 527
1473270 527
1473280 527
1473290 527
1473300 527
1473310 527
1473320 527
1473330 528
1473340 528
1473350 528
1473360 528
1473370 528
1473380 528
1473390 528
1473400 529
1473410 529
1473420 529
1473430 529
1473440 529
1473450 529
1473460 530
1473470 530
1473480 530
1473490 531
1473500 531
1473510 532
1473520 532
1473530 532
1473540 532
1473550 533
1473560 533
1473570 533
1473580 534
1473590 534
1473600 535
1473610 536
1473620 536
1473630 536
1473640 536
1473650 536
1473660 537
1473670 537
1473680 537
1473690 537
1473700 538
1473710 538
1473720 538
1473730 538
1473740 538
1473750 539
1473760 539
1473770 539
1473780 539
1473790 539
1473800 539
1473810 539
1473820 540
1473830 540
1473840 540
1473850 541
1473860 541
1473870 541
1473880 542
1473890 542
1473900 542
1473910 541
1473920 541
1473930 540
1473940 540
1473950 540
1473960 539
1473970 538
1473980 538
1473990 538
1474000 537
1474010 537
1474020 537
1474030 537
1474040 537
1474050 537
1474060 536
1474070 536
1474080 536
1474090 536
1474100 536
1474110 536
1474120 536
1474130 536
1474140 536
1474150 536
1474160 536
1474170 536
1474180 537
1474190 537
1474200 537
1474210 537
1474220 537
1474230 537
1474240 538
1474250 538
1474260 538
1474270 539
1474280 539
1474290 540
1474300 541
1474310 541
1474320 541
1474330 542
1474340 543
1474350 543
1474360 543
1474370 542
1474380 542
1474390 542
1474400 543
1474410 543
1474420 544
1474430 545
1474440 545
1474450 546
1474460 547
1474470 547
1474480 548
1474490 548
1474500 548
1474510 548
1474520 548
1474530 548
1474540 549
1474550 550
1474560 550
1474570 552
1474580 552
1474590 552
1474600 552
1474610 553
1474620 553
1474630 554
1474640 555
1474650 555
1474660 556
1474670 556
1474680 556
1474690 557
1474700 558
1474710 558
1474720 559
1474730 559
1474740 559
1474750 559
1474760 558
1474770 558
1474780 558
1474790 557
1474800 557
1474810 556
1474820 555
1474830 555
1474840 554
1474850 555
1474860 555
1474870 558
1474880 560
1474890 560
1474900 562
1474910 563
1474920 563
1474930 564
1474940 564
1474950 564
1474960 565
1474970 566
1474980 566
1474990 566
1475000 567
1475010 567
1475020 567
1475030 567
1475040 567
1475050 566
1475060 566
1475070 566
1475080 565
1475090 565
1475100 565
1475110 565
1475120 567
1475130 567
1475140 570
1475150 572
1475160 572
1475170 573
1475180 574
1475190 574
1475200 575
1475210 575
1475220 575
1475230 575
1475240 575
1475250 575
1475260 575
1475270 575
1475280 575
1475290 575
1475300 575
1475310 575
1475320 575
1475330 575
1475340 575
1475350 575
1475360 576
1475370 576
1475380 576
1475390 576
1475400 576
1475410 576
1475420 576
1475430 576
1475440 576
1475450 576
1475460 576
1475470 576
1475480 576
1475490 576
1475500 576
1475510 576
1475520 576
1475530 576
1475540 576
1475550 576
1475560 575
1475570 575
1475580 575
1475590 575
1475600 575
1475610 575
1475620 574
1475630 574
1475640 574
1475650 573
1475660 573
1475670 573
1475680 572
1475690 571
1475700 570
1475710 570
1475720 569
1475730 567
1475740 567
1475750 565
1475760 564
1475770 564
1475780 563
1475790 562
1475800 562
1475810 561
1475820 561
1475830 561
1475840 561
1475850 561
1475860 561
1475870 562
1475880 564
1475890 564
1475900 564
1475910 564
1475920 564
1475930 564
1475940 564
1475950 564
1475960 563
1475970 563
1475980 563
1475990 562
1476000 561
1476010 561
1476020 561
1476030 560
1476040 560
1476050 560
1476060 559
1476070 559
1476080 559
1476090 559
1476100 559
1476110 559
1476120 559
1476130 559
1476140 559
1476150 562
1476160 562
1476170 565
1476180 569
1476190 569
1476200 574
1476210 579
1476220 579
1476230 584
1476240 589
1476250 589
1476260 593
1476270 596
1476280 596
1476290 599
1476300 601
1476310 601
1476320 601
1476330 598
1476340 598
1476350 596
1476360 594
1476370 594
1476380 592
1476390 591
1476400 591
1476410 591
1476420 590
1476430 590
1476440 589
1476450 587
1476460 587
1476470 585
1476480 582
1476490 582
1476500 580
1476510 578
1476520 578
1476530 576
1476540 575
1476550 575
1476560 574
1476570 573
1476580 573
1476590 573
1476600 571
1476610 571
1476620 570
1476630 569
1476640 569
1476650 568
1476660 569
1476670 569
1476680 569
1476690 569
1476700 569
1476710 569
1476720 568
1476730 568
1476740 568
1476750 569
1476760 569
1476770 569
1476780 569
1476790 569
1476800 569
1476810 570
1476820 570
1476830 571
1476840 572
1476850 572
1476860 573
1476870 575
1476880 575
1476890 576
1476900 578
1476910 578
1476920 581
1476930 583
1476940 583
1476950 585
1476960 588
1476970 588
1476980 591
1476990 593
1477000 593
1477010 596
1477020 598
1477030 598
1477040 599
1477050 601
1477060 601
1477070 601
1477080 601
1477090 599
1477100 599
1477110 597
1477120 596
1477130 596
1477140 598
1477150 600
1477160 600
1477170 603
1477180 604
1477190 604
1477200 605
1477210 606
1477220 606
1477230 606
1477240 606
1477250 606
1477260 606
1477270 606
1477280 606
1477290 606
1477300 605
1477310 605
1477320 603
1477330 600
1477340 600
1477350 596
1477360 593
1477370 593
1477380 591
1477390 588
1477400 588
1477410 587
1477420 586
1477430 586
1477440 587
1477450 590
1477460 590
1477470 593
1477480 596
1477490 596
1477500 599
1477510 601
1477520 601
1477530 605
1477540 608
1477550 608
1477560 611
1477570 614
1477580 614
1477590 616
1477600 619
1477610 619
1477620 621
1477630 624
1477640 624
1477650 626
1477660 629
1477670 629
1477680 632
1477690 635
1477700 635
1477710 638
1477720 641
1477730 641
1477740 643
1477750 645
1477760 645
1477770 645
1477780 644
1477790 644
1477800 642
1477810 641
1477820 641
1477830 639
1477840 638
1477850 638
1477860 638
1477870 637
1477880 637
1477890 637
1477900 637
1477910 637
1477920 637
1477930 637
1477940 637
1477950 637
1477960 638
1477970 638
1477980 639
1477990 641
1478000 641
1478010 643
1478020 645
1478030 645
1478040 646
1478050 647
1478060 647
1478070 648
1478080 648
1478090 648
1478100 649
1478110 649
1478120 649
1478130 649
1478140 649
1478150 649
1478160 649
1478170 649
1478180 649
1478190 649
1478200 647
1478210 647
1478220 646
1478230 646
1478240 646
1478250 646
1478260 647
1478270 647
1478280 647
1478290 647
1478300 647
1478310 647
1478320 647
1478330 647
1478340 647
1478350 647
1478360 647
1478370 648
1478380 648
1478390 648
1478400 648
1478410 649
1478420 649
1478430 649
1478440 650
1478450 650
1478460 651
1478470 651
1478480 652
1478490 652
1478500 652
1478510 653
1478520 653
1478530 653
1478540 654
1478550 654
1478560 654
1478570 655
1478580 655
1478590 655
1478600 655
1478610 655
1478620 656
1478630 656
1478640 656
1478650 656
1478660 657
1478670 657
1478680 657
1478690 657
1478700 657
1478710 657
1478720 658
1478730 658
1478740 658
1478750 658
1478760 658
1478770 658
1478780 658
1478790 658
1478800 658
1478810 658
1478820 658
1478830 658
1478840 658
1478850 658
1478860 657
1478870 658
1478880 658
1478890 658
1478900 658
1478910 658
1478920 658
1478930 658
1478940 658
1478950 658
1478960 659
1478970 659
1478980 659
1478990 659
1479000 659
1479010 659
1479020 659
1479030 659
1479040 659
1479050 659
1479060 659
1479070 659
1479080 659
1479090 659
1479100 659
1479110 658
1479120 658
1479130 658
1479140 658
1479150 658
1479160 658
1479170 658
1479180 658
1479190 657
1479200 657
1479210 657
1479220 656
1479230 656
1479240 656
1479250 656
1479260 655
1479270 655
1479280 654
1479290 653
1479300 653
1479310 652
1479320 651
1479330 651
1479340 649
1479350 648
1479360 648
1479370 647
1479380 647
1479390 647
1479400 646
1479410 645
1479420 645
1479430 644
1479440 643
1479450 643
1479460 642
1479470 641
1479480 641
1479490 640
1479500 640
1479510 640
1479520 640
1479530 641
1479540 641
1479550 642
1479560 643
1479570 643
1479580 645
1479590 647
1479600 647
1479610 648
1479620 649
1479630 649
1479640 651
1479650 653
1479660 653
1479670 655
1479680 655
1479690 655
1479700 656
1479710 656
1479720 656
1479730 655
1479740 655
1479750 655
1479760 655
1479770 655
1479780 655
1479790 655
1479800 655
1479810 655
1479820 655
1479830 655
1479840 655
1479850 654
1479860 653
1479870 652
1479880 652
1479890 651
1479900 650
1479910 650
1479920 648
1479930 647
1479940 647
1479950 646
1479960 645
1479970 645
1479980 644
1479990 643
