1460000 480
1460010 479
1460020 479
1460030 479
1460040 478
1460050 478
1460060 478
1460070 477
1460080 477
1460090 477
1460100 477
1460110 476
1460120 476
1460130 476
1460140 475
1460150 475
1460160 475
1460170 475
1460180 475
1460190 475
1460200 476
1460210 476
1460220 476
1460230 477
1460240 477
1460250 478
1460260 478
1460270 478
1460280 479
1460290 480
1460300 480
1460310 481
1460320 481
1460330 481
1460340 482
1460350 483
1460360 483
1460370 483
1460380 484
1460390 484
1460400 484
1460410 485
1460420 485
1460430 485
1460440 485
1460450 485
1460460 486
1460470 486
1460480 486
1460490 486
1460500 486
1460510 486
1460520 486
1460530 486
1460540 486
1460550 486
1460560 486
1460570 486
1460580 486
1460590 486
1460600 486
1460610 485
1460620 485
1460630 485
1460640 485
1460650 484
1460660 484
1460670 484
1460680 483
1460690 483
1460700 483
1460710 482
1460720 482
1460730 481
1460740 481
1460750 481
1460760 480
1460770 479
1460780 479
1460790 479
1460800 478
1460810 478
1460820 476
1460830 474
1460840 474
1460850 472
1460860 468
1460870 468
1460880 465
1460890 463
1460900 463
1460910 461
1460920 460
1460930 460
1460940 458
1460950 456
1460960 456
1460970 454
1460980 454
1460990 454
1461000 454
1461010 454
1461020 454
1461030 454
1461040 454
1461050 453
1461060 453
1461070 453
1461080 453
1461090 453
1461100 453
1461110 452
1461120 452
1461130 451
1461140 449
1461150 449
1461160 449
1461170 449
1461180 449
1461190 448
1461200 446
1461210 446
1461220 446
1461230 449
1461240 449
1461250 452
1461260 454
1461270 454
1461280 455
1461290 456
1461300 456
1461310 456
1461320 452
1461330 452
1461340 445
1461350 439
1461360 439
1461370 434
1461380 432
1461390 432
1461400 431
1461410 431
1461420 431
1461430 430
1461440 430
1461450 430
1461460 430
1461470 430
1461480 430
1461490 430
1461500 430
1461510 430
1461520 430
1461530 430
1461540 430
1461550 430
1461560 430
1461570 430
1461580 430
1461590 430
1461600 430
1461610 430
1461620 430
1461630 430
1461640 430
1461650 430
1461660 430
1461670 430
1461680 430
1461690 430
1461700 430
1461710 430
1461720 430
1461730 430
1461740 430
1461750 430
1461760 429
1461770 430
1461780 430
1461790 431
1461800 432
1461810 432
1461820 433
1461830 433
1461840 433
1461850 433
1461860 433
1461870 433
1461880 433
1461890 433
1461900 433
1461910 433
1461920 434
1461930 434
1461940 433
1461950 431
1461960 431
1461970 430
1461980 430
1461990 430
1462000 430
1462010 430
1462020 430
1462030 430
1462040 430
1462050 430
1462060 430
1462070 430
1462080 430
1462090 430
1462100 430
1462110 430
1462120 430
1462130 430
1462140 430
1462150 430
1462160 430
1462170 430
1462180 430
1462190 430
1462200 430
1462210 430
1462220 430
1462230 430
1462240 430
1462250 430
1462260 430
1462270 430
1462280 430
1462290 430
1462300 430
1462310 430
1462320 430
1462330 430
1462340 430
1462350 430
1462360 430
1462370 430
1462380 430
1462390 431
1462400 431
1462410 431
1462420 431
1462430 431
1462440 431
1462450 431
1462460 431
1462470 431
1462480 431
1462490 431
1462500 431
1462510 431
1462520 431
1462530 431
1462540 431
1462550 431
1462560 431
1462570 431
1462580 431
1462590 431
1462600 431
1462610 431
1462620 431
1462630 431
1462640 432
1462650 432
1462660 432
1462670 431
1462680 431
1462690 431
1462700 431
1462710 431
1462720 431
1462730 431
1462740 431
1462750 431
1462760 432
1462770 432
1462780 432
1462790 432
1462800 432
1462810 432
1462820 432
1462830 432
1462840 432
1462850 432
1462860 432
1462870 432
1462880 432
1462890 432
1462900 432
1462910 432
1462920 432
1462930 432
1462940 432
1462950 432
1462960 432
1462970 432
1462980 432
1462990 432
1463000 433
1463010 433
1463020 433
1463030 432
1463040 432
1463050 432
1463060 432
1463070 432
1463080 432
1463090 432
1463100 432
1463110 432
1463120 433
1463130 433
1463140 433
1463150 433
1463160 432
1463170 432
1463180 432
1463190 432
1463200 432
1463210 432
1463220 432
1463230 432
1463240 432
1463250 432
1463260 432
1463270 432
1463280 432
1463290 432
1463300 432
1463310 432
1463320 432
1463330 433
1463340 433
1463350 433
1463360 433
1463370 433
1463380 433
1463390 433
1463400 433
1463410 433
1463420 433
1463430 433
1463440 433
1463450 433
1463460 433
1463470 433
1463480 433
1463490 433
1463500 433
1463510 433
1463520 433
1463530 433
1463540 433
1463550 433
1463560 433
1463570 433
1463580 433
1463590 433
1463600 433
1463610 433
1463620 433
1463630 433
1463640 433
1463650 433
1463660 433
1463670 433
1463680 433
1463690 433
1463700 433
1463710 433
1463720 434
1463730 433
1463740 433
1463750 433
1463760 433
1463770 433
1463780 433
1463790 433
1463800 433
1463810 433
1463820 433
1463830 433
1463840 433
1463850 433
1463860 433
1463870 433
1463880 433
1463890 433
1463900 433
1463910 433
1463920 433
1463930 433
1463940 433
1463950 433
1463960 433
1463970 433
1463980 433
1463990 433
1464000 433
1464010 433
1464020 433
1464030 433
1464040 433
1464050 433
1464060 433
1464070 433
1464080 433
1464090 433
1464100 433
1464110 433
1464120 433
1464130 433
1464140 434
1464150 434
1464160 434
1464170 434
1464180 434
1464190 434
1464200 434
1464210 434
1464220 434
1464230 434
1464240 433
1464250 433
1464260 433
1464270 433
1464280 433
1464290 433
1464300 433
1464310 433
1464320 433
1464330 433
1464340 433
1464350 433
1464360 433
1464370 433
1464380 433
1464390 433
1464400 433
1464410 433
1464420 433
1464430 433
1464440 433
1464450 433
1464460 433
1464470 433
1464480 433
1464490 433
1464500 433
1464510 433
1464520 433
1464530 433
1464540 433
1464550 434
1464560 434
1464570 434
1464580 434
1464590 434
1464600 433
1464610 433
1464620 433
1464630 433
1464640 433
1464650 433
1464660 433
1464670 434
1464680 434
1464690 434
1464700 434
1464710 434
1464720 434
1464730 434
1464740 434
1464750 434
1464760 434
1464770 434
1464780 435
1464790 435
1464800 435
1464810 435
1464820 435
1464830 435
1464840 435
1464850 435
1464860 435
1464870 435
1464880 435
1464890 435
1464900 435
1464910 435
1464920 435
1464930 435
1464940 435
1464950 435
1464960 435
1464970 435
1464980 435
1464990 435
1465000 435
1465010 435
1465020 435
1465030 436
1465040 436
1465050 436
1465060 436
1465070 436
1465080 436
1465090 436
1465100 436
1465110 437
1465120 437
1465130 437
1465140 438
1465150 438
1465160 438
1465170 438
1465180 440
1465190 440
1465200 441
1465210 442
1465220 442
1465230 444
1465240 446
1465250 446
1465260 448
1465270 449
1465280 449
1465290 450
1465300 452
1465310 452
1465320 454
1465330 455
1465340 455
1465350 456
1465360 457
1465370 457
1465380 458
1465390 460
1465400 460
1465410 462
1465420 464
1465430 464
1465440 466
1465450 468
1465460 468
1465470 471
1465480 472
1465490 472
1465500 474
1465510 476
1465520 476
1465530 477
1465540 479
1465550 479
1465560 481
1465570 483
1465580 483
1465590 485
1465600 488
1465610 488
1465620 491
1465630 493
1465640 493
1465650 495
1465660 497
1465670 497
1465680 499
1465690 500
1465700 500
1465710 502
1465720 505
1465730 505
1465740 507
1465750 509
1465760 509
1465770 511
1465780 513
1465790 513
1465800 515
1465810 517
1465820 517
1465830 518
1465840 519
1465850 519
1465860 520
1465870 519
1465880 519
1465890 519
1465900 517
1465910 517
1465920 515
1465930 512
1465940 512
1465950 510
1465960 507
1465970 507
1465980 505
1465990 505
1466000 505
1466010 504
1466020 504
1466030 504
1466040 506
1466050 509
1466060 509
1466070 511
1466080 514
1466090 514
1466100 517
1466110 520
1466120 520
1466130 522
1466140 523
1466150 523
1466160 522
1466170 520
1466180 520
1466190 517
1466200 514
1466210 514
1466220 510
1466230 506
1466240 506
1466250 503
1466260 503
1466270 503
1466280 503
1466290 502
1466300 503
1466310 503
1466320 505
1466330 508
1466340 508
1466350 510
1466360 511
1466370 511
1466380 508
1466390 504
1466400 504
1466410 500
1466420 498
1466430 498
1466440 499
1466450 503
1466460 503
1466470 507
1466480 510
1466490 510
1466500 508
1466510 504
1466520 504
1466530 501
1466540 501
1466550 501
1466560 499
1466570 498
1466580 498
1466590 498
1466600 497
1466610 497
1466620 498
1466630 501
1466640 501
1466650 504
1466660 506
1466670 506
1466680 510
1466690 513
1466700 513
1466710 516
1466720 518
1466730 518
1466740 520
1466750 522
1466760 522
1466770 521
1466780 519
1466790 519
1466800 518
1466810 517
1466820 517
1466830 517
1466840 517
1466850 517
1466860 520
1466870 523
1466880 523
1466890 527
1466900 527
1466910 527
1466920 523
1466930 521
1466940 521
1466950 521
1466960 520
1466970 520
1466980 520
1466990 520
1467000 520
1467010 520
1467020 521
1467030 521
1467040 521
1467050 523
1467060 523
1467070 526
1467080 526
1467090 526
1467100 526
1467110 527
1467120 527
1467130 527
1467140 527
1467150 527
1467160 528
1467170 528
1467180 528
1467190 528
1467200 528
1467210 528
1467220 528
1467230 529
1467240 529
1467250 529
1467260 528
1467270 528
1467280 528
1467290 529
1467300 529
1467310 530
1467320 531
1467330 531
1467340 532
1467350 533
1467360 533
1467370 534
1467380 535
1467390 535
1467400 537
1467410 538
1467420 538
1467430 539
1467440 540
1467450 540
1467460 542
1467470 543
1467480 543
1467490 545
1467500 547
1467510 547
1467520 549
1467530 551
1467540 551
1467550 553
1467560 555
1467570 555
1467580 556
1467590 558
1467600 558
1467610 559
1467620 560
1467630 560
1467640 562
1467650 562
1467660 562
1467670 563
1467680 563
1467690 563
1467700 563
1467710 562
1467720 562
1467730 562
1467740 562
1467750 562
1467760 561
1467770 561
1467780 561
1467790 560
1467800 560
1467810 560
1467820 559
1467830 558
1467840 558
1467850 555
1467860 551
1467870 551
1467880 549
1467890 547
1467900 547
1467910 546
1467920 545
1467930 545
1467940 543
1467950 542
1467960 542
1467970 543
1467980 544
1467990 544
1468000 544
1468010 545
1468020 545
1468030 545
1468040 545
1468050 545
1468060 545
1468070 544
1468080 544
1468090 544
1468100 542
1468110 541
1468120 541
1468130 539
1468140 537
1468150 537
1468160 536
1468170 535
1468180 535
1468190 534
1468200 532
1468210 532
1468220 531
1468230 530
1468240 530
1468250 530
1468260 529
1468270 529
1468280 529
1468290 528
1468300 528
1468310 527
1468320 525
1468330 525
1468340 522
1468350 520
1468360 520
1468370 518
1468380 519
1468390 519
1468400 520
1468410 521
1468420 521
1468430 523
1468440 525
1468450 525
1468460 529
1468470 532
1468480 532
1468490 533
1468500 533
1468510 533
1468520 533
1468530 532
1468540 532
1468550 531
1468560 530
1468570 530
1468580 530
1468590 530
1468600 530
1468610 529
1468620 528
1468630 528
1468640 528
1468650 527
1468660 527
1468670 526
1468680 525
1468690 525
1468700 524
1468710 523
1468720 523
1468730 522
1468740 521
1468750 521
1468760 520
1468770 517
1468780 517
1468790 515
1468800 514
1468810 514
1468820 514
1468830 516
1468840 516
1468850 518
1468860 519
1468870 519
1468880 519
1468890 519
1468900 519
1468910 519
1468920 519
1468930 519
1468940 519
1468950 519
1468960 519
1468970 519
1468980 519
1468990 519
1469000 519
1469010 519
1469020 519
1469030 518
1469040 518
1469050 518
1469060 517
1469070 517
1469080 517
1469090 517
1469100 517
1469110 517
1469120 516
1469130 516
1469140 516
1469150 516
1469160 516
1469170 516
1469180 516
1469190 515
1469200 515
1469210 514
1469220 514
1469230 514
1469240 514
1469250 515
1469260 515
1469270 516
1469280 517
1469290 517
1469300 518
1469310 519
1469320 519
1469330 521
1469340 522
1469350 522
1469360 524
1469370 526
1469380 526
1469390 528
1469400 530
1469410 530
1469420 532
1469430 533
1469440 533
1469450 534
1469460 535
1469470 535
1469480 536
1469490 536
1469500 536
1469510 536
1469520 536
1469530 536
1469540 536
1469550 536
1469560 536
1469570 536
1469580 535
1469590 535
1469600 535
1469610 534
1469620 534
1469630 533
1469640 532
1469650 532
1469660 530
1469670 528
1469680 528
1469690 527
1469700 526
1469710 526
1469720 526
1469730 525
1469740 525
1469750 525
1469760 525
1469770 525
1469780 524
1469790 523
1469800 523
1469810 523
1469820 523
1469830 522
1469840 522
1469850 522
1469860 522
1469870 522
1469880 522
1469890 521
1469900 521
1469910 521
1469920 520
1469930 520
1469940 520
1469950 520
1469960 520
1469970 519
1469980 519
1469990 519
1470000 517
1470010 515
1470020 515
1470030 513
1470040 511
1470050 511
1470060 510
1470070 509
1470080 509
1470090 509
1470100 510
1470110 510
1470120 511
1470130 512
1470140 512
1470150 512
1470160 512
1470170 512
1470180 512
1470190 511
1470200 511
1470210 509
1470220 508
1470230 508
1470240 508
1470250 508
1470260 508
1470270 510
1470280 512
1470290 512
1470300 513
1470310 513
1470320 513
1470330 513
1470340 513
1470350 513
1470360 513
1470370 514
1470380 514
1470390 514
1470400 514
1470410 514
1470420 514
1470430 515
1470440 515
1470450 515
1470460 516
1470470 516
1470480 516
1470490 517
1470500 517
1470510 518
1470520 519
1470530 519
1470540 520
1470550 520
1470560 520
1470570 520
1470580 520
1470590 520
1470600 520
1470610 520
1470620 520
1470630 520
1470640 519
1470650 519
1470660 519
1470670 518
1470680 518
1470690 517
1470700 517
1470710 517
1470720 516
1470730 516
1470740 516
1470750 516
1470760 516
1470770 516
1470780 516
1470790 516
1470800 516
1470810 516
1470820 515
1470830 515
1470840 515
1470850 515
1470860 515
1470870 514
1470880 514
1470890 514
1470900 513
1470910 512
1470920 512
1470930 512
1470940 511
1470950 511
1470960 512
1470970 512
1470980 512
1470990 513
1471000 514
1471010 514
1471020 517
1471030 519
1471040 519
1471050 520
1471060 521
1471070 521
1471080 524
1471090 528
1471100 528
1471110 532
1471120 536
1471130 536
1471140 540
1471150 544
1471160 544
1471170 549
1471180 552
1471190 552
1471200 555
1471210 559
1471220 559
1471230 561
1471240 563
1471250 563
1471260 563
1471270 562
1471280 562
1471290 559
1471300 557
1471310 557
1471320 554
1471330 553
1471340 553
1471350 551
1471360 550
1471370 550
1471380 549
1471390 547
1471400 547
1471410 546
1471420 544
1471430 544
1471440 541
1471450 538
1471460 538
1471470 535
1471480 531
1471490 531
1471500 528
1471510 524
1471520 524
1471530 522
1471540 522
1471550 522
1471560 523
1471570 524
1471580 525
1471590 525
1471600 527
1471610 528
1471620 528
1471630 529
1471640 531
1471650 531
1471660 531
1471670 530
1471680 530
1471690 529
1471700 531
1471710 531
1471720 534
1471730 537
1471740 537
1471750 540
1471760 542
1471770 542
1471780 542
1471790 541
1471800 541
1471810 538
1471820 534
1471830 534
1471840 531
1471850 529
1471860 529
1471870 528
1471880 526
1471890 526
1471900 525
1471910 524
1471920 524
1471930 523
1471940 522
1471950 522
1471960 521
1471970 519
1471980 519
1471990 516
1472000 514
1472010 514
1472020 511
1472030 508
1472040 508
1472050 506
1472060 504
1472070 504
1472080 505
1472090 505
1472100 505
1472110 505
1472120 503
1472130 503
1472140 502
1472150 502
1472160 502
1472170 501
1472180 501
1472190 501
1472200 502
1472210 502
1472220 502
1472230 502
1472240 502
1472250 502
1472260 502
1472270 502
1472280 502
1472290 502
1472300 502
1472310 502
1472320 502
1472330 502
1472340 502
1472350 502
1472360 502
1472370 502
1472380 502
1472390 502
1472400 502
1472410 503
1472420 503
1472430 503
1472440 503
1472450 503
1472460 503
1472470 503
1472480 503
1472490 503
1472500 503
1472510 503
1472520 503
1472530 504
1472540 504
1472550 504
1472560 504
1472570 504
1472580 504
1472590 504
1472600 504
1472610 504
1472620 504
1472630 505
1472640 505
1472650 505
1472660 505
1472670 505
1472680 505
1472690 506
1472700 506
1472710 506
1472720 505
1472730 505
1472740 506
1472750 506
1472760 506
1472770 506
1472780 507
1472790 507
1472800 507
1472810 507
1472820 507
1472830 507
1472840 507
1472850 507
1472860 507
1472870 507
1472880 507
1472890 507
1472900 507
1472910 507
1472920 507
1472930 507
1472940 507
1472950 508
1472960 508
1472970 508
1472980 509
1472990 509
1473000 509
1473010 509
1473020 509
1473030 509
1473040 510
1473050 510
1473060 510
1473070 510
1473080 511
1473090 511
1473100 511
1473110 511
1473120 511
1473130 511
1473140 512
1473150 512
1473160 512
1473170 512
1473180 512
1473190 513
1473200 513
1473210 513
1473220 513
1473230 513
1473240 513
1473250 514
1473260 514
1473270 514
1473280 514
1473290 515
1473300 515
1473310 515
1473320 515
1473330 515
1473340 515
1473350 516
1473360 516
1473370 516
1473380 516
1473390 517
1473400 517
1473410 517
1473420 518
1473430 518
1473440 518
1473450 519
1473460 519
1473470 519
1473480 519
1473490 519
1473500 520
1473510 520
1473520 520
1473530 521
1473540 521
1473550 521
1473560 522
1473570 522
1473580 522
1473590 523
1473600 523
1473610 523
1473620 524
1473630 524
1473640 524
1473650 525
1473660 525
1473670 525
1473680 526
1473690 526
1473700 526
1473710 526
1473720 527
1473730 527
1473740 527
1473750 527
1473760 527
1473770 527
1473780 527
1473790 527
1473800 528
1473810 528
1473820 528
1473830 527
1473840 527
1473850 527
1473860 526
1473870 526
1473880 526
1473890 525
1473900 524
1473910 524
1473920 523
1473930 522
1473940 522
1473950 522
1473960 522
1473970 522
1473980 523
1473990 524
1474000 524
1474010 525
1474020 527
1474030 527
1474040 529
1474050 531
1474060 531
1474070 532
1474080 534
1474090 534
1474100 535
1474110 536
1474120 536
1474130 538
1474140 539
1474150 539
1474160 540
1474170 542
1474180 542
1474190 542
1474200 543
1474210 543
1474220 544
1474230 545
1474240 545
1474250 545
1474260 546
1474270 546
1474280 547
1474290 547
1474300 547
1474310 548
1474320 548
1474330 548
1474340 549
1474350 548
1474360 548
1474370 547
1474380 546
1474390 546
1474400 545
1474410 544
1474420 544
1474430 545
1474440 547
1474450 547
1474460 548
1474470 549
1474480 549
1474490 551
1474500 552
1474510 552
1474520 554
1474530 555
1474540 555
1474550 556
1474560 558
1474570 558
1474580 558
1474590 559
1474600 559
1474610 560
1474620 560
1474630 560
1474640 561
1474650 561
1474660 561
1474670 562
1474680 562
1474690 562
1474700 562
1474710 562
1474720 562
1474730 563
1474740 563
1474750 563
1474760 562
1474770 562
1474780 562
1474790 562
1474800 561
1474810 561
1474820 560
1474830 560
1474840 560
1474850 559
1474860 558
1474870 558
1474880 558
1474890 557
1474900 557
1474910 556
1474920 555
1474930 555
1474940 554
1474950 553
1474960 553
1474970 551
1474980 550
1474990 550
1475000 548
1475010 546
1475020 546
1475030 544
1475040 542
1475050 542
1475060 541
1475070 540
1475080 540
1475090 538
1475100 537
1475110 537
1475120 537
1475130 537
1475140 539
1475150 539
1475160 540
1475170 542
1475180 542
1475190 543
1475200 544
1475210 544
1475220 546
1475230 548
1475240 548
1475250 550
1475260 552
1475270 552
1475280 554
1475290 556
1475300 556
1475310 558
1475320 561
1475330 561
1475340 562
1475350 564
1475360 564
1475370 566
1475380 568
1475390 568
1475400 569
1475410 571
1475420 571
1475430 572
1475440 574
1475450 574
1475460 575
1475470 576
1475480 576
1475490 577
1475500 578
1475510 578
1475520 579
1475530 581
1475540 581
1475550 583
1475560 586
1475570 586
1475580 589
1475590 590
1475600 590
1475610 591
1475620 591
1475630 591
1475640 589
1475650 588
1475660 588
1475670 587
1475680 586
1475690 586
1475700 585
1475710 585
1475720 585
1475730 584
1475740 583
1475750 583
1475760 583
1475770 583
1475780 583
1475790 582
1475800 582
1475810 582
1475820 582
1475830 582
1475840 582
1475850 582
1475860 583
1475870 583
1475880 583
1475890 582
1475900 582
1475910 581
1475920 581
1475930 581
1475940 582
1475950 584
1475960 584
1475970 588
1475980 592
1475990 592
1476000 596
1476010 599
1476020 599
1476030 601
1476040 604
1476050 604
1476060 607
1476070 610
1476080 610
1476090 612
1476100 613
1476110 613
1476120 613
1476130 614
1476140 614
1476150 614
1476160 614
1476170 614
1476180 614
1476190 613
1476200 613
1476210 611
1476220 609
1476230 609
1476240 607
1476250 605
1476260 605
1476270 603
1476280 600
1476290 600
1476300 597
1476310 594
1476320 594
1476330 592
1476340 591
1476350 591
1476360 590
1476370 589
1476380 589
1476390 588
1476400 587
1476410 587
1476420 587
1476430 586
1476440 586
1476450 586
1476460 585
1476470 585
1476480 585
1476490 584
1476500 584
1476510 584
1476520 583
1476530 583
1476540 583
1476550 583
1476560 583
1476570 583
1476580 582
1476590 582
1476600 582
1476610 582
1476620 582
1476630 581
1476640 581
1476650 581
1476660 582
1476670 582
1476680 582
1476690 583
1476700 583
1476710 583
1476720 584
1476730 585
1476740 585
1476750 585
1476760 586
1476770 586
1476780 588
1476790 589
1476800 589
1476810 590
1476820 592
1476830 592
1476840 594
1476850 596
1476860 598
1476870 598
1476880 599
1476890 600
1476900 600
1476910 601
1476920 602
1476930 602
1476940 603
1476950 604
1476960 604
1476970 605
1476980 606
1476990 606
1477000 608
1477010 610
1477020 610
1477030 611
1477040 612
1477050 612
1477060 613
1477070 614
1477080 614
1477090 614
1477100 614
1477110 614
1477120 615
1477130 615
1477140 615
1477150 615
1477160 615
1477170 615
1477180 615
1477190 614
1477200 614
1477210 614
1477220 614
1477230 614
1477240 613
1477250 613
1477260 613
1477270 613
1477280 612
1477290 612
1477300 612
1477310 611
1477320 611
1477330 611
1477340 610
1477350 610
1477360 608
1477370 606
1477380 606
1477390 605
1477400 606
1477410 606
1477420 607
1477430 609
1477440 609
1477450 611
1477460 613
1477470 613
1477480 613
1477490 614
1477500 614
1477510 614
1477520 614
1477530 614
1477540 614
1477550 614
1477560 614
1477570 614
1477580 615
1477590 615
1477600 615
1477610 615
1477620 615
1477630 615
1477640 615
1477650 615
1477660 615
1477670 615
1477680 615
1477690 615
1477700 615
1477710 615
1477720 614
1477730 614
1477740 614
1477750 614
1477760 613
1477770 613
1477780 612
1477790 612
1477800 612
1477810 611
1477820 610
1477830 610
1477840 609
1477850 608
1477860 608
1477870 606
1477880 602
1477890 602
1477900 600
1477910 598
1477920 598
1477930 597
1477940 598
1477950 598
1477960 598
1477970 598
1477980 598
1477990 596
1478000 593
1478010 593
1478020 590
1478030 589
1478040 589
1478050 587
1478060 586
1478070 586
1478080 585
1478090 584
1478100 584
1478110 582
1478120 580
1478130 580
1478140 579
1478150 578
1478160 578
1478170 577
1478180 577
1478190 577
1478200 576
1478210 576
1478220 576
1478230 575
1478240 574
1478250 574
1478260 573
1478270 572
1478280 572
1478290 571
1478300 570
1478310 570
1478320 568
1478330 566
1478340 566
1478350 564
1478360 561
1478370 561
1478380 560
1478390 562
1478400 562
1478410 565
1478420 567
1478430 567
1478440 570
1478450 572
1478460 572
1478470 574
1478480 575
1478490 575
1478500 577
1478510 578
1478520 578
1478530 579
1478540 580
1478550 580
1478560 582
1478570 583
1478580 583
1478590 584
1478600 586
1478610 589
1478620 589
1478630 592
1478640 596
1478650 596
1478660 601
1478670 605
1478680 605
1478690 608
1478700 611
1478710 611
1478720 613
1478730 615
1478740 615
1478750 615
1478760 615
1478770 615
1478780 614
1478790 611
1478800 611
1478810 607
1478820 601
1478830 601
1478840 595
1478850 589
1478860 589
1478870 585
1478880 582
1478890 582
1478900 581
1478910 580
1478920 580
1478930 578
1478940 577
1478950 577
1478960 575
1478970 573
1478980 573
1478990 571
1479000 569
1479010 569
1479020 570
1479030 571
1479040 571
1479050 571
1479060 571
1479070 571
1479080 571
1479090 568
1479100 568
1479110 570
1479120 573
1479130 573
1479140 574
1479150 576
1479160 576
1479170 577
1479180 578
1479190 578
1479200 579
1479210 579
1479220 579
1479230 579
1479240 578
1479250 578
1479260 578
1479270 578
1479280 578
1479290 578
1479300 578
1479310 578
1479320 578
1479330 576
1479340 576
1479350 575
1479360 573
1479370 573
1479380 570
1479390 567
1479400 567
1479410 564
1479420 563
1479430 563
1479440 560
1479450 557
1479460 557
1479470 555
1479480 552
1479490 552
1479500 551
1479510 551
1479520 551
1479530 551
1479540 554
1479550 554
1479560 559
1479570 564
1479580 564
1479590 568
1479600 570
1479610 570
1479620 570
1479630 570
1479640 570
1479650 570
1479660 570
1479670 570
1479680 570
1479690 571
1479700 571
1479710 571
1479720 571
1479730 571
1479740 571
1479750 572
1479760 572
1479770 572
1479780 572
1479790 572
1479800 573
1479810 573
1479820 573
1479830 573
1479840 574
1479850 574
1479860 574
1479870 575
1479880 575
1479890 575
1479900 576
1479910 576
1479920 576
1479930 576
1479940 576
1479950 574
1479960 571
1479970 571
1479980 574
1479990 577
