1460000 441
1460010 441
1460020 441
1460030 440
1460040 440
1460050 441
1460060 444
1460070 444
1460080 449
1460090 454
1460100 454
1460110 458
1460120 460
1460130 460
1460140 459
1460150 456
1460160 456
1460170 452
1460180 449
1460190 449
1460200 446
1460210 441
1460220 441
1460230 436
1460240 430
1460250 430
1460260 427
1460270 425
1460280 425
1460290 424
1460300 424
1460310 424
1460320 424
1460330 424
1460340 424
1460350 424
1460360 424
1460370 424
1460380 424
1460390 424
1460400 424
1460410 424
1460420 424
1460430 424
1460440 424
1460450 424
1460460 424
1460470 424
1460480 424
1460490 424
1460500 424
1460510 424
1460520 424
1460530 424
1460540 424
1460550 424
1460560 424
1460570 424
1460580 424
1460590 424
1460600 423
1460610 423
1460620 423
1460630 424
1460640 424
1460650 424
1460660 424
1460670 424
1460680 424
1460690 424
1460700 424
1460710 424
1460720 424
1460730 424
1460740 424
1460750 424
1460760 424
1460770 424
1460780 424
1460790 424
1460800 424
1460810 424
1460820 424
1460830 424
1460840 424
1460850 424
1460860 424
1460870 424
1460880 424
1460890 424
1460900 424
1460910 424
1460920 424
1460930 424
1460940 424
1460950 424
1460960 424
1460970 424
1460980 424
1460990 424
1461000 424
1461010 424
1461020 424
1461030 424
1461040 424
1461050 424
1461060 424
1461070 424
1461080 424
1461090 424
1461100 424
1461110 424
1461120 424
1461130 424
1461140 424
1461150 424
1461160 424
1461170 424
1461180 424
1461190 424
1461200 424
1461210 424
1461220 424
1461230 424
1461240 424
1461250 424
1461260 424
1461270 424
1461280 424
1461290 424
1461300 424
1461310 424
1461320 424
1461330 424
1461340 424
1461350 424
1461360 424
1461370 424
1461380 424
1461390 424
1461400 424
1461410 424
1461420 424
1461430 424
1461440 424
1461450 424
1461460 424
1461470 424
1461480 424
1461490 424
1461500 424
1461510 424
1461520 424
1461530 424
1461540 424
1461550 424
1461560 424
1461570 424
1461580 424
1461590 424
1461600 424
1461610 424
1461620 424
1461630 424
1461640 424
1461650 425
1461660 425
1461670 425
1461680 425
1461690 425
1461700 425
1461710 425
1461720 425
1461730 425
1461740 425
1461750 425
1461760 425
1461770 425
1461780 425
1461790 425
1461800 425
1461810 425
1461820 425
1461830 425
1461840 425
1461850 425
1461860 425
1461870 425
1461880 425
1461890 425
1461900 425
1461910 425
1461920 425
1461930 425
1461940 425
1461950 425
1461960 426
1461970 426
1461980 426
1461990 426
1462000 426
1462010 426
1462020 426
1462030 426
1462040 426
1462050 426
1462060 426
1462070 426
1462080 426
1462090 426
1462100 426
1462110 426
1462120 426
1462130 426
1462140 426
1462150 426
1462160 426
1462170 426
1462180 426
1462190 426
1462200 426
1462210 426
1462220 426
1462230 426
1462240 426
1462250 426
1462260 426
1462270 426
1462280 426
1462290 426
1462300 426
1462310 426
1462320 426
1462330 426
1462340 426
1462350 426
1462360 426
1462370 426
1462380 426
1462390 426
1462400 426
1462410 426
1462420 426
1462430 426
1462440 426
1462450 426
1462460 426
1462470 426
1462480 426
1462490 426
1462500 426
1462510 426
1462520 426
1462530 426
1462540 426
1462550 426
1462560 426
1462570 426
1462580 426
1462590 426
1462600 426
1462610 426
1462620 426
1462630 426
1462640 426
1462650 426
1462660 426
1462670 426
1462680 426
1462690 426
1462700 426
1462710 426
1462720 426
1462730 426
1462740 426
1462750 426
1462760 426
1462770 426
1462780 426
1462790 427
1462800 427
1462810 427
1462820 426
1462830 426
1462840 426
1462850 427
1462860 427
1462870 427
1462880 427
1462890 427
1462900 427
1462910 427
1462920 427
1462930 427
1462940 427
1462950 427
1462960 427
1462970 427
1462980 427
1462990 427
1463000 427
1463010 427
1463020 427
1463030 427
1463040 427
1463050 427
1463060 427
1463070 427
1463080 427
1463090 427
1463100 427
1463110 427
1463120 427
1463130 427
1463140 427
1463150 427
1463160 427
1463170 428
1463180 428
1463190 428
1463200 428
1463210 428
1463220 428
1463230 428
1463240 428
1463250 428
1463260 428
1463270 428
1463280 428
1463290 428
1463300 428
1463310 428
1463320 428
1463330 428
1463340 428
1463350 428
1463360 428
1463370 428
1463380 428
1463390 428
1463400 428
1463410 428
1463420 428
1463430 428
1463440 428
1463450 428
1463460 428
1463470 428
1463480 428
1463490 428
1463500 428
1463510 428
1463520 428
1463530 428
1463540 428
1463550 428
1463560 429
1463570 429
1463580 429
1463590 429
1463600 429
1463610 430
1463620 430
1463630 430
1463640 430
1463650 431
1463660 431
1463670 432
1463680 433
1463690 433
1463700 435
1463710 437
1463720 437
1463730 438
1463740 439
1463750 439
1463760 439
1463770 440
1463780 440
1463790 440
1463800 440
1463810 440
1463820 440
1463830 440
1463840 440
1463850 440
1463860 440
1463870 440
1463880 440
1463890 440
1463900 440
1463910 440
1463920 440
1463930 440
1463940 440
1463950 440
1463960 440
1463970 440
1463980 440
1463990 440
1464000 440
1464010 440
1464020 440
1464030 440
1464040 440
1464050 440
1464060 440
1464070 440
1464080 440
1464090 440
1464100 440
1464110 440
1464120 440
1464130 440
1464140 440
1464150 440
1464160 440
1464170 440
1464180 440
1464190 439
1464200 439
1464210 439
1464220 439
1464230 439
1464240 439
1464250 439
1464260 439
1464270 439
1464280 439
1464290 439
1464300 438
1464310 438
1464320 438
1464330 438
1464340 439
1464350 439
1464360 439
1464370 439
1464380 439
1464390 439
1464400 439
1464410 439
1464420 439
1464430 439
1464440 439
1464450 439
1464460 439
1464470 439
1464480 439
1464490 440
1464500 440
1464510 440
1464520 440
1464530 440
1464540 440
1464550 441
1464560 441
1464570 441
1464580 441
1464590 441
1464600 441
1464610 441
1464620 441
1464630 441
1464640 441
1464650 441
1464660 442
1464670 442
1464680 442
1464690 442
1464700 442
1464710 442
1464720 442
1464730 443
1464740 443
1464750 443
1464760 443
1464770 443
1464780 443
1464790 443
1464800 443
1464810 444
1464820 444
1464830 444
1464840 444
1464850 445
1464860 445
1464870 445
1464880 446
1464890 446
1464900 446
1464910 446
1464920 446
1464930 446
1464940 446
1464950 446
1464960 446
1464970 447
1464980 447
1464990 447
1465000 448
1465010 449
1465020 449
1465030 449
1465040 450
1465050 450
1465060 451
1465070 452
1465080 452
1465090 453
1465100 454
1465110 454
1465120 455
1465130 457
1465140 457
1465150 459
1465160 462
1465170 462
1465180 465
1465190 468
1465200 468
1465210 471
1465220 474
1465230 474
1465240 477
1465250 480
1465260 480
1465270 482
1465280 484
1465290 484
1465300 485
1465310 485
1465320 485
1465330 485
1465340 485
1465350 485
1465360 484
1465370 483
1465380 483
1465390 482
1465400 480
1465410 480
1465420 478
1465430 477
1465440 477
1465450 476
1465460 475
1465470 475
1465480 475
1465490 475
1465500 475
1465510 474
1465520 474
1465530 474
1465540 474
1465550 473
1465560 473
1465570 473
1465580 472
1465590 472
1465600 471
1465610 470
1465620 470
1465630 470
1465640 469
1465650 469
1465660 468
1465670 468
1465680 468
1465690 467
1465700 467
1465710 467
1465720 466
1465730 466
1465740 466
1465750 465
1465760 465
1465770 465
1465780 464
1465790 464
1465800 464
1465810 463
1465820 461
1465830 461
1465840 459
1465850 458
1465860 458
1465870 457
1465880 457
1465890 457
1465900 457
1465910 458
1465920 458
1465930 458
1465940 458
1465950 458
1465960 458
1465970 459
1465980 459
1465990 460
1466000 461
1466010 461
1466020 462
1466030 464
1466040 464
1466050 465
1466060 466
1466070 466
1466080 467
1466090 468
1466100 468
1466110 468
1466120 469
1466130 469
1466140 470
1466150 470
1466160 470
1466170 471
1466180 472
1466190 472
1466200 473
1466210 474
1466220 474
1466230 474
1466240 475
1466250 475
1466260 478
1466270 481
1466280 481
1466290 485
1466300 488
1466310 488
1466320 491
1466330 493
1466340 493
1466350 495
1466360 497
1466370 497
1466380 498
1466390 499
1466400 499
1466410 500
1466420 500
1466430 500
1466440 499
1466450 498
1466460 498
1466470 497
1466480 498
1466490 498
1466500 499
1466510 501
1466520 501
1466530 503
1466540 505
1466550 505
1466560 506
1466570 507
1466580 507
1466590 507
1466600 507
1466610 507
1466620 504
1466630 504
1466640 504
1466650 504
1466660 504
1466670 504
1466680 505
1466690 507
1466700 507
1466710 508
1466720 509
1466730 509
1466740 510
1466750 512
1466760 513
1466770 513
1466780 515
1466790 516
1466800 516
1466810 517
1466820 518
1466830 518
1466840 519
1466850 520
1466860 520
1466870 521
1466880 521
1466890 521
1466900 522
1466910 522
1466920 522
1466930 522
1466940 522
1466950 522
1466960 521
1466970 521
1466980 521
1466990 520
1467000 520
1467010 520
1467020 519
1467030 519
1467040 519
1467050 518
1467060 518
1467070 518
1467080 517
1467090 517
1467100 517
1467110 516
1467120 515
1467130 515
1467140 514
1467150 514
1467160 514
1467170 513
1467180 512
1467190 512
1467200 511
1467210 510
1467220 510
1467230 510
1467240 509
1467250 509
1467260 509
1467270 508
1467280 508
1467290 508
1467300 507
1467310 507
1467320 506
1467330 506
1467340 506
1467350 505
1467360 504
1467370 504
1467380 504
1467390 503
1467400 503
1467410 502
1467420 501
1467430 501
1467440 500
1467450 499
1467460 499
1467470 498
1467480 497
1467490 497
1467500 496
1467510 496
1467520 496
1467530 495
1467540 494
1467550 494
1467560 493
1467570 492
1467580 492
1467590 492
1467600 491
1467610 491
1467620 491
1467630 490
1467640 490
1467650 489
1467660 488
1467670 488
1467680 487
1467690 486
1467700 486
1467710 485
1467720 484
1467730 484
1467740 482
1467750 481
1467760 481
1467770 479
1467780 479
1467790 479
1467800 478
1467810 477
1467820 477
1467830 477
1467840 476
1467850 476
1467860 476
1467870 476
1467880 476
1467890 475
1467900 475
1467910 475
1467920 474
1467930 474
1467940 474
1467950 474
1467960 473
1467970 473
1467980 472
1467990 471
1468000 471
1468010 471
1468020 472
1468030 472
1468040 472
1468050 472
1468060 472
1468070 472
1468080 473
1468090 473
1468100 475
1468110 477
1468120 477
1468130 481
1468140 484
1468150 484
1468160 487
1468170 491
1468180 491
1468190 495
1468200 498
1468210 498
1468220 500
1468230 502
1468240 502
1468250 504
1468260 505
1468270 505
1468280 505
1468290 505
1468300 505
1468310 506
1468320 507
1468330 507
1468340 509
1468350 510
1468360 510
1468370 510
1468380 510
1468390 510
1468400 509
1468410 509
1468420 509
1468430 509
1468440 511
1468450 511
1468460 514
1468470 516
1468480 516
1468490 517
1468500 518
1468510 518
1468520 518
1468530 519
1468540 519
1468550 521
1468560 522
1468570 522
1468580 524
1468590 525
1468600 525
1468610 527
1468620 529
1468630 531
1468640 531
1468650 533
1468660 535
1468670 535
1468680 538
1468690 540
1468700 540
1468710 543
1468720 545
1468730 545
1468740 547
1468750 548
1468760 548
1468770 550
1468780 550
1468790 550
1468800 551
1468810 550
1468820 550
1468830 550
1468840 550
1468850 550
1468860 550
1468870 552
1468880 552
1468890 552
1468900 552
1468910 552
1468920 552
1468930 552
1468940 552
1468950 552
1468960 552
1468970 552
1468980 553
1468990 553
1469000 553
1469010 553
1469020 553
1469030 553
1469040 553
1469050 554
1469060 554
1469070 554
1469080 552
1469090 552
1469100 550
1469110 549
1469120 549
1469130 548
1469140 547
1469150 547
1469160 546
1469170 544
1469180 544
1469190 541
1469200 540
1469210 540
1469220 538
1469230 536
1469240 536
1469250 535
1469260 533
1469270 533
1469280 532
1469290 530
1469300 530
1469310 528
1469320 527
1469330 527
1469340 525
1469350 523
1469360 523
1469370 521
1469380 519
1469390 519
1469400 517
1469410 515
1469420 515
1469430 514
1469440 513
1469450 513
1469460 512
1469470 512
1469480 512
1469490 512
1469500 513
1469510 513
1469520 514
1469530 515
1469540 515
1469550 516
1469560 517
1469570 517
1469580 518
1469590 519
1469600 519
1469610 520
1469620 522
1469630 522
1469640 523
1469650 524
1469660 524
1469670 525
1469680 526
1469690 526
1469700 528
1469710 529
1469720 529
1469730 531
1469740 532
1469750 532
1469760 532
1469770 532
1469780 532
1469790 532
1469800 532
1469810 532
1469820 532
1469830 532
1469840 532
1469850 532
1469860 531
1469870 531
1469880 530
1469890 529
1469900 529
1469910 527
1469920 526
1469930 526
1469940 526
1469950 524
1469960 524
1469970 522
1469980 520
1469990 520
1470000 518
1470010 515
1470020 515
1470030 513
1470040 511
1470050 511
1470060 509
1470070 507
1470080 507
1470090 504
1470100 501
1470110 501
1470120 498
1470130 495
1470140 495
1470150 492
1470160 490
1470170 490
1470180 489
1470190 489
1470200 489
1470210 491
1470220 494
1470230 494
1470240 495
1470250 495
1470260 495
1470270 492
1470280 487
1470290 487
1470300 484
1470310 482
1470320 482
1470330 481
1470340 481
1470350 481
1470360 481
1470370 481
1470380 481
1470390 481
1470400 481
1470410 481
1470420 481
1470430 481
1470440 481
1470450 481
1470460 482
1470470 482
1470480 482
1470490 482
1470500 482
1470510 482
1470520 482
1470530 482
1470540 482
1470550 482
1470560 482
1470570 482
1470580 483
1470590 483
1470600 483
1470610 483
1470620 483
1470630 483
1470640 483
1470650 483
1470660 483
1470670 483
1470680 483
1470690 483
1470700 483
1470710 483
1470720 483
1470730 483
1470740 484
1470750 484
1470760 484
1470770 484
1470780 484
1470790 485
1470800 485
1470810 485
1470820 485
1470830 486
1470840 486
1470850 487
1470860 487
1470870 487
1470880 488
1470890 489
1470900 489
1470910 490
1470920 492
1470930 492
1470940 493
1470950 494
1470960 494
1470970 495
1470980 497
1470990 497
1471000 498
1471010 499
1471020 499
1471030 501
1471040 502
1471050 502
1471060 503
1471070 505
1471080 505
1471090 507
1471100 509
1471110 509
1471120 511
1471130 512
1471140 512
1471150 514
1471160 516
1471170 516
1471180 518
1471190 520
1471200 520
1471210 522
1471220 525
1471230 525
1471240 526
1471250 528
1471260 528
1471270 530
1471280 532
1471290 532
1471300 533
1471310 534
1471320 534
1471330 535
1471340 536
1471350 536
1471360 537
1471370 539
1471380 539
1471390 539
1471400 540
1471410 540
1471420 540
1471430 539
1471440 539
1471450 536
1471460 534
1471470 534
1471480 532
1471490 532
1471500 532
1471510 530
1471520 528
1471530 528
1471540 526
1471550 526
1471560 526
1471570 525
1471580 525
1471590 525
1471600 524
1471610 523
1471620 523
1471630 522
1471640 521
1471650 521
1471660 519
1471670 517
1471680 517
1471690 516
1471700 515
1471710 515
1471720 513
1471730 513
1471740 513
1471750 514
1471760 514
1471770 514
1471780 516
1471790 518
1471800 518
1471810 520
1471820 522
1471830 522
1471840 523
1471850 525
1471860 525
1471870 527
1471880 529
1471890 529
1471900 531
1471910 533
1471920 533
1471930 534
1471940 535
1471950 535
1471960 537
1471970 540
1471980 540
1471990 542
1472000 544
1472010 544
1472020 547
1472030 550
1472040 550
1472050 553
1472060 555
1472070 555
1472080 557
1472090 559
1472100 559
1472110 560
1472120 560
1472130 560
1472140 560
1472150 561
1472160 561
1472170 561
1472180 562
1472190 562
1472200 562
1472210 563
1472220 563
1472230 564
1472240 564
1472250 564
1472260 565
1472270 566
1472280 566
1472290 566
1472300 567
1472310 567
1472320 567
1472330 568
1472340 568
1472350 569
1472360 569
1472370 569
1472380 570
1472390 570
1472400 570
1472410 571
1472420 572
1472430 572
1472440 573
1472450 574
1472460 575
1472470 575
1472480 575
1472490 576
1472500 576
1472510 577
1472520 578
1472530 578
1472540 579
1472550 581
1472560 581
1472570 582
1472580 582
1472590 582
1472600 582
1472610 582
1472620 582
1472630 581
1472640 579
1472650 579
1472660 577
1472670 575
1472680 575
1472690 573
1472700 571
1472710 571
1472720 570
1472730 570
1472740 570
1472750 570
1472760 569
1472770 569
1472780 569
1472790 569
1472800 569
1472810 568
1472820 568
1472830 568
1472840 569
1472850 570
1472860 570
1472870 570
1472880 571
1472890 571
1472900 572
1472910 574
1472920 574
1472930 576
1472940 578
1472950 578
1472960 580
1472970 581
1472980 581
1472990 583
1473000 584
1473010 584
1473020 585
1473030 586
1473040 586
1473050 587
1473060 588
1473070 588
1473080 588
1473090 589
1473100 589
1473110 590
1473120 591
1473130 591
1473140 592
1473150 593
1473160 593
1473170 594
1473180 595
1473190 595
1473200 596
1473210 596
1473220 596
1473230 596
1473240 596
1473250 596
1473260 595
1473270 594
1473280 594
1473290 593
1473300 592
1473310 592
1473320 590
1473330 589
1473340 589
1473350 588
1473360 587
1473370 587
1473380 586
1473390 585
1473400 585
1473410 583
1473420 582
1473430 582
1473440 579
1473450 576
1473460 576
1473470 572
1473480 569
1473490 569
1473500 567
1473510 566
1473520 566
1473530 565
1473540 564
1473550 564
1473560 563
1473570 564
1473580 564
1473590 566
1473600 568
1473610 568
1473620 571
1473630 574
1473640 574
1473650 578
1473660 581
1473670 581
1473680 584
1473690 586
1473700 586
1473710 587
1473720 588
1473730 588
1473740 588
1473750 589
1473760 589
1473770 589
1473780 590
1473790 590
1473800 590
1473810 590
1473820 590
1473830 591
1473840 591
1473850 591
1473860 591
1473870 591
1473880 591
1473890 591
1473900 591
1473910 591
1473920 592
1473930 592
1473940 592
1473950 592
1473960 592
1473970 592
1473980 591
1473990 591
1474000 591
1474010 590
1474020 588
1474030 588
1474040 586
1474050 584
1474060 584
1474070 582
1474080 580
1474090 580
1474100 576
1474110 573
1474120 573
1474130 571
1474140 569
1474150 569
1474160 568
1474170 567
1474180 567
1474190 566
1474200 565
1474210 565
1474220 564
1474230 562
1474240 562
1474250 560
1474260 558
1474270 558
1474280 558
1474290 560
1474300 560
1474310 562
1474320 565
1474330 565
1474340 567
1474350 569
1474360 569
1474370 569
1474380 570
1474390 570
1474400 570
1474410 571
1474420 571
1474430 571
1474440 572
1474450 572
1474460 572
1474470 572
1474480 572
1474490 572
1474500 572
1474510 572
1474520 572
1474530 572
1474540 572
1474550 572
1474560 572
1474570 572
1474580 572
1474590 572
1474600 571
1474610 571
1474620 570
1474630 568
1474640 568
1474650 566
1474660 566
1474670 566
1474680 567
1474690 567
1474700 567
1474710 568
1474720 569
1474730 569
1474740 571
1474750 572
1474760 572
1474770 573
1474780 574
1474790 574
1474800 575
1474810 576
1474820 576
1474830 577
1474840 579
1474850 579
1474860 580
1474870 581
1474880 581
1474890 582
1474900 584
1474910 584
1474920 585
1474930 587
1474940 587
1474950 589
1474960 591
1474970 591
1474980 593
1474990 594
1475000 594
1475010 596
1475020 598
1475030 598
1475040 600
1475050 601
1475060 601
1475070 602
1475080 603
1475090 603
1475100 603
1475110 602
1475120 602
1475130 602
1475140 601
1475150 601
1475160 600
1475170 599
1475180 599
1475190 597
1475200 596
1475210 596
1475220 594
1475230 593
1475240 593
1475250 592
1475260 590
1475270 590
1475280 588
1475290 587
1475300 587
1475310 586
1475320 586
1475330 586
1475340 585
1475350 585
1475360 585
1475370 585
1475380 585
1475390 585
1475400 584
1475410 585
1475420 585
1475430 585
1475440 584
1475450 584
1475460 585
1475470 586
1475480 586
1475490 586
1475500 586
1475510 586
1475520 586
1475530 585
1475540 585
1475550 583
1475560 581
1475570 581
1475580 580
1475590 577
1475600 577
1475610 575
1475620 573
1475630 573
1475640 572
1475650 570
1475660 570
1475670 569
1475680 567
1475690 567
1475700 566
1475710 564
1475720 564
1475730 562
1475740 561
1475750 561
1475760 560
1475770 559
1475780 559
1475790 557
1475800 556
1475810 556
1475820 555
1475830 552
1475840 552
1475850 550
1475860 547
1475870 547
1475880 545
1475890 545
1475900 545
1475910 544
1475920 543
1475930 543
1475940 542
1475950 541
1475960 541
1475970 541
1475980 542
1475990 542
1476000 544
1476010 545
1476020 545
1476030 549
1476040 553
1476050 553
1476060 557
1476070 561
1476080 561
1476090 566
1476100 570
1476110 570
1476120 572
1476130 573
1476140 573
1476150 573
1476160 573
1476170 573
1476180 572
1476190 572
1476200 572
1476210 571
1476220 570
1476230 570
1476240 568
1476250 567
1476260 565
1476270 565
1476280 563
1476290 560
1476300 560
1476310 558
1476320 556
1476330 556
1476340 555
1476350 554
1476360 554
1476370 556
1476380 559
1476390 559
1476400 562
1476410 564
1476420 564
1476430 564
1476440 564
1476450 564
1476460 563
1476470 565
1476480 565
1476490 567
1476500 569
1476510 569
1476520 570
1476530 571
1476540 571
1476550 571
1476560 573
1476570 573
1476580 575
1476590 576
1476600 576
1476610 576
1476620 575
1476630 575
1476640 572
1476650 570
1476660 570
1476670 569
1476680 568
1476690 568
1476700 567
1476710 566
1476720 566
1476730 565
1476740 564
1476750 564
1476760 563
1476770 562
1476780 562
1476790 560
1476800 557
1476810 557
1476820 554
1476830 553
1476840 553
1476850 551
1476860 548
1476870 548
1476880 545
1476890 544
1476900 544
1476910 543
1476920 543
1476930 543
1476940 543
1476950 543
1476960 543
1476970 543
1476980 544
1476990 544
1477000 544
1477010 544
1477020 544
1477030 544
1477040 544
1477050 544
1477060 544
1477070 543
1477080 543
1477090 543
1477100 543
1477110 543
1477120 542
1477130 541
1477140 541
1477150 539
1477160 538
1477170 538
1477180 537
1477190 536
1477200 536
1477210 535
1477220 534
1477230 534
1477240 532
1477250 530
1477260 530
1477270 528
1477280 526
1477290 526
1477300 524
1477310 522
1477320 522
1477330 522
1477340 521
1477350 521
1477360 520
1477370 520
1477380 520
1477390 520
1477400 520
1477410 520
1477420 522
1477430 523
1477440 523
1477450 524
1477460 524
1477470 524
1477480 525
1477490 524
1477500 524
1477510 522
1477520 520
1477530 520
1477540 518
1477550 517
1477560 517
1477570 516
1477580 516
1477590 516
1477600 516
1477610 515
1477620 515
1477630 514
1477640 514
1477650 514
1477660 514
1477670 514
1477680 514
1477690 514
1477700 516
1477710 516
1477720 518
1477730 520
1477740 520
1477750 522
1477760 524
1477770 524
1477780 526
1477790 526
1477800 526
1477810 525
1477820 524
1477830 524
1477840 524
1477850 527
1477860 527
1477870 531
1477880 536
1477890 536
1477900 540
1477910 544
1477920 544
1477930 547
1477940 548
1477950 548
1477960 547
1477970 545
1477980 545
1477990 543
1478000 541
1478010 541
1478020 540
1478030 541
1478040 541
1478050 542
1478060 543
1478070 543
1478080 543
1478090 542
1478100 542
1478110 541
1478120 540
1478130 539
1478140 539
1478150 538
1478160 538
1478170 538
1478180 537
1478190 537
1478200 537
1478210 537
1478220 537
1478230 537
1478240 536
1478250 536
1478260 536
1478270 535
1478280 533
1478290 533
1478300 531
1478310 527
1478320 527
1478330 526
1478340 526
1478350 526
1478360 524
1478370 522
1478380 522
1478390 521
1478400 520
1478410 520
1478420 518
1478430 515
1478440 515
1478450 514
1478460 514
1478470 514
1478480 514
1478490 515
1478500 515
1478510 520
1478520 522
1478530 522
1478540 523
1478550 523
1478560 523
1478570 522
1478580 522
1478590 522
1478600 522
1478610 521
1478620 521
1478630 521
1478640 521
1478650 521
1478660 521
1478670 521
1478680 521
1478690 521
1478700 521
1478710 521
1478720 521
1478730 520
1478740 520
1478750 520
1478760 520
1478770 520
1478780 520
1478790 518
1478800 518
1478810 516
1478820 516
1478830 516
1478840 516
1478850 516
1478860 516
1478870 516
1478880 517
1478890 517
1478900 517
1478910 517
1478920 517
1478930 517
1478940 517
1478950 517
1478960 517
1478970 517
1478980 517
1478990 517
1479000 518
1479010 518
1479020 518
1479030 519
1479040 519
1479050 519
1479060 519
1479070 519
1479080 520
1479090 520
1479100 520
1479110 521
1479120 521
1479130 521
1479140 522
1479150 522
1479160 522
1479170 523
1479180 523
1479190 523
1479200 523
1479210 523
1479220 523
1479230 523
1479240 523
1479250 523
1479260 523
1479270 524
1479280 524
1479290 524
1479300 524
1479310 524
1479320 524
1479330 524
1479340 524
1479350 524
1479360 525
1479370 525
1479380 525
1479390 525
1479400 525
1479410 525
1479420 525
1479430 525
1479440 525
1479450 525
1479460 525
1479470 526
1479480 526
1479490 526
1479500 526
1479510 526
1479520 526
1479530 527
1479540 529
1479550 529
1479560 532
1479570 535
1479580 535
1479590 540
1479600 545
1479610 545
1479620 549
1479630 551
1479640 551
1479650 553
1479660 555
1479670 555
1479680 558
1479690 559
1479700 559
1479710 559
1479720 560
1479730 560
1479740 560
1479750 561
1479760 561
1479770 562
1479780 562
1479790 562
1479800 563
1479810 564
1479820 564
1479830 565
1479840 565
1479850 565
1479860 565
1479870 565
1479880 565
1479890 565
1479900 565
1479910 565
1479920 565
1479930 566
1479940 566
1479950 566
1479960 566
1479970 566
1479980 565
1479990 565
