1460000 407
1460010 407
1460020 407
1460030 407
1460040 407
1460050 407
1460060 407
1460070 407
1460080 407
1460090 407
1460100 407
1460110 407
1460120 407
1460130 407
1460140 407
1460150 407
1460160 407
1460170 407
1460180 407
1460190 407
1460200 407
1460210 407
1460220 407
1460230 407
1460240 407
1460250 407
1460260 407
1460270 407
1460280 407
1460290 407
1460300 407
1460310 407
1460320 407
1460330 407
1460340 407
1460350 407
1460360 407
1460370 407
1460380 407
1460390 407
1460400 407
1460410 407
1460420 408
1460430 407
1460440 407
1460450 407
1460460 407
1460470 407
1460480 407
1460490 407
1460500 407
1460510 407
1460520 407
1460530 407
1460540 407
1460550 407
1460560 407
1460570 407
1460580 407
1460590 407
1460600 407
1460610 407
1460620 407
1460630 407
1460640 407
1460650 407
1460660 407
1460670 407
1460680 407
1460690 407
1460700 407
1460710 407
1460720 407
1460730 407
1460740 407
1460750 407
1460760 407
1460770 407
1460780 407
1460790 407
1460800 407
1460810 407
1460820 407
1460830 407
1460840 407
1460850 407
1460860 407
1460870 407
1460880 407
1460890 407
1460900 407
1460910 407
1460920 407
1460930 407
1460940 407
1460950 407
1460960 407
1460970 407
1460980 407
1460990 407
1461000 407
1461010 407
1461020 407
1461030 407
1461040 407
1461050 407
1461060 407
1461070 407
1461080 407
1461090 407
1461100 407
1461110 407
1461120 406
1461130 406
1461140 406
1461150 407
1461160 407
1461170 407
1461180 406
1461190 406
1461200 407
1461210 407
1461220 407
1461230 407
1461240 407
1461250 407
1461260 407
1461270 407
1461280 407
1461290 407
1461300 406
1461310 406
1461320 406
1461330 407
1461340 407
1461350 408
1461360 407
1461370 407
1461380 407
1461390 407
1461400 407
1461410 407
1461420 407
1461430 407
1461440 407
1461450 407
1461460 407
1461470 407
1461480 407
1461490 407
1461500 407
1461510 407
1461520 407
1461530 408
1461540 407
1461550 407
1461560 407
1461570 407
1461580 407
1461590 407
1461600 407
1461610 407
1461620 407
1461630 407
1461640 407
1461650 407
1461660 407
1461670 407
1461680 407
1461690 407
1461700 407
1461710 407
1461720 407
1461730 407
1461740 407
1461750 407
1461760 407
1461770 407
1461780 407
1461790 407
1461800 407
1461810 407
1461820 407
1461830 407
1461840 407
1461850 407
1461860 407
1461870 407
1461880 407
1461890 407
1461900 407
1461910 407
1461920 407
1461930 407
1461940 407
1461950 407
1461960 407
1461970 407
1461980 407
1461990 407
1462000 407
1462010 407
1462020 407
1462030 407
1462040 407
1462050 407
1462060 407
1462070 407
1462080 407
1462090 407
1462100 407
1462110 407
1462120 407
1462130 407
1462140 407
1462150 407
1462160 407
1462170 407
1462180 407
1462190 407
1462200 407
1462210 407
1462220 406
1462230 406
1462240 406
1462250 406
1462260 406
1462270 406
1462280 406
1462290 406
1462300 406
1462310 406
1462320 406
1462330 406
1462340 406
1462350 406
1462360 406
1462370 406
1462380 406
1462390 406
1462400 406
1462410 406
1462420 406
1462430 406
1462440 406
1462450 406
1462460 406
1462470 406
1462480 406
1462490 406
1462500 406
1462510 406
1462520 406
1462530 406
1462540 406
1462550 406
1462560 406
1462570 406
1462580 406
1462590 406
1462600 406
1462610 406
1462620 406
1462630 406
1462640 406
1462650 406
1462660 406
1462670 406
1462680 405
1462690 406
1462700 406
1462710 406
1462720 406
1462730 406
1462740 406
1462750 406
1462760 406
1462770 406
1462780 406
1462790 406
1462800 406
1462810 407
1462820 407
1462830 407
1462840 407
1462850 407
1462860 407
1462870 407
1462880 407
1462890 407
1462900 407
1462910 407
1462920 407
1462930 407
1462940 407
1462950 407
1462960 407
1462970 407
1462980 407
1462990 407
1463000 407
1463010 407
1463020 407
1463030 407
1463040 407
1463050 407
1463060 407
1463070 407
1463080 407
1463090 407
1463100 408
1463110 410
1463120 410
1463130 415
1463140 419
1463150 419
1463160 421
1463170 421
1463180 421
1463190 421
1463200 422
1463210 422
1463220 422
1463230 422
1463240 422
1463250 422
1463260 422
1463270 422
1463280 423
1463290 423
1463300 423
1463310 423
1463320 423
1463330 423
1463340 423
1463350 423
1463360 423
1463370 422
1463380 423
1463390 423
1463400 423
1463410 423
1463420 423
1463430 423
1463440 423
1463450 423
1463460 423
1463470 423
1463480 423
1463490 423
1463500 423
1463510 423
1463520 423
1463530 423
1463540 423
1463550 423
1463560 423
1463570 423
1463580 423
1463590 423
1463600 423
1463610 423
1463620 423
1463630 423
1463640 424
1463650 424
1463660 424
1463670 424
1463680 424
1463690 424
1463700 424
1463710 424
1463720 424
1463730 424
1463740 425
1463750 425
1463760 425
1463770 425
1463780 425
1463790 425
1463800 425
1463810 425
1463820 425
1463830 426
1463840 426
1463850 426
1463860 426
1463870 426
1463880 427
1463890 427
1463900 427
1463910 428
1463920 428
1463930 428
1463940 429
1463950 429
1463960 429
1463970 430
1463980 430
1463990 430
1464000 431
1464010 432
1464020 432
1464030 432
1464040 433
1464050 433
1464060 434
1464070 435
1464080 435
1464090 436
1464100 437
1464110 437
1464120 438
1464130 440
1464140 440
1464150 441
1464160 442
1464170 442
1464180 444
1464190 445
1464200 445
1464210 446
1464220 447
1464230 447
1464240 447
1464250 448
1464260 448
1464270 449
1464280 449
1464290 449
1464300 450
1464310 451
1464320 451
1464330 451
1464340 452
1464350 452
1464360 452
1464370 453
1464380 453
1464390 453
1464400 454
1464410 454
1464420 454
1464430 455
1464440 455
1464450 455
1464460 455
1464470 455
1464480 456
1464490 456
1464500 456
1464510 456
1464520 456
1464530 456
1464540 457
1464550 457
1464560 457
1464570 457
1464580 458
1464590 458
1464600 458
1464610 458
1464620 458
1464630 458
1464640 458
1464650 458
1464660 458
1464670 458
1464680 458
1464690 458
1464700 458
1464710 458
1464720 458
1464730 457
1464740 457
1464750 457
1464760 457
1464770 457
1464780 457
1464790 457
1464800 457
1464810 456
1464820 456
1464830 456
1464840 455
1464850 454
1464860 454
1464870 453
1464880 452
1464890 452
1464900 451
1464910 450
1464920 450
1464930 450
1464940 450
1464950 450
1464960 451
1464970 451
1464980 451
1464990 451
1465000 452
1465010 452
1465020 452
1465030 453
1465040 453
1465050 453
1465060 453
1465070 453
1465080 453
1465090 453
1465100 453
1465110 452
1465120 452
1465130 452
1465140 451
1465150 451
1465160 451
1465170 450
1465180 450
1465190 450
1465200 449
1465210 449
1465220 448
1465230 448
1465240 447
1465250 447
1465260 447
1465270 446
1465280 445
1465290 445
1465300 445
1465310 444
1465320 444
1465330 443
1465340 443
1465350 443
1465360 442
1465370 441
1465380 441
1465390 441
1465400 440
1465410 440
1465420 440
1465430 439
1465440 439
1465450 438
1465460 437
1465470 437
1465480 436
1465490 435
1465500 435
1465510 434
1465520 434
1465530 434
1465540 433
1465550 434
1465560 434
1465570 437
1465580 440
1465590 440
1465600 444
1465610 447
1465620 447
1465630 448
1465640 448
1465650 448
1465660 446
1465670 443
1465680 443
1465690 439
1465700 435
1465710 435
1465720 432
1465730 431
1465740 431
1465750 430
1465760 429
1465770 429
1465780 429
1465790 429
1465800 429
1465810 428
1465820 428
1465830 428
1465840 428
1465850 428
1465860 428
1465870 428
1465880 428
1465890 428
1465900 428
1465910 428
1465920 428
1465930 428
1465940 428
1465950 428
1465960 428
1465970 428
1465980 428
1465990 428
1466000 428
1466010 428
1466020 428
1466030 428
1466040 428
1466050 428
1466060 428
1466070 428
1466080 428
1466090 428
1466100 428
1466110 428
1466120 428
1466130 428
1466140 428
1466150 428
1466160 428
1466170 428
1466180 428
1466190 428
1466200 428
1466210 428
1466220 428
1466230 428
1466240 428
1466250 428
1466260 428
1466270 428
1466280 428
1466290 428
1466300 428
1466310 428
1466320 428
1466330 428
1466340 428
1466350 428
1466360 428
1466370 428
1466380 428
1466390 428
1466400 428
1466410 428
1466420 428
1466430 428
1466440 428
1466450 428
1466460 428
1466470 428
1466480 428
1466490 428
1466500 428
1466510 429
1466520 429
1466530 429
1466540 429
1466550 429
1466560 429
1466570 429
1466580 429
1466590 429
1466600 429
1466610 429
1466620 429
1466630 429
1466640 429
1466650 429
1466660 429
1466670 429
1466680 430
1466690 431
1466700 431
1466710 432
1466720 433
1466730 433
1466740 433
1466750 434
1466760 434
1466770 434
1466780 435
1466790 435
1466800 435
1466810 435
1466820 435
1466830 436
1466840 437
1466850 437
1466860 437
1466870 438
1466880 438
1466890 439
1466900 439
1466910 439
1466920 440
1466930 441
1466940 441
1466950 442
1466960 444
1466970 444
1466980 445
1466990 448
1467000 448
1467010 451
1467020 454
1467030 454
1467040 456
1467050 459
1467060 459
1467070 462
1467080 465
1467090 465
1467100 467
1467110 469
1467120 469
1467130 470
1467140 470
1467150 470
1467160 471
1467170 472
1467180 472
1467190 473
1467200 475
1467210 475
1467220 477
1467230 479
1467240 479
1467250 480
1467260 481
1467270 481
1467280 481
1467290 482
1467300 482
1467310 483
1467320 483
1467330 483
1467340 484
1467350 484
1467360 484
1467370 484
1467380 485
1467390 485
1467400 485
1467410 485
1467420 485
1467430 486
1467440 486
1467450 486
1467460 486
1467470 487
1467480 487
1467490 487
1467500 487
1467510 487
1467520 487
1467530 487
1467540 487
1467550 486
1467560 486
1467570 486
1467580 485
1467590 484
1467600 484
1467610 482
1467620 481
1467630 481
1467640 480
1467650 478
1467660 478
1467670 477
1467680 476
1467690 476
1467700 475
1467710 474
1467720 474
1467730 474
1467740 474
1467750 474
1467760 473
1467770 472
1467780 472
1467790 470
1467800 468
1467810 468
1467820 469
1467830 471
1467840 472
1467850 472
1467860 473
1467870 473
1467880 473
1467890 474
1467900 475
1467910 475
1467920 476
1467930 476
1467940 476
1467950 475
1467960 475
1467970 475
1467980 474
1467990 474
1468000 474
1468010 473
1468020 473
1468030 473
1468040 472
1468050 472
1468060 472
1468070 471
1468080 471
1468090 471
1468100 470
1468110 469
1468120 469
1468130 467
1468140 465
1468150 465
1468160 464
1468170 463
1468180 463
1468190 460
1468200 459
1468210 459
1468220 460
1468230 460
1468240 460
1468250 460
1468260 460
1468270 460
1468280 460
1468290 459
1468300 459
1468310 459
1468320 458
1468330 458
1468340 458
1468350 457
1468360 457
1468370 457
1468380 457
1468390 457
1468400 456
1468410 456
1468420 456
1468430 456
1468440 455
1468450 455
1468460 455
1468470 454
1468480 454
1468490 454
1468500 454
1468510 454
1468520 453
1468530 453
1468540 453
1468550 452
1468560 452
1468570 452
1468580 452
1468590 451
1468600 451
1468610 451
1468620 451
1468630 451
1468640 450
1468650 450
1468660 450
1468670 451
1468680 451
1468690 451
1468700 451
1468710 451
1468720 451
1468730 451
1468740 450
1468750 450
1468760 450
1468770 450
1468780 450
1468790 450
1468800 450
1468810 450
1468820 449
1468830 449
1468840 449
1468850 449
1468860 449
1468870 449
1468880 449
1468890 448
1468900 448
1468910 448
1468920 448
1468930 448
1468940 448
1468950 448
1468960 448
1468970 447
1468980 447
1468990 447
1469000 447
1469010 446
1469020 446
1469030 447
1469040 447
1469050 447
1469060 447
1469070 447
1469080 447
1469090 447
1469100 447
1469110 447
1469120 447
1469130 448
1469140 448
1469150 448
1469160 448
1469170 448
1469180 448
1469190 448
1469200 448
1469210 448
1469220 448
1469230 448
1469240 448
1469250 448
1469260 448
1469270 447
1469280 448
1469290 448
1469300 449
1469310 450
1469320 450
1469330 450
1469340 450
1469350 450
1469360 450
1469370 451
1469380 451
1469390 451
1469400 451
1469410 451
1469420 451
1469430 451
1469440 451
1469450 451
1469460 451
1469470 451
1469480 451
1469490 451
1469500 451
1469510 451
1469520 452
1469530 452
1469540 452
1469550 452
1469560 452
1469570 452
1469580 451
1469590 451
1469600 451
1469610 450
1469620 450
1469630 450
1469640 450
1469650 450
1469660 450
1469670 450
1469680 450
1469690 450
1469700 450
1469710 450
1469720 449
1469730 449
1469740 449
1469750 449
1469760 449
1469770 449
1469780 449
1469790 449
1469800 449
1469810 449
1469820 449
1469830 449
1469840 449
1469850 449
1469860 449
1469870 449
1469880 449
1469890 449
1469900 449
1469910 449
1469920 449
1469930 449
1469940 449
1469950 449
1469960 449
1469970 450
1469980 450
1469990 450
1470000 450
1470010 450
1470020 451
1470030 451
1470040 451
1470050 452
1470060 452
1470070 452
1470080 453
1470090 453
1470100 453
1470110 453
1470120 453
1470130 453
1470140 453
1470150 453
1470160 453
1470170 453
1470180 453
1470190 453
1470200 453
1470210 453
1470220 453
1470230 453
1470240 453
1470250 453
1470260 453
1470270 453
1470280 453
1470290 453
1470300 454
1470310 454
1470320 454
1470330 454
1470340 454
1470350 454
1470360 455
1470370 455
1470380 455
1470390 456
1470400 456
1470410 456
1470420 456
1470430 456
1470440 457
1470450 457
1470460 457
1470470 457
1470480 458
1470490 458
1470500 458
1470510 458
1470520 459
1470530 459
1470540 459
1470550 459
1470560 459
1470570 459
1470580 460
1470590 460
1470600 460
1470610 460
1470620 460
1470630 460
1470640 460
1470650 460
1470660 461
1470670 461
1470680 461
1470690 461
1470700 461
1470710 461
1470720 461
1470730 461
1470740 461
1470750 462
1470760 462
1470770 462
1470780 462
1470790 462
1470800 462
1470810 461
1470820 461
1470830 461
1470840 460
1470850 460
1470860 460
1470870 459
1470880 459
1470890 459
1470900 459
1470910 459
1470920 459
1470930 458
1470940 458
1470950 458
1470960 458
1470970 458
1470980 458
1470990 457
1471000 457
1471010 457
1471020 456
1471030 456
1471040 456
1471050 456
1471060 455
1471070 455
1471080 455
1471090 455
1471100 455
1471110 455
1471120 455
1471130 455
1471140 456
1471150 458
1471160 458
1471170 460
1471180 463
1471190 463
1471200 468
1471210 471
1471220 471
1471230 472
1471240 473
1471250 473
1471260 475
1471270 476
1471280 476
1471290 478
1471300 479
1471310 479
1471320 479
1471330 480
1471340 480
1471350 480
1471360 480
1471370 480
1471380 481
1471390 481
1471400 481
1471410 482
1471420 482
1471430 482
1471440 482
1471450 482
1471460 482
1471470 482
1471480 483
1471490 483
1471500 483
1471510 483
1471520 483
1471530 484
1471540 484
1471550 484
1471560 485
1471570 485
1471580 485
1471590 486
1471600 486
1471610 486
1471620 487
1471630 487
1471640 487
1471650 487
1471660 486
1471670 486
1471680 486
1471690 485
1471700 485
1471710 485
1471720 485
1471730 485
1471740 485
1471750 485
1471760 485
1471770 485
1471780 486
1471790 486
1471800 486
1471810 486
1471820 486
1471830 486
1471840 486
1471850 486
1471860 486
1471870 486
1471880 486
1471890 486
1471900 486
1471910 486
1471920 486
1471930 486
1471940 486
1471950 487
1471960 487
1471970 487
1471980 487
1471990 487
1472000 487
1472010 487
1472020 487
1472030 487
1472040 487
1472050 487
1472060 487
1472070 487
1472080 488
1472090 488
1472100 488
1472110 488
1472120 488
1472130 488
1472140 488
1472150 488
1472160 487
1472170 487
1472180 487
1472190 487
1472200 487
1472210 487
1472220 487
1472230 487
1472240 487
1472250 487
1472260 487
1472270 487
1472280 487
1472290 486
1472300 486
1472310 484
1472320 483
1472330 483
1472340 483
1472350 482
1472360 482
1472370 482
1472380 481
1472390 481
1472400 481
1472410 480
1472420 480
1472430 478
1472440 477
1472450 477
1472460 476
1472470 475
1472480 475
1472490 475
1472500 474
1472510 474
1472520 474
1472530 473
1472540 473
1472550 473
1472560 472
1472570 472
1472580 472
1472590 473
1472600 473
1472610 472
1472620 472
1472630 473
1472640 473
1472650 473
1472660 473
1472670 473
1472680 473
1472690 473
1472700 472
1472710 472
1472720 472
1472730 472
1472740 471
1472750 471
1472760 471
1472770 471
1472780 471
1472790 471
1472800 470
1472810 470
1472820 470
1472830 470
1472840 470
1472850 470
1472860 470
1472870 470
1472880 470
1472890 470
1472900 470
1472910 470
1472920 470
1472930 470
1472940 470
1472950 470
1472960 470
1472970 470
1472980 471
1472990 471
1473000 471
1473010 472
1473020 472
1473030 472
1473040 473
1473050 473
1473060 474
1473070 475
1473080 475
1473090 475
1473100 476
1473110 476
1473120 476
1473130 477
1473140 479
1473150 479
1473160 480
1473170 480
1473180 480
1473190 480
1473200 484
1473210 484
1473220 488
1473230 490
1473240 490
1473250 491
1473260 493
1473270 493
1473280 495
1473290 498
1473300 498
1473310 501
1473320 503
1473330 503
1473340 505
1473350 507
1473360 507
1473370 509
1473380 511
1473390 511
1473400 513
1473410 516
1473420 516
1473430 518
1473440 521
1473450 521
1473460 524
1473470 527
1473480 527
1473490 530
1473500 532
1473510 532
1473520 535
1473530 537
1473540 537
1473550 539
1473560 541
1473570 541
1473580 542
1473590 543
1473600 543
1473610 543
1473620 542
1473630 542
1473640 541
1473650 541
1473660 541
1473670 542
1473680 543
1473690 543
1473700 544
1473710 545
1473720 545
1473730 546
1473740 547
1473750 547
1473760 549
1473770 550
1473780 550
1473790 550
1473800 551
1473810 551
1473820 551
1473830 551
1473840 551
1473850 551
1473860 552
1473870 552
1473880 552
1473890 552
1473900 552
1473910 553
1473920 553
1473930 553
1473940 553
1473950 553
1473960 553
1473970 553
1473980 553
1473990 553
1474000 553
1474010 552
1474020 552
1474030 552
1474040 552
1474050 552
1474060 552
1474070 552
1474080 552
1474090 551
1474100 551
1474110 551
1474120 552
1474130 552
1474140 552
1474150 552
1474160 553
1474170 553
1474180 553
1474190 554
1474200 554
1474210 554
1474220 555
1474230 555
1474240 555
1474250 554
1474260 554
1474270 551
1474280 549
1474290 549
1474300 549
1474310 549
1474320 549
1474330 549
1474340 549
1474350 549
1474360 549
1474370 550
1474380 550
1474390 551
1474400 552
1474410 552
1474420 553
1474430 554
1474440 554
1474450 554
1474460 554
1474470 554
1474480 553
1474490 553
1474500 553
1474510 553
1474520 553
1474530 553
1474540 553
1474550 553
1474560 553
1474570 552
1474580 552
1474590 552
1474600 550
1474610 548
1474620 548
1474630 544
1474640 541
1474650 541
1474660 538
1474670 534
1474680 534
1474690 531
1474700 527
1474710 527
1474720 523
1474730 520
1474740 520
1474750 518
1474760 517
1474770 517
1474780 515
1474790 514
1474800 514
1474810 513
1474820 512
1474830 512
1474840 511
1474850 511
1474860 511
1474870 510
1474880 509
1474890 509
1474900 508
1474910 506
1474920 506
1474930 504
1474940 502
1474950 502
1474960 501
1474970 500
1474980 500
1474990 499
1475000 498
1475010 498
1475020 498
1475030 497
1475040 497
1475050 497
1475060 497
1475070 497
1475080 497
1475090 496
1475100 496
1475110 496
1475120 496
1475130 496
1475140 496
1475150 496
1475160 496
1475170 496
1475180 495
1475190 495
1475200 495
1475210 495
1475220 495
1475230 495
1475240 495
1475250 495
1475260 495
1475270 494
1475280 494
1475290 494
1475300 493
1475310 493
1475320 493
1475330 493
1475340 493
1475350 493
1475360 493
1475370 493
1475380 493
1475390 493
1475400 493
1475410 493
1475420 493
1475430 493
1475440 492
1475450 492
1475460 492
1475470 492
1475480 492
1475490 492
1475500 491
1475510 490
1475520 490
1475530 489
1475540 488
1475550 488
1475560 487
1475570 486
1475580 486
1475590 485
1475600 484
1475610 484
1475620 483
1475630 482
1475640 482
1475650 481
1475660 480
1475670 479
1475680 479
1475690 478
1475700 477
1475710 477
1475720 476
1475730 475
1475740 475
1475750 474
1475760 474
1475770 474
1475780 475
1475790 475
1475800 475
1475810 476
1475820 477
1475830 477
1475840 478
1475850 480
1475860 480
1475870 480
1475880 481
1475890 481
1475900 481
1475910 481
1475920 481
1475930 482
1475940 482
1475950 482
1475960 482
1475970 482
1475980 482
1475990 482
1476000 482
1476010 482
1476020 481
1476030 481
1476040 481
1476050 481
1476060 480
1476070 480
1476080 480
1476090 479
1476100 479
1476110 479
1476120 479
1476130 479
1476140 478
1476150 478
1476160 478
1476170 477
1476180 477
1476190 477
1476200 477
1476210 476
1476220 476
1476230 476
1476240 476
1476250 476
1476260 475
1476270 475
1476280 475
1476290 474
1476300 474
1476310 474
1476320 474
1476330 474
1476340 474
1476350 474
1476360 474
1476370 474
1476380 473
1476390 473
1476400 473
1476410 473
1476420 473
1476430 473
1476440 473
1476450 472
1476460 472
1476470 472
1476480 471
1476490 471
1476500 471
1476510 470
1476520 470
1476530 470
1476540 469
1476550 469
1476560 469
1476570 469
1476580 469
1476590 468
1476600 468
1476610 468
1476620 467
1476630 467
1476640 467
1476650 466
1476660 466
1476670 466
1476680 466
1476690 465
1476700 465
1476710 464
1476720 463
1476730 463
1476740 463
1476750 462
1476760 462
1476770 461
1476780 461
1476790 461
1476800 460
1476810 460
1476820 460
1476830 459
1476840 459
1476850 459
1476860 458
1476870 458
1476880 458
1476890 457
1476900 457
1476910 457
1476920 456
1476930 456
1476940 456
1476950 455
1476960 455
1476970 455
1476980 454
1476990 454
1477000 454
1477010 453
1477020 453
1477030 453
1477040 453
1477050 452
1477060 452
1477070 452
1477080 452
1477090 452
1477100 452
1477110 451
1477120 451
1477130 451
1477140 451
1477150 451
1477160 451
1477170 451
1477180 451
1477190 450
1477200 450
1477210 450
1477220 450
1477230 449
1477240 449
1477250 449
1477260 449
1477270 449
1477280 448
1477290 448
1477300 448
1477310 447
1477320 447
1477330 447
1477340 447
1477350 446
1477360 446
1477370 446
1477380 446
1477390 446
1477400 447
1477410 447
1477420 447
1477430 447
1477440 447
1477450 447
1477460 447
1477470 447
1477480 447
1477490 447
1477500 446
1477510 446
1477520 446
1477530 446
1477540 446
1477550 446
1477560 445
1477570 445
1477580 445
1477590 445
1477600 445
1477610 445
1477620 445
1477630 445
1477640 445
1477650 444
1477660 444
1477670 444
1477680 444
1477690 444
1477700 444
1477710 444
1477720 444
1477730 444
1477740 443
1477750 443
1477760 443
1477770 442
1477780 442
1477790 441
1477800 441
1477810 441
1477820 441
1477830 440
1477840 440
1477850 440
1477860 440
1477870 440
1477880 440
1477890 441
1477900 441
1477910 441
1477920 441
1477930 441
1477940 440
1477950 441
1477960 441
1477970 441
1477980 441
1477990 441
1478000 441
1478010 441
1478020 441
1478030 441
1478040 440
1478050 440
1478060 439
1478070 439
1478080 439
1478090 440
1478100 441
1478110 441
1478120 440
1478130 440
1478140 440
1478150 440
1478160 441
1478170 441
1478180 441
1478190 441
1478200 441
1478210 442
1478220 442
1478230 442
1478240 442
1478250 442
1478260 442
1478270 442
1478280 442
1478290 442
1478300 442
1478310 442
1478320 442
1478330 442
1478340 442
1478350 443
1478360 443
1478370 443
1478380 443
1478390 443
1478400 443
1478410 443
1478420 443
1478430 443
1478440 443
1478450 443
1478460 444
1478470 444
1478480 444
1478490 445
1478500 445
1478510 445
1478520 446
1478530 446
1478540 446
1478550 447
1478560 447
1478570 447
1478580 447
1478590 448
1478600 448
1478610 448
1478620 449
1478630 449
1478640 449
1478650 449
1478660 449
1478670 450
1478680 450
1478690 450
1478700 451
1478710 451
1478720 451
1478730 452
1478740 453
1478750 453
1478760 453
1478770 454
1478780 454
1478790 454
1478800 455
1478810 455
1478820 455
1478830 456
1478840 456
1478850 457
1478860 457
1478870 457
1478880 458
1478890 459
1478900 459
1478910 460
1478920 461
1478930 461
1478940 462
1478950 464
1478960 464
1478970 465
1478980 466
1478990 466
1479000 467
1479010 468
1479020 468
1479030 469
1479040 470
1479050 470
1479060 471
1479070 471
1479080 471
1479090 471
1479100 471
1479110 471
1479120 471
1479130 470
1479140 470
1479150 470
1479160 469
1479170 469
1479180 469
1479190 468
1479200 468
1479210 468
1479220 468
1479230 468
1479240 467
1479250 467
1479260 467
1479270 466
1479280 466
1479290 466
1479300 465
1479310 464
1479320 464
1479330 464
1479340 463
1479350 463
1479360 463
1479370 462
1479380 462
1479390 462
1479400 462
1479410 462
1479420 461
1479430 461
1479440 461
1479450 460
1479460 460
1479470 460
1479480 460
1479490 459
1479500 459
1479510 459
1479520 458
1479530 458
1479540 458
1479550 457
1479560 457
1479570 457
1479580 457
1479590 457
1479600 456
1479610 456
1479620 456
1479630 455
1479640 455
1479650 455
1479660 454
1479670 454
1479680 454
1479690 454
1479700 453
1479710 453
1479720 453
1479730 453
1479740 453
1479750 452
1479760 452
1479770 452
1479780 452
1479790 451
1479800 451
1479810 451
1479820 451
1479830 451
1479840 451
1479850 451
1479860 451
1479870 451
1479880 451
1479890 451
1479900 451
1479910 451
1479920 451
1479930 451
1479940 451
1479950 451
1479960 451
1479970 452
1479980 452
1479990 452
