1460000 405
1460010 405
1460020 405
1460030 405
1460040 405
1460050 405
1460060 405
1460070 405
1460080 405
1460090 405
1460100 405
1460110 405
1460120 404
1460130 404
1460140 404
1460150 404
1460160 404
1460170 404
1460180 404
1460190 404
1460200 404
1460210 404
1460220 404
1460230 404
1460240 404
1460250 404
1460260 404
1460270 404
1460280 404
1460290 404
1460300 404
1460310 404
1460320 404
1460330 404
1460340 404
1460350 404
1460360 404
1460370 404
1460380 404
1460390 404
1460400 404
1460410 404
1460420 404
1460430 404
1460440 404
1460450 404
1460460 404
1460470 404
1460480 404
1460490 404
1460500 404
1460510 404
1460520 404
1460530 404
1460540 404
1460550 404
1460560 404
1460570 404
1460580 404
1460590 404
1460600 404
1460610 404
1460620 404
1460630 404
1460640 404
1460650 404
1460660 404
1460670 404
1460680 404
1460690 404
1460700 404
1460710 404
1460720 404
1460730 404
1460740 404
1460750 404
1460760 404
1460770 404
1460780 404
1460790 404
1460800 404
1460810 404
1460820 404
1460830 404
1460840 404
1460850 404
1460860 404
1460870 404
1460880 404
1460890 404
1460900 404
1460910 404
1460920 404
1460930 404
1460940 404
1460950 404
1460960 404
1460970 404
1460980 404
1460990 404
1461000 404
1461010 404
1461020 404
1461030 404
1461040 404
1461050 404
1461060 404
1461070 404
1461080 403
1461090 404
1461100 404
1461110 405
1461120 404
1461130 404
1461140 404
1461150 404
1461160 404
1461170 404
1461180 404
1461190 404
1461200 404
1461210 404
1461220 404
1461230 404
1461240 404
1461250 404
1461260 404
1461270 404
1461280 404
1461290 404
1461300 404
1461310 404
1461320 404
1461330 404
1461340 404
1461350 404
1461360 404
1461370 404
1461380 404
1461390 404
1461400 404
1461410 404
1461420 404
1461430 404
1461440 404
1461450 405
1461460 404
1461470 404
1461480 404
1461490 404
1461500 404
1461510 404
1461520 404
1461530 404
1461540 404
1461550 404
1461560 404
1461570 404
1461580 404
1461590 404
1461600 404
1461610 404
1461620 404
1461630 404
1461640 404
1461650 404
1461660 404
1461670 404
1461680 404
1461690 404
1461700 404
1461710 404
1461720 404
1461730 404
1461740 404
1461750 405
1461760 404
1461770 404
1461780 404
1461790 404
1461800 404
1461810 404
1461820 404
1461830 404
1461840 404
1461850 404
1461860 404
1461870 404
1461880 404
1461890 404
1461900 404
1461910 404
1461920 404
1461930 404
1461940 404
1461950 404
1461960 404
1461970 404
1461980 404
1461990 404
1462000 404
1462010 404
1462020 404
1462030 404
1462040 404
1462050 404
1462060 404
1462070 404
1462080 404
1462090 404
1462100 404
1462110 404
1462120 404
1462130 404
1462140 404
1462150 404
1462160 404
1462170 404
1462180 404
1462190 404
1462200 404
1462210 404
1462220 404
1462230 404
1462240 404
1462250 404
1462260 404
1462270 404
1462280 404
1462290 404
1462300 404
1462310 404
1462320 404
1462330 403
1462340 403
1462350 403
1462360 403
1462370 403
1462380 403
1462390 403
1462400 403
1462410 403
1462420 403
1462430 403
1462440 403
1462450 403
1462460 403
1462470 403
1462480 403
1462490 403
1462500 403
1462510 403
1462520 403
1462530 403
1462540 404
1462550 404
1462560 404
1462570 404
1462580 404
1462590 404
1462600 404
1462610 404
1462620 404
1462630 405
1462640 405
1462650 405
1462660 405
1462670 405
1462680 405
1462690 405
1462700 405
1462710 405
1462720 406
1462730 406
1462740 406
1462750 408
1462760 408
1462770 411
1462780 414
1462790 414
1462800 417
1462810 419
1462820 419
1462830 421
1462840 423
1462850 423
1462860 425
1462870 427
1462880 427
1462890 430
1462900 432
1462910 432
1462920 433
1462930 435
1462940 435
1462950 437
1462960 438
1462970 438
1462980 439
1462990 439
1463000 439
1463010 439
1463020 439
1463030 439
1463040 439
1463050 439
1463060 439
1463070 439
1463080 438
1463090 438
1463100 438
1463110 436
1463120 436
1463130 434
1463140 430
1463150 430
1463160 426
1463170 425
1463180 425
1463190 424
1463200 424
1463210 424
1463220 426
1463230 428
1463240 428
1463250 430
1463260 431
1463270 431
1463280 431
1463290 431
1463300 431
1463310 432
1463320 434
1463330 434
1463340 435
1463350 436
1463360 436
1463370 437
1463380 438
1463390 438
1463400 440
1463410 442
1463420 442
1463430 443
1463440 445
1463450 445
1463460 446
1463470 447
1463480 447
1463490 448
1463500 449
1463510 449
1463520 449
1463530 450
1463540 450
1463550 450
1463560 451
1463570 451
1463580 451
1463590 452
1463600 452
1463610 452
1463620 453
1463630 453
1463640 453
1463650 453
1463660 453
1463670 453
1463680 453
1463690 453
1463700 453
1463710 453
1463720 453
1463730 453
1463740 452
1463750 452
1463760 452
1463770 452
1463780 452
1463790 452
1463800 452
1463810 452
1463820 451
1463830 451
1463840 451
1463850 450
1463860 450
1463870 450
1463880 450
1463890 450
1463900 450
1463910 449
1463920 449
1463930 449
1463940 448
1463950 447
1463960 447
1463970 446
1463980 446
1463990 446
1464000 445
1464010 445
1464020 445
1464030 445
1464040 445
1464050 445
1464060 445
1464070 445
1464080 445
1464090 445
1464100 444
1464110 444
1464120 444
1464130 444
1464140 443
1464150 443
1464160 443
1464170 443
1464180 443
1464190 442
1464200 442
1464210 442
1464220 442
1464230 441
1464240 441
1464250 441
1464260 441
1464270 441
1464280 441
1464290 442
1464300 442
1464310 443
1464320 444
1464330 444
1464340 444
1464350 445
1464360 445
1464370 445
1464380 446
1464390 446
1464400 447
1464410 447
1464420 447
1464430 448
1464440 448
1464450 448
1464460 449
1464470 450
1464480 450
1464490 451
1464500 451
1464510 451
1464520 452
1464530 452
1464540 452
1464550 452
1464560 453
1464570 453
1464580 453
1464590 453
1464600 453
1464610 453
1464620 453
1464630 453
1464640 454
1464650 454
1464660 454
1464670 454
1464680 454
1464690 454
1464700 453
1464710 453
1464720 453
1464730 453
1464740 453
1464750 453
1464760 452
1464770 452
1464780 452
1464790 452
1464800 451
1464810 451
1464820 451
1464830 451
1464840 451
1464850 451
1464860 451
1464870 451
1464880 450
1464890 450
1464900 450
1464910 449
1464920 448
1464930 448
1464940 448
1464950 447
1464960 447
1464970 447
1464980 446
1464990 446
1465000 446
1465010 445
1465020 445
1465030 445
1465040 444
1465050 444
1465060 444
1465070 443
1465080 443
1465090 442
1465100 441
1465110 441
1465120 440
1465130 439
1465140 439
1465150 439
1465160 438
1465170 438
1465180 437
1465190 436
1465200 436
1465210 435
1465220 435
1465230 435
1465240 434
1465250 433
1465260 433
1465270 432
1465280 431
1465290 431
1465300 430
1465310 429
1465320 429
1465330 427
1465340 426
1465350 426
1465360 425
1465370 424
1465380 424
1465390 424
1465400 423
1465410 423
1465420 422
1465430 421
1465440 421
1465450 421
1465460 421
1465470 421
1465480 420
1465490 420
1465500 420
1465510 420
1465520 420
1465530 420
1465540 420
1465550 420
1465560 420
1465570 420
1465580 421
1465590 421
1465600 421
1465610 421
1465620 421
1465630 421
1465640 421
1465650 421
1465660 421
1465670 421
1465680 421
1465690 421
1465700 421
1465710 421
1465720 421
1465730 421
1465740 421
1465750 421
1465760 421
1465770 421
1465780 420
1465790 421
1465800 421
1465810 421
1465820 421
1465830 421
1465840 421
1465850 421
1465860 421
1465870 421
1465880 421
1465890 421
1465900 421
1465910 421
1465920 421
1465930 421
1465940 421
1465950 421
1465960 421
1465970 421
1465980 421
1465990 421
1466000 421
1466010 421
1466020 421
1466030 421
1466040 421
1466050 421
1466060 422
1466070 422
1466080 422
1466090 422
1466100 422
1466110 422
1466120 422
1466130 422
1466140 422
1466150 422
1466160 422
1466170 422
1466180 422
1466190 422
1466200 422
1466210 422
1466220 422
1466230 422
1466240 422
1466250 422
1466260 422
1466270 422
1466280 422
1466290 422
1466300 423
1466310 423
1466320 423
1466330 424
1466340 424
1466350 425
1466360 426
1466370 426
1466380 427
1466390 427
1466400 427
1466410 428
1466420 428
1466430 428
1466440 429
1466450 429
1466460 429
1466470 430
1466480 430
1466490 430
1466500 431
1466510 431
1466520 431
1466530 432
1466540 433
1466550 433
1466560 433
1466570 434
1466580 434
1466590 435
1466600 436
1466610 436
1466620 437
1466630 438
1466640 438
1466650 439
1466660 440
1466670 440
1466680 441
1466690 442
1466700 442
1466710 443
1466720 444
1466730 444
1466740 445
1466750 446
1466760 447
1466770 447
1466780 448
1466790 449
1466800 449
1466810 449
1466820 450
1466830 450
1466840 451
1466850 451
1466860 451
1466870 452
1466880 452
1466890 452
1466900 453
1466910 453
1466920 453
1466930 454
1466940 454
1466950 454
1466960 454
1466970 455
1466980 455
1466990 455
1467000 455
1467010 455
1467020 455
1467030 455
1467040 455
1467050 455
1467060 454
1467070 454
1467080 454
1467090 453
1467100 453
1467110 453
1467120 452
1467130 452
1467140 452
1467150 451
1467160 451
1467170 451
1467180 450
1467190 450
1467200 450
1467210 449
1467220 449
1467230 449
1467240 448
1467250 448
1467260 448
1467270 447
1467280 447
1467290 447
1467300 446
1467310 446
1467320 446
1467330 445
1467340 445
1467350 444
1467360 442
1467370 442
1467380 441
1467390 440
1467400 440
1467410 439
1467420 439
1467430 439
1467440 438
1467450 437
1467460 437
1467470 436
1467480 435
1467490 435
1467500 434
1467510 434
1467520 434
1467530 433
1467540 433
1467550 433
1467560 433
1467570 432
1467580 432
1467590 432
1467600 431
1467610 431
1467620 431
1467630 430
1467640 430
1467650 430
1467660 430
1467670 430
1467680 429
1467690 429
1467700 429
1467710 428
1467720 428
1467730 428
1467740 427
1467750 427
1467760 427
1467770 426
1467780 426
1467790 426
1467800 426
1467810 425
1467820 425
1467830 425
1467840 425
1467850 425
1467860 425
1467870 425
1467880 425
1467890 425
1467900 425
1467910 425
1467920 425
1467930 426
1467940 426
1467950 426
1467960 426
1467970 426
1467980 427
1467990 427
1468000 427
1468010 428
1468020 428
1468030 428
1468040 429
1468050 429
1468060 429
1468070 430
1468080 430
1468090 430
1468100 430
1468110 430
1468120 430
1468130 431
1468140 432
1468150 432
1468160 433
1468170 433
1468180 433
1468190 434
1468200 434
1468210 434
1468220 435
1468230 436
1468240 436
1468250 437
1468260 438
1468270 438
1468280 438
1468290 439
1468300 439
1468310 440
1468320 441
1468330 441
1468340 442
1468350 443
1468360 443
1468370 444
1468380 446
1468390 446
1468400 447
1468410 449
1468420 449
1468430 450
1468440 451
1468450 451
1468460 453
1468470 454
1468480 454
1468490 455
1468500 455
1468510 455
1468520 456
1468530 457
1468540 457
1468550 457
1468560 457
1468570 457
1468580 457
1468590 457
1468600 457
1468610 456
1468620 456
1468630 456
1468640 456
1468650 456
1468660 456
1468670 456
1468680 456
1468690 456
1468700 457
1468710 457
1468720 457
1468730 458
1468740 458
1468750 458
1468760 459
1468770 459
1468780 459
1468790 460
1468800 460
1468810 460
1468820 461
1468830 461
1468840 461
1468850 462
1468860 462
1468870 462
1468880 462
1468890 463
1468900 463
1468910 463
1468920 464
1468930 464
1468940 464
1468950 464
1468960 464
1468970 464
1468980 465
1468990 465
1469000 465
1469010 465
1469020 465
1469030 466
1469040 466
1469050 466
1469060 466
1469070 466
1469080 466
1469090 466
1469100 465
1469110 465
1469120 465
1469130 466
1469140 466
1469150 467
1469160 467
1469170 467
1469180 467
1469190 468
1469200 468
1469210 468
1469220 467
1469230 467
1469240 465
1469250 464
1469260 464
1469270 463
1469280 464
1469290 464
1469300 465
1469310 466
1469320 466
1469330 467
1469340 468
1469350 468
1469360 469
1469370 470
1469380 470
1469390 470
1469400 470
1469410 470
1469420 471
1469430 471
1469440 471
1469450 471
1469460 471
1469470 471
1469480 471
1469490 471
1469500 471
1469510 472
1469520 472
1469530 472
1469540 472
1469550 472
1469560 473
1469570 473
1469580 473
1469590 474
1469600 474
1469610 474
1469620 474
1469630 474
1469640 475
1469650 475
1469660 475
1469670 475
1469680 476
1469690 476
1469700 477
1469710 477
1469720 477
1469730 477
1469740 478
1469750 478
1469760 478
1469770 479
1469780 479
1469790 479
1469800 480
1469810 480
1469820 481
1469830 481
1469840 481
1469850 482
1469860 482
1469870 482
1469880 483
1469890 483
1469900 483
1469910 484
1469920 484
1469930 484
1469940 484
1469950 485
1469960 485
1469970 485
1469980 486
1469990 486
1470000 486
1470010 486
1470020 486
1470030 486
1470040 486
1470050 486
1470060 487
1470070 487
1470080 487
1470090 487
1470100 487
1470110 487
1470120 487
1470130 487
1470140 487
1470150 487
1470160 487
1470170 487
1470180 487
1470190 487
1470200 487
1470210 487
1470220 487
1470230 487
1470240 487
1470250 488
1470260 488
1470270 488
1470280 489
1470290 489
1470300 489
1470310 489
1470320 489
1470330 489
1470340 490
1470350 490
1470360 490
1470370 490
1470380 490
1470390 490
1470400 490
1470410 490
1470420 490
1470430 490
1470440 490
1470450 490
1470460 490
1470470 490
1470480 490
1470490 490
1470500 490
1470510 490
1470520 489
1470530 489
1470540 489
1470550 488
1470560 488
1470570 488
1470580 487
1470590 487
1470600 485
1470610 482
1470620 482
1470630 481
1470640 480
1470650 480
1470660 478
1470670 477
1470680 477
1470690 476
1470700 474
1470710 474
1470720 473
1470730 472
1470740 472
1470750 472
1470760 471
1470770 471
1470780 470
1470790 468
1470800 468
1470810 467
1470820 465
1470830 465
1470840 464
1470850 463
1470860 463
1470870 462
1470880 462
1470890 462
1470900 462
1470910 462
1470920 462
1470930 461
1470940 462
1470950 462
1470960 463
1470970 465
1470980 465
1470990 466
1471000 466
1471010 466
1471020 466
1471030 466
1471040 466
1471050 465
1471060 465
1471070 465
1471080 464
1471090 464
1471100 464
1471110 464
1471120 462
1471130 462
1471140 460
1471150 462
1471160 462
1471170 464
1471180 465
1471190 465
1471200 466
1471210 467
1471220 467
1471230 468
1471240 469
1471250 469
1471260 470
1471270 471
1471280 471
1471290 471
1471300 472
1471310 472
1471320 472
1471330 473
1471340 473
1471350 473
1471360 474
1471370 474
1471380 474
1471390 473
1471400 473
1471410 472
1471420 471
1471430 471
1471440 471
1471450 471
1471460 471
1471470 470
1471480 470
1471490 470
1471500 469
1471510 469
1471520 469
1471530 468
1471540 468
1471550 468
1471560 470
1471570 471
1471580 471
1471590 473
1471600 474
1471610 474
1471620 475
1471630 476
1471640 476
1471650 477
1471660 478
1471670 478
1471680 479
1471690 480
1471700 480
1471710 481
1471720 481
1471730 481
1471740 483
1471750 484
1471760 484
1471770 484
1471780 484
1471790 484
1471800 484
1471810 483
1471820 483
1471830 482
1471840 482
1471850 482
1471860 482
1471870 481
1471880 481
1471890 481
1471900 480
1471910 480
1471920 480
1471930 479
1471940 479
1471950 479
1471960 479
1471970 479
1471980 479
1471990 479
1472000 479
1472010 479
1472020 480
1472030 480
1472040 481
1472050 482
1472060 482
1472070 483
1472080 483
1472090 483
1472100 484
1472110 485
1472120 485
1472130 486
1472140 487
1472150 487
1472160 488
1472170 488
1472180 488
1472190 489
1472200 489
1472210 489
1472220 490
1472230 491
1472240 491
1472250 491
1472260 491
1472270 491
1472280 492
1472290 491
1472300 491
1472310 491
1472320 491
1472330 492
1472340 492
1472350 494
1472360 495
1472370 495
1472380 497
1472390 500
1472400 500
1472410 502
1472420 505
1472430 505
1472440 507
1472450 509
1472460 509
1472470 512
1472480 513
1472490 513
1472500 515
1472510 516
1472520 516
1472530 516
1472540 517
1472550 517
1472560 517
1472570 518
1472580 518
1472590 518
1472600 518
1472610 518
1472620 518
1472630 517
1472640 517
1472650 516
1472660 515
1472670 515
1472680 514
1472690 513
1472700 513
1472710 511
1472720 508
1472730 508
1472740 505
1472750 502
1472760 502
1472770 500
1472780 499
1472790 499
1472800 497
1472810 496
1472820 496
1472830 494
1472840 493
1472850 493
1472860 492
1472870 490
1472880 490
1472890 489
1472900 487
1472910 487
1472920 485
1472930 485
1472940 485
1472950 484
1472960 484
1472970 484
1472980 484
1472990 483
1473000 483
1473010 483
1473020 483
1473030 483
1473040 482
1473050 482
1473060 482
1473070 481
1473080 481
1473090 481
1473100 481
1473110 481
1473120 481
1473130 481
1473140 481
1473150 481
1473160 480
1473170 480
1473180 480
1473190 482
1473200 483
1473210 483
1473220 485
1473230 486
1473240 486
1473250 487
1473260 489
1473270 489
1473280 490
1473290 491
1473300 491
1473310 492
1473320 493
1473330 493
1473340 494
1473350 495
1473360 495
1473370 496
1473380 496
1473390 496
1473400 496
1473410 496
1473420 496
1473430 496
1473440 496
1473450 496
1473460 495
1473470 495
1473480 495
1473490 494
1473500 495
1473510 495
1473520 495
1473530 493
1473540 493
1473550 492
1473560 492
1473570 492
1473580 493
1473590 493
1473600 493
1473610 494
1473620 494
1473630 494
1473640 495
1473650 496
1473660 496
1473670 498
1473680 499
1473690 499
1473700 500
1473710 501
1473720 501
1473730 502
1473740 504
1473750 504
1473760 505
1473770 507
1473780 507
1473790 509
1473800 510
1473810 510
1473820 512
1473830 513
1473840 513
1473850 514
1473860 516
1473870 516
1473880 517
1473890 518
1473900 518
1473910 520
1473920 521
1473930 521
1473940 523
1473950 524
1473960 524
1473970 526
1473980 529
1473990 529
1474000 531
1474010 534
1474020 534
1474030 536
1474040 538
1474050 538
1474060 539
1474070 539
1474080 539
1474090 536
1474100 534
1474110 534
1474120 532
1474130 530
1474140 530
1474150 528
1474160 526
1474170 526
1474180 524
1474190 523
1474200 523
1474210 522
1474220 521
1474230 521
1474240 520
1474250 519
1474260 519
1474270 518
1474280 517
1474290 517
1474300 516
1474310 514
1474320 514
1474330 512
1474340 510
1474350 510
1474360 508
1474370 505
1474380 505
1474390 504
1474400 502
1474410 502
1474420 502
1474430 504
1474440 504
1474450 507
1474460 508
1474470 508
1474480 511
1474490 513
1474500 513
1474510 516
1474520 518
1474530 518
1474540 521
1474550 525
1474560 525
1474570 529
1474580 533
1474590 533
1474600 538
1474610 541
1474620 541
1474630 544
1474640 545
1474650 545
1474660 545
1474670 544
1474680 544
1474690 542
1474700 539
1474710 539
1474720 535
1474730 530
1474740 530
1474750 525
1474760 522
1474770 522
1474780 520
1474790 518
1474800 518
1474810 517
1474820 516
1474830 516
1474840 514
1474850 512
1474860 512
1474870 510
1474880 508
1474890 508
1474900 507
1474910 505
1474920 505
1474930 503
1474940 502
1474950 502
1474960 500
1474970 499
1474980 499
1474990 497
1475000 496
1475010 496
1475020 494
1475030 493
1475040 493
1475050 491
1475060 490
1475070 490
1475080 489
1475090 488
1475100 487
1475110 487
1475120 487
1475130 486
1475140 486
1475150 485
1475160 484
1475170 484
1475180 484
1475190 483
1475200 483
1475210 482
1475220 481
1475230 481
1475240 479
1475250 478
1475260 478
1475270 478
1475280 477
1475290 477
1475300 477
1475310 476
1475320 476
1475330 475
1475340 474
1475350 474
1475360 474
1475370 473
1475380 473
1475390 473
1475400 472
1475410 472
1475420 472
1475430 472
1475440 472
1475450 471
1475460 471
1475470 471
1475480 470
1475490 470
1475500 470
1475510 469
1475520 469
1475530 469
1475540 469
1475550 469
1475560 469
1475570 469
1475580 469
1475590 469
1475600 469
1475610 469
1475620 469
1475630 469
1475640 469
1475650 469
1475660 469
1475670 469
1475680 469
1475690 469
1475700 468
1475710 468
1475720 468
1475730 468
1475740 468
1475750 467
1475760 467
1475770 467
1475780 467
1475790 466
1475800 466
1475810 464
1475820 462
1475830 462
1475840 461
1475850 461
1475860 461
1475870 461
1475880 461
1475890 461
1475900 461
1475910 463
1475920 463
1475930 462
1475940 461
1475950 461
1475960 461
1475970 461
1475980 461
1475990 459
1476000 458
1476010 458
1476020 458
1476030 459
1476040 459
1476050 458
1476060 458
1476070 458
1476080 458
1476090 459
1476100 459
1476110 460
1476120 461
1476130 461
1476140 464
1476150 466
1476160 466
1476170 468
1476180 469
1476190 469
1476200 469
1476210 469
1476220 469
1476230 470
1476240 470
1476250 470
1476260 469
1476270 468
1476280 468
1476290 467
1476300 466
1476310 466
1476320 465
1476330 465
1476340 465
1476350 464
1476360 464
1476370 464
1476380 463
1476390 463
1476400 463
1476410 462
1476420 461
1476430 461
1476440 461
1476450 461
1476460 461
1476470 460
1476480 460
1476490 460
1476500 460
1476510 459
1476520 459
1476530 459
1476540 459
1476550 459
1476560 458
1476570 458
1476580 458
1476590 457
1476600 457
1476610 457
1476620 456
1476630 456
1476640 456
1476650 455
1476660 455
1476670 455
1476680 455
1476690 454
1476700 454
1476710 454
1476720 453
1476730 453
1476740 453
1476750 452
1476760 452
1476770 452
1476780 451
1476790 451
1476800 450
1476810 450
1476820 450
1476830 449
1476840 449
1476850 449
1476860 448
1476870 448
1476880 448
1476890 447
1476900 446
1476910 446
1476920 446
1476930 445
1476940 445
1476950 444
1476960 444
1476970 444
1476980 443
1476990 442
1477000 442
1477010 441
1477020 440
1477030 440
1477040 439
1477050 439
1477060 439
1477070 439
1477080 439
1477090 439
1477100 439
1477110 439
1477120 439
1477130 440
1477140 440
1477150 440
1477160 440
1477170 440
1477180 440
1477190 440
1477200 440
1477210 440
1477220 439
1477230 439
1477240 439
1477250 439
1477260 439
1477270 439
1477280 439
1477290 438
1477300 438
1477310 438
1477320 438
1477330 438
1477340 438
1477350 438
1477360 438
1477370 437
1477380 438
1477390 438
1477400 437
1477410 437
1477420 437
1477430 437
1477440 438
1477450 438
1477460 437
1477470 437
1477480 437
1477490 437
1477500 437
1477510 437
1477520 437
1477530 436
1477540 436
1477550 436
1477560 436
1477570 436
1477580 436
1477590 435
1477600 435
1477610 435
1477620 434
1477630 434
1477640 434
1477650 434
1477660 434
1477670 434
1477680 434
1477690 434
1477700 434
1477710 434
1477720 434
1477730 434
1477740 433
1477750 433
1477760 433
1477770 433
1477780 433
1477790 434
1477800 434
1477810 434
1477820 433
1477830 432
1477840 433
1477850 433
1477860 433
1477870 433
1477880 433
1477890 433
1477900 433
1477910 433
1477920 433
1477930 433
1477940 433
1477950 434
1477960 434
1477970 434
1477980 434
1477990 434
1478000 434
1478010 434
1478020 434
1478030 434
1478040 434
1478050 434
1478060 434
1478070 434
1478080 434
1478090 434
1478100 434
1478110 434
1478120 434
1478130 434
1478140 434
1478150 434
1478160 433
1478170 433
1478180 433
1478190 433
1478200 433
1478210 433
1478220 433
1478230 433
1478240 433
1478250 433
1478260 433
1478270 433
1478280 433
1478290 433
1478300 433
1478310 433
1478320 434
1478330 434
1478340 434
1478350 434
1478360 434
1478370 434
1478380 434
1478390 434
1478400 435
1478410 435
1478420 435
1478430 435
1478440 435
1478450 435
1478460 436
1478470 436
1478480 436
1478490 437
1478500 437
1478510 437
1478520 437
1478530 438
1478540 438
1478550 439
1478560 439
1478570 439
1478580 439
1478590 439
1478600 439
1478610 440
1478620 440
1478630 440
1478640 441
1478650 441
1478660 441
1478670 441
1478680 442
1478690 442
1478700 442
1478710 442
1478720 442
1478730 442
1478740 442
1478750 442
1478760 442
1478770 442
1478780 442
1478790 443
1478800 443
1478810 443
1478820 443
1478830 444
1478840 444
1478850 445
1478860 446
1478870 446
1478880 447
1478890 448
1478900 448
1478910 449
1478920 450
1478930 450
1478940 451
1478950 453
1478960 453
1478970 454
1478980 455
1478990 455
1479000 456
1479010 458
1479020 458
1479030 459
1479040 460
1479050 460
1479060 461
1479070 462
1479080 462
1479090 463
1479100 463
1479110 463
1479120 463
1479130 463
1479140 463
1479150 463
1479160 462
1479170 462
1479180 462
1479190 462
1479200 462
1479210 462
1479220 461
1479230 461
1479240 461
1479250 460
1479260 460
1479270 460
1479280 459
1479290 459
1479300 459
1479310 458
1479320 458
1479330 458
1479340 458
1479350 458
1479360 456
1479370 456
1479380 456
1479390 455
1479400 455
1479410 455
1479420 455
1479430 455
1479440 455
1479450 455
1479460 455
1479470 455
1479480 455
1479490 455
1479500 455
1479510 454
1479520 453
1479530 453
1479540 453
1479550 453
1479560 453
1479570 453
1479580 453
1479590 453
1479600 453
1479610 452
1479620 452
1479630 452
1479640 451
1479650 451
1479660 450
1479670 449
1479680 449
1479690 448
1479700 447
1479710 447
1479720 447
1479730 447
1479740 447
1479750 447
1479760 447
1479770 447
1479780 447
1479790 447
1479800 447
1479810 446
1479820 446
1479830 446
1479840 446
1479850 445
1479860 445
1479870 445
1479880 445
1479890 445
1479900 444
1479910 444
1479920 444
1479930 444
1479940 443
1479950 443
1479960 443
1479970 442
1479980 442
1479990 441
