1460000 403
1460010 403
1460020 403
1460030 403
1460040 403
1460050 403
1460060 403
1460070 403
1460080 403
1460090 403
1460100 403
1460110 403
1460120 403
1460130 403
1460140 403
1460150 403
1460160 403
1460170 403
1460180 403
1460190 402
1460200 402
1460210 402
1460220 402
1460230 402
1460240 402
1460250 402
1460260 402
1460270 402
1460280 402
1460290 402
1460300 402
1460310 402
1460320 402
1460330 402
1460340 402
1460350 402
1460360 402
1460370 402
1460380 402
1460390 402
1460400 402
1460410 402
1460420 402
1460430 403
1460440 403
1460450 403
1460460 403
1460470 403
1460480 403
1460490 402
1460500 402
1460510 402
1460520 402
1460530 402
1460540 402
1460550 402
1460560 402
1460570 402
1460580 402
1460590 402
1460600 402
1460610 402
1460620 402
1460630 402
1460640 402
1460650 402
1460660 402
1460670 402
1460680 402
1460690 402
1460700 402
1460710 402
1460720 402
1460730 402
1460740 402
1460750 402
1460760 401
1460770 402
1460780 402
1460790 403
1460800 403
1460810 403
1460820 403
1460830 402
1460840 402
1460850 402
1460860 402
1460870 402
1460880 402
1460890 402
1460900 402
1460910 402
1460920 402
1460930 402
1460940 402
1460950 402
1460960 402
1460970 402
1460980 402
1460990 402
1461000 402
1461010 402
1461020 402
1461030 402
1461040 402
1461050 402
1461060 402
1461070 402
1461080 402
1461090 402
1461100 402
1461110 402
1461120 402
1461130 402
1461140 402
1461150 402
1461160 402
1461170 402
1461180 402
1461190 402
1461200 402
1461210 402
1461220 402
1461230 402
1461240 402
1461250 402
1461260 402
1461270 402
1461280 402
1461290 402
1461300 402
1461310 402
1461320 402
1461330 402
1461340 402
1461350 402
1461360 402
1461370 402
1461380 402
1461390 402
1461400 402
1461410 402
1461420 402
1461430 402
1461440 402
1461450 402
1461460 402
1461470 402
1461480 402
1461490 402
1461500 402
1461510 402
1461520 402
1461530 402
1461540 402
1461550 402
1461560 402
1461570 402
1461580 402
1461590 402
1461600 402
1461610 402
1461620 402
1461630 403
1461640 403
1461650 403
1461660 402
1461670 402
1461680 402
1461690 402
1461700 402
1461710 402
1461720 402
1461730 402
1461740 402
1461750 403
1461760 403
1461770 403
1461780 403
1461790 402
1461800 402
1461810 402
1461820 402
1461830 402
1461840 402
1461850 402
1461860 402
1461870 402
1461880 402
1461890 402
1461900 402
1461910 402
1461920 402
1461930 402
1461940 402
1461950 402
1461960 402
1461970 402
1461980 402
1461990 402
1462000 402
1462010 402
1462020 402
1462030 402
1462040 402
1462050 402
1462060 402
1462070 402
1462080 402
1462090 402
1462100 402
1462110 402
1462120 402
1462130 402
1462140 402
1462150 402
1462160 402
1462170 402
1462180 402
1462190 402
1462200 403
1462210 403
1462220 403
1462230 405
1462240 407
1462250 407
1462260 411
1462270 414
1462280 414
1462290 419
1462300 426
1462310 426
1462320 434
1462330 439
1462340 439
1462350 441
1462360 443
1462370 443
1462380 443
1462390 444
1462400 444
1462410 445
1462420 446
1462430 446
1462440 447
1462450 448
1462460 448
1462470 448
1462480 448
1462490 448
1462500 448
1462510 448
1462520 448
1462530 448
1462540 448
1462550 448
1462560 447
1462570 446
1462580 446
1462590 446
1462600 445
1462610 445
1462620 445
1462630 445
1462640 445
1462650 446
1462660 447
1462670 447
1462680 447
1462690 448
1462700 448
1462710 449
1462720 449
1462730 449
1462740 449
1462750 450
1462760 450
1462770 450
1462780 450
1462790 450
1462800 450
1462810 450
1462820 450
1462830 450
1462840 450
1462850 450
1462860 450
1462870 449
1462880 449
1462890 449
1462900 448
1462910 448
1462920 448
1462930 447
1462940 447
1462950 447
1462960 446
1462970 446
1462980 445
1462990 444
1463000 444
1463010 444
1463020 441
1463030 441
1463040 441
1463050 442
1463060 442
1463070 443
1463080 444
1463090 444
1463100 444
1463110 445
1463120 445
1463130 445
1463140 446
1463150 446
1463160 446
1463170 447
1463180 447
1463190 447
1463200 448
1463210 448
1463220 448
1463230 448
1463240 449
1463250 449
1463260 449
1463270 449
1463280 449
1463290 450
1463300 450
1463310 450
1463320 451
1463330 451
1463340 451
1463350 452
1463360 452
1463370 452
1463380 453
1463390 453
1463400 453
1463410 453
1463420 454
1463430 454
1463440 454
1463450 454
1463460 454
1463470 454
1463480 454
1463490 454
1463500 454
1463510 454
1463520 454
1463530 454
1463540 454
1463550 454
1463560 454
1463570 454
1463580 454
1463590 453
1463600 453
1463610 453
1463620 453
1463630 453
1463640 453
1463650 453
1463660 452
1463670 452
1463680 452
1463690 452
1463700 452
1463710 451
1463720 451
1463730 451
1463740 451
1463750 451
1463760 451
1463770 451
1463780 450
1463790 450
1463800 450
1463810 450
1463820 450
1463830 450
1463840 450
1463850 450
1463860 450
1463870 449
1463880 449
1463890 449
1463900 449
1463910 449
1463920 449
1463930 449
1463940 449
1463950 449
1463960 448
1463970 448
1463980 448
1463990 448
1464000 448
1464010 448
1464020 447
1464030 447
1464040 447
1464050 447
1464060 447
1464070 446
1464080 446
1464090 446
1464100 445
1464110 444
1464120 444
1464130 444
1464140 443
1464150 443
1464160 442
1464170 440
1464180 440
1464190 439
1464200 438
1464210 438
1464220 437
1464230 436
1464240 436
1464250 435
1464260 434
1464270 434
1464280 434
1464290 433
1464300 433
1464310 433
1464320 432
1464330 432
1464340 432
1464350 431
1464360 431
1464370 431
1464380 430
1464390 430
1464400 430
1464410 429
1464420 429
1464430 429
1464440 429
1464450 429
1464460 430
1464470 431
1464480 431
1464490 432
1464500 433
1464510 433
1464520 433
1464530 433
1464540 433
1464550 434
1464560 435
1464570 435
1464580 437
1464590 439
1464600 439
1464610 440
1464620 441
1464630 441
1464640 441
1464650 442
1464660 442
1464670 442
1464680 442
1464690 442
1464700 442
1464710 442
1464720 442
1464730 442
1464740 442
1464750 442
1464760 442
1464770 442
1464780 442
1464790 442
1464800 442
1464810 442
1464820 442
1464830 441
1464840 441
1464850 440
1464860 439
1464870 439
1464880 439
1464890 439
1464900 439
1464910 439
1464920 438
1464930 438
1464940 438
1464950 437
1464960 437
1464970 437
1464980 436
1464990 436
1465000 435
1465010 435
1465020 435
1465030 434
1465040 433
1465050 433
1465060 432
1465070 431
1465080 431
1465090 429
1465100 428
1465110 428
1465120 428
1465130 427
1465140 427
1465150 426
1465160 425
1465170 425
1465180 425
1465190 424
1465200 424
1465210 423
1465220 422
1465230 422
1465240 421
1465250 421
1465260 421
1465270 420
1465280 419
1465290 419
1465300 418
1465310 417
1465320 417
1465330 416
1465340 416
1465350 416
1465360 416
1465370 416
1465380 416
1465390 416
1465400 416
1465410 416
1465420 416
1465430 416
1465440 416
1465450 416
1465460 416
1465470 416
1465480 416
1465490 416
1465500 416
1465510 416
1465520 416
1465530 416
1465540 417
1465550 417
1465560 417
1465570 417
1465580 417
1465590 417
1465600 417
1465610 417
1465620 417
1465630 417
1465640 417
1465650 417
1465660 417
1465670 417
1465680 417
1465690 417
1465700 417
1465710 417
1465720 417
1465730 417
1465740 417
1465750 417
1465760 417
1465770 417
1465780 417
1465790 417
1465800 417
1465810 417
1465820 417
1465830 417
1465840 417
1465850 417
1465860 417
1465870 417
1465880 417
1465890 417
1465900 417
1465910 417
1465920 417
1465930 417
1465940 417
1465950 417
1465960 417
1465970 417
1465980 418
1465990 418
1466000 418
1466010 418
1466020 418
1466030 418
1466040 418
1466050 418
1466060 419
1466070 420
1466080 420
1466090 421
1466100 421
1466110 421
1466120 422
1466130 422
1466140 422
1466150 423
1466160 424
1466170 424
1466180 425
1466190 425
1466200 425
1466210 426
1466220 427
1466230 427
1466240 428
1466250 428
1466260 428
1466270 429
1466280 430
1466290 430
1466300 431
1466310 431
1466320 431
1466330 432
1466340 433
1466350 433
1466360 434
1466370 435
1466380 435
1466390 436
1466400 436
1466410 436
1466420 437
1466430 439
1466440 439
1466450 440
1466460 441
1466470 441
1466480 441
1466490 442
1466500 442
1466510 443
1466520 444
1466530 444
1466540 444
1466550 445
1466560 445
1466570 445
1466580 446
1466590 446
1466600 447
1466610 447
1466620 447
1466630 448
1466640 449
1466650 449
1466660 449
1466670 449
1466680 449
1466690 450
1466700 450
1466710 450
1466720 450
1466730 451
1466740 451
1466750 451
1466760 450
1466770 450
1466780 450
1466790 450
1466800 450
1466810 449
1466820 449
1466830 449
1466840 448
1466850 447
1466860 447
1466870 446
1466880 445
1466890 445
1466900 445
1466910 444
1466920 444
1466930 443
1466940 443
1466950 443
1466960 442
1466970 441
1466980 441
1466990 441
1467000 440
1467010 440
1467020 439
1467030 439
1467040 439
1467050 438
1467060 437
1467070 437
1467080 436
1467090 436
1467100 436
1467110 435
1467120 435
1467130 435
1467140 434
1467150 433
1467160 433
1467170 432
1467180 431
1467190 431
1467200 431
1467210 430
1467220 430
1467230 430
1467240 429
1467250 429
1467260 428
1467270 428
1467280 428
1467290 428
1467300 427
1467310 427
1467320 427
1467330 426
1467340 426
1467350 426
1467360 426
1467370 426
1467380 425
1467390 425
1467400 425
1467410 424
1467420 424
1467430 424
1467440 423
1467450 423
1467460 423
1467470 422
1467480 422
1467490 422
1467500 421
1467510 421
1467520 421
1467530 421
1467540 420
1467550 420
1467560 420
1467570 420
1467580 420
1467590 420
1467600 420
1467610 420
1467620 421
1467630 423
1467640 423
1467650 425
1467660 426
1467670 426
1467680 427
1467690 429
1467700 429
1467710 430
1467720 431
1467730 431
1467740 432
1467750 434
1467760 434
1467770 435
1467780 435
1467790 435
1467800 436
1467810 438
1467820 438
1467830 439
1467840 441
1467850 441
1467860 442
1467870 443
1467880 443
1467890 444
1467900 445
1467910 445
1467920 446
1467930 447
1467940 447
1467950 448
1467960 450
1467970 450
1467980 451
1467990 452
1468000 452
1468010 453
1468020 453
1468030 453
1468040 453
1468050 454
1468060 454
1468070 454
1468080 454
1468090 454
1468100 454
1468110 454
1468120 454
1468130 454
1468140 455
1468150 455
1468160 455
1468170 454
1468180 454
1468190 454
1468200 454
1468210 454
1468220 454
1468230 454
1468240 454
1468250 453
1468260 453
1468270 453
1468280 453
1468290 452
1468300 452
1468310 452
1468320 452
1468330 452
1468340 451
1468350 451
1468360 451
1468370 451
1468380 451
1468390 451
1468400 451
1468410 453
1468420 453
1468430 453
1468440 454
1468450 454
1468460 455
1468470 455
1468480 455
1468490 456
1468500 456
1468510 456
1468520 457
1468530 457
1468540 457
1468550 458
1468560 458
1468570 458
1468580 459
1468590 459
1468600 459
1468610 460
1468620 460
1468630 460
1468640 461
1468650 462
1468660 462
1468670 462
1468680 463
1468690 463
1468700 464
1468710 465
1468720 465
1468730 466
1468740 466
1468750 466
1468760 467
1468770 467
1468780 467
1468790 468
1468800 468
1468810 468
1468820 469
1468830 470
1468840 470
1468850 470
1468860 471
1468870 471
1468880 471
1468890 471
1468900 472
1468910 472
1468920 472
1468930 472
1468940 472
1468950 473
1468960 473
1468970 473
1468980 474
1468990 474
1469000 474
1469010 474
1469020 475
1469030 475
1469040 475
1469050 476
1469060 476
1469070 476
1469080 476
1469090 476
1469100 477
1469110 477
1469120 477
1469130 477
1469140 478
1469150 478
1469160 478
1469170 478
1469180 478
1469190 479
1469200 479
1469210 479
1469220 479
1469230 480
1469240 480
1469250 480
1469260 480
1469270 480
1469280 480
1469290 480
1469300 480
1469310 480
1469320 479
1469330 479
1469340 479
1469350 479
1469360 479
1469370 478
1469380 478
1469390 478
1469400 477
1469410 475
1469420 475
1469430 474
1469440 473
1469450 473
1469460 472
1469470 471
1469480 471
1469490 470
1469500 469
1469510 469
1469520 468
1469530 465
1469540 465
1469550 463
1469560 462
1469570 462
1469580 461
1469590 460
1469600 460
1469610 459
1469620 458
1469630 458
1469640 457
1469650 456
1469660 456
1469670 455
1469680 454
1469690 454
1469700 453
1469710 452
1469720 452
1469730 452
1469740 451
1469750 451
1469760 451
1469770 450
1469780 450
1469790 450
1469800 449
1469810 449
1469820 447
1469830 447
1469840 447
1469850 448
1469860 449
1469870 449
1469880 450
1469890 450
1469900 450
1469910 450
1469920 450
1469930 450
1469940 450
1469950 451
1469960 451
1469970 451
1469980 450
1469990 450
1470000 450
1470010 450
1470020 450
1470030 450
1470040 450
1470050 450
1470060 449
1470070 448
1470080 448
1470090 447
1470100 447
1470110 447
1470120 448
1470130 449
1470140 449
1470150 449
1470160 450
1470170 450
1470180 452
1470190 454
1470200 454
1470210 454
1470220 454
1470230 454
1470240 455
1470250 456
1470260 456
1470270 457
1470280 457
1470290 457
1470300 459
1470310 460
1470320 460
1470330 461
1470340 464
1470350 464
1470360 467
1470370 468
1470380 468
1470390 470
1470400 472
1470410 472
1470420 473
1470430 474
1470440 474
1470450 474
1470460 475
1470470 475
1470480 475
1470490 475
1470500 475
1470510 475
1470520 475
1470530 475
1470540 474
1470550 474
1470560 474
1470570 474
1470580 473
1470590 473
1470600 473
1470610 472
1470620 472
1470630 472
1470640 471
1470650 471
1470660 470
1470670 469
1470680 469
1470690 468
1470700 466
1470710 466
1470720 465
1470730 463
1470740 463
1470750 462
1470760 461
1470770 461
1470780 459
1470790 458
1470800 458
1470810 457
1470820 456
1470830 456
1470840 455
1470850 454
1470860 454
1470870 453
1470880 452
1470890 452
1470900 453
1470910 453
1470920 453
1470930 453
1470940 453
1470950 453
1470960 452
1470970 452
1470980 452
1470990 452
1471000 451
1471010 451
1471020 450
1471030 449
1471040 449
1471050 449
1471060 448
1471070 448
1471080 448
1471090 447
1471100 447
1471110 447
1471120 446
1471130 446
1471140 446
1471150 445
1471160 445
1471170 445
1471180 444
1471190 444
1471200 443
1471210 442
1471220 442
1471230 442
1471240 442
1471250 442
1471260 441
1471270 440
1471280 440
1471290 439
1471300 439
1471310 439
1471320 438
1471330 437
1471340 437
1471350 437
1471360 437
1471370 437
1471380 437
1471390 437
1471400 437
1471410 437
1471420 437
1471430 437
1471440 438
1471450 439
1471460 439
1471470 440
1471480 442
1471490 442
1471500 443
1471510 444
1471520 444
1471530 446
1471540 447
1471550 447
1471560 448
1471570 449
1471580 449
1471590 450
1471600 450
1471610 450
1471620 451
1471630 450
1471640 450
1471650 449
1471660 449
1471670 449
1471680 448
1471690 447
1471700 447
1471710 448
1471720 448
1471730 448
1471740 449
1471750 451
1471760 451
1471770 452
1471780 453
1471790 453
1471800 454
1471810 455
1471820 457
1471830 457
1471840 458
1471850 459
1471860 459
1471870 461
1471880 462
1471890 462
1471900 464
1471910 465
1471920 465
1471930 466
1471940 467
1471950 467
1471960 469
1471970 470
1471980 470
1471990 471
1472000 472
1472010 472
1472020 473
1472030 474
1472040 474
1472050 476
1472060 477
1472070 477
1472080 478
1472090 479
1472100 479
1472110 480
1472120 481
1472130 481
1472140 482
1472150 483
1472160 483
1472170 484
1472180 485
1472190 485
1472200 485
1472210 486
1472220 486
1472230 486
1472240 487
1472250 487
1472260 487
1472270 488
1472280 488
1472290 488
1472300 489
1472310 489
1472320 490
1472330 491
1472340 491
1472350 492
1472360 494
1472370 494
1472380 495
1472390 497
1472400 497
1472410 499
1472420 500
1472430 500
1472440 502
1472450 504
1472460 504
1472470 504
1472480 505
1472490 505
1472500 506
1472510 506
1472520 506
1472530 505
1472540 504
1472550 504
1472560 501
1472570 497
1472580 497
1472590 493
1472600 491
1472610 491
1472620 489
1472630 486
1472640 486
1472650 480
1472660 479
1472670 479
1472680 482
1472690 483
1472700 483
1472710 482
1472720 481
1472730 481
1472740 480
1472750 479
1472760 479
1472770 478
1472780 476
1472790 476
1472800 475
1472810 473
1472820 473
1472830 471
1472840 469
1472850 469
1472860 468
1472870 467
1472880 467
1472890 467
1472900 467
1472910 467
1472920 466
1472930 465
1472940 465
1472950 464
1472960 463
1472970 463
1472980 463
1472990 462
1473000 462
1473010 461
1473020 460
1473030 460
1473040 459
1473050 458
1473060 458
1473070 457
1473080 455
1473090 455
1473100 454
1473110 453
1473120 453
1473130 452
1473140 452
1473150 452
1473160 456
1473170 460
1473180 460
1473190 462
1473200 464
1473210 464
1473220 467
1473230 469
1473240 469
1473250 471
1473260 472
1473270 472
1473280 474
1473290 475
1473300 475
1473310 476
1473320 477
1473330 477
1473340 478
1473350 479
1473360 479
1473370 480
1473380 481
1473390 481
1473400 482
1473410 483
1473420 483
1473430 485
1473440 486
1473450 486
1473460 487
1473470 487
1473480 487
1473490 489
1473500 490
1473510 490
1473520 491
1473530 493
1473540 493
1473550 494
1473560 494
1473570 494
1473580 495
1473590 495
1473600 495
1473610 495
1473620 495
1473630 495
1473640 495
1473650 495
1473660 495
1473670 495
1473680 495
1473690 495
1473700 495
1473710 495
1473720 495
1473730 495
1473740 494
1473750 494
1473760 494
1473770 494
1473780 494
1473790 493
1473800 493
1473810 493
1473820 493
1473830 492
1473840 492
1473850 492
1473860 491
1473870 491
1473880 490
1473890 489
1473900 489
1473910 488
1473920 487
1473930 487
1473940 485
1473950 484
1473960 484
1473970 484
1473980 483
1473990 483
1474000 483
1474010 483
1474020 483
1474030 482
1474040 482
1474050 482
1474060 481
1474070 480
1474080 480
1474090 480
1474100 479
1474110 479
1474120 479
1474130 478
1474140 478
1474150 478
1474160 477
1474170 477
1474180 475
1474190 473
1474200 473
1474210 471
1474220 472
1474230 472
1474240 475
1474250 478
1474260 478
1474270 482
1474280 483
1474290 483
1474300 484
1474310 485
1474320 485
1474330 487
1474340 488
1474350 488
1474360 489
1474370 490
1474380 490
1474390 491
1474400 493
1474410 493
1474420 494
1474430 495
1474440 495
1474450 497
1474460 498
1474470 498
1474480 499
1474490 501
1474500 501
1474510 502
1474520 504
1474530 504
1474540 506
1474550 507
1474560 507
1474570 510
1474580 512
1474590 512
1474600 514
1474610 516
1474620 516
1474630 518
1474640 520
1474650 520
1474660 522
1474670 524
1474680 526
1474690 526
1474700 528
1474710 530
1474720 530
1474730 531
1474740 532
1474750 532
1474760 532
1474770 529
1474780 529
1474790 525
1474800 522
1474810 522
1474820 519
1474830 517
1474840 517
1474850 516
1474860 515
1474870 515
1474880 514
1474890 512
1474900 512
1474910 511
1474920 510
1474930 510
1474940 508
1474950 507
1474960 507
1474970 505
1474980 504
1474990 504
1475000 502
1475010 500
1475020 500
1475030 499
1475040 497
1475050 497
1475060 496
1475070 495
1475080 495
1475090 495
1475100 494
1475110 494
1475120 494
1475130 494
1475140 494
1475150 495
1475160 495
1475170 495
1475180 495
1475190 496
1475200 496
1475210 497
1475220 497
1475230 497
1475240 498
1475250 498
1475260 498
1475270 497
1475280 497
1475290 497
1475300 497
1475310 496
1475320 496
1475330 496
1475340 496
1475350 496
1475360 495
1475370 494
1475380 494
1475390 494
1475400 493
1475410 493
1475420 492
1475430 491
1475440 491
1475450 491
1475460 490
1475470 490
1475480 489
1475490 489
1475500 489
1475510 488
1475520 487
1475530 487
1475540 487
1475550 486
1475560 486
1475570 486
1475580 485
1475590 485
1475600 484
1475610 484
1475620 484
1475630 483
1475640 482
1475650 482
1475660 482
1475670 481
1475680 481
1475690 480
1475700 476
1475710 476
1475720 474
1475730 474
1475740 474
1475750 473
1475760 473
1475770 473
1475780 473
1475790 472
1475800 472
1475810 472
1475820 471
1475830 471
1475840 470
1475850 469
1475860 469
1475870 468
1475880 466
1475890 466
1475900 465
1475910 464
1475920 464
1475930 464
1475940 464
1475950 464
1475960 464
1475970 464
1475980 464
1475990 465
1476000 466
1476010 466
1476020 467
1476030 468
1476040 468
1476050 469
1476060 469
1476070 469
1476080 470
1476090 470
1476100 470
1476110 470
1476120 470
1476130 470
1476140 470
1476150 470
1476160 470
1476170 470
1476180 470
1476190 470
1476200 470
1476210 470
1476220 470
1476230 470
1476240 470
1476250 470
1476260 470
1476270 470
1476280 470
1476290 470
1476300 470
1476310 470
1476320 470
1476330 469
1476340 469
1476350 468
1476360 467
1476370 467
1476380 466
1476390 465
1476400 465
1476410 465
1476420 464
1476430 464
1476440 463
1476450 462
1476460 462
1476470 460
1476480 459
1476490 459
1476500 458
1476510 457
1476520 457
1476530 456
1476540 454
1476550 454
1476560 454
1476570 453
1476580 453
1476590 452
1476600 451
1476610 451
1476620 451
1476630 450
1476640 450
1476650 449
1476660 448
1476670 448
1476680 447
1476690 446
1476700 446
1476710 445
1476720 444
1476730 444
1476740 444
1476750 443
1476760 443
1476770 442
1476780 442
1476790 442
1476800 441
1476810 441
1476820 441
1476830 441
1476840 441
1476850 441
1476860 440
1476870 440
1476880 440
1476890 439
1476900 439
1476910 439
1476920 439
1476930 439
1476940 439
1476950 438
1476960 438
1476970 438
1476980 438
1476990 438
1477000 438
1477010 438
1477020 438
1477030 438
1477040 437
1477050 437
1477060 437
1477070 437
1477080 437
1477090 437
1477100 436
1477110 436
1477120 436
1477130 436
1477140 435
1477150 435
1477160 435
1477170 435
1477180 435
1477190 434
1477200 434
1477210 434
1477220 434
1477230 434
1477240 434
1477250 433
1477260 433
1477270 433
1477280 433
1477290 433
1477300 433
1477310 432
1477320 431
1477330 431
1477340 431
1477350 431
1477360 431
1477370 431
1477380 431
1477390 431
1477400 431
1477410 431
1477420 431
1477430 431
1477440 431
1477450 431
1477460 431
1477470 431
1477480 431
1477490 431
1477500 431
1477510 431
1477520 430
1477530 430
1477540 430
1477550 430
1477560 430
1477570 429
1477580 429
1477590 429
1477600 429
1477610 429
1477620 429
1477630 429
1477640 429
1477650 429
1477660 428
1477670 428
1477680 428
1477690 428
1477700 428
1477710 428
1477720 428
1477730 428
1477740 429
1477750 429
1477760 429
1477770 429
1477780 428
1477790 428
1477800 428
1477810 428
1477820 428
1477830 428
1477840 428
1477850 428
1477860 428
1477870 428
1477880 428
1477890 428
1477900 428
1477910 428
1477920 428
1477930 428
1477940 428
1477950 428
1477960 428
1477970 428
1477980 428
1477990 428
1478000 428
1478010 428
1478020 428
1478030 428
1478040 428
1478050 428
1478060 428
1478070 428
1478080 429
1478090 429
1478100 428
1478110 428
1478120 428
1478130 428
1478140 429
1478150 429
1478160 428
1478170 429
1478180 429
1478190 429
1478200 429
1478210 429
1478220 429
1478230 430
1478240 430
1478250 430
1478260 430
1478270 430
1478280 430
1478290 431
1478300 431
1478310 432
1478320 433
1478330 433
1478340 433
1478350 434
1478360 434
1478370 435
1478380 436
1478390 436
1478400 437
1478410 438
1478420 438
1478430 439
1478440 439
1478450 439
1478460 440
1478470 441
1478480 441
1478490 442
1478500 442
1478510 442
1478520 443
1478530 444
1478540 444
1478550 445
1478560 445
1478570 445
1478580 446
1478590 447
1478600 447
1478610 448
1478620 449
1478630 449
1478640 450
1478650 450
1478660 450
1478670 452
1478680 453
1478690 453
1478700 454
1478710 456
1478720 456
1478730 457
1478740 459
1478750 459
1478760 460
1478770 461
1478780 461
1478790 461
1478800 462
1478810 462
1478820 462
1478830 463
1478840 463
1478850 463
1478860 463
1478870 463
1478880 463
1478890 463
1478900 463
1478910 462
1478920 462
1478930 462
1478940 462
1478950 462
1478960 462
1478970 461
1478980 461
1478990 461
1479000 460
1479010 460
1479020 460
1479030 460
1479040 460
1479050 460
1479060 459
1479070 459
1479080 459
1479090 457
1479100 456
1479110 456
1479120 455
1479130 455
1479140 455
1479150 454
1479160 454
1479170 454
1479180 453
1479190 452
1479200 452
1479210 452
1479220 451
1479230 451
1479240 451
1479250 450
1479260 450
1479270 449
1479280 449
1479290 449
1479300 448
1479310 447
1479320 447
1479330 447
1479340 446
1479350 446
1479360 446
1479370 445
1479380 445
1479390 445
1479400 445
1479410 445
1479420 444
1479430 444
1479440 444
1479450 444
1479460 444
1479470 444
1479480 443
1479490 443
1479500 443
1479510 443
1479520 442
1479530 442
1479540 442
1479550 442
1479560 442
1479570 442
1479580 442
1479590 442
1479600 441
1479610 441
1479620 441
1479630 441
1479640 440
1479650 440
1479660 440
1479670 440
1479680 440
1479690 439
1479700 439
1479710 439
1479720 439
1479730 438
1479740 438
1479750 438
1479760 438
1479770 438
1479780 438
1479790 437
1479800 437
1479810 437
1479820 436
1479830 436
1479840 436
1479850 435
1479860 435
1479870 435
1479880 434
1479890 434
1479900 434
1479910 433
1479920 433
1479930 433
1479940 433
1479950 433
1479960 433
1479970 433
1479980 433
1479990 432
