1460000 394
1460010 394
1460020 394
1460030 394
1460040 394
1460050 394
1460060 394
1460070 394
1460080 394
1460090 394
1460100 394
1460110 394
1460120 394
1460130 394
1460140 394
1460150 394
1460160 394
1460170 395
1460180 395
1460190 395
1460200 395
1460210 395
1460220 395
1460230 395
1460240 395
1460250 395
1460260 395
1460270 395
1460280 395
1460290 395
1460300 395
1460310 395
1460320 395
1460330 395
1460340 395
1460350 395
1460360 395
1460370 395
1460380 395
1460390 395
1460400 395
1460410 395
1460420 395
1460430 395
1460440 395
1460450 395
1460460 395
1460470 395
1460480 395
1460490 395
1460500 395
1460510 395
1460520 395
1460530 395
1460540 395
1460550 395
1460560 395
1460570 395
1460580 395
1460590 395
1460600 395
1460610 395
1460620 395
1460630 395
1460640 395
1460650 395
1460660 395
1460670 395
1460680 395
1460690 396
1460700 396
1460710 395
1460720 395
1460730 395
1460740 395
1460750 395
1460760 395
1460770 395
1460780 395
1460790 395
1460800 395
1460810 395
1460820 395
1460830 396
1460840 396
1460850 396
1460860 396
1460870 396
1460880 396
1460890 396
1460900 396
1460910 396
1460920 396
1460930 396
1460940 396
1460950 396
1460960 396
1460970 396
1460980 396
1460990 396
1461000 396
1461010 396
1461020 396
1461030 396
1461040 396
1461050 395
1461060 395
1461070 394
1461080 394
1461090 394
1461100 395
1461110 396
1461120 396
1461130 396
1461140 396
1461150 396
1461160 396
1461170 396
1461180 396
1461190 396
1461200 396
1461210 396
1461220 396
1461230 396
1461240 396
1461250 396
1461260 396
1461270 396
1461280 396
1461290 396
1461300 396
1461310 397
1461320 397
1461330 397
1461340 397
1461350 397
1461360 397
1461370 396
1461380 397
1461390 397
1461400 397
1461410 397
1461420 397
1461430 398
1461440 398
1461450 398
1461460 398
1461470 397
1461480 397
1461490 397
1461500 397
1461510 397
1461520 397
1461530 398
1461540 398
1461550 399
1461560 400
1461570 400
1461580 400
1461590 400
1461600 400
1461610 400
1461620 400
1461630 400
1461640 399
1461650 398
1461660 398
1461670 397
1461680 398
1461690 398
1461700 398
1461710 398
1461720 398
1461730 398
1461740 400
1461750 400
1461760 401
1461770 401
1461780 401
1461790 401
1461800 402
1461810 402
1461820 406
1461830 411
1461840 411
1461850 416
1461860 418
1461870 418
1461880 418
1461890 418
1461900 418
1461910 418
1461920 418
1461930 418
1461940 418
1461950 418
1461960 418
1461970 418
1461980 418
1461990 418
1462000 418
1462010 419
1462020 419
1462030 423
1462040 428
1462050 428
1462060 431
1462070 433
1462080 433
1462090 434
1462100 435
1462110 435
1462120 436
1462130 436
1462140 436
1462150 437
1462160 438
1462170 438
1462180 438
1462190 439
1462200 439
1462210 439
1462220 440
1462230 440
1462240 440
1462250 441
1462260 441
1462270 441
1462280 442
1462290 442
1462300 442
1462310 443
1462320 443
1462330 443
1462340 443
1462350 444
1462360 444
1462370 444
1462380 444
1462390 444
1462400 444
1462410 444
1462420 444
1462430 444
1462440 444
1462450 444
1462460 444
1462470 443
1462480 443
1462490 443
1462500 442
1462510 442
1462520 442
1462530 441
1462540 441
1462550 441
1462560 440
1462570 440
1462580 439
1462590 439
1462600 439
1462610 438
1462620 437
1462630 437
1462640 436
1462650 436
1462660 436
1462670 437
1462680 437
1462690 437
1462700 437
1462710 437
1462720 437
1462730 438
1462740 438
1462750 438
1462760 438
1462770 439
1462780 439
1462790 439
1462800 440
1462810 440
1462820 440
1462830 441
1462840 441
1462850 442
1462860 442
1462870 442
1462880 443
1462890 443
1462900 443
1462910 444
1462920 444
1462930 444
1462940 445
1462950 445
1462960 445
1462970 444
1462980 444
1462990 444
1463000 444
1463010 443
1463020 443
1463030 442
1463040 442
1463050 442
1463060 441
1463070 440
1463080 440
1463090 439
1463100 438
1463110 438
1463120 438
1463130 437
1463140 437
1463150 437
1463160 438
1463170 438
1463180 438
1463190 438
1463200 438
1463210 438
1463220 439
1463230 439
1463240 439
1463250 440
1463260 440
1463270 441
1463280 441
1463290 441
1463300 442
1463310 443
1463320 443
1463330 443
1463340 444
1463350 444
1463360 444
1463370 444
1463380 444
1463390 444
1463400 444
1463410 444
1463420 444
1463430 444
1463440 444
1463450 444
1463460 443
1463470 443
1463480 443
1463490 442
1463500 442
1463510 442
1463520 441
1463530 441
1463540 441
1463550 440
1463560 440
1463570 439
1463580 439
1463590 439
1463600 438
1463610 438
1463620 438
1463630 437
1463640 437
1463650 437
1463660 437
1463670 436
1463680 436
1463690 436
1463700 436
1463710 436
1463720 435
1463730 435
1463740 435
1463750 435
1463760 434
1463770 434
1463780 434
1463790 434
1463800 434
1463810 434
1463820 434
1463830 434
1463840 434
1463850 434
1463860 434
1463870 434
1463880 434
1463890 434
1463900 434
1463910 434
1463920 434
1463930 434
1463940 434
1463950 434
1463960 434
1463970 434
1463980 434
1463990 434
1464000 434
1464010 434
1464020 433
1464030 433
1464040 433
1464050 434
1464060 434
1464070 434
1464080 435
1464090 435
1464100 435
1464110 435
1464120 436
1464130 436
1464140 436
1464150 436
1464160 436
1464170 437
1464180 437
1464190 437
1464200 437
1464210 437
1464220 437
1464230 438
1464240 438
1464250 438
1464260 438
1464270 438
1464280 438
1464290 438
1464300 438
1464310 438
1464320 438
1464330 438
1464340 438
1464350 438
1464360 438
1464370 438
1464380 438
1464390 438
1464400 438
1464410 438
1464420 438
1464430 438
1464440 438
1464450 438
1464460 438
1464470 437
1464480 437
1464490 437
1464500 436
1464510 436
1464520 436
1464530 436
1464540 435
1464550 435
1464560 434
1464570 434
1464580 434
1464590 433
1464600 432
1464610 432
1464620 431
1464630 431
1464640 431
1464650 430
1464660 428
1464670 428
1464680 425
1464690 422
1464700 422
1464710 419
1464720 418
1464730 418
1464740 416
1464750 416
1464760 416
1464770 415
1464780 414
1464790 414
1464800 414
1464810 413
1464820 413
1464830 413
1464840 413
1464850 413
1464860 413
1464870 413
1464880 413
1464890 413
1464900 413
1464910 413
1464920 413
1464930 414
1464940 414
1464950 414
1464960 414
1464970 414
1464980 413
1464990 413
1465000 413
1465010 413
1465020 412
1465030 412
1465040 412
1465050 412
1465060 412
1465070 411
1465080 411
1465090 411
1465100 411
1465110 410
1465120 410
1465130 410
1465140 410
1465150 410
1465160 409
1465170 408
1465180 408
1465190 408
1465200 407
1465210 407
1465220 407
1465230 407
1465240 407
1465250 406
1465260 404
1465270 404
1465280 403
1465290 402
1465300 402
1465310 402
1465320 402
1465330 402
1465340 402
1465350 401
1465360 401
1465370 401
1465380 401
1465390 401
1465400 401
1465410 401
1465420 401
1465430 401
1465440 401
1465450 401
1465460 402
1465470 402
1465480 402
1465490 402
1465500 402
1465510 402
1465520 402
1465530 402
1465540 402
1465550 402
1465560 402
1465570 402
1465580 402
1465590 402
1465600 402
1465610 402
1465620 402
1465630 402
1465640 402
1465650 402
1465660 402
1465670 402
1465680 402
1465690 402
1465700 402
1465710 402
1465720 402
1465730 402
1465740 403
1465750 403
1465760 403
1465770 403
1465780 404
1465790 404
1465800 404
1465810 405
1465820 405
1465830 405
1465840 406
1465850 406
1465860 406
1465870 407
1465880 407
1465890 408
1465900 408
1465910 408
1465920 409
1465930 410
1465940 410
1465950 411
1465960 412
1465970 412
1465980 413
1465990 415
1466000 415
1466010 417
1466020 419
1466030 419
1466040 421
1466050 423
1466060 423
1466070 424
1466080 426
1466090 426
1466100 427
1466110 428
1466120 428
1466130 429
1466140 430
1466150 430
1466160 430
1466170 430
1466180 430
1466190 431
1466200 431
1466210 431
1466220 431
1466230 432
1466240 432
1466250 432
1466260 432
1466270 432
1466280 432
1466290 432
1466300 432
1466310 432
1466320 432
1466330 432
1466340 432
1466350 431
1466360 431
1466370 431
1466380 430
1466390 430
1466400 430
1466410 430
1466420 430
1466430 430
1466440 429
1466450 429
1466460 428
1466470 427
1466480 427
1466490 426
1466500 424
1466510 424
1466520 423
1466530 421
1466540 421
1466550 418
1466560 416
1466570 416
1466580 413
1466590 412
1466600 412
1466610 411
1466620 410
1466630 410
1466640 410
1466650 410
1466660 410
1466670 409
1466680 410
1466690 410
1466700 409
1466710 409
1466720 409
1466730 408
1466740 408
1466750 408
1466760 407
1466770 407
1466780 407
1466790 406
1466800 405
1466810 405
1466820 405
1466830 405
1466840 405
1466850 404
1466860 404
1466870 404
1466880 404
1466890 404
1466900 404
1466910 404
1466920 404
1466930 404
1466940 404
1466950 404
1466960 404
1466970 404
1466980 405
1466990 405
1467000 406
1467010 407
1467020 407
1467030 408
1467040 409
1467050 409
1467060 410
1467070 410
1467080 410
1467090 411
1467100 412
1467110 412
1467120 413
1467130 414
1467140 414
1467150 414
1467160 415
1467170 415
1467180 415
1467190 416
1467200 416
1467210 417
1467220 418
1467230 418
1467240 419
1467250 420
1467260 420
1467270 421
1467280 423
1467290 423
1467300 423
1467310 424
1467320 424
1467330 426
1467340 427
1467350 427
1467360 428
1467370 429
1467380 429
1467390 430
1467400 431
1467410 431
1467420 431
1467430 432
1467440 432
1467450 433
1467460 433
1467470 433
1467480 434
1467490 435
1467500 435
1467510 435
1467520 436
1467530 436
1467540 436
1467550 437
1467560 437
1467570 437
1467580 438
1467590 438
1467600 438
1467610 439
1467620 439
1467630 439
1467640 440
1467650 440
1467660 440
1467670 440
1467680 440
1467690 441
1467700 441
1467710 441
1467720 441
1467730 442
1467740 442
1467750 442
1467760 442
1467770 442
1467780 443
1467790 443
1467800 443
1467810 443
1467820 443
1467830 443
1467840 443
1467850 443
1467860 443
1467870 443
1467880 443
1467890 443
1467900 443
1467910 443
1467920 443
1467930 443
1467940 442
1467950 442
1467960 442
1467970 442
1467980 442
1467990 441
1468000 441
1468010 441
1468020 441
1468030 440
1468040 440
1468050 440
1468060 440
1468070 440
1468080 440
1468090 440
1468100 440
1468110 439
1468120 439
1468130 439
1468140 439
1468150 439
1468160 439
1468170 438
1468180 438
1468190 438
1468200 438
1468210 439
1468220 439
1468230 439
1468240 440
1468250 440
1468260 440
1468270 440
1468280 440
1468290 440
1468300 440
1468310 440
1468320 440
1468330 440
1468340 440
1468350 440
1468360 439
1468370 439
1468380 439
1468390 438
1468400 438
1468410 438
1468420 437
1468430 437
1468440 437
1468450 436
1468460 436
1468470 435
1468480 434
1468490 434
1468500 433
1468510 432
1468520 432
1468530 431
1468540 430
1468550 430
1468560 431
1468570 431
1468580 431
1468590 431
1468600 430
1468610 430
1468620 429
1468630 427
1468640 427
1468650 427
1468660 429
1468670 429
1468680 432
1468690 433
1468700 433
1468710 433
1468720 434
1468730 434
1468740 434
1468750 435
1468760 435
1468770 435
1468780 435
1468790 435
1468800 434
1468810 434
1468820 434
1468830 434
1468840 433
1468850 433
1468860 433
1468870 432
1468880 432
1468890 432
1468900 431
1468910 431
1468920 430
1468930 430
1468940 430
1468950 429
1468960 428
1468970 428
1468980 426
1468990 424
1469000 424
1469010 423
1469020 424
1469030 424
1469040 427
1469050 429
1469060 429
1469070 431
1469080 433
1469090 433
1469100 434
1469110 434
1469120 434
1469130 435
1469140 436
1469150 436
1469160 436
1469170 436
1469180 436
1469190 436
1469200 436
1469210 436
1469220 436
1469230 435
1469240 435
1469250 435
1469260 434
1469270 433
1469280 433
1469290 433
1469300 432
1469310 432
1469320 431
1469330 430
1469340 430
1469350 429
1469360 427
1469370 427
1469380 426
1469390 428
1469400 428
1469410 430
1469420 432
1469430 432
1469440 432
1469450 433
1469460 433
1469470 433
1469480 434
1469490 434
1469500 435
1469510 435
1469520 435
1469530 436
1469540 436
1469550 436
1469560 437
1469570 437
1469580 437
1469590 437
1469600 438
1469610 438
1469620 438
1469630 439
1469640 439
1469650 439
1469660 439
1469670 439
1469680 439
1469690 439
1469700 439
1469710 439
1469720 439
1469730 439
1469740 438
1469750 438
1469760 438
1469770 437
1469780 437
1469790 437
1469800 436
1469810 436
1469820 436
1469830 435
1469840 434
1469850 434
1469860 434
1469870 433
1469880 433
1469890 432
1469900 431
1469910 431
1469920 430
1469930 429
1469940 429
1469950 428
1469960 427
1469970 427
1469980 427
1469990 426
1470000 426
1470010 426
1470020 427
1470030 427
1470040 427
1470050 427
1470060 427
1470070 427
1470080 426
1470090 426
1470100 425
1470110 423
1470120 423
1470130 423
1470140 422
1470150 422
1470160 421
1470170 420
1470180 420
1470190 420
1470200 419
1470210 419
1470220 419
1470230 418
1470240 418
1470250 418
1470260 417
1470270 417
1470280 416
1470290 416
1470300 416
1470310 415
1470320 415
1470330 415
1470340 415
1470350 414
1470360 414
1470370 414
1470380 414
1470390 414
1470400 413
1470410 413
1470420 413
1470430 413
1470440 412
1470450 412
1470460 412
1470470 412
1470480 412
1470490 411
1470500 411
1470510 411
1470520 411
1470530 410
1470540 410
1470550 410
1470560 409
1470570 409
1470580 409
1470590 409
1470600 409
1470610 408
1470620 408
1470630 408
1470640 407
1470650 407
1470660 407
1470670 407
1470680 406
1470690 406
1470700 406
1470710 405
1470720 405
1470730 405
1470740 405
1470750 405
1470760 404
1470770 404
1470780 404
1470790 403
1470800 404
1470810 404
1470820 403
1470830 402
1470840 402
1470850 402
1470860 402
1470870 402
1470880 402
1470890 402
1470900 402
1470910 401
1470920 402
1470930 402
1470940 402
1470950 402
1470960 402
1470970 404
1470980 405
1470990 405
1471000 405
1471010 406
1471020 406
1471030 407
1471040 410
1471050 410
1471060 413
1471070 415
1471080 415
1471090 416
1471100 417
1471110 417
1471120 417
1471130 418
1471140 418
1471150 419
1471160 420
1471170 420
1471180 422
1471190 423
1471200 423
1471210 424
1471220 426
1471230 426
1471240 427
1471250 429
1471260 429
1471270 430
1471280 432
1471290 432
1471300 433
1471310 435
1471320 435
1471330 436
1471340 437
1471350 437
1471360 438
1471370 439
1471380 439
1471390 441
1471400 442
1471410 442
1471420 443
1471430 444
1471440 444
1471450 445
1471460 446
1471470 446
1471480 447
1471490 447
1471500 447
1471510 448
1471520 448
1471530 448
1471540 448
1471550 448
1471560 448
1471570 448
1471580 448
1471590 448
1471600 447
1471610 447
1471620 447
1471630 446
1471640 444
1471650 444
1471660 442
1471670 441
1471680 441
1471690 439
1471700 438
1471710 438
1471720 436
1471730 435
1471740 435
1471750 434
1471760 433
1471770 433
1471780 433
1471790 435
1471800 435
1471810 437
1471820 439
1471830 439
1471840 440
1471850 441
1471860 441
1471870 442
1471880 444
1471890 444
1471900 445
1471910 447
1471920 447
1471930 448
1471940 449
1471950 449
1471960 450
1471970 451
1471980 451
1471990 451
1472000 452
1472010 452
1472020 452
1472030 452
1472040 452
1472050 453
1472060 452
1472070 452
1472080 452
1472090 452
1472100 452
1472110 452
1472120 452
1472130 452
1472140 452
1472150 452
1472160 452
1472170 452
1472180 452
1472190 452
1472200 453
1472210 453
1472220 453
1472230 454
1472240 455
1472250 455
1472260 456
1472270 457
1472280 457
1472290 458
1472300 459
1472310 459
1472320 460
1472330 461
1472340 461
1472350 462
1472360 463
1472370 463
1472380 463
1472390 463
1472400 463
1472410 464
1472420 465
1472430 465
1472440 465
1472450 466
1472460 466
1472470 466
1472480 467
1472490 467
1472500 467
1472510 468
1472520 468
1472530 468
1472540 469
1472550 469
1472560 469
1472570 469
1472580 469
1472590 470
1472600 470
1472610 470
1472620 470
1472630 470
1472640 470
1472650 470
1472660 470
1472670 470
1472680 470
1472690 470
1472700 470
1472710 470
1472720 470
1472730 470
1472740 470
1472750 470
1472760 469
1472770 469
1472780 468
1472790 468
1472800 468
1472810 467
1472820 466
1472830 466
1472840 465
1472850 464
1472860 464
1472870 463
1472880 462
1472890 462
1472900 461
1472910 460
1472920 460
1472930 460
1472940 459
1472950 459
1472960 457
1472970 454
1472980 454
1472990 453
1473000 454
1473010 454
1473020 456
1473030 457
1473040 457
1473050 457
1473060 458
1473070 458
1473080 459
1473090 460
1473100 460
1473110 461
1473120 461
1473130 461
1473140 462
1473150 462
1473160 462
1473170 463
1473180 463
1473190 463
1473200 463
1473210 463
1473220 463
1473230 463
1473240 463
1473250 463
1473260 463
1473270 463
1473280 463
1473290 462
1473300 462
1473310 462
1473320 461
1473330 460
1473340 460
1473350 459
1473360 458
1473370 458
1473380 457
1473390 455
1473400 455
1473410 454
1473420 452
1473430 452
1473440 451
1473450 451
1473460 451
1473470 449
1473480 448
1473490 448
1473500 447
1473510 446
1473520 446
1473530 445
1473540 444
1473550 444
1473560 443
1473570 444
1473580 444
1473590 446
1473600 447
1473610 447
1473620 449
1473630 450
1473640 450
1473650 451
1473660 452
1473670 452
1473680 453
1473690 454
1473700 454
1473710 455
1473720 457
1473730 457
1473740 459
1473750 461
1473760 461
1473770 462
1473780 463
1473790 463
1473800 464
1473810 466
1473820 466
1473830 467
1473840 466
1473850 466
1473860 466
1473870 466
1473880 466
1473890 469
1473900 472
1473910 472
1473920 472
1473930 472
1473940 472
1473950 472
1473960 473
1473970 473
1473980 473
1473990 473
1474000 473
1474010 473
1474020 474
1474030 474
1474040 474
1474050 475
1474060 475
1474070 475
1474080 475
1474090 475
1474100 476
1474110 476
1474120 476
1474130 477
1474140 477
1474150 477
1474160 478
1474170 478
1474180 478
1474190 479
1474200 480
1474210 480
1474220 481
1474230 481
1474240 481
1474250 481
1474260 482
1474270 482
1474280 482
1474290 482
1474300 482
1474310 482
1474320 482
1474330 482
1474340 481
1474350 481
1474360 481
1474370 480
1474380 479
1474390 479
1474400 478
1474410 477
1474420 477
1474430 477
1474440 476
1474450 476
1474460 476
1474470 475
1474480 475
1474490 475
1474500 474
1474510 474
1474520 474
1474530 473
1474540 473
1474550 472
1474560 472
1474570 472
1474580 471
1474590 471
1474600 471
1474610 471
1474620 471
1474630 471
1474640 472
1474650 472
1474660 472
1474670 472
1474680 472
1474690 472
1474700 472
1474710 472
1474720 472
1474730 471
1474740 471
1474750 471
1474760 471
1474770 471
1474780 471
1474790 471
1474800 471
1474810 471
1474820 470
1474830 469
1474840 469
1474850 469
1474860 468
1474870 468
1474880 467
1474890 465
1474900 465
1474910 464
1474920 462
1474930 462
1474940 460
1474950 458
1474960 458
1474970 456
1474980 454
1474990 454
1475000 452
1475010 451
1475020 451
1475030 450
1475040 449
1475050 449
1475060 448
1475070 447
1475080 447
1475090 447
1475100 446
1475110 446
1475120 445
1475130 444
1475140 444
1475150 444
1475160 443
1475170 443
1475180 442
1475190 440
1475200 440
1475210 438
1475220 436
1475230 436
1475240 435
1475250 435
1475260 435
1475270 435
1475280 435
1475290 435
1475300 437
1475310 439
1475320 439
1475330 442
1475340 443
1475350 443
1475360 445
1475370 448
1475380 448
1475390 450
1475400 452
1475410 452
1475420 453
1475430 454
1475440 454
1475450 455
1475460 456
1475470 456
1475480 458
1475490 460
1475500 460
1475510 462
1475520 464
1475530 464
1475540 468
1475550 470
1475560 470
1475570 471
1475580 472
1475590 472
1475600 473
1475610 474
1475620 474
1475630 474
1475640 475
1475650 475
1475660 476
1475670 476
1475680 476
1475690 476
1475700 476
1475710 476
1475720 476
1475730 476
1475740 476
1475750 475
1475760 476
1475770 476
1475780 476
1475790 476
1475800 476
1475810 476
1475820 476
1475830 476
1475840 476
1475850 476
1475860 476
1475870 476
1475880 476
1475890 476
1475900 476
1475910 476
1475920 476
1475930 475
1475940 475
1475950 475
1475960 474
1475970 473
1475980 473
1475990 472
1476000 471
1476010 471
1476020 470
1476030 469
1476040 469
1476050 467
1476060 466
1476070 466
1476080 465
1476090 464
1476100 463
1476110 463
1476120 462
1476130 462
1476140 462
1476150 460
1476160 459
1476170 459
1476180 459
1476190 458
1476200 458
1476210 457
1476220 456
1476230 456
1476240 455
1476250 454
1476260 454
1476270 453
1476280 451
1476290 451
1476300 450
1476310 449
1476320 449
1476330 448
1476340 448
1476350 448
1476360 447
1476370 446
1476380 446
1476390 446
1476400 446
1476410 446
1476420 445
1476430 445
1476440 445
1476450 445
1476460 444
1476470 444
1476480 444
1476490 443
1476500 443
1476510 443
1476520 442
1476530 442
1476540 441
1476550 441
1476560 441
1476570 440
1476580 439
1476590 439
1476600 438
1476610 438
1476620 438
1476630 437
1476640 437
1476650 437
1476660 436
1476670 436
1476680 436
1476690 436
1476700 435
1476710 435
1476720 435
1476730 434
1476740 434
1476750 434
1476760 434
1476770 434
1476780 433
1476790 433
1476800 433
1476810 432
1476820 432
1476830 432
1476840 431
1476850 431
1476860 431
1476870 431
1476880 430
1476890 430
1476900 430
1476910 429
1476920 429
1476930 429
1476940 429
1476950 429
1476960 428
1476970 428
1476980 428
1476990 427
1477000 427
1477010 427
1477020 427
1477030 426
1477040 426
1477050 425
1477060 424
1477070 424
1477080 423
1477090 422
1477100 422
1477110 421
1477120 420
1477130 420
1477140 419
1477150 418
1477160 418
1477170 418
1477180 417
1477190 417
1477200 417
1477210 416
1477220 416
1477230 416
1477240 415
1477250 415
1477260 415
1477270 415
1477280 415
1477290 415
1477300 414
1477310 414
1477320 414
1477330 414
1477340 414
1477350 414
1477360 413
1477370 413
1477380 413
1477390 412
1477400 412
1477410 412
1477420 412
1477430 412
1477440 412
1477450 412
1477460 412
1477470 412
1477480 412
1477490 412
1477500 412
1477510 412
1477520 412
1477530 411
1477540 411
1477550 411
1477560 412
1477570 412
1477580 412
1477590 412
1477600 411
1477610 411
1477620 411
1477630 411
1477640 411
1477650 411
1477660 411
1477670 411
1477680 411
1477690 411
1477700 411
1477710 411
1477720 411
1477730 411
1477740 411
1477750 411
1477760 411
1477770 411
1477780 411
1477790 411
1477800 411
1477810 411
1477820 411
1477830 411
1477840 411
1477850 411
1477860 411
1477870 412
1477880 412
1477890 413
1477900 415
1477910 415
1477920 417
1477930 420
1477940 420
1477950 421
1477960 423
1477970 423
1477980 424
1477990 426
1478000 426
1478010 428
1478020 429
1478030 429
1478040 431
1478050 433
1478060 433
1478070 435
1478080 436
1478090 436
1478100 437
1478110 438
1478120 438
1478130 439
1478140 440
1478150 440
1478160 440
1478170 441
1478180 441
1478190 441
1478200 441
1478210 441
1478220 442
1478230 442
1478240 442
1478250 442
1478260 442
1478270 442
1478280 442
1478290 442
1478300 442
1478310 442
1478320 442
1478330 442
1478340 441
1478350 441
1478360 441
1478370 441
1478380 441
1478390 441
1478400 440
1478410 440
1478420 440
1478430 440
1478440 439
1478450 439
1478460 439
1478470 439
1478480 439
1478490 438
1478500 438
1478510 438
1478520 438
1478530 437
1478540 437
1478550 437
1478560 436
1478570 436
1478580 435
1478590 435
1478600 435
1478610 434
1478620 434
1478630 434
1478640 433
1478650 433
1478660 433
1478670 432
1478680 432
1478690 432
1478700 431
1478710 431
1478720 431
1478730 430
1478740 429
1478750 429
1478760 428
1478770 427
1478780 427
1478790 427
1478800 425
1478810 425
1478820 424
1478830 423
1478840 423
1478850 422
1478860 422
1478870 422
1478880 421
1478890 422
1478900 422
1478910 422
1478920 423
1478930 423
1478940 424
1478950 425
1478960 425
1478970 426
1478980 427
1478990 427
1479000 427
1479010 427
1479020 427
1479030 427
1479040 426
1479050 426
1479060 426
1479070 425
1479080 425
1479090 424
1479100 424
1479110 424
1479120 423
1479130 422
1479140 422
1479150 422
1479160 421
1479170 421
1479180 420
1479190 419
1479200 419
1479210 418
1479220 417
1479230 417
1479240 417
1479250 416
1479260 416
1479270 416
1479280 416
1479290 416
1479300 416
1479310 416
1479320 416
1479330 416
1479340 416
1479350 416
1479360 415
1479370 415
1479380 415
1479390 415
1479400 415
1479410 415
1479420 415
1479430 415
1479440 415
1479450 415
1479460 415
1479470 415
1479480 414
1479490 414
1479500 414
1479510 414
1479520 414
1479530 414
1479540 414
1479550 414
1479560 413
1479570 413
1479580 413
1479590 412
1479600 412
1479610 410
1479620 410
1479630 410
1479640 410
1479650 410
1479660 410
1479670 410
1479680 410
1479690 410
1479700 410
1479710 410
1479720 410
1479730 410
1479740 410
1479750 410
1479760 410
1479770 410
1479780 410
1479790 410
1479800 411
1479810 411
1479820 412
1479830 414
1479840 414
1479850 415
1479860 417
1479870 417
1479880 419
1479890 421
1479900 421
1479910 422
1479920 424
1479930 424
1479940 427
1479950 429
1479960 429
1479970 430
1479980 431
1479990 431
