1460000 395
1460010 395
1460020 395
1460030 395
1460040 395
1460050 395
1460060 395
1460070 395
1460080 395
1460090 395
1460100 395
1460110 395
1460120 395
1460130 395
1460140 394
1460150 394
1460160 394
1460170 395
1460180 395
1460190 395
1460200 395
1460210 395
1460220 395
1460230 395
1460240 395
1460250 395
1460260 395
1460270 395
1460280 395
1460290 395
1460300 395
1460310 395
1460320 395
1460330 395
1460340 395
1460350 395
1460360 395
1460370 395
1460380 395
1460390 395
1460400 395
1460410 395
1460420 395
1460430 395
1460440 395
1460450 395
1460460 395
1460470 395
1460480 396
1460490 396
1460500 396
1460510 396
1460520 396
1460530 396
1460540 396
1460550 396
1460560 396
1460570 396
1460580 396
1460590 396
1460600 396
1460610 396
1460620 396
1460630 396
1460640 396
1460650 396
1460660 396
1460670 396
1460680 396
1460690 396
1460700 396
1460710 396
1460720 396
1460730 396
1460740 396
1460750 396
1460760 396
1460770 396
1460780 396
1460790 396
1460800 396
1460810 396
1460820 396
1460830 396
1460840 396
1460850 396
1460860 396
1460870 396
1460880 396
1460890 396
1460900 396
1460910 396
1460920 396
1460930 396
1460940 396
1460950 396
1460960 396
1460970 396
1460980 396
1460990 396
1461000 396
1461010 396
1461020 396
1461030 396
1461040 396
1461050 397
1461060 397
1461070 397
1461080 397
1461090 397
1461100 397
1461110 397
1461120 397
1461130 397
1461140 397
1461150 397
1461160 397
1461170 397
1461180 397
1461190 397
1461200 397
1461210 397
1461220 397
1461230 397
1461240 397
1461250 397
1461260 397
1461270 397
1461280 397
1461290 397
1461300 397
1461310 397
1461320 397
1461330 397
1461340 397
1461350 397
1461360 397
1461370 397
1461380 397
1461390 397
1461400 397
1461410 397
1461420 397
1461430 397
1461440 397
1461450 397
1461460 398
1461470 398
1461480 398
1461490 398
1461500 399
1461510 399
1461520 399
1461530 399
1461540 399
1461550 399
1461560 399
1461570 399
1461580 399
1461590 399
1461600 399
1461610 398
1461620 398
1461630 398
1461640 398
1461650 398
1461660 398
1461670 398
1461680 398
1461690 398
1461700 398
1461710 398
1461720 398
1461730 398
1461740 398
1461750 398
1461760 398
1461770 398
1461780 398
1461790 398
1461800 399
1461810 399
1461820 399
1461830 399
1461840 399
1461850 399
1461860 400
1461870 400
1461880 400
1461890 401
1461900 401
1461910 403
1461920 408
1461930 408
1461940 414
1461950 417
1461960 417
1461970 418
1461980 418
1461990 418
1462000 418
1462010 418
1462020 418
1462030 418
1462040 418
1462050 418
1462060 420
1462070 424
1462080 424
1462090 427
1462100 429
1462110 429
1462120 430
1462130 432
1462140 432
1462150 433
1462160 433
1462170 433
1462180 434
1462190 435
1462200 435
1462210 436
1462220 436
1462230 436
1462240 437
1462250 438
1462260 438
1462270 439
1462280 439
1462290 439
1462300 440
1462310 441
1462320 441
1462330 442
1462340 442
1462350 442
1462360 443
1462370 443
1462380 443
1462390 443
1462400 443
1462410 443
1462420 444
1462430 444
1462440 444
1462450 444
1462460 444
1462470 444
1462480 444
1462490 444
1462500 444
1462510 443
1462520 443
1462530 443
1462540 442
1462550 442
1462560 442
1462570 441
1462580 441
1462590 441
1462600 440
1462610 440
1462620 440
1462630 440
1462640 440
1462650 440
1462660 440
1462670 441
1462680 441
1462690 441
1462700 442
1462710 443
1462720 443
1462730 443
1462740 444
1462750 444
1462760 444
1462770 445
1462780 445
1462790 446
1462800 446
1462810 446
1462820 447
1462830 447
1462840 447
1462850 447
1462860 447
1462870 447
1462880 447
1462890 448
1462900 448
1462910 448
1462920 448
1462930 448
1462940 448
1462950 448
1462960 448
1462970 448
1462980 448
1462990 448
1463000 448
1463010 448
1463020 448
1463030 448
1463040 448
1463050 448
1463060 447
1463070 447
1463080 447
1463090 446
1463100 445
1463110 445
1463120 445
1463130 444
1463140 444
1463150 444
1463160 443
1463170 443
1463180 442
1463190 442
1463200 442
1463210 441
1463220 440
1463230 440
1463240 439
1463250 438
1463260 438
1463270 438
1463280 439
1463290 439
1463300 440
1463310 440
1463320 440
1463330 441
1463340 442
1463350 442
1463360 442
1463370 443
1463380 443
1463390 444
1463400 444
1463410 444
1463420 445
1463430 445
1463440 445
1463450 445
1463460 445
1463470 445
1463480 445
1463490 445
1463500 445
1463510 445
1463520 444
1463530 444
1463540 444
1463550 444
1463560 444
1463570 444
1463580 444
1463590 444
1463600 443
1463610 443
1463620 443
1463630 443
1463640 442
1463650 442
1463660 442
1463670 441
1463680 441
1463690 441
1463700 441
1463710 441
1463720 441
1463730 441
1463740 441
1463750 441
1463760 442
1463770 442
1463780 442
1463790 442
1463800 442
1463810 442
1463820 442
1463830 442
1463840 442
1463850 442
1463860 442
1463870 442
1463880 442
1463890 442
1463900 442
1463910 441
1463920 441
1463930 441
1463940 441
1463950 441
1463960 441
1463970 441
1463980 441
1463990 441
1464000 441
1464010 441
1464020 441
1464030 441
1464040 441
1464050 441
1464060 441
1464070 441
1464080 441
1464090 441
1464100 441
1464110 442
1464120 442
1464130 442
1464140 442
1464150 442
1464160 442
1464170 442
1464180 442
1464190 442
1464200 442
1464210 442
1464220 442
1464230 442
1464240 442
1464250 442
1464260 442
1464270 442
1464280 442
1464290 442
1464300 442
1464310 442
1464320 442
1464330 442
1464340 442
1464350 441
1464360 441
1464370 441
1464380 441
1464390 440
1464400 440
1464410 440
1464420 439
1464430 439
1464440 438
1464450 438
1464460 438
1464470 437
1464480 436
1464490 436
1464500 435
1464510 434
1464520 434
1464530 432
1464540 431
1464550 431
1464560 429
1464570 428
1464580 428
1464590 426
1464600 425
1464610 425
1464620 424
1464630 422
1464640 422
1464650 421
1464660 420
1464670 420
1464680 419
1464690 418
1464700 418
1464710 418
1464720 418
1464730 418
1464740 417
1464750 417
1464760 417
1464770 417
1464780 417
1464790 417
1464800 417
1464810 417
1464820 417
1464830 417
1464840 417
1464850 417
1464860 416
1464870 416
1464880 416
1464890 416
1464900 415
1464910 415
1464920 415
1464930 415
1464940 415
1464950 414
1464960 414
1464970 414
1464980 414
1464990 413
1465000 413
1465010 413
1465020 412
1465030 412
1465040 412
1465050 412
1465060 412
1465070 412
1465080 411
1465090 411
1465100 411
1465110 410
1465120 410
1465130 410
1465140 409
1465150 409
1465160 409
1465170 408
1465180 408
1465190 407
1465200 407
1465210 407
1465220 406
1465230 405
1465240 405
1465250 404
1465260 404
1465270 404
1465280 404
1465290 403
1465300 403
1465310 403
1465320 403
1465330 403
1465340 403
1465350 403
1465360 403
1465370 403
1465380 403
1465390 403
1465400 403
1465410 403
1465420 403
1465430 403
1465440 403
1465450 403
1465460 403
1465470 402
1465480 402
1465490 403
1465500 403
1465510 403
1465520 403
1465530 403
1465540 403
1465550 403
1465560 403
1465570 403
1465580 403
1465590 403
1465600 403
1465610 403
1465620 403
1465630 403
1465640 403
1465650 404
1465660 404
1465670 404
1465680 405
1465690 405
1465700 405
1465710 405
1465720 405
1465730 406
1465740 406
1465750 406
1465760 407
1465770 407
1465780 407
1465790 408
1465800 409
1465810 409
1465820 409
1465830 410
1465840 410
1465850 411
1465860 413
1465870 413
1465880 415
1465890 417
1465900 417
1465910 419
1465920 421
1465930 421
1465940 424
1465950 426
1465960 426
1465970 427
1465980 429
1465990 429
1466000 430
1466010 431
1466020 431
1466030 431
1466040 432
1466050 432
1466060 432
1466070 433
1466080 433
1466090 433
1466100 434
1466110 434
1466120 434
1466130 434
1466140 435
1466150 435
1466160 435
1466170 436
1466180 436
1466190 436
1466200 436
1466210 436
1466220 436
1466230 436
1466240 436
1466250 436
1466260 436
1466270 436
1466280 436
1466290 436
1466300 436
1466310 435
1466320 435
1466330 435
1466340 434
1466350 434
1466360 434
1466370 433
1466380 432
1466390 432
1466400 430
1466410 429
1466420 429
1466430 429
1466440 429
1466450 429
1466460 429
1466470 429
1466480 429
1466490 429
1466500 429
1466510 429
1466520 429
1466530 428
1466540 428
1466550 428
1466560 427
1466570 427
1466580 427
1466590 426
1466600 426
1466610 425
1466620 424
1466630 424
1466640 421
1466650 419
1466660 419
1466670 416
1466680 415
1466690 415
1466700 414
1466710 413
1466720 413
1466730 412
1466740 412
1466750 412
1466760 411
1466770 411
1466780 411
1466790 410
1466800 409
1466810 409
1466820 409
1466830 408
1466840 408
1466850 406
1466860 406
1466870 406
1466880 405
1466890 405
1466900 405
1466910 405
1466920 405
1466930 405
1466940 405
1466950 405
1466960 405
1466970 406
1466980 405
1466990 405
1467000 405
1467010 405
1467020 405
1467030 406
1467040 406
1467050 406
1467060 406
1467070 407
1467080 407
1467090 407
1467100 407
1467110 407
1467120 408
1467130 410
1467140 410
1467150 411
1467160 412
1467170 412
1467180 413
1467190 414
1467200 414
1467210 414
1467220 415
1467230 415
1467240 416
1467250 416
1467260 416
1467270 417
1467280 418
1467290 418
1467300 418
1467310 419
1467320 419
1467330 419
1467340 420
1467350 420
1467360 421
1467370 421
1467380 421
1467390 422
1467400 423
1467410 423
1467420 424
1467430 424
1467440 424
1467450 424
1467460 425
1467470 425
1467480 425
1467490 424
1467500 424
1467510 424
1467520 425
1467530 425
1467540 426
1467550 426
1467560 426
1467570 427
1467580 428
1467590 428
1467600 429
1467610 430
1467620 430
1467630 431
1467640 431
1467650 431
1467660 432
1467670 433
1467680 433
1467690 433
1467700 434
1467710 434
1467720 434
1467730 435
1467740 435
1467750 435
1467760 436
1467770 436
1467780 436
1467790 437
1467800 437
1467810 437
1467820 438
1467830 438
1467840 438
1467850 439
1467860 439
1467870 440
1467880 440
1467890 440
1467900 441
1467910 441
1467920 441
1467930 441
1467940 442
1467950 442
1467960 442
1467970 443
1467980 443
1467990 443
1468000 444
1468010 444
1468020 444
1468030 444
1468040 444
1468050 444
1468060 444
1468070 444
1468080 444
1468090 445
1468100 445
1468110 445
1468120 445
1468130 445
1468140 445
1468150 445
1468160 445
1468170 445
1468180 445
1468190 445
1468200 445
1468210 445
1468220 445
1468230 445
1468240 444
1468250 444
1468260 444
1468270 443
1468280 443
1468290 442
1468300 441
1468310 441
1468320 439
1468330 438
1468340 438
1468350 437
1468360 437
1468370 437
1468380 436
1468390 436
1468400 436
1468410 436
1468420 436
1468430 436
1468440 436
1468450 436
1468460 436
1468470 436
1468480 436
1468490 436
1468500 437
1468510 437
1468520 437
1468530 437
1468540 436
1468550 436
1468560 436
1468570 435
1468580 435
1468590 435
1468600 433
1468610 433
1468620 431
1468630 431
1468640 431
1468650 433
1468660 434
1468670 434
1468680 435
1468690 435
1468700 435
1468710 436
1468720 436
1468730 436
1468740 437
1468750 437
1468760 437
1468770 437
1468780 436
1468790 436
1468800 436
1468810 436
1468820 436
1468830 435
1468840 435
1468850 435
1468860 434
1468870 433
1468880 433
1468890 432
1468900 430
1468910 430
1468920 428
1468930 427
1468940 427
1468950 427
1468960 430
1468970 430
1468980 432
1468990 433
1469000 433
1469010 434
1469020 435
1469030 435
1469040 435
1469050 436
1469060 436
1469070 436
1469080 437
1469090 437
1469100 437
1469110 437
1469120 437
1469130 437
1469140 437
1469150 437
1469160 436
1469170 436
1469180 436
1469190 435
1469200 435
1469210 435
1469220 434
1469230 433
1469240 433
1469250 431
1469260 431
1469270 431
1469280 433
1469290 434
1469300 434
1469310 434
1469320 435
1469330 435
1469340 435
1469350 436
1469360 436
1469370 436
1469380 437
1469390 437
1469400 437
1469410 438
1469420 438
1469430 438
1469440 438
1469450 438
1469460 439
1469470 439
1469480 439
1469490 439
1469500 440
1469510 440
1469520 440
1469530 440
1469540 440
1469550 440
1469560 441
1469570 441
1469580 441
1469590 441
1469600 441
1469610 441
1469620 442
1469630 441
1469640 441
1469650 441
1469660 441
1469670 441
1469680 441
1469690 441
1469700 441
1469710 440
1469720 440
1469730 440
1469740 440
1469750 440
1469760 440
1469770 440
1469780 440
1469790 440
1469800 440
1469810 440
1469820 440
1469830 439
1469840 439
1469850 439
1469860 439
1469870 439
1469880 439
1469890 439
1469900 438
1469910 438
1469920 438
1469930 438
1469940 438
1469950 437
1469960 437
1469970 437
1469980 436
1469990 436
1470000 436
1470010 435
1470020 435
1470030 435
1470040 434
1470050 433
1470060 433
1470070 432
1470080 431
1470090 431
1470100 430
1470110 430
1470120 430
1470130 429
1470140 429
1470150 429
1470160 428
1470170 427
1470180 427
1470190 426
1470200 425
1470210 425
1470220 424
1470230 423
1470240 423
1470250 422
1470260 422
1470270 422
1470280 421
1470290 420
1470300 420
1470310 419
1470320 419
1470330 419
1470340 418
1470350 417
1470360 417
1470370 417
1470380 416
1470390 416
1470400 416
1470410 415
1470420 415
1470430 415
1470440 414
1470450 414
1470460 414
1470470 413
1470480 413
1470490 413
1470500 412
1470510 412
1470520 412
1470530 411
1470540 411
1470550 411
1470560 410
1470570 410
1470580 410
1470590 410
1470600 410
1470610 409
1470620 409
1470630 409
1470640 408
1470650 408
1470660 408
1470670 408
1470680 407
1470690 407
1470700 407
1470710 407
1470720 407
1470730 406
1470740 406
1470750 406
1470760 406
1470770 405
1470780 405
1470790 405
1470800 404
1470810 404
1470820 404
1470830 404
1470840 404
1470850 403
1470860 404
1470870 404
1470880 404
1470890 404
1470900 404
1470910 404
1470920 404
1470930 404
1470940 403
1470950 403
1470960 403
1470970 403
1470980 403
1470990 403
1471000 403
1471010 403
1471020 403
1471030 403
1471040 403
1471050 403
1471060 403
1471070 404
1471080 404
1471090 404
1471100 407
1471110 407
1471120 411
1471130 413
1471140 413
1471150 414
1471160 415
1471170 415
1471180 415
1471190 416
1471200 416
1471210 417
1471220 419
1471230 419
1471240 420
1471250 421
1471260 421
1471270 422
1471280 423
1471290 423
1471300 425
1471310 426
1471320 426
1471330 427
1471340 428
1471350 428
1471360 430
1471370 431
1471380 431
1471390 432
1471400 433
1471410 433
1471420 434
1471430 436
1471440 436
1471450 437
1471460 438
1471470 438
1471480 440
1471490 441
1471500 441
1471510 443
1471520 444
1471530 444
1471540 445
1471550 446
1471560 446
1471570 447
1471580 448
1471590 448
1471600 449
1471610 450
1471620 450
1471630 450
1471640 451
1471650 451
1471660 451
1471670 452
1471680 452
1471690 452
1471700 451
1471710 451
1471720 451
1471730 451
1471740 451
1471750 451
1471760 451
1471770 451
1471780 451
1471790 451
1471800 451
1471810 451
1471820 451
1471830 451
1471840 452
1471850 452
1471860 452
1471870 453
1471880 453
1471890 453
1471900 454
1471910 454
1471920 454
1471930 454
1471940 455
1471950 455
1471960 455
1471970 455
1471980 455
1471990 455
1472000 456
1472010 456
1472020 456
1472030 456
1472040 456
1472050 456
1472060 456
1472070 456
1472080 457
1472090 458
1472100 458
1472110 458
1472120 457
1472130 457
1472140 457
1472150 458
1472160 458
1472170 458
1472180 458
1472190 458
1472200 458
1472210 458
1472220 458
1472230 458
1472240 459
1472250 459
1472260 460
1472270 460
1472280 460
1472290 460
1472300 461
1472310 461
1472320 461
1472330 461
1472340 461
1472350 462
1472360 462
1472370 462
1472380 462
1472390 462
1472400 462
1472410 462
1472420 462
1472430 462
1472440 462
1472450 463
1472460 463
1472470 463
1472480 463
1472490 463
1472500 463
1472510 463
1472520 463
1472530 463
1472540 463
1472550 463
1472560 463
1472570 461
1472580 461
1472590 461
1472600 461
1472610 461
1472620 461
1472630 461
1472640 461
1472650 460
1472660 460
1472670 460
1472680 460
1472690 460
1472700 460
1472710 459
1472720 460
1472730 460
1472740 460
1472750 460
1472760 460
1472770 460
1472780 459
1472790 459
1472800 459
1472810 459
1472820 459
1472830 459
1472840 458
1472850 458
1472860 458
1472870 457
1472880 457
1472890 457
1472900 455
1472910 454
1472920 454
1472930 452
1472940 450
1472950 450
1472960 449
1472970 448
1472980 448
1472990 447
1473000 446
1473010 446
1473020 446
1473030 443
1473040 443
1473050 443
1473060 445
1473070 445
1473080 445
1473090 445
1473100 445
1473110 446
1473120 446
1473130 446
1473140 446
1473150 446
1473160 446
1473170 447
1473180 447
1473190 447
1473200 447
1473210 447
1473220 447
1473230 447
1473240 447
1473250 447
1473260 447
1473270 447
1473280 447
1473290 447
1473300 447
1473310 447
1473320 446
1473330 446
1473340 446
1473350 446
1473360 446
1473370 446
1473380 445
1473390 445
1473400 445
1473410 445
1473420 444
1473430 444
1473440 444
1473450 443
1473460 443
1473470 443
1473480 442
1473490 442
1473500 440
1473510 438
1473520 438
1473530 438
1473540 440
1473550 440
1473560 441
1473570 441
1473580 441
1473590 442
1473600 443
1473610 443
1473620 443
1473630 444
1473640 444
1473650 445
1473660 445
1473670 445
1473680 446
1473690 447
1473700 447
1473710 447
1473720 447
1473730 447
1473740 447
1473750 447
1473760 447
1473770 448
1473780 448
1473790 448
1473800 449
1473810 449
1473820 449
1473830 450
1473840 452
1473850 452
1473860 454
1473870 456
1473880 456
1473890 457
1473900 458
1473910 458
1473920 459
1473930 461
1473940 461
1473950 462
1473960 463
1473970 463
1473980 464
1473990 465
1474000 465
1474010 466
1474020 468
1474030 468
1474040 469
1474050 470
1474060 470
1474070 471
1474080 472
1474090 472
1474100 473
1474110 474
1474120 474
1474130 475
1474140 476
1474150 476
1474160 477
1474170 477
1474180 477
1474190 478
1474200 479
1474210 479
1474220 479
1474230 480
1474240 480
1474250 481
1474260 481
1474270 481
1474280 482
1474290 482
1474300 482
1474310 483
1474320 483
1474330 483
1474340 483
1474350 483
1474360 483
1474370 483
1474380 483
1474390 483
1474400 483
1474410 482
1474420 482
1474430 482
1474440 481
1474450 481
1474460 479
1474470 474
1474480 474
1474490 472
1474500 475
1474510 475
1474520 473
1474530 470
1474540 470
1474550 466
1474560 464
1474570 464
1474580 463
1474590 462
1474600 462
1474610 461
1474620 462
1474630 462
1474640 461
1474650 461
1474660 461
1474670 459
1474680 459
1474690 459
1474700 460
1474710 460
1474720 460
1474730 461
1474740 461
1474750 461
1474760 461
1474770 461
1474780 461
1474790 461
1474800 460
1474810 460
1474820 460
1474830 459
1474840 459
1474850 459
1474860 458
1474870 458
1474880 458
1474890 457
1474900 457
1474910 457
1474920 456
1474930 456
1474940 455
1474950 454
1474960 454
1474970 454
1474980 453
1474990 453
1475000 452
1475010 451
1475020 451
1475030 450
1475040 450
1475050 450
1475060 449
1475070 448
1475080 448
1475090 447
1475100 446
1475110 446
1475120 445
1475130 444
1475140 444
1475150 443
1475160 442
1475170 442
1475180 441
1475190 439
1475200 439
1475210 438
1475220 438
1475230 438
1475240 437
1475250 438
1475260 438
1475270 439
1475280 442
1475290 442
1475300 444
1475310 446
1475320 446
1475330 448
1475340 450
1475350 450
1475360 451
1475370 453
1475380 453
1475390 454
1475400 455
1475410 455
1475420 456
1475430 457
1475440 457
1475450 459
1475460 460
1475470 460
1475480 461
1475490 462
1475500 462
1475510 463
1475520 464
1475530 464
1475540 465
1475550 467
1475560 467
1475570 468
1475580 469
1475590 469
1475600 471
1475610 472
1475620 472
1475630 473
1475640 474
1475650 474
1475660 474
1475670 475
1475680 475
1475690 476
1475700 476
1475710 476
1475720 477
1475730 478
1475740 478
1475750 478
1475760 479
1475770 479
1475780 479
1475790 479
1475800 479
1475810 480
1475820 480
1475830 480
1475840 480
1475850 480
1475860 480
1475870 480
1475880 480
1475890 480
1475900 480
1475910 480
1475920 480
1475930 480
1475940 480
1475950 480
1475960 479
1475970 479
1475980 479
1475990 479
1476000 479
1476010 479
1476020 478
1476030 478
1476040 478
1476050 477
1476060 476
1476070 476
1476080 475
1476090 474
1476100 474
1476110 473
1476120 472
1476130 472
1476140 470
1476150 468
1476160 468
1476170 466
1476180 465
1476190 465
1476200 464
1476210 462
1476220 462
1476230 461
1476240 460
1476250 459
1476260 459
1476270 458
1476280 458
1476290 458
1476300 457
1476310 456
1476320 456
1476330 456
1476340 455
1476350 455
1476360 454
1476370 453
1476380 453
1476390 453
1476400 451
1476410 451
1476420 450
1476430 449
1476440 449
1476450 447
1476460 446
1476470 446
1476480 445
1476490 444
1476500 444
1476510 443
1476520 442
1476530 442
1476540 441
1476550 441
1476560 441
1476570 440
1476580 439
1476590 439
1476600 438
1476610 438
1476620 438
1476630 437
1476640 437
1476650 437
1476660 436
1476670 436
1476680 436
1476690 435
1476700 434
1476710 434
1476720 434
1476730 433
1476740 433
1476750 433
1476760 432
1476770 432
1476780 432
1476790 431
1476800 431
1476810 431
1476820 430
1476830 430
1476840 430
1476850 430
1476860 430
1476870 429
1476880 429
1476890 429
1476900 428
1476910 427
1476920 427
1476930 427
1476940 426
1476950 426
1476960 425
1476970 425
1476980 425
1476990 424
1477000 423
1477010 423
1477020 423
1477030 423
1477040 423
1477050 423
1477060 423
1477070 423
1477080 424
1477090 424
1477100 424
1477110 425
1477120 426
1477130 426
1477140 427
1477150 428
1477160 428
1477170 428
1477180 428
1477190 428
1477200 428
1477210 428
1477220 428
1477230 427
1477240 426
1477250 426
1477260 425
1477270 424
1477280 424
1477290 423
1477300 422
1477310 422
1477320 420
1477330 419
1477340 419
1477350 418
1477360 417
1477370 417
1477380 417
1477390 416
1477400 416
1477410 415
1477420 414
1477430 414
1477440 414
1477450 413
1477460 413
1477470 413
1477480 413
1477490 413
1477500 413
1477510 413
1477520 413
1477530 413
1477540 413
1477550 413
1477560 413
1477570 413
1477580 413
1477590 413
1477600 413
1477610 413
1477620 413
1477630 413
1477640 413
1477650 413
1477660 413
1477670 413
1477680 412
1477690 412
1477700 412
1477710 413
1477720 413
1477730 413
1477740 413
1477750 413
1477760 413
1477770 413
1477780 413
1477790 413
1477800 413
1477810 413
1477820 413
1477830 413
1477840 413
1477850 413
1477860 413
1477870 413
1477880 413
1477890 413
1477900 413
1477910 413
1477920 415
1477930 417
1477940 417
1477950 418
1477960 421
1477970 421
1477980 424
1477990 426
1478000 426
1478010 426
1478020 428
1478030 428
1478040 428
1478050 426
1478060 426
1478070 427
1478080 427
1478090 427
1478100 431
1478110 439
1478120 439
1478130 444
1478140 446
1478150 446
1478160 447
1478170 448
1478180 448
1478190 448
1478200 448
1478210 448
1478220 448
1478230 448
1478240 448
1478250 447
1478260 447
1478270 447
1478280 449
1478290 450
1478300 450
1478310 450
1478320 449
1478330 449
1478340 448
1478350 448
1478360 448
1478370 447
1478380 447
1478390 447
1478400 446
1478410 445
1478420 445
1478430 445
1478440 444
1478450 444
1478460 443
1478470 443
1478480 443
1478490 442
1478500 441
1478510 441
1478520 440
1478530 439
1478540 439
1478550 438
1478560 437
1478570 437
1478580 436
1478590 436
1478600 436
1478610 436
1478620 436
1478630 436
1478640 436
1478650 435
1478660 435
1478670 435
1478680 435
1478690 435
1478700 434
1478710 434
1478720 434
1478730 434
1478740 433
1478750 433
1478760 433
1478770 433
1478780 433
1478790 432
1478800 432
1478810 432
1478820 431
1478830 431
1478840 431
1478850 431
1478860 430
1478870 430
1478880 431
1478890 431
1478900 431
1478910 431
1478920 431
1478930 431
1478940 431
1478950 431
1478960 431
1478970 431
1478980 431
1478990 431
1479000 431
1479010 430
1479020 430
1479030 429
1479040 428
1479050 428
1479060 426
1479070 425
1479080 425
1479090 424
1479100 422
1479110 422
1479120 422
1479130 421
1479140 421
1479150 421
1479160 420
1479170 420
1479180 421
1479190 423
1479200 423
1479210 425
1479220 426
1479230 426
1479240 427
1479250 427
1479260 427
1479270 428
1479280 428
1479290 428
1479300 428
1479310 428
1479320 428
1479330 428
1479340 428
1479350 428
1479360 427
1479370 427
1479380 427
1479390 426
1479400 426
1479410 426
1479420 425
1479430 425
1479440 425
1479450 424
1479460 423
1479470 423
1479480 423
1479490 422
1479500 422
1479510 422
1479520 421
1479530 421
1479540 420
1479550 420
1479560 420
1479570 419
1479580 419
1479590 419
1479600 418
1479610 418
1479620 417
1479630 417
1479640 417
1479650 416
1479660 416
1479670 416
1479680 416
1479690 416
1479700 415
1479710 415
1479720 415
1479730 414
1479740 414
1479750 414
1479760 413
1479770 413
1479780 413
1479790 413
1479800 412
1479810 412
1479820 412
1479830 412
1479840 412
1479850 411
1479860 411
1479870 411
1479880 411
1479890 411
1479900 411
1479910 411
1479920 411
1479930 411
1479940 411
1479950 411
1479960 411
1479970 412
1479980 412
1479990 412
