1460000 396
1460010 396
1460020 396
1460030 396
1460040 396
1460050 396
1460060 396
1460070 396
1460080 396
1460090 396
1460100 396
1460110 396
1460120 396
1460130 396
1460140 396
1460150 396
1460160 396
1460170 397
1460180 397
1460190 397
1460200 397
1460210 397
1460220 397
1460230 397
1460240 397
1460250 397
1460260 397
1460270 397
1460280 397
1460290 397
1460300 397
1460310 397
1460320 397
1460330 397
1460340 397
1460350 397
1460360 396
1460370 396
1460380 396
1460390 396
1460400 396
1460410 396
1460420 396
1460430 396
1460440 396
1460450 396
1460460 396
1460470 396
1460480 396
1460490 396
1460500 396
1460510 396
1460520 396
1460530 396
1460540 396
1460550 396
1460560 396
1460570 396
1460580 396
1460590 397
1460600 396
1460610 396
1460620 396
1460630 395
1460640 395
1460650 395
1460660 396
1460670 396
1460680 397
1460690 397
1460700 397
1460710 397
1460720 397
1460730 397
1460740 397
1460750 397
1460760 397
1460770 397
1460780 397
1460790 397
1460800 397
1460810 397
1460820 397
1460830 397
1460840 397
1460850 397
1460860 397
1460870 397
1460880 397
1460890 397
1460900 397
1460910 397
1460920 397
1460930 397
1460940 397
1460950 397
1460960 397
1460970 397
1460980 397
1460990 397
1461000 397
1461010 397
1461020 397
1461030 397
1461040 397
1461050 397
1461060 397
1461070 397
1461080 397
1461090 397
1461100 397
1461110 397
1461120 397
1461130 397
1461140 397
1461150 397
1461160 397
1461170 398
1461180 398
1461190 398
1461200 398
1461210 398
1461220 398
1461230 398
1461240 398
1461250 398
1461260 398
1461270 398
1461280 398
1461290 398
1461300 398
1461310 398
1461320 398
1461330 398
1461340 398
1461350 398
1461360 398
1461370 398
1461380 398
1461390 398
1461400 398
1461410 398
1461420 398
1461430 398
1461440 398
1461450 398
1461460 398
1461470 398
1461480 398
1461490 398
1461500 399
1461510 399
1461520 399
1461530 399
1461540 399
1461550 399
1461560 399
1461570 399
1461580 399
1461590 399
1461600 399
1461610 398
1461620 398
1461630 398
1461640 398
1461650 398
1461660 398
1461670 398
1461680 398
1461690 398
1461700 398
1461710 398
1461720 398
1461730 398
1461740 398
1461750 398
1461760 398
1461770 398
1461780 398
1461790 398
1461800 398
1461810 398
1461820 398
1461830 398
1461840 398
1461850 398
1461860 399
1461870 399
1461880 399
1461890 398
1461900 398
1461910 398
1461920 398
1461930 398
1461940 398
1461950 398
1461960 398
1461970 398
1461980 398
1461990 398
1462000 399
1462010 399
1462020 399
1462030 399
1462040 399
1462050 399
1462060 399
1462070 399
1462080 399
1462090 400
1462100 400
1462110 400
1462120 401
1462130 401
1462140 401
1462150 402
1462160 403
1462170 403
1462180 404
1462190 408
1462200 408
1462210 411
1462220 411
1462230 411
1462240 412
1462250 413
1462260 413
1462270 414
1462280 415
1462290 415
1462300 417
1462310 420
1462320 420
1462330 423
1462340 425
1462350 425
1462360 426
1462370 427
1462380 427
1462390 428
1462400 428
1462410 428
1462420 428
1462430 429
1462440 429
1462450 430
1462460 431
1462470 431
1462480 432
1462490 433
1462500 433
1462510 434
1462520 434
1462530 434
1462540 435
1462550 435
1462560 435
1462570 436
1462580 436
1462590 436
1462600 436
1462610 437
1462620 437
1462630 437
1462640 438
1462650 438
1462660 438
1462670 438
1462680 438
1462690 438
1462700 439
1462710 439
1462720 439
1462730 439
1462740 439
1462750 438
1462760 438
1462770 438
1462780 438
1462790 439
1462800 439
1462810 440
1462820 440
1462830 440
1462840 440
1462850 440
1462860 440
1462870 440
1462880 441
1462890 441
1462900 441
1462910 442
1462920 442
1462930 442
1462940 443
1462950 443
1462960 443
1462970 444
1462980 444
1462990 445
1463000 446
1463010 446
1463020 446
1463030 447
1463040 447
1463050 447
1463060 448
1463070 448
1463080 448
1463090 448
1463100 448
1463110 448
1463120 448
1463130 448
1463140 447
1463150 447
1463160 447
1463170 446
1463180 446
1463190 446
1463200 446
1463210 445
1463220 445
1463230 445
1463240 446
1463250 446
1463260 446
1463270 446
1463280 446
1463290 446
1463300 446
1463310 446
1463320 446
1463330 447
1463340 447
1463350 447
1463360 446
1463370 446
1463380 446
1463390 446
1463400 445
1463410 445
1463420 444
1463430 444
1463440 444
1463450 444
1463460 443
1463470 443
1463480 443
1463490 443
1463500 443
1463510 443
1463520 443
1463530 443
1463540 442
1463550 442
1463560 442
1463570 442
1463580 441
1463590 441
1463600 441
1463610 441
1463620 441
1463630 441
1463640 441
1463650 441
1463660 441
1463670 441
1463680 441
1463690 441
1463700 441
1463710 441
1463720 441
1463730 441
1463740 441
1463750 441
1463760 441
1463770 441
1463780 441
1463790 441
1463800 441
1463810 441
1463820 441
1463830 441
1463840 441
1463850 441
1463860 441
1463870 441
1463880 441
1463890 441
1463900 441
1463910 441
1463920 441
1463930 441
1463940 441
1463950 441
1463960 441
1463970 441
1463980 441
1463990 440
1464000 440
1464010 440
1464020 440
1464030 440
1464040 440
1464050 440
1464060 439
1464070 439
1464080 439
1464090 439
1464100 439
1464110 438
1464120 438
1464130 438
1464140 438
1464150 438
1464160 438
1464170 437
1464180 437
1464190 437
1464200 437
1464210 436
1464220 436
1464230 436
1464240 436
1464250 436
1464260 435
1464270 435
1464280 435
1464290 434
1464300 434
1464310 434
1464320 434
1464330 433
1464340 433
1464350 433
1464360 432
1464370 432
1464380 432
1464390 431
1464400 431
1464410 431
1464420 430
1464430 430
1464440 429
1464450 429
1464460 429
1464470 428
1464480 427
1464490 427
1464500 426
1464510 425
1464520 425
1464530 424
1464540 423
1464550 423
1464560 423
1464570 422
1464580 422
1464590 421
1464600 421
1464610 421
1464620 420
1464630 420
1464640 420
1464650 419
1464660 419
1464670 419
1464680 419
1464690 418
1464700 418
1464710 418
1464720 418
1464730 418
1464740 417
1464750 417
1464760 417
1464770 417
1464780 416
1464790 416
1464800 416
1464810 415
1464820 415
1464830 415
1464840 415
1464850 415
1464860 414
1464870 414
1464880 414
1464890 414
1464900 414
1464910 414
1464920 413
1464930 413
1464940 413
1464950 413
1464960 413
1464970 413
1464980 412
1464990 412
1465000 412
1465010 412
1465020 411
1465030 411
1465040 411
1465050 411
1465060 411
1465070 410
1465080 410
1465090 410
1465100 409
1465110 408
1465120 408
1465130 408
1465140 407
1465150 407
1465160 407
1465170 407
1465180 407
1465190 406
1465200 406
1465210 406
1465220 406
1465230 406
1465240 406
1465250 406
1465260 406
1465270 406
1465280 406
1465290 406
1465300 406
1465310 406
1465320 406
1465330 406
1465340 406
1465350 406
1465360 406
1465370 406
1465380 406
1465390 406
1465400 406
1465410 406
1465420 406
1465430 406
1465440 406
1465450 406
1465460 406
1465470 406
1465480 406
1465490 405
1465500 405
1465510 405
1465520 405
1465530 405
1465540 405
1465550 405
1465560 405
1465570 405
1465580 405
1465590 406
1465600 406
1465610 405
1465620 405
1465630 405
1465640 407
1465650 408
1465660 408
1465670 408
1465680 409
1465690 409
1465700 409
1465710 410
1465720 410
1465730 410
1465740 411
1465750 411
1465760 412
1465770 412
1465780 412
1465790 413
1465800 414
1465810 414
1465820 415
1465830 416
1465840 416
1465850 417
1465860 418
1465870 418
1465880 420
1465890 423
1465900 423
1465910 425
1465920 427
1465930 427
1465940 428
1465950 430
1465960 430
1465970 431
1465980 432
1465990 432
1466000 432
1466010 433
1466020 433
1466030 434
1466040 434
1466050 434
1466060 435
1466070 435
1466080 435
1466090 436
1466100 437
1466110 437
1466120 438
1466130 439
1466140 439
1466150 439
1466160 440
1466170 440
1466180 441
1466190 441
1466200 441
1466210 442
1466220 442
1466230 442
1466240 442
1466250 443
1466260 443
1466270 443
1466280 443
1466290 443
1466300 443
1466310 443
1466320 443
1466330 443
1466340 443
1466350 443
1466360 443
1466370 443
1466380 443
1466390 443
1466400 442
1466410 442
1466420 442
1466430 442
1466440 442
1466450 441
1466460 441
1466470 441
1466480 440
1466490 439
1466500 439
1466510 439
1466520 438
1466530 438
1466540 437
1466550 437
1466560 437
1466570 436
1466580 436
1466590 436
1466600 435
1466610 435
1466620 435
1466630 434
1466640 433
1466650 433
1466660 433
1466670 431
1466680 431
1466690 431
1466700 430
1466710 429
1466720 429
1466730 428
1466740 426
1466750 426
1466760 426
1466770 425
1466780 425
1466790 424
1466800 423
1466810 423
1466820 423
1466830 422
1466840 422
1466850 421
1466860 419
1466870 419
1466880 417
1466890 416
1466900 416
1466910 415
1466920 414
1466930 414
1466940 414
1466950 414
1466960 414
1466970 414
1466980 413
1466990 413
1467000 412
1467010 411
1467020 411
1467030 411
1467040 411
1467050 411
1467060 410
1467070 410
1467080 410
1467090 410
1467100 409
1467110 409
1467120 408
1467130 408
1467140 408
1467150 408
1467160 408
1467170 408
1467180 408
1467190 408
1467200 408
1467210 408
1467220 408
1467230 408
1467240 408
1467250 408
1467260 408
1467270 409
1467280 409
1467290 409
1467300 409
1467310 410
1467320 410
1467330 411
1467340 413
1467350 413
1467360 414
1467370 416
1467380 416
1467390 417
1467400 419
1467410 419
1467420 421
1467430 423
1467440 423
1467450 425
1467460 427
1467470 427
1467480 428
1467490 430
1467500 430
1467510 432
1467520 432
1467530 432
1467540 433
1467550 434
1467560 434
1467570 435
1467580 436
1467590 436
1467600 436
1467610 437
1467620 437
1467630 438
1467640 438
1467650 438
1467660 439
1467670 440
1467680 440
1467690 440
1467700 441
1467710 441
1467720 442
1467730 442
1467740 442
1467750 443
1467760 443
1467770 443
1467780 443
1467790 444
1467800 444
1467810 444
1467820 444
1467830 444
1467840 445
1467850 445
1467860 445
1467870 445
1467880 445
1467890 445
1467900 445
1467910 445
1467920 445
1467930 445
1467940 446
1467950 446
1467960 445
1467970 445
1467980 445
1467990 445
1468000 445
1468010 445
1468020 444
1468030 444
1468040 444
1468050 444
1468060 443
1468070 443
1468080 443
1468090 442
1468100 442
1468110 442
1468120 441
1468130 441
1468140 441
1468150 440
1468160 440
1468170 440
1468180 439
1468190 439
1468200 439
1468210 439
1468220 439
1468230 438
1468240 438
1468250 438
1468260 438
1468270 438
1468280 438
1468290 438
1468300 438
1468310 438
1468320 438
1468330 439
1468340 439
1468350 440
1468360 440
1468370 440
1468380 441
1468390 441
1468400 441
1468410 442
1468420 442
1468430 442
1468440 443
1468450 443
1468460 443
1468470 443
1468480 444
1468490 444
1468500 444
1468510 444
1468520 444
1468530 444
1468540 444
1468550 444
1468560 444
1468570 444
1468580 444
1468590 444
1468600 444
1468610 444
1468620 443
1468630 443
1468640 443
1468650 443
1468660 442
1468670 442
1468680 442
1468690 442
1468700 442
1468710 441
1468720 441
1468730 441
1468740 440
1468750 440
1468760 440
1468770 439
1468780 439
1468790 439
1468800 438
1468810 437
1468820 437
1468830 436
1468840 436
1468850 436
1468860 435
1468870 436
1468880 436
1468890 438
1468900 438
1468910 438
1468920 439
1468930 440
1468940 440
1468950 440
1468960 441
1468970 441
1468980 441
1468990 442
1469000 442
1469010 442
1469020 442
1469030 442
1469040 442
1469050 442
1469060 442
1469070 441
1469080 441
1469090 441
1469100 440
1469110 440
1469120 440
1469130 439
1469140 439
1469150 439
1469160 438
1469170 438
1469180 438
1469190 438
1469200 438
1469210 438
1469220 439
1469230 439
1469240 439
1469250 439
1469260 440
1469270 440
1469280 440
1469290 441
1469300 441
1469310 441
1469320 441
1469330 441
1469340 442
1469350 442
1469360 442
1469370 443
1469380 443
1469390 443
1469400 444
1469410 444
1469420 444
1469430 444
1469440 445
1469450 445
1469460 445
1469470 445
1469480 445
1469490 444
1469500 444
1469510 444
1469520 444
1469530 444
1469540 444
1469550 443
1469560 443
1469570 443
1469580 442
1469590 442
1469600 442
1469610 441
1469620 441
1469630 441
1469640 440
1469650 439
1469660 439
1469670 439
1469680 438
1469690 438
1469700 437
1469710 437
1469720 437
1469730 437
1469740 436
1469750 436
1469760 435
1469770 434
1469780 434
1469790 433
1469800 433
1469810 433
1469820 432
1469830 431
1469840 431
1469850 431
1469860 430
1469870 430
1469880 430
1469890 430
1469900 430
1469910 430
1469920 429
1469930 429
1469940 429
1469950 429
1469960 429
1469970 429
1469980 428
1469990 428
1470000 428
1470010 428
1470020 428
1470030 428
1470040 427
1470050 427
1470060 427
1470070 427
1470080 426
1470090 426
1470100 426
1470110 426
1470120 426
1470130 425
1470140 425
1470150 425
1470160 424
1470170 423
1470180 423
1470190 423
1470200 422
1470210 422
1470220 421
1470230 420
1470240 420
1470250 420
1470260 419
1470270 419
1470280 418
1470290 418
1470300 418
1470310 417
1470320 416
1470330 416
1470340 416
1470350 415
1470360 415
1470370 415
1470380 414
1470390 414
1470400 414
1470410 413
1470420 413
1470430 413
1470440 412
1470450 412
1470460 412
1470470 412
1470480 412
1470490 411
1470500 411
1470510 411
1470520 410
1470530 410
1470540 410
1470550 409
1470560 409
1470570 409
1470580 409
1470590 409
1470600 409
1470610 409
1470620 408
1470630 408
1470640 408
1470650 408
1470660 408
1470670 411
1470680 415
1470690 415
1470700 419
1470710 420
1470720 420
1470730 421
1470740 422
1470750 422
1470760 422
1470770 422
1470780 422
1470790 423
1470800 423
1470810 423
1470820 423
1470830 423
1470840 423
1470850 423
1470860 423
1470870 423
1470880 423
1470890 422
1470900 422
1470910 422
1470920 422
1470930 422
1470940 421
1470950 420
1470960 420
1470970 419
1470980 418
1470990 418
1471000 417
1471010 417
1471020 417
1471030 416
1471040 416
1471050 416
1471060 416
1471070 416
1471080 416
1471090 415
1471100 415
1471110 415
1471120 414
1471130 414
1471140 414
1471150 413
1471160 413
1471170 413
1471180 413
1471190 412
1471200 412
1471210 412
1471220 412
1471230 412
1471240 411
1471250 411
1471260 411
1471270 411
1471280 410
1471290 410
1471300 410
1471310 409
1471320 409
1471330 409
1471340 408
1471350 408
1471360 408
1471370 409
1471380 409
1471390 409
1471400 409
1471410 409
1471420 409
1471430 409
1471440 409
1471450 409
1471460 409
1471470 409
1471480 410
1471490 411
1471500 411
1471510 411
1471520 411
1471530 411
1471540 412
1471550 412
1471560 412
1471570 413
1471580 413
1471590 413
1471600 414
1471610 414
1471620 414
1471630 415
1471640 415
1471650 415
1471660 416
1471670 417
1471680 417
1471690 417
1471700 417
1471710 417
1471720 418
1471730 418
1471740 418
1471750 418
1471760 418
1471770 418
1471780 419
1471790 419
1471800 419
1471810 419
1471820 419
1471830 419
1471840 419
1471850 419
1471860 419
1471870 419
1471880 419
1471890 419
1471900 419
1471910 419
1471920 419
1471930 419
1471940 419
1471950 419
1471960 419
1471970 419
1471980 419
1471990 419
1472000 419
1472010 419
1472020 419
1472030 419
1472040 419
1472050 419
1472060 419
1472070 419
1472080 420
1472090 420
1472100 420
1472110 420
1472120 420
1472130 420
1472140 420
1472150 420
1472160 420
1472170 421
1472180 421
1472190 421
1472200 421
1472210 422
1472220 422
1472230 422
1472240 422
1472250 422
1472260 422
1472270 422
1472280 422
1472290 423
1472300 423
1472310 423
1472320 423
1472330 423
1472340 423
1472350 423
1472360 423
1472370 423
1472380 423
1472390 423
1472400 423
1472410 423
1472420 423
1472430 423
1472440 423
1472450 423
1472460 423
1472470 423
1472480 422
1472490 422
1472500 423
1472510 423
1472520 423
1472530 423
1472540 423
1472550 423
1472560 423
1472570 423
1472580 423
1472590 423
1472600 423
1472610 423
1472620 423
1472630 424
1472640 424
1472650 424
1472660 424
1472670 424
1472680 424
1472690 424
1472700 424
1472710 424
1472720 424
1472730 424
1472740 425
1472750 425
1472760 425
1472770 425
1472780 425
1472790 425
1472800 425
1472810 425
1472820 425
1472830 425
1472840 425
1472850 425
1472860 425
1472870 426
1472880 426
1472890 426
1472900 426
1472910 426
1472920 426
1472930 426
1472940 426
1472950 427
1472960 426
1472970 426
1472980 426
1472990 426
1473000 426
1473010 426
1473020 426
1473030 426
1473040 426
1473050 426
1473060 426
1473070 425
1473080 425
1473090 425
1473100 425
1473110 425
1473120 425
1473130 426
1473140 426
1473150 426
1473160 426
1473170 426
1473180 426
1473190 426
1473200 427
1473210 427
1473220 427
1473230 427
1473240 427
1473250 428
1473260 430
1473270 430
1473280 432
1473290 433
1473300 434
1473310 434
1473320 434
1473330 435
1473340 435
1473350 436
1473360 437
1473370 437
1473380 438
1473390 438
1473400 438
1473410 439
1473420 440
1473430 440
1473440 440
1473450 441
1473460 441
1473470 442
1473480 442
1473490 442
1473500 443
1473510 443
1473520 443
1473530 443
1473540 443
1473550 443
1473560 443
1473570 442
1473580 442
1473590 441
1473600 441
1473610 441
1473620 440
1473630 441
1473640 441
1473650 443
1473660 444
1473670 444
1473680 446
1473690 447
1473700 447
1473710 448
1473720 450
1473730 450
1473740 451
1473750 452
1473760 452
1473770 453
1473780 454
1473790 454
1473800 456
1473810 457
1473820 457
1473830 458
1473840 459
1473850 459
1473860 460
1473870 461
1473880 461
1473890 462
1473900 463
1473910 463
1473920 464
1473930 465
1473940 465
1473950 466
1473960 467
1473970 467
1473980 468
1473990 469
1474000 469
1474010 470
1474020 471
1474030 471
1474040 472
1474050 473
1474060 473
1474070 474
1474080 476
1474090 476
1474100 477
1474110 477
1474120 477
1474130 478
1474140 479
1474150 479
1474160 480
1474170 481
1474180 481
1474190 481
1474200 482
1474210 482
1474220 482
1474230 483
1474240 483
1474250 483
1474260 484
1474270 484
1474280 484
1474290 484
1474300 484
1474310 485
1474320 485
1474330 485
1474340 485
1474350 485
1474360 485
1474370 485
1474380 484
1474390 484
1474400 484
1474410 483
1474420 483
1474430 482
1474440 481
1474450 481
1474460 479
1474470 478
1474480 478
1474490 475
1474500 474
1474510 474
1474520 473
1474530 473
1474540 473
1474550 472
1474560 471
1474570 471
1474580 469
1474590 468
1474600 468
1474610 467
1474620 465
1474630 465
1474640 463
1474650 461
1474660 461
1474670 458
1474680 455
1474690 455
1474700 455
1474710 455
1474720 455
1474730 457
1474740 457
1474750 457
1474760 458
1474770 459
1474780 459
1474790 460
1474800 462
1474810 462
1474820 463
1474830 465
1474840 465
1474850 467
1474860 468
1474870 468
1474880 470
1474890 471
1474900 471
1474910 473
1474920 473
1474930 473
1474940 473
1474950 473
1474960 473
1474970 474
1474980 474
1474990 474
1475000 475
1475010 475
1475020 475
1475030 476
1475040 476
1475050 476
1475060 476
1475070 476
1475080 476
1475090 476
1475100 475
1475110 475
1475120 475
1475130 473
1475140 473
1475150 472
1475160 470
1475170 470
1475180 467
1475190 465
1475200 465
1475210 463
1475220 461
1475230 461
1475240 459
1475250 457
1475260 457
1475270 454
1475280 452
1475290 452
1475300 450
1475310 448
1475320 448
1475330 447
1475340 446
1475350 446
1475360 447
1475370 447
1475380 447
1475390 449
1475400 450
1475410 450
1475420 452
1475430 453
1475440 453
1475450 455
1475460 457
1475470 457
1475480 459
1475490 461
1475500 461
1475510 463
1475520 465
1475530 465
1475540 467
1475550 469
1475560 469
1475570 471
1475580 473
1475590 473
1475600 475
1475610 476
1475620 476
1475630 477
1475640 478
1475650 478
1475660 479
1475670 479
1475680 479
1475690 480
1475700 480
1475710 480
1475720 481
1475730 481
1475740 481
1475750 482
1475760 482
1475770 482
1475780 482
1475790 482
1475800 482
1475810 482
1475820 482
1475830 482
1475840 482
1475850 482
1475860 482
1475870 482
1475880 481
1475890 481
1475900 481
1475910 481
1475920 481
1475930 480
1475940 480
1475950 480
1475960 479
1475970 479
1475980 479
1475990 479
1476000 478
1476010 478
1476020 478
1476030 478
1476040 478
1476050 477
1476060 477
1476070 477
1476080 476
1476090 476
1476100 476
1476110 475
1476120 474
1476130 474
1476140 473
1476150 471
1476160 471
1476170 470
1476180 469
1476190 469
1476200 467
1476210 466
1476220 466
1476230 464
1476240 463
1476250 463
1476260 462
1476270 461
1476280 461
1476290 460
1476300 460
1476310 460
1476320 460
1476330 459
1476340 459
1476350 459
1476360 458
1476370 458
1476380 457
1476390 457
1476400 457
1476410 456
1476420 455
1476430 455
1476440 454
1476450 453
1476460 453
1476470 453
1476480 452
1476490 452
1476500 451
1476510 451
1476520 451
1476530 450
1476540 449
1476550 448
1476560 448
1476570 448
1476580 447
1476590 447
1476600 446
1476610 445
1476620 445
1476630 444
1476640 443
1476650 443
1476660 442
1476670 442
1476680 442
1476690 441
1476700 441
1476710 441
1476720 441
1476730 440
1476740 440
1476750 440
1476760 440
1476770 440
1476780 439
1476790 439
1476800 439
1476810 438
1476820 438
1476830 438
1476840 438
1476850 437
1476860 437
1476870 437
1476880 436
1476890 436
1476900 436
1476910 435
1476920 435
1476930 435
1476940 434
1476950 434
1476960 434
1476970 433
1476980 433
1476990 433
1477000 432
1477010 432
1477020 432
1477030 431
1477040 431
1477050 430
1477060 430
1477070 430
1477080 429
1477090 428
1477100 428
1477110 427
1477120 426
1477130 426
1477140 426
1477150 426
1477160 426
1477170 427
1477180 427
1477190 427
1477200 427
1477210 427
1477220 427
1477230 427
1477240 426
1477250 426
1477260 425
1477270 424
1477280 424
1477290 423
1477300 422
1477310 422
1477320 421
1477330 421
1477340 421
1477350 420
1477360 420
1477370 420
1477380 420
1477390 420
1477400 420
1477410 419
1477420 418
1477430 418
1477440 418
1477450 417
1477460 417
1477470 417
1477480 417
1477490 417
1477500 417
1477510 416
1477520 416
1477530 416
1477540 416
1477550 416
1477560 415
1477570 415
1477580 415
1477590 415
1477600 415
1477610 415
1477620 415
1477630 416
1477640 416
1477650 416
1477660 415
1477670 415
1477680 415
1477690 415
1477700 415
1477710 415
1477720 415
1477730 415
1477740 416
1477750 416
1477760 416
1477770 416
1477780 416
1477790 416
1477800 416
1477810 416
1477820 416
1477830 416
1477840 416
1477850 416
1477860 416
1477870 416
1477880 416
1477890 416
1477900 416
1477910 416
1477920 416
1477930 417
1477940 417
1477950 417
1477960 417
1477970 417
1477980 418
1477990 419
1478000 419
1478010 420
1478020 421
1478030 421
1478040 423
1478050 424
1478060 424
1478070 425
1478080 426
1478090 426
1478100 428
1478110 429
1478120 429
1478130 430
1478140 430
1478150 430
1478160 431
1478170 431
1478180 431
1478190 432
1478200 432
1478210 432
1478220 432
1478230 433
1478240 433
1478250 433
1478260 434
1478270 434
1478280 434
1478290 435
1478300 435
1478310 436
1478320 440
1478330 440
1478340 445
1478350 448
1478360 448
1478370 452
1478380 453
1478390 453
1478400 454
1478410 455
1478420 455
1478430 455
1478440 456
1478450 456
1478460 457
1478470 458
1478480 458
1478490 459
1478500 460
1478510 460
1478520 461
1478530 462
1478540 462
1478550 462
1478560 462
1478570 462
1478580 462
1478590 462
1478600 462
1478610 462
1478620 462
1478630 462
1478640 462
1478650 462
1478660 462
1478670 461
1478680 461
1478690 461
1478700 461
1478710 460
1478720 460
1478730 459
1478740 458
1478750 458
1478760 457
1478770 456
1478780 456
1478790 454
1478800 453
1478810 453
1478820 452
1478830 451
1478840 451
1478850 449
1478860 448
1478870 448
1478880 447
1478890 446
1478900 446
1478910 445
1478920 444
1478930 444
1478940 444
1478950 443
1478960 443
1478970 442
1478980 441
1478990 441
1479000 439
1479010 438
1479020 438
1479030 437
1479040 436
1479050 436
1479060 436
1479070 437
1479080 437
1479090 437
1479100 438
1479110 438
1479120 438
1479130 438
1479140 438
1479150 438
1479160 438
1479170 438
1479180 438
1479190 437
1479200 437
1479210 437
1479220 436
1479230 436
1479240 436
1479250 435
1479260 435
1479270 434
1479280 434
1479290 434
1479300 433
1479310 432
1479320 432
1479330 431
1479340 431
1479350 431
1479360 430
1479370 429
1479380 429
1479390 428
1479400 428
1479410 428
1479420 429
1479430 429
1479440 429
1479450 430
1479460 430
1479470 430
1479480 430
1479490 430
1479500 430
1479510 430
1479520 430
1479530 430
1479540 430
1479550 430
1479560 430
1479570 430
1479580 429
1479590 429
1479600 429
1479610 428
1479620 428
1479630 428
1479640 427
1479650 427
1479660 427
1479670 426
1479680 426
1479690 425
1479700 425
1479710 425
1479720 424
1479730 424
1479740 424
1479750 423
1479760 423
1479770 423
1479780 422
1479790 422
1479800 421
1479810 421
1479820 421
1479830 420
1479840 420
1479850 420
1479860 419
1479870 419
1479880 419
1479890 418
1479900 418
1479910 418
1479920 418
1479930 418
1479940 418
1479950 417
1479960 417
1479970 417
1479980 416
1479990 416
