1460000 405
1460010 405
1460020 404
1460030 404
1460040 404
1460050 404
1460060 404
1460070 404
1460080 404
1460090 404
1460100 404
1460110 404
1460120 404
1460130 404
1460140 404
1460150 404
1460160 403
1460170 403
1460180 403
1460190 403
1460200 402
1460210 402
1460220 402
1460230 402
1460240 402
1460250 401
1460260 401
1460270 401
1460280 401
1460290 400
1460300 400
1460310 400
1460320 400
1460330 400
1460340 400
1460350 401
1460360 401
1460370 401
1460380 401
1460390 401
1460400 402
1460410 402
1460420 402
1460430 402
1460440 403
1460450 403
1460460 403
1460470 403
1460480 403
1460490 403
1460500 403
1460510 403
1460520 403
1460530 403
1460540 403
1460550 403
1460560 402
1460570 402
1460580 402
1460590 402
1460600 402
1460610 402
1460620 402
1460630 402
1460640 401
1460650 401
1460660 401
1460670 402
1460680 402
1460690 402
1460700 402
1460710 403
1460720 403
1460730 403
1460740 403
1460750 403
1460760 403
1460770 403
1460780 403
1460790 404
1460800 404
1460810 404
1460820 404
1460830 404
1460840 404
1460850 404
1460860 404
1460870 404
1460880 404
1460890 404
1460900 404
1460910 404
1460920 404
1460930 404
1460940 404
1460950 404
1460960 404
1460970 404
1460980 404
1460990 404
1461000 404
1461010 404
1461020 404
1461030 403
1461040 403
1461050 403
1461060 403
1461070 403
1461080 403
1461090 403
1461100 403
1461110 403
1461120 403
1461130 403
1461140 403
1461150 403
1461160 403
1461170 403
1461180 403
1461190 403
1461200 403
1461210 403
1461220 403
1461230 403
1461240 403
1461250 403
1461260 403
1461270 403
1461280 403
1461290 403
1461300 403
1461310 403
1461320 403
1461330 403
1461340 403
1461350 403
1461360 403
1461370 403
1461380 403
1461390 403
1461400 403
1461410 403
1461420 403
1461430 403
1461440 403
1461450 403
1461460 403
1461470 403
1461480 403
1461490 403
1461500 403
1461510 403
1461520 403
1461530 403
1461540 403
1461550 403
1461560 403
1461570 403
1461580 403
1461590 403
1461600 403
1461610 403
1461620 403
1461630 403
1461640 402
1461650 402
1461660 402
1461670 402
1461680 402
1461690 402
1461700 402
1461710 402
1461720 402
1461730 402
1461740 402
1461750 402
1461760 402
1461770 402
1461780 402
1461790 402
1461800 402
1461810 402
1461820 402
1461830 402
1461840 402
1461850 402
1461860 402
1461870 402
1461880 402
1461890 402
1461900 402
1461910 402
1461920 402
1461930 402
1461940 401
1461950 401
1461960 401
1461970 401
1461980 401
1461990 401
1462000 401
1462010 401
1462020 401
1462030 401
1462040 401
1462050 401
1462060 400
1462070 400
1462080 400
1462090 400
1462100 400
1462110 400
1462120 400
1462130 400
1462140 400
1462150 400
1462160 400
1462170 400
1462180 400
1462190 400
1462200 400
1462210 400
1462220 400
1462230 400
1462240 399
1462250 399
1462260 399
1462270 399
1462280 399
1462290 399
1462300 399
1462310 399
1462320 399
1462330 399
1462340 399
1462350 399
1462360 399
1462370 399
1462380 399
1462390 399
1462400 399
1462410 399
1462420 399
1462430 399
1462440 400
1462450 400
1462460 400
1462470 400
1462480 400
1462490 400
1462500 400
1462510 400
1462520 400
1462530 401
1462540 401
1462550 401
1462560 401
1462570 401
1462580 401
1462590 401
1462600 401
1462610 401
1462620 401
1462630 401
1462640 401
1462650 401
1462660 401
1462670 401
1462680 400
1462690 400
1462700 400
1462710 400
1462720 400
1462730 400
1462740 400
1462750 400
1462760 400
1462770 400
1462780 400
1462790 400
1462800 400
1462810 400
1462820 400
1462830 400
1462840 400
1462850 400
1462860 400
1462870 400
1462880 400
1462890 400
1462900 400
1462910 400
1462920 400
1462930 400
1462940 400
1462950 400
1462960 400
1462970 400
1462980 400
1462990 400
1463000 400
1463010 400
1463020 400
1463030 400
1463040 400
1463050 400
1463060 400
1463070 400
1463080 400
1463090 400
1463100 400
1463110 400
1463120 400
1463130 400
1463140 399
1463150 399
1463160 399
1463170 399
1463180 399
1463190 399
1463200 399
1463210 399
1463220 399
1463230 399
1463240 399
1463250 399
1463260 399
1463270 399
1463280 398
1463290 398
1463300 398
1463310 398
1463320 398
1463330 398
1463340 398
1463350 398
1463360 398
1463370 398
1463380 398
1463390 398
1463400 398
1463410 398
1463420 398
1463430 398
1463440 398
1463450 398
1463460 398
1463470 398
1463480 398
1463490 398
1463500 398
1463510 396
1463520 396
1463530 394
1463540 396
1463550 396
1463560 397
1463570 396
1463580 396
1463590 396
1463600 396
1463610 396
1463620 396
1463630 395
1463640 395
1463650 395
1463660 395
1463670 395
1463680 395
1463690 395
1463700 395
1463710 394
1463720 394
1463730 394
1463740 394
1463750 394
1463760 394
1463770 394
1463780 393
1463790 393
1463800 393
1463810 393
1463820 393
1463830 393
1463840 392
1463850 392
1463860 391
1463870 391
1463880 391
1463890 392
1463900 392
1463910 392
1463920 391
1463930 391
1463940 391
1463950 391
1463960 392
1463970 392
1463980 392
1463990 392
1464000 392
1464010 393
1464020 394
1464030 394
1464040 394
1464050 395
1464060 395
1464070 396
1464080 396
1464090 396
1464100 397
1464110 397
1464120 397
1464130 398
1464140 399
1464150 399
1464160 399
1464170 400
1464180 400
1464190 400
1464200 401
1464210 401
1464220 401
1464230 402
1464240 402
1464250 402
1464260 402
1464270 402
1464280 403
1464290 403
1464300 403
1464310 403
1464320 404
1464330 404
1464340 404
1464350 404
1464360 404
1464370 404
1464380 405
1464390 405
1464400 405
1464410 405
1464420 405
1464430 405
1464440 405
1464450 405
1464460 405
1464470 405
1464480 405
1464490 406
1464500 406
1464510 406
1464520 406
1464530 406
1464540 406
1464550 406
1464560 406
1464570 406
1464580 406
1464590 406
1464600 406
1464610 406
1464620 406
1464630 406
1464640 405
1464650 405
1464660 405
1464670 405
1464680 405
1464690 405
1464700 405
1464710 405
1464720 405
1464730 404
1464740 404
1464750 404
1464760 404
1464770 403
1464780 403
1464790 403
1464800 403
1464810 403
1464820 402
1464830 402
1464840 402
1464850 401
1464860 400
1464870 400
1464880 400
1464890 399
1464900 399
1464910 398
1464920 397
1464930 397
1464940 397
1464950 396
1464960 396
1464970 396
1464980 395
1464990 395
1465000 395
1465010 394
1465020 394
1465030 394
1465040 393
1465050 393
1465060 393
1465070 393
1465080 393
1465090 393
1465100 393
1465110 393
1465120 392
1465130 392
1465140 392
1465150 391
1465160 391
1465170 391
1465180 391
1465190 391
1465200 391
1465210 391
1465220 391
1465230 391
1465240 390
1465250 389
1465260 389
1465270 389
1465280 388
1465290 388
1465300 387
1465310 385
1465320 385
1465330 384
1465340 384
1465350 384
1465360 384
1465370 384
1465380 384
1465390 384
1465400 383
1465410 383
1465420 383
1465430 383
1465440 383
1465450 383
1465460 383
1465470 383
1465480 383
1465490 383
1465500 383
1465510 383
1465520 383
1465530 383
1465540 383
1465550 383
1465560 383
1465570 383
1465580 383
1465590 383
1465600 383
1465610 383
1465620 383
1465630 382
1465640 383
1465650 383
1465660 383
1465670 383
1465680 383
1465690 383
1465700 383
1465710 383
1465720 383
1465730 383
1465740 383
1465750 384
1465760 384
1465770 384
1465780 384
1465790 384
1465800 384
1465810 384
1465820 384
1465830 384
1465840 383
1465850 383
1465860 383
1465870 383
1465880 383
1465890 383
1465900 383
1465910 383
1465920 383
1465930 383
1465940 383
1465950 383
1465960 383
1465970 383
1465980 383
1465990 383
1466000 384
1466010 384
1466020 384
1466030 384
1466040 384
1466050 384
1466060 384
1466070 384
1466080 384
1466090 384
1466100 384
1466110 384
1466120 384
1466130 384
1466140 383
1466150 383
1466160 383
1466170 383
1466180 383
1466190 383
1466200 383
1466210 383
1466220 383
1466230 383
1466240 383
1466250 383
1466260 383
1466270 383
1466280 383
1466290 383
1466300 383
1466310 383
1466320 383
1466330 383
1466340 383
1466350 382
1466360 382
1466370 382
1466380 382
1466390 382
1466400 382
1466410 383
1466420 383
1466430 383
1466440 384
1466450 385
1466460 385
1466470 386
1466480 388
1466490 388
1466500 390
1466510 392
1466520 392
1466530 395
1466540 398
1466550 398
1466560 401
1466570 404
1466580 404
1466590 407
1466600 410
1466610 410
1466620 413
1466630 415
1466640 415
1466650 416
1466660 417
1466670 417
1466680 417
1466690 418
1466700 418
1466710 418
1466720 419
1466730 419
1466740 419
1466750 420
1466760 420
1466770 420
1466780 420
1466790 420
1466800 421
1466810 421
1466820 421
1466830 421
1466840 421
1466850 421
1466860 421
1466870 421
1466880 421
1466890 421
1466900 421
1466910 421
1466920 420
1466930 419
1466940 419
1466950 418
1466960 416
1466970 416
1466980 413
1466990 411
1467000 411
1467010 409
1467020 407
1467030 407
1467040 406
1467050 409
1467060 409
1467070 412
1467080 414
1467090 414
1467100 416
1467110 417
1467120 417
1467130 418
1467140 419
1467150 419
1467160 420
1467170 421
1467180 421
1467190 421
1467200 422
1467210 422
1467220 423
1467230 423
1467240 423
1467250 424
1467260 425
1467270 425
1467280 426
1467290 426
1467300 426
1467310 427
1467320 427
1467330 427
1467340 428
1467350 429
1467360 429
1467370 430
1467380 430
1467390 430
1467400 431
1467410 432
1467420 432
1467430 432
1467440 433
1467450 433
1467460 433
1467470 433
1467480 433
1467490 433
1467500 434
1467510 434
1467520 434
1467530 434
1467540 434
1467550 434
1467560 433
1467570 433
1467580 433
1467590 433
1467600 433
1467610 432
1467620 431
1467630 431
1467640 431
1467650 430
1467660 430
1467670 429
1467680 429
1467690 429
1467700 428
1467710 428
1467720 428
1467730 427
1467740 427
1467750 427
1467760 427
1467770 427
1467780 427
1467790 428
1467800 428
1467810 428
1467820 428
1467830 428
1467840 428
1467850 429
1467860 429
1467870 429
1467880 429
1467890 429
1467900 429
1467910 429
1467920 429
1467930 429
1467940 429
1467950 429
1467960 429
1467970 429
1467980 429
1467990 429
1468000 428
1468010 428
1468020 428
1468030 428
1468040 428
1468050 428
1468060 428
1468070 428
1468080 427
1468090 427
1468100 427
1468110 427
1468120 427
1468130 427
1468140 426
1468150 426
1468160 426
1468170 426
1468180 426
1468190 425
1468200 425
1468210 425
1468220 425
1468230 424
1468240 424
1468250 424
1468260 423
1468270 423
1468280 423
1468290 423
1468300 423
1468310 422
1468320 422
1468330 422
1468340 421
1468350 421
1468360 421
1468370 420
1468380 420
1468390 420
1468400 420
1468410 419
1468420 419
1468430 418
1468440 418
1468450 418
1468460 416
1468470 415
1468480 415
1468490 414
1468500 413
1468510 413
1468520 412
1468530 411
1468540 411
1468550 410
1468560 409
1468570 409
1468580 408
1468590 408
1468600 408
1468610 407
1468620 406
1468630 406
1468640 406
1468650 404
1468660 404
1468670 404
1468680 404
1468690 404
1468700 403
1468710 403
1468720 403
1468730 402
1468740 402
1468750 402
1468760 401
1468770 401
1468780 401
1468790 400
1468800 400
1468810 400
1468820 399
1468830 398
1468840 398
1468850 397
1468860 397
1468870 397
1468880 396
1468890 395
1468900 395
1468910 395
1468920 394
1468930 394
1468940 394
1468950 394
1468960 394
1468970 393
1468980 394
1468990 394
1469000 396
1469010 401
1469020 401
1469030 406
1469040 410
1469050 410
1469060 412
1469070 412
1469080 412
1469090 411
1469100 408
1469110 408
1469120 406
1469130 403
1469140 403
1469150 401
1469160 400
1469170 400
1469180 399
1469190 398
1469200 398
1469210 397
1469220 396
1469230 396
1469240 395
1469250 395
1469260 395
1469270 394
1469280 394
1469290 394
1469300 393
1469310 393
1469320 393
1469330 392
1469340 391
1469350 391
1469360 391
1469370 390
1469380 390
1469390 390
1469400 389
1469410 389
1469420 388
1469430 388
1469440 388
1469450 387
1469460 386
1469470 386
1469480 386
1469490 386
1469500 386
1469510 385
1469520 385
1469530 385
1469540 384
1469550 384
1469560 384
1469570 383
1469580 382
1469590 382
1469600 382
1469610 382
1469620 382
1469630 381
1469640 381
1469650 381
1469660 381
1469670 382
1469680 382
1469690 382
1469700 382
1469710 382
1469720 382
1469730 382
1469740 382
1469750 384
1469760 388
1469770 388
1469780 392
1469790 396
1469800 396
1469810 399
1469820 402
1469830 402
1469840 405
1469850 408
1469860 408
1469870 411
1469880 412
1469890 412
1469900 413
1469910 413
1469920 413
1469930 414
1469940 415
1469950 415
1469960 415
1469970 416
1469980 416
1469990 417
1470000 417
1470010 417
1470020 418
1470030 418
1470040 418
1470050 418
1470060 419
1470070 419
1470080 419
1470090 419
1470100 419
1470110 419
1470120 419
1470130 419
1470140 419
1470150 419
1470160 419
1470170 419
1470180 419
1470190 419
1470200 420
1470210 420
1470220 420
1470230 419
1470240 419
1470250 419
1470260 419
1470270 418
1470280 418
1470290 417
1470300 416
1470310 416
1470320 414
1470330 411
1470340 411
1470350 408
1470360 411
1470370 411
1470380 414
1470390 416
1470400 416
1470410 417
1470420 419
1470430 419
1470440 419
1470450 419
1470460 419
1470470 419
1470480 419
1470490 419
1470500 419
1470510 419
1470520 419
1470530 418
1470540 418
1470550 418
1470560 416
1470570 415
1470580 415
1470590 413
1470600 410
1470610 410
1470620 407
1470630 402
1470640 402
1470650 400
1470660 401
1470670 401
1470680 402
1470690 402
1470700 402
1470710 402
1470720 402
1470730 402
1470740 402
1470750 401
1470760 401
1470770 400
1470780 399
1470790 399
1470800 398
1470810 397
1470820 397
1470830 396
1470840 395
1470850 395
1470860 394
1470870 394
1470880 394
1470890 393
1470900 393
1470910 393
1470920 392
1470930 393
1470940 393
1470950 393
1470960 393
1470970 393
1470980 393
1470990 394
1471000 394
1471010 394
1471020 395
1471030 395
1471040 397
1471050 399
1471060 399
1471070 401
1471080 404
1471090 404
1471100 407
1471110 409
1471120 409
1471130 411
1471140 413
1471150 413
1471160 414
1471170 415
1471180 415
1471190 417
1471200 418
1471210 418
1471220 419
1471230 420
1471240 420
1471250 421
1471260 421
1471270 421
1471280 421
1471290 422
1471300 422
1471310 422
1471320 422
1471330 422
1471340 422
1471350 422
1471360 422
1471370 422
1471380 422
1471390 422
1471400 422
1471410 422
1471420 422
1471430 422
1471440 423
1471450 423
1471460 423
1471470 423
1471480 423
1471490 423
1471500 423
1471510 423
1471520 423
1471530 423
1471540 423
1471550 424
1471560 424
1471570 424
1471580 424
1471590 425
1471600 425
1471610 425
1471620 425
1471630 425
1471640 426
1471650 426
1471660 426
1471670 426
1471680 427
1471690 427
1471700 427
1471710 428
1471720 428
1471730 428
1471740 429
1471750 429
1471760 429
1471770 430
1471780 430
1471790 430
1471800 431
1471810 431
1471820 431
1471830 432
1471840 432
1471850 432
1471860 433
1471870 433
1471880 434
1471890 434
1471900 434
1471910 435
1471920 436
1471930 436
1471940 436
1471950 437
1471960 437
1471970 438
1471980 439
1471990 439
1472000 440
1472010 441
1472020 441
1472030 441
1472040 442
1472050 442
1472060 443
1472070 443
1472080 443
1472090 443
1472100 444
1472110 444
1472120 444
1472130 444
1472140 444
1472150 445
1472160 445
1472170 445
1472180 445
1472190 445
1472200 445
1472210 446
1472220 446
1472230 446
1472240 446
1472250 446
1472260 446
1472270 446
1472280 445
1472290 445
1472300 445
1472310 445
1472320 445
1472330 445
1472340 445
1472350 445
1472360 445
1472370 445
1472380 445
1472390 444
1472400 444
1472410 444
1472420 443
1472430 442
1472440 442
1472450 441
1472460 439
1472470 439
1472480 438
1472490 436
1472500 436
1472510 435
1472520 433
1472530 433
1472540 432
1472550 430
1472560 430
1472570 427
1472580 425
1472590 425
1472600 423
1472610 421
1472620 421
1472630 419
1472640 418
1472650 418
1472660 416
1472670 416
1472680 416
1472690 415
1472700 414
1472710 414
1472720 413
1472730 412
1472740 412
1472750 411
1472760 410
1472770 410
1472780 409
1472790 409
1472800 409
1472810 408
1472820 408
1472830 408
1472840 407
1472850 407
1472860 407
1472870 406
1472880 405
1472890 405
1472900 405
1472910 404
1472920 404
1472930 404
1472940 403
1472950 402
1472960 402
1472970 402
1472980 402
1472990 402
1473000 402
1473010 402
1473020 402
1473030 402
1473040 402
1473050 402
1473060 402
1473070 401
1473080 401
1473090 401
1473100 400
1473110 400
1473120 399
1473130 399
1473140 399
1473150 398
1473160 398
1473170 398
1473180 398
1473190 398
1473200 398
1473210 398
1473220 398
1473230 398
1473240 398
1473250 398
1473260 398
1473270 399
1473280 400
1473290 400
1473300 400
1473310 400
1473320 400
1473330 399
1473340 398
1473350 398
1473360 397
1473370 397
1473380 397
1473390 397
1473400 397
1473410 397
1473420 398
1473430 398
1473440 398
1473450 398
1473460 399
1473470 399
1473480 399
1473490 400
1473500 400
1473510 400
1473520 401
1473530 401
1473540 402
1473550 403
1473560 403
1473570 403
1473580 403
1473590 403
1473600 404
1473610 404
1473620 404
1473630 404
1473640 405
1473650 405
1473660 405
1473670 405
1473680 405
1473690 405
1473700 405
1473710 405
1473720 405
1473730 405
1473740 405
1473750 405
1473760 405
1473770 405
1473780 405
1473790 405
1473800 405
1473810 405
1473820 406
1473830 406
1473840 405
1473850 405
1473860 405
1473870 406
1473880 406
1473890 406
1473900 406
1473910 406
1473920 406
1473930 407
1473940 407
1473950 407
1473960 408
1473970 409
1473980 409
1473990 409
1474000 409
1474010 409
1474020 410
1474030 410
1474040 410
1474050 411
1474060 411
1474070 411
1474080 412
1474090 412
1474100 412
1474110 413
1474120 413
1474130 413
1474140 414
1474150 414
1474160 414
1474170 415
1474180 415
1474190 415
1474200 415
1474210 416
1474220 416
1474230 416
1474240 416
1474250 416
1474260 417
1474270 417
1474280 417
1474290 417
1474300 417
1474310 417
1474320 418
1474330 418
1474340 418
1474350 418
1474360 418
1474370 418
1474380 418
1474390 418
1474400 418
1474410 418
1474420 418
1474430 418
1474440 418
1474450 418
1474460 418
1474470 418
1474480 418
1474490 418
1474500 418
1474510 418
1474520 418
1474530 418
1474540 418
1474550 418
1474560 418
1474570 417
1474580 417
1474590 417
1474600 417
1474610 417
1474620 416
1474630 416
1474640 416
1474650 416
1474660 415
1474670 415
1474680 415
1474690 414
1474700 414
1474710 414
1474720 413
1474730 413
1474740 412
1474750 412
1474760 412
1474770 411
1474780 410
1474790 410
1474800 409
1474810 409
1474820 409
1474830 408
1474840 407
1474850 407
1474860 407
1474870 406
1474880 406
1474890 406
1474900 405
1474910 405
1474920 405
1474930 404
1474940 404
1474950 403
1474960 402
1474970 402
1474980 401
1474990 401
1475000 401
1475010 402
1475020 402
1475030 402
1475040 402
1475050 401
1475060 401
1475070 401
1475080 400
1475090 400
1475100 399
1475110 399
1475120 399
1475130 398
1475140 397
1475150 397
1475160 397
1475170 396
1475180 396
1475190 396
1475200 396
1475210 396
1475220 396
1475230 396
1475240 396
1475250 396
1475260 397
1475270 397
1475280 397
1475290 399
1475300 399
1475310 400
1475320 401
1475330 401
1475340 405
1475350 411
1475360 411
1475370 415
1475380 417
1475390 417
1475400 418
1475410 419
1475420 419
1475430 419
1475440 420
1475450 420
1475460 421
1475470 421
1475480 421
1475490 422
1475500 422
1475510 422
1475520 423
1475530 423
1475540 423
1475550 423
1475560 423
1475570 423
1475580 423
1475590 423
1475600 423
1475610 423
1475620 423
1475630 423
1475640 423
1475650 423
1475660 423
1475670 423
1475680 423
1475690 423
1475700 423
1475710 423
1475720 423
1475730 422
1475740 422
1475750 422
1475760 422
1475770 422
1475780 422
1475790 421
1475800 421
1475810 421
1475820 421
1475830 420
1475840 420
1475850 420
1475860 419
1475870 419
1475880 419
1475890 419
1475900 419
1475910 418
1475920 418
1475930 418
1475940 417
1475950 417
1475960 417
1475970 416
1475980 416
1475990 416
1476000 415
1476010 415
1476020 415
1476030 414
1476040 414
1476050 414
1476060 413
1476070 412
1476080 412
1476090 412
1476100 411
1476110 411
1476120 411
1476130 410
1476140 410
1476150 409
1476160 409
1476170 409
1476180 408
1476190 407
1476200 407
1476210 407
1476220 406
1476230 406
1476240 406
1476250 405
1476260 405
1476270 405
1476280 404
1476290 404
1476300 403
1476310 403
1476320 403
1476330 402
1476340 401
1476350 401
1476360 400
1476370 400
1476380 400
1476390 400
1476400 399
1476410 399
1476420 398
1476430 397
1476440 397
1476450 396
1476460 395
1476470 395
1476480 395
1476490 394
1476500 394
1476510 393
1476520 393
1476530 393
1476540 392
1476550 392
1476560 392
1476570 391
1476580 391
1476590 391
1476600 390
1476610 390
1476620 390
1476630 390
1476640 390
1476650 390
1476660 390
1476670 390
1476680 390
1476690 390
1476700 389
1476710 389
1476720 389
1476730 389
1476740 389
1476750 389
1476760 389
1476770 389
1476780 389
1476790 389
1476800 389
1476810 389
1476820 389
1476830 389
1476840 389
1476850 389
1476860 389
1476870 389
1476880 389
1476890 389
1476900 389
1476910 389
1476920 389
1476930 389
1476940 389
1476950 389
1476960 389
1476970 388
1476980 388
1476990 388
1477000 388
1477010 388
1477020 388
1477030 388
1477040 388
1477050 389
1477060 389
1477070 389
1477080 389
1477090 389
1477100 389
1477110 389
1477120 390
1477130 390
1477140 392
1477150 395
1477160 395
1477170 399
1477180 401
1477190 401
1477200 403
1477210 404
1477220 404
1477230 406
1477240 408
1477250 408
1477260 409
1477270 410
1477280 410
1477290 411
1477300 411
1477310 411
1477320 412
1477330 412
1477340 412
1477350 413
1477360 413
1477370 413
1477380 413
1477390 414
1477400 414
1477410 414
1477420 414
1477430 414
1477440 414
1477450 414
1477460 414
1477470 414
1477480 415
1477490 415
1477500 414
1477510 414
1477520 414
1477530 414
1477540 414
1477550 414
1477560 414
1477570 414
1477580 414
1477590 413
1477600 413
1477610 412
1477620 412
1477630 411
1477640 411
1477650 411
1477660 410
1477670 409
1477680 409
1477690 408
1477700 406
1477710 406
1477720 405
1477730 402
1477740 402
1477750 399
1477760 397
1477770 397
1477780 395
1477790 394
1477800 394
1477810 394
1477820 393
1477830 393
1477840 393
1477850 392
1477860 392
1477870 391
1477880 390
1477890 390
1477900 389
1477910 389
1477920 389
1477930 389
1477940 389
1477950 389
1477960 389
1477970 389
1477980 389
1477990 389
1478000 389
1478010 389
1478020 389
1478030 389
1478040 389
1478050 389
1478060 389
1478070 389
1478080 389
1478090 389
1478100 389
1478110 389
1478120 388
1478130 388
1478140 388
1478150 388
1478160 388
1478170 388
1478180 388
1478190 388
1478200 388
1478210 388
1478220 388
1478230 388
1478240 388
1478250 388
1478260 389
1478270 389
1478280 389
1478290 389
1478300 389
1478310 389
1478320 389
1478330 389
1478340 389
1478350 389
1478360 389
1478370 389
1478380 389
1478390 389
1478400 389
1478410 389
1478420 389
1478430 389
1478440 389
1478450 389
1478460 389
1478470 389
1478480 389
1478490 389
1478500 390
1478510 390
1478520 390
1478530 390
1478540 390
1478550 390
1478560 390
1478570 390
1478580 390
1478590 390
1478600 390
1478610 390
1478620 390
1478630 390
1478640 390
1478650 390
1478660 390
1478670 390
1478680 390
1478690 391
1478700 391
1478710 391
1478720 391
1478730 391
1478740 391
1478750 391
1478760 391
1478770 391
1478780 391
1478790 391
1478800 391
1478810 391
1478820 391
1478830 391
1478840 391
1478850 391
1478860 391
1478870 391
1478880 391
1478890 392
1478900 392
1478910 392
1478920 392
1478930 392
1478940 392
1478950 392
1478960 392
1478970 392
1478980 393
1478990 393
1479000 393
1479010 394
1479020 395
1479030 395
1479040 396
1479050 397
1479060 397
1479070 398
1479080 399
1479090 399
1479100 400
1479110 402
1479120 402
1479130 403
1479140 404
1479150 404
1479160 404
1479170 404
1479180 404
1479190 404
1479200 405
1479210 405
1479220 407
1479230 408
1479240 408
1479250 409
1479260 411
1479270 411
1479280 413
1479290 416
1479300 416
1479310 418
1479320 420
1479330 420
1479340 423
1479350 424
1479360 424
1479370 426
1479380 427
1479390 427
1479400 428
1479410 429
1479420 429
1479430 430
1479440 431
1479450 431
1479460 431
1479470 432
1479480 432
1479490 432
1479500 432
1479510 432
1479520 433
1479530 433
1479540 433
1479550 434
1479560 434
1479570 434
1479580 434
1479590 435
1479600 435
1479610 435
1479620 435
1479630 435
1479640 435
1479650 436
1479660 436
1479670 436
1479680 436
1479690 436
1479700 436
1479710 436
1479720 436
1479730 436
1479740 436
1479750 436
1479760 436
1479770 436
1479780 436
1479790 436
1479800 435
1479810 435
1479820 434
1479830 433
1479840 433
1479850 432
1479860 429
1479870 429
1479880 427
1479890 425
1479900 425
1479910 423
1479920 419
1479930 419
1479940 416
1479950 415
1479960 415
1479970 413
1479980 411
1479990 411
