1460000 405
1460010 404
1460020 404
1460030 404
1460040 404
1460050 404
1460060 404
1460070 404
1460080 404
1460090 404
1460100 404
1460110 404
1460120 404
1460130 404
1460140 403
1460150 403
1460160 403
1460170 403
1460180 403
1460190 403
1460200 403
1460210 403
1460220 403
1460230 403
1460240 403
1460250 402
1460260 402
1460270 402
1460280 402
1460290 401
1460300 401
1460310 401
1460320 400
1460330 400
1460340 400
1460350 400
1460360 400
1460370 400
1460380 400
1460390 400
1460400 400
1460410 401
1460420 401
1460430 401
1460440 401
1460450 401
1460460 402
1460470 402
1460480 402
1460490 402
1460500 402
1460510 402
1460520 402
1460530 402
1460540 402
1460550 402
1460560 402
1460570 402
1460580 402
1460590 401
1460600 401
1460610 401
1460620 401
1460630 401
1460640 401
1460650 401
1460660 401
1460670 401
1460680 401
1460690 401
1460700 402
1460710 402
1460720 402
1460730 402
1460740 403
1460750 403
1460760 403
1460770 403
1460780 403
1460790 403
1460800 403
1460810 403
1460820 403
1460830 403
1460840 403
1460850 403
1460860 403
1460870 403
1460880 404
1460890 404
1460900 404
1460910 404
1460920 404
1460930 404
1460940 404
1460950 403
1460960 403
1460970 403
1460980 403
1460990 403
1461000 403
1461010 403
1461020 403
1461030 403
1461040 403
1461050 403
1461060 403
1461070 403
1461080 403
1461090 403
1461100 403
1461110 403
1461120 403
1461130 403
1461140 403
1461150 402
1461160 402
1461170 402
1461180 402
1461190 402
1461200 402
1461210 402
1461220 402
1461230 402
1461240 402
1461250 402
1461260 402
1461270 402
1461280 403
1461290 403
1461300 403
1461310 403
1461320 403
1461330 403
1461340 403
1461350 403
1461360 403
1461370 403
1461380 403
1461390 403
1461400 403
1461410 403
1461420 403
1461430 403
1461440 403
1461450 403
1461460 403
1461470 403
1461480 403
1461490 403
1461500 403
1461510 403
1461520 403
1461530 403
1461540 403
1461550 403
1461560 403
1461570 403
1461580 403
1461590 403
1461600 403
1461610 403
1461620 403
1461630 403
1461640 402
1461650 402
1461660 402
1461670 402
1461680 402
1461690 402
1461700 402
1461710 402
1461720 402
1461730 402
1461740 402
1461750 402
1461760 402
1461770 402
1461780 402
1461790 402
1461800 402
1461810 402
1461820 402
1461830 402
1461840 402
1461850 402
1461860 402
1461870 402
1461880 402
1461890 402
1461900 402
1461910 402
1461920 402
1461930 402
1461940 402
1461950 402
1461960 402
1461970 402
1461980 402
1461990 402
1462000 402
1462010 402
1462020 402
1462030 402
1462040 402
1462050 402
1462060 401
1462070 401
1462080 401
1462090 401
1462100 401
1462110 401
1462120 401
1462130 401
1462140 401
1462150 401
1462160 401
1462170 401
1462180 401
1462190 401
1462200 401
1462210 401
1462220 401
1462230 401
1462240 401
1462250 401
1462260 401
1462270 401
1462280 401
1462290 400
1462300 400
1462310 400
1462320 400
1462330 400
1462340 400
1462350 399
1462360 399
1462370 399
1462380 399
1462390 399
1462400 399
1462410 398
1462420 398
1462430 398
1462440 398
1462450 399
1462460 399
1462470 399
1462480 399
1462490 399
1462500 400
1462510 400
1462520 400
1462530 400
1462540 400
1462550 400
1462560 400
1462570 400
1462580 400
1462590 400
1462600 401
1462610 401
1462620 401
1462630 401
1462640 401
1462650 401
1462660 400
1462670 400
1462680 400
1462690 400
1462700 400
1462710 400
1462720 400
1462730 400
1462740 400
1462750 400
1462760 400
1462770 400
1462780 400
1462790 400
1462800 400
1462810 400
1462820 400
1462830 400
1462840 400
1462850 400
1462860 400
1462870 400
1462880 400
1462890 400
1462900 400
1462910 400
1462920 400
1462930 400
1462940 400
1462950 400
1462960 400
1462970 400
1462980 400
1462990 400
1463000 400
1463010 400
1463020 400
1463030 400
1463040 400
1463050 400
1463060 400
1463070 400
1463080 400
1463090 399
1463100 399
1463110 399
1463120 399
1463130 399
1463140 399
1463150 399
1463160 399
1463170 399
1463180 399
1463190 399
1463200 399
1463210 399
1463220 399
1463230 399
1463240 399
1463250 399
1463260 399
1463270 399
1463280 399
1463290 398
1463300 398
1463310 398
1463320 398
1463330 398
1463340 398
1463350 398
1463360 398
1463370 398
1463380 398
1463390 398
1463400 398
1463410 398
1463420 398
1463430 398
1463440 398
1463450 398
1463460 398
1463470 398
1463480 398
1463490 398
1463500 398
1463510 398
1463520 398
1463530 398
1463540 398
1463550 398
1463560 398
1463570 397
1463580 397
1463590 397
1463600 397
1463610 397
1463620 397
1463630 397
1463640 397
1463650 397
1463660 396
1463670 396
1463680 396
1463690 396
1463700 396
1463710 396
1463720 396
1463730 396
1463740 396
1463750 395
1463760 395
1463770 395
1463780 395
1463790 395
1463800 395
1463810 395
1463820 395
1463830 394
1463840 394
1463850 394
1463860 394
1463870 394
1463880 393
1463890 393
1463900 393
1463910 393
1463920 392
1463930 391
1463940 391
1463950 390
1463960 390
1463970 390
1463980 390
1463990 390
1464000 390
1464010 390
1464020 390
1464030 390
1464040 391
1464050 391
1464060 391
1464070 392
1464080 392
1464090 392
1464100 393
1464110 393
1464120 393
1464130 394
1464140 394
1464150 394
1464160 395
1464170 395
1464180 395
1464190 396
1464200 396
1464210 396
1464220 397
1464230 397
1464240 397
1464250 398
1464260 398
1464270 398
1464280 398
1464290 399
1464300 399
1464310 399
1464320 399
1464330 399
1464340 400
1464350 400
1464360 400
1464370 400
1464380 400
1464390 400
1464400 401
1464410 401
1464420 401
1464430 401
1464440 401
1464450 401
1464460 401
1464470 402
1464480 402
1464490 402
1464500 402
1464510 402
1464520 402
1464530 402
1464540 402
1464550 402
1464560 403
1464570 403
1464580 403
1464590 403
1464600 403
1464610 403
1464620 403
1464630 403
1464640 403
1464650 402
1464660 402
1464670 402
1464680 402
1464690 402
1464700 402
1464710 402
1464720 402
1464730 402
1464740 402
1464750 402
1464760 402
1464770 401
1464780 401
1464790 401
1464800 401
1464810 401
1464820 400
1464830 400
1464840 400
1464850 399
1464860 398
1464870 398
1464880 398
1464890 397
1464900 397
1464910 397
1464920 396
1464930 396
1464940 396
1464950 395
1464960 395
1464970 395
1464980 394
1464990 394
1465000 394
1465010 393
1465020 393
1465030 393
1465040 393
1465050 393
1465060 393
1465070 392
1465080 392
1465090 392
1465100 392
1465110 392
1465120 392
1465130 392
1465140 392
1465150 391
1465160 390
1465170 390
1465180 389
1465190 389
1465200 389
1465210 390
1465220 390
1465230 390
1465240 390
1465250 389
1465260 389
1465270 387
1465280 386
1465290 386
1465300 385
1465310 384
1465320 384
1465330 383
1465340 383
1465350 383
1465360 383
1465370 383
1465380 383
1465390 383
1465400 383
1465410 383
1465420 383
1465430 383
1465440 383
1465450 382
1465460 383
1465470 383
1465480 383
1465490 382
1465500 382
1465510 382
1465520 383
1465530 383
1465540 383
1465550 383
1465560 383
1465570 382
1465580 382
1465590 382
1465600 382
1465610 382
1465620 382
1465630 382
1465640 383
1465650 383
1465660 382
1465670 383
1465680 383
1465690 383
1465700 383
1465710 383
1465720 383
1465730 383
1465740 383
1465750 383
1465760 383
1465770 383
1465780 383
1465790 383
1465800 383
1465810 383
1465820 383
1465830 383
1465840 383
1465850 383
1465860 383
1465870 383
1465880 383
1465890 383
1465900 383
1465910 383
1465920 383
1465930 383
1465940 383
1465950 383
1465960 383
1465970 383
1465980 383
1465990 383
1466000 383
1466010 383
1466020 383
1466030 383
1466040 383
1466050 383
1466060 383
1466070 383
1466080 383
1466090 383
1466100 383
1466110 383
1466120 383
1466130 383
1466140 383
1466150 383
1466160 383
1466170 383
1466180 383
1466190 383
1466200 383
1466210 383
1466220 383
1466230 382
1466240 382
1466250 382
1466260 382
1466270 382
1466280 382
1466290 382
1466300 382
1466310 382
1466320 382
1466330 382
1466340 382
1466350 382
1466360 382
1466370 382
1466380 382
1466390 382
1466400 382
1466410 382
1466420 382
1466430 382
1466440 382
1466450 383
1466460 383
1466470 384
1466480 385
1466490 385
1466500 386
1466510 387
1466520 387
1466530 389
1466540 390
1466550 390
1466560 392
1466570 394
1466580 394
1466590 396
1466600 398
1466610 398
1466620 401
1466630 403
1466640 403
1466650 405
1466660 407
1466670 407
1466680 408
1466690 410
1466700 410
1466710 412
1466720 413
1466730 413
1466740 413
1466750 416
1466760 416
1466770 417
1466780 417
1466790 417
1466800 418
1466810 418
1466820 418
1466830 418
1466840 419
1466850 419
1466860 419
1466870 419
1466880 419
1466890 419
1466900 418
1466910 418
1466920 416
1466930 413
1466940 413
1466950 409
1466960 406
1466970 406
1466980 404
1466990 404
1467000 404
1467010 405
1467020 407
1467030 407
1467040 408
1467050 410
1467060 410
1467070 411
1467080 413
1467090 413
1467100 414
1467110 416
1467120 416
1467130 417
1467140 417
1467150 417
1467160 418
1467170 419
1467180 419
1467190 419
1467200 420
1467210 420
1467220 421
1467230 422
1467240 422
1467250 422
1467260 423
1467270 423
1467280 423
1467290 424
1467300 424
1467310 425
1467320 426
1467330 426
1467340 427
1467350 428
1467360 428
1467370 428
1467380 429
1467390 429
1467400 430
1467410 431
1467420 431
1467430 431
1467440 432
1467450 432
1467460 432
1467470 433
1467480 433
1467490 433
1467500 433
1467510 433
1467520 433
1467530 433
1467540 433
1467550 433
1467560 433
1467570 433
1467580 433
1467590 432
1467600 432
1467610 432
1467620 431
1467630 431
1467640 430
1467650 430
1467660 430
1467670 429
1467680 428
1467690 428
1467700 428
1467710 427
1467720 427
1467730 427
1467740 426
1467750 426
1467760 426
1467770 425
1467780 425
1467790 424
1467800 425
1467810 425
1467820 425
1467830 425
1467840 425
1467850 425
1467860 425
1467870 425
1467880 425
1467890 425
1467900 425
1467910 426
1467920 426
1467930 426
1467940 426
1467950 426
1467960 425
1467970 425
1467980 425
1467990 425
1468000 425
1468010 425
1468020 424
1468030 424
1468040 424
1468050 424
1468060 424
1468070 424
1468080 424
1468090 424
1468100 424
1468110 423
1468120 423
1468130 423
1468140 423
1468150 423
1468160 423
1468170 423
1468180 423
1468190 423
1468200 423
1468210 423
1468220 423
1468230 423
1468240 423
1468250 422
1468260 422
1468270 422
1468280 422
1468290 422
1468300 422
1468310 422
1468320 422
1468330 422
1468340 422
1468350 421
1468360 421
1468370 421
1468380 421
1468390 421
1468400 421
1468410 420
1468420 420
1468430 420
1468440 420
1468450 420
1468460 419
1468470 419
1468480 419
1468490 418
1468500 418
1468510 418
1468520 417
1468530 416
1468540 416
1468550 416
1468560 415
1468570 415
1468580 414
1468590 413
1468600 413
1468610 413
1468620 412
1468630 412
1468640 411
1468650 410
1468660 410
1468670 409
1468680 409
1468690 409
1468700 408
1468710 407
1468720 407
1468730 406
1468740 404
1468750 404
1468760 403
1468770 402
1468780 402
1468790 401
1468800 400
1468810 400
1468820 399
1468830 398
1468840 398
1468850 397
1468860 396
1468870 396
1468880 396
1468890 395
1468900 395
1468910 393
1468920 392
1468930 392
1468940 392
1468950 392
1468960 392
1468970 392
1468980 393
1468990 393
1469000 397
1469010 402
1469020 402
1469030 406
1469040 410
1469050 410
1469060 413
1469070 414
1469080 414
1469090 413
1469100 411
1469110 411
1469120 409
1469130 407
1469140 407
1469150 404
1469160 402
1469170 402
1469180 400
1469190 398
1469200 398
1469210 397
1469220 396
1469230 396
1469240 395
1469250 394
1469260 394
1469270 393
1469280 393
1469290 393
1469300 392
1469310 392
1469320 392
1469330 391
1469340 391
1469350 391
1469360 390
1469370 390
1469380 390
1469390 389
1469400 388
1469410 388
1469420 388
1469430 387
1469440 387
1469450 387
1469460 386
1469470 386
1469480 385
1469490 385
1469500 385
1469510 384
1469520 384
1469530 384
1469540 384
1469550 383
1469560 383
1469570 382
1469580 381
1469590 381
1469600 381
1469610 381
1469620 381
1469630 381
1469640 381
1469650 381
1469660 381
1469670 381
1469680 381
1469690 381
1469700 381
1469710 381
1469720 381
1469730 381
1469740 381
1469750 382
1469760 386
1469770 386
1469780 390
1469790 393
1469800 393
1469810 396
1469820 398
1469830 398
1469840 400
1469850 401
1469860 401
1469870 402
1469880 403
1469890 403
1469900 405
1469910 406
1469920 406
1469930 408
1469940 410
1469950 410
1469960 411
1469970 412
1469980 412
1469990 413
1470000 414
1470010 414
1470020 415
1470030 416
1470040 416
1470050 417
1470060 417
1470070 417
1470080 418
1470090 418
1470100 418
1470110 418
1470120 418
1470130 418
1470140 419
1470150 419
1470160 419
1470170 419
1470180 418
1470190 418
1470200 418
1470210 418
1470220 418
1470230 417
1470240 416
1470250 416
1470260 415
1470270 413
1470280 413
1470290 412
1470300 410
1470310 410
1470320 409
1470330 407
1470340 407
1470350 404
1470360 401
1470370 401
1470380 403
1470390 405
1470400 405
1470410 406
1470420 407
1470430 407
1470440 408
1470450 408
1470460 408
1470470 409
1470480 409
1470490 409
1470500 408
1470510 407
1470520 407
1470530 406
1470540 405
1470550 405
1470560 405
1470570 404
1470580 404
1470590 402
1470600 400
1470610 400
1470620 398
1470630 396
1470640 396
1470650 396
1470660 395
1470670 395
1470680 395
1470690 394
1470700 394
1470710 394
1470720 393
1470730 393
1470740 393
1470750 392
1470760 392
1470770 392
1470780 391
1470790 391
1470800 391
1470810 390
1470820 390
1470830 390
1470840 391
1470850 391
1470860 391
1470870 391
1470880 391
1470890 392
1470900 393
1470910 393
1470920 395
1470930 398
1470940 398
1470950 400
1470960 403
1470970 403
1470980 405
1470990 407
1471000 407
1471010 409
1471020 411
1471030 411
1471040 412
1471050 413
1471060 413
1471070 413
1471080 414
1471090 414
1471100 416
1471110 418
1471120 418
1471130 419
1471140 420
1471150 420
1471160 421
1471170 421
1471180 421
1471190 422
1471200 422
1471210 422
1471220 422
1471230 423
1471240 423
1471250 423
1471260 423
1471270 423
1471280 424
1471290 424
1471300 424
1471310 424
1471320 424
1471330 424
1471340 425
1471350 425
1471360 425
1471370 425
1471380 425
1471390 425
1471400 426
1471410 426
1471420 426
1471430 426
1471440 426
1471450 426
1471460 426
1471470 426
1471480 426
1471490 427
1471500 427
1471510 427
1471520 427
1471530 427
1471540 427
1471550 427
1471560 427
1471570 427
1471580 428
1471590 428
1471600 428
1471610 428
1471620 429
1471630 429
1471640 429
1471650 429
1471660 429
1471670 430
1471680 430
1471690 430
1471700 430
1471710 431
1471720 431
1471730 431
1471740 431
1471750 431
1471760 432
1471770 432
1471780 432
1471790 432
1471800 433
1471810 433
1471820 433
1471830 434
1471840 434
1471850 434
1471860 434
1471870 434
1471880 435
1471890 435
1471900 435
1471910 435
1471920 435
1471930 435
1471940 436
1471950 436
1471960 436
1471970 437
1471980 437
1471990 437
1472000 438
1472010 438
1472020 438
1472030 439
1472040 439
1472050 439
1472060 440
1472070 441
1472080 441
1472090 441
1472100 442
1472110 442
1472120 443
1472130 443
1472140 443
1472150 443
1472160 443
1472170 443
1472180 444
1472190 444
1472200 444
1472210 444
1472220 444
1472230 444
1472240 443
1472250 443
1472260 443
1472270 443
1472280 443
1472290 443
1472300 443
1472310 443
1472320 443
1472330 442
1472340 441
1472350 441
1472360 440
1472370 438
1472380 438
1472390 437
1472400 436
1472410 436
1472420 435
1472430 434
1472440 434
1472450 433
1472460 432
1472470 432
1472480 430
1472490 429
1472500 429
1472510 428
1472520 426
1472530 426
1472540 424
1472550 422
1472560 422
1472570 419
1472580 417
1472590 417
1472600 416
1472610 415
1472620 415
1472630 414
1472640 413
1472650 413
1472660 412
1472670 412
1472680 412
1472690 411
1472700 410
1472710 410
1472720 409
1472730 408
1472740 408
1472750 407
1472760 406
1472770 406
1472780 405
1472790 405
1472800 405
1472810 404
1472820 404
1472830 404
1472840 404
1472850 403
1472860 403
1472870 403
1472880 402
1472890 402
1472900 402
1472910 401
1472920 401
1472930 401
1472940 400
1472950 400
1472960 400
1472970 400
1472980 399
1472990 399
1473000 399
1473010 399
1473020 399
1473030 398
1473040 398
1473050 398
1473060 398
1473070 397
1473080 397
1473090 397
1473100 396
1473110 396
1473120 396
1473130 396
1473140 396
1473150 396
1473160 396
1473170 396
1473180 396
1473190 396
1473200 396
1473210 396
1473220 397
1473230 397
1473240 397
1473250 396
1473260 396
1473270 396
1473280 396
1473290 396
1473300 396
1473310 396
1473320 396
1473330 396
1473340 396
1473350 396
1473360 396
1473370 396
1473380 396
1473390 397
1473400 397
1473410 397
1473420 397
1473430 397
1473440 397
1473450 398
1473460 398
1473470 398
1473480 399
1473490 399
1473500 399
1473510 400
1473520 400
1473530 400
1473540 400
1473550 400
1473560 400
1473570 400
1473580 400
1473590 400
1473600 400
1473610 401
1473620 401
1473630 401
1473640 401
1473650 401
1473660 401
1473670 402
1473680 402
1473690 402
1473700 403
1473710 403
1473720 403
1473730 404
1473740 404
1473750 404
1473760 404
1473770 404
1473780 405
1473790 405
1473800 405
1473810 405
1473820 406
1473830 406
1473840 406
1473850 407
1473860 407
1473870 407
1473880 408
1473890 408
1473900 408
1473910 409
1473920 409
1473930 409
1473940 409
1473950 409
1473960 410
1473970 410
1473980 410
1473990 411
1474000 411
1474010 411
1474020 412
1474030 412
1474040 412
1474050 412
1474060 413
1474070 413
1474080 413
1474090 414
1474100 414
1474110 414
1474120 414
1474130 414
1474140 415
1474150 415
1474160 415
1474170 415
1474180 416
1474190 416
1474200 416
1474210 416
1474220 416
1474230 416
1474240 417
1474250 417
1474260 417
1474270 417
1474280 417
1474290 417
1474300 417
1474310 417
1474320 417
1474330 417
1474340 417
1474350 417
1474360 417
1474370 417
1474380 417
1474390 417
1474400 417
1474410 417
1474420 417
1474430 417
1474440 417
1474450 417
1474460 417
1474470 417
1474480 417
1474490 417
1474500 417
1474510 417
1474520 417
1474530 417
1474540 416
1474550 416
1474560 416
1474570 415
1474580 415
1474590 415
1474600 415
1474610 415
1474620 414
1474630 414
1474640 414
1474650 413
1474660 413
1474670 413
1474680 412
1474690 411
1474700 411
1474710 411
1474720 410
1474730 410
1474740 409
1474750 409
1474760 409
1474770 408
1474780 407
1474790 407
1474800 407
1474810 406
1474820 406
1474830 406
1474840 405
1474850 405
1474860 404
1474870 404
1474880 404
1474890 403
1474900 403
1474910 403
1474920 402
1474930 401
1474940 401
1474950 400
1474960 400
1474970 400
1474980 400
1474990 400
1475000 400
1475010 400
1475020 400
1475030 400
1475040 399
1475050 399
1475060 399
1475070 398
1475080 397
1475090 397
1475100 397
1475110 396
1475120 396
1475130 395
1475140 395
1475150 395
1475160 395
1475170 395
1475180 395
1475190 396
1475200 396
1475210 396
1475220 396
1475230 397
1475240 397
1475250 398
1475260 399
1475270 399
1475280 399
1475290 400
1475300 400
1475310 405
1475320 413
1475330 413
1475340 417
1475350 418
1475360 418
1475370 419
1475380 419
1475390 419
1475400 420
1475410 420
1475420 420
1475430 421
1475440 421
1475450 421
1475460 421
1475470 422
1475480 422
1475490 422
1475500 422
1475510 422
1475520 422
1475530 422
1475540 422
1475550 422
1475560 422
1475570 422
1475580 422
1475590 422
1475600 422
1475610 422
1475620 422
1475630 422
1475640 422
1475650 422
1475660 422
1475670 422
1475680 421
1475690 421
1475700 421
1475710 421
1475720 421
1475730 421
1475740 420
1475750 420
1475760 420
1475770 420
1475780 420
1475790 419
1475800 419
1475810 419
1475820 419
1475830 418
1475840 418
1475850 418
1475860 418
1475870 418
1475880 417
1475890 417
1475900 417
1475910 416
1475920 416
1475930 416
1475940 415
1475950 415
1475960 415
1475970 414
1475980 414
1475990 414
1476000 413
1476010 413
1476020 413
1476030 412
1476040 412
1476050 412
1476060 411
1476070 411
1476080 411
1476090 410
1476100 410
1476110 410
1476120 409
1476130 408
1476140 408
1476150 408
1476160 407
1476170 407
1476180 407
1476190 406
1476200 406
1476210 406
1476220 405
1476230 405
1476240 405
1476250 404
1476260 404
1476270 404
1476280 403
1476290 403
1476300 403
1476310 402
1476320 402
1476330 401
1476340 401
1476350 401
1476360 400
1476370 399
1476380 399
1476390 399
1476400 398
1476410 398
1476420 397
1476430 396
1476440 396
1476450 395
1476460 395
1476470 395
1476480 393
1476490 392
1476500 392
1476510 391
1476520 391
1476530 391
1476540 390
1476550 390
1476560 390
1476570 390
1476580 390
1476590 390
1476600 389
1476610 389
1476620 389
1476630 389
1476640 389
1476650 389
1476660 389
1476670 389
1476680 389
1476690 389
1476700 389
1476710 389
1476720 389
1476730 389
1476740 389
1476750 389
1476760 389
1476770 389
1476780 389
1476790 389
1476800 389
1476810 389
1476820 389
1476830 389
1476840 388
1476850 388
1476860 388
1476870 388
1476880 388
1476890 388
1476900 388
1476910 388
1476920 388
1476930 388
1476940 388
1476950 388
1476960 388
1476970 388
1476980 388
1476990 388
1477000 388
1477010 388
1477020 388
1477030 387
1477040 387
1477050 387
1477060 388
1477070 388
1477080 388
1477090 389
1477100 389
1477110 390
1477120 392
1477130 392
1477140 397
1477150 402
1477160 402
1477170 404
1477180 406
1477190 406
1477200 408
1477210 409
1477220 409
1477230 409
1477240 410
1477250 410
1477260 411
1477270 411
1477280 411
1477290 412
1477300 412
1477310 412
1477320 412
1477330 413
1477340 413
1477350 413
1477360 413
1477370 413
1477380 413
1477390 414
1477400 414
1477410 414
1477420 413
1477430 413
1477440 413
1477450 413
1477460 413
1477470 413
1477480 413
1477490 413
1477500 413
1477510 413
1477520 413
1477530 413
1477540 412
1477550 412
1477560 412
1477570 412
1477580 411
1477590 411
1477600 411
1477610 410
1477620 410
1477630 410
1477640 409
1477650 409
1477660 409
1477670 408
1477680 408
1477690 407
1477700 405
1477710 405
1477720 403
1477730 399
1477740 399
1477750 395
1477760 392
1477770 392
1477780 391
1477790 390
1477800 390
1477810 390
1477820 389
1477830 389
1477840 389
1477850 389
1477860 389
1477870 389
1477880 389
1477890 389
1477900 389
1477910 388
1477920 388
1477930 388
1477940 388
1477950 388
1477960 388
1477970 388
1477980 388
1477990 388
1478000 388
1478010 388
1478020 388
1478030 388
1478040 388
1478050 388
1478060 388
1478070 388
1478080 388
1478090 388
1478100 388
1478110 388
1478120 388
1478130 388
1478140 388
1478150 388
1478160 388
1478170 388
1478180 388
1478190 388
1478200 388
1478210 388
1478220 388
1478230 389
1478240 389
1478250 389
1478260 388
1478270 389
1478280 389
1478290 389
1478300 389
1478310 389
1478320 389
1478330 389
1478340 389
1478350 389
1478360 389
1478370 389
1478380 389
1478390 389
1478400 389
1478410 389
1478420 389
1478430 389
1478440 389
1478450 389
1478460 389
1478470 389
1478480 389
1478490 389
1478500 389
1478510 389
1478520 389
1478530 390
1478540 390
1478550 390
1478560 390
1478570 390
1478580 390
1478590 390
1478600 391
1478610 391
1478620 391
1478630 391
1478640 391
1478650 390
1478660 390
1478670 390
1478680 390
1478690 390
1478700 390
1478710 391
1478720 391
1478730 391
1478740 391
1478750 391
1478760 391
1478770 391
1478780 391
1478790 391
1478800 391
1478810 391
1478820 391
1478830 391
1478840 391
1478850 391
1478860 392
1478870 392
1478880 392
1478890 393
1478900 394
1478910 394
1478920 394
1478930 394
1478940 394
1478950 395
1478960 397
1478970 397
1478980 399
1478990 401
1479000 401
1479010 402
1479020 404
1479030 404
1479040 406
1479050 408
1479060 408
1479070 410
1479080 412
1479090 412
1479100 414
1479110 415
1479120 415
1479130 417
1479140 418
1479150 418
1479160 419
1479170 421
1479180 421
1479190 422
1479200 423
1479210 423
1479220 424
1479230 425
1479240 425
1479250 426
1479260 427
1479270 427
1479280 428
1479290 429
1479300 429
1479310 430
1479320 431
1479330 431
1479340 431
1479350 432
1479360 432
1479370 432
1479380 433
1479390 433
1479400 433
1479410 434
1479420 434
1479430 434
1479440 435
1479450 435
1479460 435
1479470 435
1479480 435
1479490 435
1479500 436
1479510 436
1479520 436
1479530 436
1479540 436
1479550 436
1479560 436
1479570 436
1479580 436
1479590 436
1479600 436
1479610 436
1479620 436
1479630 436
1479640 436
1479650 435
1479660 435
1479670 435
1479680 434
1479690 434
1479700 433
1479710 431
1479720 431
1479730 430
1479740 430
1479750 430
1479760 429
1479770 429
1479780 429
1479790 429
1479800 428
1479810 428
1479820 428
1479830 426
1479840 426
1479850 424
1479860 421
1479870 421
1479880 418
1479890 415
1479900 415
1479910 413
1479920 411
1479930 411
1479940 409
1479950 407
1479960 407
1479970 404
1479980 398
1479990 398
