1460000 376
1460010 376
1460020 376
1460030 376
1460040 376
1460050 376
1460060 376
1460070 376
1460080 376
1460090 376
1460100 376
1460110 376
1460120 376
1460130 376
1460140 376
1460150 376
1460160 376
1460170 376
1460180 376
1460190 376
1460200 376
1460210 376
1460220 376
1460230 376
1460240 376
1460250 376
1460260 375
1460270 375
1460280 375
1460290 375
1460300 375
1460310 375
1460320 375
1460330 375
1460340 375
1460350 375
1460360 375
1460370 375
1460380 375
1460390 375
1460400 375
1460410 376
1460420 376
1460430 376
1460440 376
1460450 376
1460460 376
1460470 376
1460480 376
1460490 376
1460500 377
1460510 378
1460520 378
1460530 379
1460540 380
1460550 380
1460560 380
1460570 380
1460580 380
1460590 382
1460600 385
1460610 385
1460620 388
1460630 391
1460640 391
1460650 392
1460660 393
1460670 393
1460680 393
1460690 393
1460700 393
1460710 393
1460720 393
1460730 393
1460740 392
1460750 392
1460760 392
1460770 392
1460780 389
1460790 389
1460800 384
1460810 379
1460820 379
1460830 375
1460840 373
1460850 373
1460860 372
1460870 372
1460880 372
1460890 372
1460900 372
1460910 372
1460920 372
1460930 372
1460940 372
1460950 372
1460960 373
1460970 373
1460980 375
1460990 378
1461000 378
1461010 383
1461020 387
1461030 387
1461040 390
1461050 392
1461060 392
1461070 393
1461080 394
1461090 394
1461100 395
1461110 396
1461120 396
1461130 396
1461140 397
1461150 397
1461160 396
1461170 395
1461180 395
1461190 395
1461200 396
1461210 396
1461220 397
1461230 396
1461240 396
1461250 396
1461260 396
1461270 396
1461280 396
1461290 397
1461300 397
1461310 397
1461320 398
1461330 398
1461340 398
1461350 398
1461360 398
1461370 399
1461380 399
1461390 399
1461400 399
1461410 400
1461420 400
1461430 400
1461440 400
1461450 400
1461460 400
1461470 400
1461480 400
1461490 400
1461500 399
1461510 399
1461520 399
1461530 399
1461540 399
1461550 399
1461560 399
1461570 399
1461580 399
1461590 398
1461600 398
1461610 398
1461620 398
1461630 398
1461640 398
1461650 398
1461660 398
1461670 398
1461680 398
1461690 398
1461700 398
1461710 398
1461720 398
1461730 398
1461740 398
1461750 398
1461760 398
1461770 397
1461780 397
1461790 397
1461800 396
1461810 396
1461820 396
1461830 395
1461840 395
1461850 395
1461860 394
1461870 394
1461880 394
1461890 394
1461900 394
1461910 393
1461920 392
1461930 392
1461940 391
1461950 390
1461960 390
1461970 389
1461980 388
1461990 388
1462000 389
1462010 389
1462020 389
1462030 390
1462040 391
1462050 391
1462060 392
1462070 392
1462080 392
1462090 393
1462100 394
1462110 394
1462120 394
1462130 395
1462140 395
1462150 395
1462160 396
1462170 396
1462180 396
1462190 396
1462200 396
1462210 397
1462220 397
1462230 397
1462240 397
1462250 397
1462260 397
1462270 397
1462280 397
1462290 397
1462300 397
1462310 397
1462320 397
1462330 397
1462340 397
1462350 397
1462360 397
1462370 397
1462380 397
1462390 397
1462400 397
1462410 397
1462420 397
1462430 397
1462440 397
1462450 397
1462460 396
1462470 396
1462480 396
1462490 396
1462500 396
1462510 396
1462520 396
1462530 396
1462540 396
1462550 395
1462560 395
1462570 395
1462580 395
1462590 395
1462600 395
1462610 395
1462620 395
1462630 395
1462640 395
1462650 395
1462660 395
1462670 396
1462680 396
1462690 396
1462700 396
1462710 396
1462720 396
1462730 396
1462740 396
1462750 396
1462760 396
1462770 396
1462780 396
1462790 396
1462800 396
1462810 396
1462820 396
1462830 396
1462840 396
1462850 396
1462860 396
1462870 396
1462880 396
1462890 396
1462900 396
1462910 396
1462920 396
1462930 396
1462940 396
1462950 396
1462960 396
1462970 396
1462980 395
1462990 395
1463000 395
1463010 395
1463020 395
1463030 395
1463040 395
1463050 395
1463060 395
1463070 395
1463080 395
1463090 395
1463100 395
1463110 395
1463120 395
1463130 394
1463140 394
1463150 394
1463160 394
1463170 394
1463180 394
1463190 394
1463200 394
1463210 393
1463220 393
1463230 393
1463240 393
1463250 393
1463260 393
1463270 392
1463280 392
1463290 392
1463300 391
1463310 391
1463320 391
1463330 391
1463340 390
1463350 390
1463360 390
1463370 390
1463380 390
1463390 390
1463400 391
1463410 391
1463420 391
1463430 391
1463440 391
1463450 391
1463460 391
1463470 391
1463480 391
1463490 391
1463500 391
1463510 391
1463520 391
1463530 391
1463540 391
1463550 391
1463560 391
1463570 390
1463580 390
1463590 390
1463600 390
1463610 390
1463620 390
1463630 390
1463640 390
1463650 390
1463660 390
1463670 390
1463680 390
1463690 390
1463700 391
1463710 391
1463720 391
1463730 391
1463740 391
1463750 391
1463760 391
1463770 391
1463780 391
1463790 391
1463800 391
1463810 391
1463820 391
1463830 391
1463840 391
1463850 392
1463860 392
1463870 392
1463880 392
1463890 392
1463900 392
1463910 392
1463920 392
1463930 392
1463940 392
1463950 392
1463960 392
1463970 392
1463980 392
1463990 392
1464000 393
1464010 393
1464020 393
1464030 393
1464040 393
1464050 393
1464060 392
1464070 392
1464080 392
1464090 392
1464100 392
1464110 392
1464120 392
1464130 392
1464140 392
1464150 392
1464160 392
1464170 392
1464180 392
1464190 392
1464200 392
1464210 392
1464220 392
1464230 392
1464240 392
1464250 392
1464260 392
1464270 392
1464280 392
1464290 392
1464300 391
1464310 391
1464320 391
1464330 391
1464340 391
1464350 391
1464360 391
1464370 391
1464380 391
1464390 390
1464400 390
1464410 390
1464420 390
1464430 390
1464440 390
1464450 390
1464460 390
1464470 389
1464480 389
1464490 389
1464500 389
1464510 389
1464520 389
1464530 389
1464540 389
1464550 389
1464560 388
1464570 388
1464580 388
1464590 388
1464600 388
1464610 388
1464620 388
1464630 387
1464640 387
1464650 387
1464660 387
1464670 387
1464680 387
1464690 387
1464700 387
1464710 387
1464720 387
1464730 387
1464740 386
1464750 386
1464760 386
1464770 386
1464780 386
1464790 386
1464800 386
1464810 386
1464820 386
1464830 385
1464840 385
1464850 385
1464860 385
1464870 385
1464880 385
1464890 385
1464900 385
1464910 385
1464920 384
1464930 384
1464940 384
1464950 384
1464960 384
1464970 384
1464980 384
1464990 384
1465000 384
1465010 384
1465020 384
1465030 384
1465040 383
1465050 383
1465060 383
1465070 383
1465080 383
1465090 383
1465100 383
1465110 383
1465120 383
1465130 383
1465140 383
1465150 383
1465160 383
1465170 383
1465180 383
1465190 383
1465200 383
1465210 383
1465220 383
1465230 383
1465240 383
1465250 383
1465260 382
1465270 382
1465280 382
1465290 382
1465300 382
1465310 382
1465320 383
1465330 383
1465340 383
1465350 383
1465360 383
1465370 383
1465380 383
1465390 383
1465400 383
1465410 383
1465420 383
1465430 383
1465440 383
1465450 383
1465460 383
1465470 383
1465480 383
1465490 383
1465500 383
1465510 383
1465520 383
1465530 383
1465540 383
1465550 383
1465560 383
1465570 383
1465580 382
1465590 382
1465600 382
1465610 381
1465620 381
1465630 381
1465640 382
1465650 382
1465660 382
1465670 383
1465680 384
1465690 384
1465700 384
1465710 384
1465720 384
1465730 384
1465740 384
1465750 384
1465760 383
1465770 383
1465780 383
1465790 383
1465800 382
1465810 382
1465820 382
1465830 381
1465840 381
1465850 381
1465860 380
1465870 380
1465880 380
1465890 380
1465900 380
1465910 379
1465920 378
1465930 378
1465940 375
1465950 374
1465960 374
1465970 374
1465980 374
1465990 374
1466000 373
1466010 373
1466020 373
1466030 373
1466040 373
1466050 373
1466060 373
1466070 373
1466080 373
1466090 373
1466100 373
1466110 373
1466120 373
1466130 373
1466140 373
1466150 373
1466160 373
1466170 373
1466180 373
1466190 373
1466200 373
1466210 373
1466220 373
1466230 373
1466240 373
1466250 373
1466260 373
1466270 373
1466280 373
1466290 373
1466300 373
1466310 373
1466320 373
1466330 373
1466340 372
1466350 372
1466360 372
1466370 372
1466380 372
1466390 372
1466400 372
1466410 372
1466420 372
1466430 372
1466440 372
1466450 372
1466460 372
1466470 372
1466480 372
1466490 372
1466500 372
1466510 372
1466520 372
1466530 372
1466540 372
1466550 372
1466560 372
1466570 370
1466580 371
1466590 371
1466600 370
1466610 371
1466620 371
1466630 372
1466640 372
1466650 372
1466660 373
1466670 373
1466680 373
1466690 372
1466700 372
1466710 372
1466720 372
1466730 372
1466740 372
1466750 372
1466760 372
1466770 372
1466780 372
1466790 372
1466800 372
1466810 372
1466820 373
1466830 373
1466840 374
1466850 375
1466860 375
1466870 376
1466880 377
1466890 377
1466900 379
1466910 379
1466920 379
1466930 379
1466940 380
1466950 380
1466960 380
1466970 380
1466980 380
1466990 381
1467000 381
1467010 381
1467020 381
1467030 382
1467040 382
1467050 382
1467060 383
1467070 383
1467080 383
1467090 383
1467100 383
1467110 384
1467120 384
1467130 384
1467140 383
1467150 381
1467160 381
1467170 382
1467180 384
1467190 384
1467200 384
1467210 384
1467220 384
1467230 384
1467240 384
1467250 384
1467260 385
1467270 385
1467280 385
1467290 385
1467300 385
1467310 385
1467320 385
1467330 384
1467340 384
1467350 384
1467360 384
1467370 384
1467380 384
1467390 384
1467400 384
1467410 384
1467420 384
1467430 384
1467440 384
1467450 384
1467460 384
1467470 384
1467480 383
1467490 383
1467500 383
1467510 383
1467520 383
1467530 383
1467540 383
1467550 383
1467560 383
1467570 383
1467580 383
1467590 383
1467600 383
1467610 383
1467620 383
1467630 382
1467640 382
1467650 382
1467660 382
1467670 382
1467680 382
1467690 382
1467700 382
1467710 382
1467720 382
1467730 382
1467740 382
1467750 382
1467760 382
1467770 382
1467780 382
1467790 382
1467800 382
1467810 382
1467820 382
1467830 382
1467840 382
1467850 382
1467860 382
1467870 382
1467880 382
1467890 382
1467900 382
1467910 382
1467920 382
1467930 382
1467940 382
1467950 382
1467960 382
1467970 382
1467980 382
1467990 382
1468000 382
1468010 382
1468020 382
1468030 382
1468040 382
1468050 382
1468060 382
1468070 382
1468080 382
1468090 382
1468100 382
1468110 382
1468120 382
1468130 382
1468140 382
1468150 382
1468160 382
1468170 382
1468180 382
1468190 382
1468200 382
1468210 382
1468220 382
1468230 382
1468240 382
1468250 382
1468260 382
1468270 382
1468280 382
1468290 382
1468300 382
1468310 382
1468320 382
1468330 382
1468340 382
1468350 382
1468360 382
1468370 382
1468380 382
1468390 382
1468400 382
1468410 382
1468420 382
1468430 382
1468440 382
1468450 382
1468460 382
1468470 382
1468480 382
1468490 382
1468500 382
1468510 382
1468520 381
1468530 382
1468540 382
1468550 381
1468560 381
1468570 381
1468580 381
1468590 381
1468600 381
1468610 381
1468620 381
1468630 381
1468640 381
1468650 381
1468660 381
1468670 381
1468680 381
1468690 381
1468700 381
1468710 381
1468720 381
1468730 381
1468740 381
1468750 381
1468760 381
1468770 381
1468780 381
1468790 381
1468800 381
1468810 381
1468820 381
1468830 381
1468840 381
1468850 381
1468860 381
1468870 381
1468880 381
1468890 380
1468900 380
1468910 380
1468920 380
1468930 380
1468940 380
1468950 380
1468960 380
1468970 380
1468980 380
1468990 380
1469000 380
1469010 379
1469020 379
1469030 379
1469040 379
1469050 379
1469060 379
1469070 378
1469080 378
1469090 378
1469100 378
1469110 378
1469120 378
1469130 377
1469140 377
1469150 377
1469160 377
1469170 377
1469180 377
1469190 377
1469200 377
1469210 377
1469220 377
1469230 377
1469240 377
1469250 377
1469260 377
1469270 377
1469280 376
1469290 376
1469300 376
1469310 376
1469320 376
1469330 376
1469340 376
1469350 376
1469360 376
1469370 376
1469380 376
1469390 376
1469400 376
1469410 376
1469420 376
1469430 376
1469440 376
1469450 376
1469460 376
1469470 376
1469480 376
1469490 376
1469500 376
1469510 376
1469520 376
1469530 376
1469540 376
1469550 377
1469560 377
1469570 377
1469580 377
1469590 377
1469600 377
1469610 377
1469620 377
1469630 377
1469640 377
1469650 377
1469660 377
1469670 377
1469680 377
1469690 377
1469700 377
1469710 377
1469720 377
1469730 377
1469740 377
1469750 377
1469760 377
1469770 376
1469780 376
1469790 376
1469800 376
1469810 376
1469820 376
1469830 376
1469840 376
1469850 377
1469860 377
1469870 377
1469880 377
1469890 377
1469900 377
1469910 377
1469920 377
1469930 377
1469940 377
1469950 378
1469960 378
1469970 378
1469980 378
1469990 378
1470000 378
1470010 378
1470020 378
1470030 378
1470040 378
1470050 378
1470060 379
1470070 379
1470080 379
1470090 379
1470100 379
1470110 379
1470120 379
1470130 379
1470140 379
1470150 379
1470160 379
1470170 379
1470180 379
1470190 379
1470200 379
1470210 379
1470220 379
1470230 379
1470240 379
1470250 379
1470260 379
1470270 379
1470280 379
1470290 379
1470300 379
1470310 379
1470320 379
1470330 379
1470340 379
1470350 379
1470360 379
1470370 379
1470380 379
1470390 379
1470400 379
1470410 379
1470420 379
1470430 379
1470440 379
1470450 379
1470460 379
1470470 379
1470480 379
1470490 379
1470500 379
1470510 379
1470520 379
1470530 379
1470540 379
1470550 379
1470560 379
1470570 379
1470580 378
1470590 378
1470600 378
1470610 378
1470620 378
1470630 378
1470640 378
1470650 378
1470660 378
1470670 378
1470680 378
1470690 378
1470700 378
1470710 378
1470720 378
1470730 378
1470740 378
1470750 378
1470760 378
1470770 378
1470780 378
1470790 378
1470800 378
1470810 378
1470820 378
1470830 378
1470840 378
1470850 377
1470860 377
1470870 377
1470880 377
1470890 377
1470900 377
1470910 377
1470920 377
1470930 377
1470940 377
1470950 377
1470960 377
1470970 376
1470980 376
1470990 376
1471000 376
1471010 376
1471020 376
1471030 376
1471040 376
1471050 375
1471060 375
1471070 375
1471080 375
1471090 375
1471100 375
1471110 375
1471120 375
1471130 375
1471140 374
1471150 374
1471160 374
1471170 374
1471180 374
1471190 374
1471200 374
1471210 373
1471220 373
1471230 373
1471240 373
1471250 373
1471260 373
1471270 372
1471280 372
1471290 372
1471300 371
1471310 371
1471320 371
1471330 371
1471340 371
1471350 371
1471360 371
1471370 371
1471380 371
1471390 371
1471400 371
1471410 370
1471420 370
1471430 370
1471440 370
1471450 370
1471460 370
1471470 370
1471480 370
1471490 370
1471500 370
1471510 370
1471520 370
1471530 370
1471540 370
1471550 370
1471560 370
1471570 370
1471580 370
1471590 369
1471600 369
1471610 369
1471620 369
1471630 370
1471640 370
1471650 370
1471660 371
1471670 371
1471680 371
1471690 371
1471700 371
1471710 371
1471720 371
1471730 371
1471740 371
1471750 370
1471760 370
1471770 370
1471780 372
1471790 372
1471800 374
1471810 376
1471820 376
1471830 377
1471840 377
1471850 377
1471860 377
1471870 377
1471880 377
1471890 377
1471900 378
1471910 378
1471920 378
1471930 378
1471940 378
1471950 378
1471960 378
1471970 378
1471980 378
1471990 379
1472000 379
1472010 379
1472020 379
1472030 379
1472040 379
1472050 379
1472060 379
1472070 379
1472080 378
1472090 378
1472100 378
1472110 378
1472120 378
1472130 377
1472140 377
1472150 377
1472160 376
1472170 376
1472180 376
1472190 375
1472200 374
1472210 374
1472220 373
1472230 372
1472240 372
1472250 371
1472260 371
1472270 371
1472280 371
1472290 371
1472300 371
1472310 372
1472320 372
1472330 372
1472340 373
1472350 375
1472360 375
1472370 377
1472380 379
1472390 379
1472400 379
1472410 380
1472420 380
1472430 381
1472440 381
1472450 381
1472460 382
1472470 382
1472480 382
1472490 382
1472500 383
1472510 383
1472520 383
1472530 383
1472540 383
1472550 384
1472560 384
1472570 384
1472580 384
1472590 384
1472600 384
1472610 384
1472620 384
1472630 384
1472640 384
1472650 384
1472660 384
1472670 384
1472680 384
1472690 384
1472700 384
1472710 384
1472720 384
1472730 384
1472740 384
1472750 384
1472760 384
1472770 384
1472780 384
1472790 384
1472800 384
1472810 384
1472820 383
1472830 383
1472840 383
1472850 383
1472860 383
1472870 383
1472880 383
1472890 383
1472900 383
1472910 382
1472920 382
1472930 382
1472940 382
1472950 382
1472960 382
1472970 381
1472980 381
1472990 381
1473000 381
1473010 380
1473020 380
1473030 380
1473040 380
1473050 380
1473060 380
1473070 380
1473080 380
1473090 379
1473100 378
1473110 378
1473120 377
1473130 376
1473140 376
1473150 375
1473160 375
1473170 375
1473180 375
1473190 375
1473200 375
1473210 375
1473220 374
1473230 374
1473240 375
1473250 375
1473260 375
1473270 375
1473280 375
1473290 375
1473300 375
1473310 375
1473320 375
1473330 375
1473340 376
1473350 376
1473360 376
1473370 377
1473380 377
1473390 377
1473400 378
1473410 378
1473420 379
1473430 380
1473440 380
1473450 381
1473460 381
1473470 381
1473480 382
1473490 382
1473500 382
1473510 383
1473520 383
1473530 383
1473540 383
1473550 384
1473560 384
1473570 384
1473580 384
1473590 384
1473600 384
1473610 384
1473620 384
1473630 385
1473640 385
1473650 385
1473660 385
1473670 385
1473680 385
1473690 385
1473700 385
1473710 385
1473720 385
1473730 385
1473740 385
1473750 385
1473760 385
1473770 385
1473780 385
1473790 385
1473800 385
1473810 386
1473820 386
1473830 386
1473840 386
1473850 386
1473860 386
1473870 386
1473880 386
1473890 386
1473900 387
1473910 387
1473920 387
1473930 387
1473940 387
1473950 387
1473960 387
1473970 387
1473980 387
1473990 387
1474000 387
1474010 387
1474020 387
1474030 388
1474040 388
1474050 388
1474060 388
1474070 388
1474080 389
1474090 389
1474100 389
1474110 389
1474120 389
1474130 389
1474140 389
1474150 389
1474160 389
1474170 389
1474180 389
1474190 389
1474200 389
1474210 389
1474220 389
1474230 389
1474240 389
1474250 389
1474260 389
1474270 389
1474280 389
1474290 389
1474300 389
1474310 389
1474320 389
1474330 389
1474340 389
1474350 389
1474360 389
1474370 389
1474380 389
1474390 389
1474400 389
1474410 389
1474420 389
1474430 389
1474440 389
1474450 389
1474460 389
1474470 389
1474480 389
1474490 389
1474500 389
1474510 389
1474520 389
1474530 389
1474540 389
1474550 389
1474560 389
1474570 388
1474580 388
1474590 388
1474600 388
1474610 388
1474620 388
1474630 388
1474640 388
1474650 387
1474660 387
1474670 387
1474680 387
1474690 387
1474700 387
1474710 387
1474720 387
1474730 387
1474740 387
1474750 387
1474760 387
1474770 387
1474780 386
1474790 386
1474800 386
1474810 386
1474820 386
1474830 386
1474840 386
1474850 386
1474860 386
1474870 385
1474880 385
1474890 385
1474900 385
1474910 385
1474920 384
1474930 383
1474940 383
1474950 382
1474960 381
1474970 381
1474980 380
1474990 379
1475000 379
1475010 379
1475020 378
1475030 378
1475040 378
1475050 378
1475060 378
1475070 378
1475080 378
1475090 378
1475100 377
1475110 377
1475120 377
1475130 377
1475140 377
1475150 377
1475160 377
1475170 377
1475180 377
1475190 376
1475200 376
1475210 376
1475220 376
1475230 376
1475240 376
1475250 376
1475260 376
1475270 376
1475280 376
1475290 376
1475300 376
1475310 376
1475320 375
1475330 375
1475340 375
1475350 375
1475360 375
1475370 374
1475380 374
1475390 374
1475400 374
1475410 374
1475420 374
1475430 375
1475440 375
1475450 375
1475460 375
1475470 375
1475480 375
1475490 375
1475500 375
1475510 375
1475520 375
1475530 375
1475540 375
1475550 375
1475560 375
1475570 375
1475580 375
1475590 375
1475600 375
1475610 375
1475620 375
1475630 375
1475640 375
1475650 375
1475660 375
1475670 375
1475680 375
1475690 375
1475700 375
1475710 375
1475720 375
1475730 375
1475740 375
1475750 375
1475760 375
1475770 375
1475780 375
1475790 375
1475800 375
1475810 375
1475820 375
1475830 375
1475840 375
1475850 375
1475860 375
1475870 375
1475880 375
1475890 375
1475900 375
1475910 375
1475920 375
1475930 375
1475940 375
1475950 375
1475960 375
1475970 375
1475980 375
1475990 375
1476000 375
1476010 374
1476020 374
1476030 374
1476040 374
1476050 374
1476060 374
1476070 374
1476080 374
1476090 374
1476100 375
1476110 375
1476120 375
1476130 375
1476140 375
1476150 375
1476160 375
1476170 375
1476180 375
1476190 375
1476200 375
1476210 375
1476220 375
1476230 375
1476240 375
1476250 375
1476260 375
1476270 375
1476280 375
1476290 376
1476300 376
1476310 376
1476320 376
1476330 376
1476340 376
1476350 376
1476360 376
1476370 376
1476380 376
1476390 376
1476400 376
1476410 376
1476420 376
1476430 376
1476440 376
1476450 376
1476460 376
1476470 376
1476480 376
1476490 376
1476500 376
1476510 376
1476520 376
1476530 376
1476540 376
1476550 376
1476560 376
1476570 376
1476580 376
1476590 376
1476600 376
1476610 376
1476620 376
1476630 376
1476640 376
1476650 376
1476660 376
1476670 377
1476680 377
1476690 377
1476700 377
1476710 377
1476720 377
1476730 377
1476740 377
1476750 377
1476760 377
1476770 377
1476780 377
1476790 377
1476800 377
1476810 377
1476820 377
1476830 377
1476840 377
1476850 377
1476860 377
1476870 377
1476880 377
1476890 377
1476900 377
1476910 377
1476920 377
1476930 377
1476940 377
1476950 378
1476960 378
1476970 378
1476980 378
1476990 378
1477000 378
1477010 378
1477020 378
1477030 378
1477040 378
1477050 378
1477060 378
1477070 378
1477080 378
1477090 378
1477100 379
1477110 379
1477120 379
1477130 379
1477140 379
1477150 379
1477160 379
1477170 379
1477180 379
1477190 379
1477200 379
1477210 379
1477220 379
1477230 379
1477240 379
1477250 379
1477260 379
1477270 379
1477280 379
1477290 379
1477300 379
1477310 379
1477320 379
1477330 380
1477340 380
1477350 380
1477360 380
1477370 380
1477380 380
1477390 380
1477400 380
1477410 380
1477420 380
1477430 380
1477440 380
1477450 380
1477460 380
1477470 380
1477480 380
1477490 380
1477500 380
1477510 380
1477520 381
1477530 381
1477540 381
1477550 381
1477560 381
1477570 381
1477580 380
1477590 380
1477600 380
1477610 380
1477620 380
1477630 380
1477640 381
1477650 381
1477660 381
1477670 381
1477680 381
1477690 381
1477700 381
1477710 381
1477720 381
1477730 381
1477740 381
1477750 381
1477760 381
1477770 381
1477780 381
1477790 381
1477800 381
1477810 381
1477820 381
1477830 381
1477840 381
1477850 381
1477860 381
1477870 381
1477880 382
1477890 382
1477900 382
1477910 382
1477920 382
1477930 382
1477940 382
1477950 382
1477960 383
1477970 382
1477980 382
1477990 382
1478000 382
1478010 382
1478020 382
1478030 382
1478040 382
1478050 383
1478060 383
1478070 383
1478080 383
1478090 383
1478100 383
1478110 383
1478120 383
1478130 383
1478140 383
1478150 383
1478160 383
1478170 383
1478180 384
1478190 384
1478200 384
1478210 383
1478220 383
1478230 383
1478240 383
1478250 383
1478260 383
1478270 383
1478280 383
1478290 383
1478300 383
1478310 383
1478320 383
1478330 383
1478340 383
1478350 384
1478360 384
1478370 384
1478380 385
1478390 385
1478400 385
1478410 385
1478420 385
1478430 385
1478440 385
1478450 385
1478460 385
1478470 385
1478480 384
1478490 384
1478500 384
1478510 385
1478520 385
1478530 385
1478540 386
1478550 386
1478560 386
1478570 386
1478580 386
1478590 386
1478600 386
1478610 386
1478620 386
1478630 386
1478640 386
1478650 386
1478660 386
1478670 386
1478680 386
1478690 386
1478700 386
1478710 387
1478720 387
1478730 387
1478740 387
1478750 387
1478760 387
1478770 387
1478780 387
1478790 387
1478800 387
1478810 387
1478820 387
1478830 387
1478840 387
1478850 387
1478860 388
1478870 388
1478880 388
1478890 388
1478900 388
1478910 388
1478920 388
1478930 388
1478940 388
1478950 388
1478960 388
1478970 388
1478980 388
1478990 388
1479000 388
1479010 388
1479020 388
1479030 388
1479040 388
1479050 388
1479060 388
1479070 388
1479080 388
1479090 388
1479100 388
1479110 388
1479120 388
1479130 388
1479140 388
1479150 388
1479160 388
1479170 388
1479180 388
1479190 388
1479200 388
1479210 388
1479220 388
1479230 388
1479240 388
1479250 388
1479260 388
1479270 388
1479280 388
1479290 388
1479300 388
1479310 389
1479320 389
1479330 389
1479340 389
1479350 389
1479360 389
1479370 389
1479380 389
1479390 389
1479400 389
1479410 389
1479420 389
1479430 389
1479440 389
1479450 389
1479460 389
1479470 390
1479480 390
1479490 390
1479500 390
1479510 390
1479520 390
1479530 390
1479540 390
1479550 391
1479560 391
1479570 391
1479580 391
1479590 391
1479600 391
1479610 391
1479620 391
1479630 391
1479640 391
1479650 392
1479660 392
1479670 392
1479680 392
1479690 392
1479700 393
1479710 393
1479720 393
1479730 393
1479740 393
1479750 393
1479760 393
1479770 394
1479780 394
1479790 394
1479800 395
1479810 395
1479820 395
1479830 395
1479840 395
1479850 396
1479860 397
1479870 397
1479880 397
1479890 398
1479900 398
1479910 398
1479920 399
1479930 399
1479940 399
1479950 400
1479960 400
1479970 400
1479980 400
1479990 400
