1460000 371
1460010 371
1460020 371
1460030 371
1460040 371
1460050 370
1460060 370
1460070 370
1460080 370
1460090 370
1460100 370
1460110 370
1460120 370
1460130 370
1460140 370
1460150 370
1460160 370
1460170 370
1460180 370
1460190 370
1460200 370
1460210 370
1460220 370
1460230 370
1460240 370
1460250 370
1460260 370
1460270 370
1460280 370
1460290 370
1460300 370
1460310 370
1460320 370
1460330 370
1460340 370
1460350 370
1460360 370
1460370 370
1460380 370
1460390 370
1460400 370
1460410 370
1460420 370
1460430 370
1460440 370
1460450 370
1460460 370
1460470 370
1460480 370
1460490 370
1460500 369
1460510 369
1460520 369
1460530 369
1460540 369
1460550 369
1460560 369
1460570 369
1460580 369
1460590 370
1460600 370
1460610 369
1460620 369
1460630 369
1460640 369
1460650 369
1460660 369
1460670 369
1460680 369
1460690 369
1460700 369
1460710 369
1460720 369
1460730 369
1460740 369
1460750 369
1460760 369
1460770 369
1460780 369
1460790 369
1460800 369
1460810 369
1460820 369
1460830 369
1460840 369
1460850 369
1460860 369
1460870 369
1460880 369
1460890 369
1460900 369
1460910 369
1460920 369
1460930 369
1460940 369
1460950 369
1460960 369
1460970 369
1460980 369
1460990 369
1461000 369
1461010 369
1461020 369
1461030 369
1461040 369
1461050 369
1461060 368
1461070 368
1461080 368
1461090 369
1461100 369
1461110 369
1461120 368
1461130 368
1461140 368
1461150 368
1461160 368
1461170 368
1461180 368
1461190 368
1461200 368
1461210 368
1461220 368
1461230 368
1461240 368
1461250 368
1461260 368
1461270 368
1461280 368
1461290 368
1461300 368
1461310 368
1461320 368
1461330 368
1461340 368
1461350 368
1461360 368
1461370 368
1461380 368
1461390 368
1461400 368
1461410 368
1461420 368
1461430 368
1461440 368
1461450 368
1461460 367
1461470 367
1461480 367
1461490 367
1461500 367
1461510 367
1461520 367
1461530 367
1461540 367
1461550 367
1461560 367
1461570 367
1461580 367
1461590 367
1461600 366
1461610 367
1461620 367
1461630 367
1461640 367
1461650 367
1461660 367
1461670 367
1461680 367
1461690 367
1461700 367
1461710 367
1461720 367
1461730 367
1461740 367
1461750 367
1461760 367
1461770 367
1461780 367
1461790 367
1461800 367
1461810 367
1461820 366
1461830 366
1461840 367
1461850 367
1461860 367
1461870 366
1461880 366
1461890 366
1461900 366
1461910 366
1461920 366
1461930 366
1461940 366
1461950 366
1461960 366
1461970 366
1461980 366
1461990 366
1462000 366
1462010 366
1462020 366
1462030 366
1462040 366
1462050 366
1462060 366
1462070 366
1462080 366
1462090 366
1462100 366
1462110 366
1462120 366
1462130 366
1462140 366
1462150 366
1462160 366
1462170 366
1462180 366
1462190 366
1462200 366
1462210 366
1462220 366
1462230 366
1462240 366
1462250 366
1462260 366
1462270 366
1462280 366
1462290 366
1462300 366
1462310 366
1462320 366
1462330 366
1462340 366
1462350 366
1462360 366
1462370 366
1462380 366
1462390 366
1462400 366
1462410 366
1462420 366
1462430 366
1462440 366
1462450 366
1462460 366
1462470 366
1462480 366
1462490 366
1462500 366
1462510 366
1462520 366
1462530 365
1462540 365
1462550 365
1462560 365
1462570 365
1462580 365
1462590 365
1462600 365
1462610 365
1462620 365
1462630 365
1462640 365
1462650 365
1462660 365
1462670 365
1462680 365
1462690 365
1462700 365
1462710 365
1462720 365
1462730 365
1462740 365
1462750 365
1462760 365
1462770 365
1462780 365
1462790 365
1462800 365
1462810 365
1462820 365
1462830 365
1462840 365
1462850 365
1462860 365
1462870 365
1462880 365
1462890 365
1462900 365
1462910 365
1462920 365
1462930 365
1462940 365
1462950 365
1462960 364
1462970 364
1462980 364
1462990 364
1463000 364
1463010 364
1463020 364
1463030 364
1463040 364
1463050 364
1463060 364
1463070 364
1463080 364
1463090 364
1463100 364
1463110 364
1463120 364
1463130 364
1463140 364
1463150 364
1463160 364
1463170 364
1463180 364
1463190 364
1463200 364
1463210 364
1463220 364
1463230 364
1463240 364
1463250 364
1463260 364
1463270 364
1463280 364
1463290 364
1463300 364
1463310 364
1463320 363
1463330 363
1463340 364
1463350 364
1463360 364
1463370 363
1463380 364
1463390 364
1463400 364
1463410 363
1463420 363
1463430 363
1463440 364
1463450 364
1463460 363
1463470 363
1463480 363
1463490 363
1463500 364
1463510 364
1463520 364
1463530 364
1463540 364
1463550 363
1463560 363
1463570 363
1463580 363
1463590 363
1463600 363
1463610 363
1463620 363
1463630 363
1463640 363
1463650 363
1463660 363
1463670 363
1463680 363
1463690 363
1463700 363
1463710 363
1463720 363
1463730 363
1463740 363
1463750 363
1463760 363
1463770 363
1463780 363
1463790 363
1463800 363
1463810 363
1463820 363
1463830 363
1463840 363
1463850 363
1463860 363
1463870 363
1463880 363
1463890 363
1463900 363
1463910 363
1463920 363
1463930 363
1463940 363
1463950 363
1463960 363
1463970 363
1463980 363
1463990 363
1464000 363
1464010 363
1464020 363
1464030 363
1464040 363
1464050 363
1464060 362
1464070 362
1464080 362
1464090 362
1464100 362
1464110 362
1464120 362
1464130 362
1464140 362
1464150 362
1464160 362
1464170 362
1464180 362
1464190 362
1464200 362
1464210 362
1464220 362
1464230 362
1464240 362
1464250 362
1464260 362
1464270 363
1464280 363
1464290 363
1464300 363
1464310 362
1464320 362
1464330 362
1464340 362
1464350 362
1464360 362
1464370 362
1464380 362
1464390 363
1464400 362
1464410 362
1464420 362
1464430 362
1464440 362
1464450 363
1464460 363
1464470 363
1464480 363
1464490 363
1464500 363
1464510 363
1464520 363
1464530 363
1464540 363
1464550 363
1464560 363
1464570 363
1464580 363
1464590 363
1464600 364
1464610 365
1464620 365
1464630 367
1464640 371
1464650 371
1464660 374
1464670 376
1464680 376
1464690 378
1464700 379
1464710 379
1464720 379
1464730 380
1464740 380
1464750 380
1464760 381
1464770 381
1464780 381
1464790 382
1464800 382
1464810 382
1464820 382
1464830 382
1464840 381
1464850 380
1464860 380
1464870 379
1464880 376
1464890 376
1464900 373
1464910 371
1464920 371
1464930 369
1464940 369
1464950 369
1464960 368
1464970 369
1464980 369
1464990 371
1465000 373
1465010 373
1465020 375
1465030 376
1465040 376
1465050 377
1465060 378
1465070 378
1465080 378
1465090 378
1465100 378
1465110 379
1465120 380
1465130 380
1465140 380
1465150 381
1465160 381
1465170 382
1465180 382
1465190 382
1465200 383
1465210 384
1465220 384
1465230 384
1465240 385
1465250 385
1465260 385
1465270 385
1465280 385
1465290 385
1465300 385
1465310 385
1465320 385
1465330 385
1465340 385
1465350 385
1465360 385
1465370 385
1465380 385
1465390 385
1465400 385
1465410 385
1465420 385
1465430 385
1465440 385
1465450 384
1465460 384
1465470 384
1465480 383
1465490 383
1465500 383
1465510 384
1465520 384
1465530 385
1465540 385
1465550 385
1465560 385
1465570 385
1465580 385
1465590 385
1465600 385
1465610 385
1465620 385
1465630 385
1465640 385
1465650 385
1465660 385
1465670 385
1465680 385
1465690 385
1465700 385
1465710 385
1465720 385
1465730 385
1465740 385
1465750 385
1465760 385
1465770 385
1465780 385
1465790 385
1465800 385
1465810 385
1465820 385
1465830 384
1465840 384
1465850 384
1465860 384
1465870 384
1465880 384
1465890 384
1465900 384
1465910 384
1465920 384
1465930 384
1465940 384
1465950 383
1465960 383
1465970 383
1465980 383
1465990 382
1466000 382
1466010 382
1466020 382
1466030 382
1466040 382
1466050 382
1466060 382
1466070 381
1466080 381
1466090 381
1466100 381
1466110 381
1466120 381
1466130 381
1466140 381
1466150 381
1466160 381
1466170 380
1466180 380
1466190 380
1466200 380
1466210 380
1466220 380
1466230 380
1466240 380
1466250 380
1466260 380
1466270 380
1466280 380
1466290 379
1466300 379
1466310 379
1466320 378
1466330 378
1466340 378
1466350 378
1466360 378
1466370 378
1466380 377
1466390 377
1466400 376
1466410 376
1466420 376
1466430 376
1466440 375
1466450 375
1466460 375
1466470 374
1466480 374
1466490 374
1466500 374
1466510 374
1466520 373
1466530 373
1466540 373
1466550 373
1466560 372
1466570 372
1466580 371
1466590 371
1466600 371
1466610 372
1466620 373
1466630 373
1466640 374
1466650 374
1466660 374
1466670 375
1466680 375
1466690 375
1466700 375
1466710 376
1466720 376
1466730 377
1466740 378
1466750 378
1466760 378
1466770 379
1466780 379
1466790 379
1466800 380
1466810 380
1466820 380
1466830 381
1466840 381
1466850 381
1466860 381
1466870 381
1466880 381
1466890 381
1466900 381
1466910 382
1466920 382
1466930 382
1466940 382
1466950 382
1466960 382
1466970 382
1466980 382
1466990 382
1467000 382
1467010 382
1467020 382
1467030 382
1467040 382
1467050 382
1467060 382
1467070 382
1467080 382
1467090 382
1467100 382
1467110 382
1467120 382
1467130 382
1467140 382
1467150 381
1467160 381
1467170 381
1467180 380
1467190 379
1467200 379
1467210 379
1467220 375
1467230 375
1467240 370
1467250 364
1467260 364
1467270 361
1467280 360
1467290 360
1467300 360
1467310 360
1467320 360
1467330 360
1467340 360
1467350 360
1467360 360
1467370 360
1467380 360
1467390 360
1467400 360
1467410 360
1467420 360
1467430 360
1467440 360
1467450 360
1467460 360
1467470 360
1467480 360
1467490 360
1467500 360
1467510 360
1467520 360
1467530 360
1467540 360
1467550 360
1467560 360
1467570 360
1467580 360
1467590 360
1467600 359
1467610 359
1467620 359
1467630 359
1467640 359
1467650 359
1467660 358
1467670 358
1467680 358
1467690 358
1467700 358
1467710 358
1467720 358
1467730 358
1467740 358
1467750 356
1467760 357
1467770 357
1467780 359
1467790 359
1467800 359
1467810 359
1467820 359
1467830 359
1467840 359
1467850 359
1467860 359
1467870 359
1467880 360
1467890 360
1467900 360
1467910 360
1467920 360
1467930 360
1467940 360
1467950 360
1467960 360
1467970 360
1467980 360
1467990 360
1468000 359
1468010 359
1468020 359
1468030 359
1468040 359
1468050 359
1468060 359
1468070 359
1468080 359
1468090 359
1468100 359
1468110 359
1468120 359
1468130 359
1468140 360
1468150 363
1468160 363
1468170 369
1468180 373
1468190 373
1468200 374
1468210 375
1468220 375
1468230 376
1468240 377
1468250 377
1468260 378
1468270 379
1468280 379
1468290 379
1468300 380
1468310 380
1468320 380
1468330 381
1468340 381
1468350 381
1468360 381
1468370 381
1468380 381
1468390 381
1468400 381
1468410 381
1468420 381
1468430 381
1468440 381
1468450 381
1468460 381
1468470 381
1468480 381
1468490 381
1468500 381
1468510 380
1468520 380
1468530 380
1468540 380
1468550 380
1468560 380
1468570 380
1468580 380
1468590 380
1468600 380
1468610 380
1468620 380
1468630 380
1468640 380
1468650 380
1468660 380
1468670 380
1468680 380
1468690 380
1468700 380
1468710 380
1468720 380
1468730 380
1468740 380
1468750 380
1468760 380
1468770 380
1468780 380
1468790 380
1468800 380
1468810 380
1468820 380
1468830 380
1468840 380
1468850 379
1468860 379
1468870 379
1468880 380
1468890 380
1468900 380
1468910 380
1468920 380
1468930 380
1468940 380
1468950 380
1468960 380
1468970 380
1468980 380
1468990 380
1469000 380
1469010 380
1469020 380
1469030 380
1469040 380
1469050 380
1469060 380
1469070 380
1469080 380
1469090 380
1469100 380
1469110 380
1469120 380
1469130 380
1469140 380
1469150 380
1469160 380
1469170 380
1469180 380
1469190 380
1469200 380
1469210 379
1469220 379
1469230 379
1469240 379
1469250 379
1469260 379
1469270 379
1469280 379
1469290 379
1469300 379
1469310 379
1469320 379
1469330 379
1469340 379
1469350 379
1469360 379
1469370 379
1469380 379
1469390 379
1469400 379
1469410 379
1469420 379
1469430 379
1469440 378
1469450 378
1469460 378
1469470 378
1469480 378
1469490 378
1469500 378
1469510 378
1469520 378
1469530 378
1469540 378
1469550 378
1469560 378
1469570 378
1469580 378
1469590 378
1469600 378
1469610 378
1469620 378
1469630 378
1469640 378
1469650 378
1469660 378
1469670 378
1469680 378
1469690 378
1469700 378
1469710 377
1469720 377
1469730 377
1469740 377
1469750 378
1469760 378
1469770 378
1469780 378
1469790 378
1469800 378
1469810 378
1469820 378
1469830 378
1469840 378
1469850 378
1469860 378
1469870 378
1469880 378
1469890 378
1469900 378
1469910 378
1469920 378
1469930 378
1469940 378
1469950 378
1469960 378
1469970 378
1469980 378
1469990 378
1470000 378
1470010 378
1470020 378
1470030 378
1470040 378
1470050 377
1470060 377
1470070 377
1470080 377
1470090 377
1470100 377
1470110 377
1470120 377
1470130 377
1470140 377
1470150 377
1470160 376
1470170 375
1470180 375
1470190 375
1470200 374
1470210 374
1470220 374
1470230 373
1470240 373
1470250 372
1470260 372
1470270 372
1470280 372
1470290 371
1470300 371
1470310 371
1470320 371
1470330 371
1470340 371
1470350 370
1470360 370
1470370 370
1470380 370
1470390 370
1470400 370
1470410 370
1470420 370
1470430 370
1470440 370
1470450 370
1470460 370
1470470 369
1470480 369
1470490 369
1470500 368
1470510 368
1470520 367
1470530 367
1470540 367
1470550 367
1470560 367
1470570 367
1470580 367
1470590 367
1470600 367
1470610 366
1470620 366
1470630 366
1470640 365
1470650 366
1470660 366
1470670 366
1470680 365
1470690 365
1470700 364
1470710 364
1470720 364
1470730 364
1470740 362
1470750 362
1470760 361
1470770 360
1470780 360
1470790 359
1470800 359
1470810 359
1470820 359
1470830 359
1470840 359
1470850 359
1470860 359
1470870 359
1470880 359
1470890 359
1470900 359
1470910 359
1470920 359
1470930 359
1470940 359
1470950 359
1470960 359
1470970 359
1470980 359
1470990 359
1471000 359
1471010 360
1471020 360
1471030 360
1471040 361
1471050 361
1471060 362
1471070 361
1471080 361
1471090 359
1471100 356
1471110 356
1471120 356
1471130 357
1471140 357
1471150 357
1471160 357
1471170 357
1471180 358
1471190 358
1471200 358
1471210 358
1471220 358
1471230 358
1471240 357
1471250 358
1471260 358
1471270 358
1471280 358
1471290 358
1471300 358
1471310 358
1471320 358
1471330 358
1471340 358
1471350 358
1471360 358
1471370 358
1471380 358
1471390 358
1471400 358
1471410 358
1471420 358
1471430 358
1471440 358
1471450 357
1471460 356
1471470 356
1471480 356
1471490 357
1471500 357
1471510 358
1471520 358
1471530 358
1471540 358
1471550 358
1471560 358
1471570 358
1471580 358
1471590 358
1471600 358
1471610 358
1471620 358
1471630 358
1471640 358
1471650 358
1471660 358
1471670 358
1471680 358
1471690 358
1471700 358
1471710 358
1471720 358
1471730 359
1471740 359
1471750 359
1471760 359
1471770 359
1471780 359
1471790 359
1471800 359
1471810 360
1471820 360
1471830 360
1471840 359
1471850 359
1471860 359
1471870 357
1471880 356
1471890 356
1471900 356
1471910 356
1471920 356
1471930 356
1471940 357
1471950 357
1471960 358
1471970 358
1471980 358
1471990 359
1472000 360
1472010 360
1472020 360
1472030 360
1472040 360
1472050 360
1472060 360
1472070 360
1472080 360
1472090 360
1472100 360
1472110 360
1472120 360
1472130 360
1472140 360
1472150 360
1472160 360
1472170 360
1472180 360
1472190 360
1472200 360
1472210 360
1472220 360
1472230 360
1472240 361
1472250 361
1472260 361
1472270 360
1472280 360
1472290 360
1472300 360
1472310 360
1472320 359
1472330 358
1472340 358
1472350 358
1472360 359
1472370 359
1472380 359
1472390 359
1472400 359
1472410 359
1472420 359
1472430 359
1472440 359
1472450 359
1472460 359
1472470 359
1472480 359
1472490 359
1472500 359
1472510 359
1472520 359
1472530 359
1472540 359
1472550 359
1472560 359
1472570 359
1472580 359
1472590 359
1472600 359
1472610 359
1472620 359
1472630 359
1472640 359
1472650 359
1472660 359
1472670 359
1472680 358
1472690 358
1472700 358
1472710 358
1472720 358
1472730 358
1472740 357
1472750 355
1472760 355
1472770 354
1472780 354
1472790 354
1472800 356
1472810 358
1472820 358
1472830 359
1472840 359
1472850 359
1472860 359
1472870 359
1472880 359
1472890 360
1472900 360
1472910 360
1472920 360
1472930 360
1472940 360
1472950 360
1472960 360
1472970 360
1472980 361
1472990 361
1473000 361
1473010 361
1473020 361
1473030 361
1473040 361
1473050 361
1473060 361
1473070 362
1473080 362
1473090 362
1473100 362
1473110 361
1473120 361
1473130 361
1473140 361
1473150 361
1473160 361
1473170 361
1473180 361
1473190 361
1473200 361
1473210 361
1473220 361
1473230 361
1473240 361
1473250 361
1473260 361
1473270 361
1473280 362
1473290 362
1473300 362
1473310 362
1473320 363
1473330 363
1473340 364
1473350 364
1473360 364
1473370 364
1473380 364
1473390 364
1473400 364
1473410 364
1473420 364
1473430 364
1473440 364
1473450 364
1473460 364
1473470 364
1473480 364
1473490 364
1473500 364
1473510 364
1473520 364
1473530 365
1473540 365
1473550 365
1473560 365
1473570 365
1473580 365
1473590 364
1473600 364
1473610 364
1473620 365
1473630 365
1473640 365
1473650 365
1473660 365
1473670 365
1473680 365
1473690 365
1473700 365
1473710 365
1473720 365
1473730 365
1473740 365
1473750 365
1473760 365
1473770 365
1473780 365
1473790 365
1473800 365
1473810 365
1473820 365
1473830 365
1473840 365
1473850 365
1473860 365
1473870 365
1473880 365
1473890 365
1473900 365
1473910 365
1473920 365
1473930 365
1473940 365
1473950 365
1473960 365
1473970 365
1473980 365
1473990 365
1474000 366
1474010 366
1474020 366
1474030 366
1474040 366
1474050 366
1474060 366
1474070 367
1474080 367
1474090 369
1474100 370
1474110 370
1474120 371
1474130 372
1474140 372
1474150 371
1474160 372
1474170 372
1474180 372
1474190 373
1474200 373
1474210 374
1474220 375
1474230 375
1474240 377
1474250 377
1474260 377
1474270 376
1474280 375
1474290 375
1474300 375
1474310 377
1474320 377
1474330 379
1474340 379
1474350 379
1474360 380
1474370 380
1474380 380
1474390 380
1474400 380
1474410 380
1474420 380
1474430 381
1474440 381
1474450 381
1474460 381
1474470 381
1474480 381
1474490 381
1474500 381
1474510 381
1474520 381
1474530 381
1474540 381
1474550 381
1474560 381
1474570 381
1474580 381
1474590 381
1474600 381
1474610 381
1474620 381
1474630 381
1474640 381
1474650 381
1474660 381
1474670 381
1474680 381
1474690 381
1474700 381
1474710 381
1474720 381
1474730 381
1474740 381
1474750 381
1474760 382
1474770 382
1474780 382
1474790 382
1474800 382
1474810 382
1474820 382
1474830 382
1474840 382
1474850 382
1474860 382
1474870 382
1474880 382
1474890 382
1474900 382
1474910 382
1474920 382
1474930 382
1474940 382
1474950 382
1474960 382
1474970 382
1474980 382
1474990 382
1475000 382
1475010 382
1475020 382
1475030 382
1475040 382
1475050 382
1475060 382
1475070 382
1475080 382
1475090 382
1475100 382
1475110 382
1475120 382
1475130 382
1475140 382
1475150 382
1475160 382
1475170 382
1475180 382
1475190 382
1475200 383
1475210 383
1475220 383
1475230 383
1475240 383
1475250 383
1475260 383
1475270 383
1475280 383
1475290 383
1475300 383
1475310 383
1475320 383
1475330 383
1475340 383
1475350 383
1475360 383
1475370 383
1475380 383
1475390 383
1475400 383
1475410 384
1475420 384
1475430 384
1475440 384
1475450 384
1475460 384
1475470 384
1475480 384
1475490 384
1475500 384
1475510 384
1475520 384
1475530 384
1475540 384
1475550 384
1475560 384
1475570 384
1475580 384
1475590 384
1475600 384
1475610 384
1475620 384
1475630 385
1475640 385
1475650 385
1475660 385
1475670 385
1475680 385
1475690 385
1475700 385
1475710 385
1475720 385
1475730 385
1475740 385
1475750 385
1475760 385
1475770 386
1475780 386
1475790 386
1475800 386
1475810 386
1475820 386
1475830 386
1475840 386
1475850 386
1475860 387
1475870 387
1475880 387
1475890 387
1475900 387
1475910 387
1475920 388
1475930 388
1475940 388
1475950 388
1475960 388
1475970 388
1475980 389
1475990 389
1476000 389
1476010 389
1476020 390
1476030 390
1476040 390
1476050 391
1476060 391
1476070 391
1476080 392
1476090 392
1476100 392
1476110 393
1476120 393
1476130 394
1476140 394
1476150 394
1476160 395
1476170 396
1476180 396
1476190 396
1476200 397
1476210 397
1476220 398
1476230 398
1476240 398
1476250 399
1476260 399
1476270 399
1476280 400
1476290 401
1476300 401
1476310 402
1476320 403
1476330 403
1476340 403
1476350 404
1476360 404
1476370 404
1476380 405
1476390 405
1476400 406
1476410 406
1476420 406
1476430 407
1476440 408
1476450 408
1476460 408
1476470 409
1476480 409
1476490 409
1476500 409
1476510 409
1476520 409
1476530 409
1476540 409
1476550 409
1476560 408
1476570 408
1476580 408
1476590 407
1476600 407
1476610 406
1476620 406
1476630 406
1476640 405
1476650 405
1476660 405
1476670 404
1476680 404
1476690 404
1476700 404
1476710 404
1476720 404
1476730 404
1476740 405
1476750 405
1476760 406
1476770 407
1476780 407
1476790 408
1476800 409
1476810 409
1476820 410
1476830 411
1476840 411
1476850 411
1476860 412
1476870 412
1476880 413
1476890 414
1476900 414
1476910 415
1476920 416
1476930 416
1476940 417
1476950 418
1476960 418
1476970 419
1476980 420
1476990 420
1477000 421
1477010 422
1477020 422
1477030 422
1477040 423
1477050 423
1477060 424
1477070 425
1477080 425
1477090 426
1477100 426
1477110 426
1477120 427
1477130 428
1477140 428
1477150 429
1477160 430
1477170 430
1477180 431
1477190 432
1477200 432
1477210 433
1477220 434
1477230 434
1477240 435
1477250 436
1477260 436
1477270 437
1477280 438
1477290 438
1477300 439
1477310 439
1477320 439
1477330 440
1477340 440
1477350 440
1477360 440
1477370 440
1477380 440
1477390 440
1477400 440
1477410 440
1477420 440
1477430 439
1477440 439
1477450 438
1477460 437
1477470 437
1477480 435
1477490 434
1477500 434
1477510 432
1477520 431
1477530 431
1477540 431
1477550 430
1477560 430
1477570 429
1477580 428
1477590 428
1477600 428
1477610 428
1477620 428
1477630 427
1477640 427
1477650 427
1477660 426
1477670 426
1477680 426
1477690 426
1477700 425
1477710 425
1477720 425
1477730 424
1477740 424
1477750 424
1477760 423
1477770 423
1477780 423
1477790 423
1477800 423
1477810 422
1477820 422
1477830 422
1477840 421
1477850 421
1477860 421
1477870 421
1477880 420
1477890 420
1477900 420
1477910 420
1477920 420
1477930 420
1477940 420
1477950 420
1477960 419
1477970 419
1477980 419
1477990 419
1478000 417
1478010 417
1478020 416
1478030 417
1478040 417
1478050 419
1478060 420
1478070 420
1478080 421
1478090 422
1478100 422
1478110 423
1478120 423
1478130 423
1478140 424
1478150 425
1478160 425
1478170 426
1478180 426
1478190 426
1478200 427
1478210 427
1478220 427
1478230 428
1478240 429
1478250 429
1478260 430
1478270 432
1478280 432
1478290 433
1478300 434
1478310 434
1478320 435
1478330 436
1478340 436
1478350 437
1478360 438
1478370 438
1478380 440
1478390 441
1478400 441
1478410 442
1478420 443
1478430 443
1478440 444
1478450 445
1478460 445
1478470 445
1478480 446
1478490 446
1478500 447
1478510 447
1478520 447
1478530 448
1478540 448
1478550 448
1478560 449
1478570 449
1478580 449
1478590 449
1478600 449
1478610 449
1478620 450
1478630 450
1478640 450
1478650 450
1478660 450
1478670 450
1478680 450
1478690 450
1478700 450
1478710 450
1478720 450
1478730 450
1478740 449
1478750 449
1478760 449
1478770 448
1478780 448
1478790 448
1478800 447
1478810 447
1478820 447
1478830 446
1478840 444
1478850 444
1478860 443
1478870 440
1478880 440
1478890 438
1478900 436
1478910 436
1478920 434
1478930 432
1478940 432
1478950 431
1478960 429
1478970 429
1478980 428
1478990 427
1479000 427
1479010 425
1479020 423
1479030 423
1479040 423
1479050 424
1479060 424
1479070 425
1479080 428
1479090 428
1479100 430
1479110 433
1479120 433
1479130 436
1479140 438
1479150 438
1479160 440
1479170 441
1479180 441
1479190 442
1479200 444
1479210 444
1479220 447
1479230 449
1479240 449
1479250 449
1479260 450
1479270 450
1479280 451
1479290 452
1479300 452
1479310 453
1479320 454
1479330 454
1479340 454
1479350 455
1479360 455
1479370 456
1479380 456
1479390 456
1479400 457
1479410 457
1479420 457
1479430 458
1479440 458
1479450 458
1479460 459
1479470 459
1479480 459
1479490 459
1479500 459
1479510 459
1479520 459
1479530 460
1479540 459
1479550 459
1479560 459
1479570 459
1479580 459
1479590 459
1479600 459
1479610 459
1479620 459
1479630 458
1479640 458
1479650 458
1479660 458
1479670 458
1479680 458
1479690 457
1479700 457
1479710 457
1479720 456
1479730 456
1479740 456
1479750 456
1479760 456
1479770 455
1479780 455
1479790 455
1479800 454
1479810 453
1479820 453
1479830 452
1479840 451
1479850 451
1479860 450
1479870 450
1479880 450
1479890 449
1479900 448
1479910 448
1479920 447
1479930 446
1479940 446
1479950 445
1479960 444
1479970 444
1479980 443
1479990 443
