1460000 336
1460010 336
1460020 336
1460030 336
1460040 336
1460050 336
1460060 336
1460070 336
1460080 336
1460090 336
1460100 336
1460110 336
1460120 336
1460130 336
1460140 336
1460150 336
1460160 336
1460170 336
1460180 336
1460190 336
1460200 336
1460210 336
1460220 336
1460230 336
1460240 336
1460250 336
1460260 336
1460270 336
1460280 336
1460290 336
1460300 336
1460310 336
1460320 336
1460330 336
1460340 336
1460350 336
1460360 336
1460370 337
1460380 337
1460390 337
1460400 336
1460410 334
1460420 334
1460430 332
1460440 331
1460450 331
1460460 331
1460470 331
1460480 331
1460490 330
1460500 330
1460510 330
1460520 330
1460530 330
1460540 330
1460550 330
1460560 330
1460570 330
1460580 330
1460590 331
1460600 331
1460610 331
1460620 331
1460630 331
1460640 331
1460650 332
1460660 332
1460670 332
1460680 332
1460690 332
1460700 332
1460710 332
1460720 332
1460730 332
1460740 332
1460750 332
1460760 332
1460770 331
1460780 331
1460790 331
1460800 330
1460810 330
1460820 329
1460830 329
1460840 329
1460850 330
1460860 330
1460870 330
1460880 330
1460890 330
1460900 330
1460910 331
1460920 331
1460930 331
1460940 331
1460950 332
1460960 332
1460970 331
1460980 331
1460990 331
1461000 330
1461010 330
1461020 330
1461030 330
1461040 330
1461050 330
1461060 330
1461070 330
1461080 330
1461090 330
1461100 330
1461110 330
1461120 330
1461130 330
1461140 330
1461150 330
1461160 331
1461170 331
1461180 331
1461190 331
1461200 331
1461210 331
1461220 332
1461230 332
1461240 332
1461250 332
1461260 332
1461270 332
1461280 332
1461290 332
1461300 332
1461310 332
1461320 332
1461330 332
1461340 331
1461350 331
1461360 331
1461370 331
1461380 331
1461390 331
1461400 331
1461410 331
1461420 331
1461430 331
1461440 331
1461450 331
1461460 331
1461470 331
1461480 331
1461490 331
1461500 331
1461510 331
1461520 330
1461530 330
1461540 329
1461550 328
1461560 328
1461570 328
1461580 328
1461590 328
1461600 329
1461610 329
1461620 329
1461630 329
1461640 330
1461650 330
1461660 330
1461670 330
1461680 330
1461690 330
1461700 330
1461710 330
1461720 330
1461730 330
1461740 330
1461750 330
1461760 329
1461770 329
1461780 330
1461790 329
1461800 329
1461810 329
1461820 329
1461830 329
1461840 329
1461850 329
1461860 329
1461870 329
1461880 329
1461890 329
1461900 329
1461910 329
1461920 329
1461930 329
1461940 329
1461950 329
1461960 329
1461970 329
1461980 329
1461990 330
1462000 330
1462010 330
1462020 330
1462030 330
1462040 330
1462050 330
1462060 331
1462070 331
1462080 331
1462090 332
1462100 332
1462110 334
1462120 336
1462130 336
1462140 336
1462150 337
1462160 337
1462170 337
1462180 336
1462190 336
1462200 336
1462210 336
1462220 336
1462230 336
1462240 336
1462250 336
1462260 336
1462270 336
1462280 336
1462290 336
1462300 336
1462310 336
1462320 336
1462330 336
1462340 336
1462350 336
1462360 336
1462370 336
1462380 336
1462390 336
1462400 336
1462410 336
1462420 336
1462430 336
1462440 336
1462450 336
1462460 336
1462470 336
1462480 336
1462490 336
1462500 336
1462510 336
1462520 336
1462530 336
1462540 336
1462550 336
1462560 336
1462570 336
1462580 336
1462590 336
1462600 336
1462610 336
1462620 336
1462630 336
1462640 336
1462650 336
1462660 336
1462670 336
1462680 336
1462690 336
1462700 336
1462710 336
1462720 336
1462730 336
1462740 336
1462750 336
1462760 336
1462770 336
1462780 336
1462790 336
1462800 336
1462810 336
1462820 336
1462830 336
1462840 336
1462850 336
1462860 336
1462870 336
1462880 336
1462890 336
1462900 336
1462910 336
1462920 336
1462930 336
1462940 336
1462950 336
1462960 336
1462970 336
1462980 336
1462990 336
1463000 336
1463010 336
1463020 336
1463030 336
1463040 336
1463050 336
1463060 336
1463070 336
1463080 336
1463090 336
1463100 336
1463110 336
1463120 336
1463130 336
1463140 336
1463150 336
1463160 336
1463170 336
1463180 336
1463190 336
1463200 336
1463210 336
1463220 336
1463230 336
1463240 336
1463250 336
1463260 336
1463270 336
1463280 336
1463290 336
1463300 336
1463310 336
1463320 336
1463330 336
1463340 336
1463350 336
1463360 336
1463370 336
1463380 336
1463390 336
1463400 336
1463410 336
1463420 336
1463430 336
1463440 336
1463450 336
1463460 336
1463470 336
1463480 336
1463490 336
1463500 336
1463510 336
1463520 336
1463530 336
1463540 336
1463550 336
1463560 336
1463570 336
1463580 336
1463590 336
1463600 336
1463610 336
1463620 336
1463630 336
1463640 336
1463650 336
1463660 336
1463670 336
1463680 336
1463690 336
1463700 336
1463710 336
1463720 336
1463730 336
1463740 336
1463750 336
1463760 336
1463770 336
1463780 336
1463790 336
1463800 336
1463810 336
1463820 336
1463830 336
1463840 336
1463850 336
1463860 336
1463870 336
1463880 336
1463890 336
1463900 336
1463910 336
1463920 336
1463930 336
1463940 336
1463950 336
1463960 336
1463970 336
1463980 336
1463990 336
1464000 336
1464010 336
1464020 336
1464030 336
1464040 336
1464050 336
1464060 336
1464070 336
1464080 336
1464090 336
1464100 336
1464110 336
1464120 336
1464130 336
1464140 336
1464150 336
1464160 336
1464170 336
1464180 336
1464190 336
1464200 336
1464210 336
1464220 336
1464230 336
1464240 336
1464250 336
1464260 336
1464270 337
1464280 337
1464290 337
1464300 337
1464310 335
1464320 335
1464330 333
1464340 332
1464350 332
1464360 331
1464370 330
1464380 330
1464390 329
1464400 329
1464410 329
1464420 329
1464430 329
1464440 329
1464450 329
1464460 329
1464470 329
1464480 329
1464490 329
1464500 329
1464510 329
1464520 329
1464530 329
1464540 329
1464550 329
1464560 329
1464570 329
1464580 329
1464590 329
1464600 329
1464610 329
1464620 329
1464630 329
1464640 328
1464650 328
1464660 328
1464670 328
1464680 328
1464690 328
1464700 329
1464710 329
1464720 330
1464730 330
1464740 330
1464750 329
1464760 329
1464770 329
1464780 329
1464790 329
1464800 329
1464810 329
1464820 329
1464830 329
1464840 329
1464850 329
1464860 329
1464870 329
1464880 329
1464890 329
1464900 329
1464910 329
1464920 329
1464930 329
1464940 329
1464950 329
1464960 328
1464970 329
1464980 329
1464990 329
1465000 329
1465010 329
1465020 329
1465030 329
1465040 329
1465050 329
1465060 329
1465070 329
1465080 329
1465090 329
1465100 329
1465110 329
1465120 329
1465130 329
1465140 328
1465150 328
1465160 328
1465170 328
1465180 328
1465190 328
1465200 328
1465210 329
1465220 329
1465230 329
1465240 330
1465250 330
1465260 330
1465270 330
1465280 330
1465290 330
1465300 330
1465310 330
1465320 329
1465330 329
1465340 329
1465350 329
1465360 330
1465370 330
1465380 330
1465390 330
1465400 330
1465410 330
1465420 330
1465430 330
1465440 331
1465450 332
1465460 332
1465470 333
1465480 332
1465490 332
1465500 332
1465510 332
1465520 332
1465530 332
1465540 332
1465550 332
1465560 332
1465570 332
1465580 332
1465590 333
1465600 333
1465610 333
1465620 333
1465630 333
1465640 333
1465650 333
1465660 333
1465670 333
1465680 333
1465690 333
1465700 333
1465710 333
1465720 333
1465730 333
1465740 333
1465750 333
1465760 333
1465770 333
1465780 333
1465790 333
1465800 333
1465810 332
1465820 332
1465830 332
1465840 332
1465850 332
1465860 332
1465870 332
1465880 332
1465890 332
1465900 332
1465910 332
1465920 334
1465930 338
1465940 338
1465950 341
1465960 341
1465970 341
1465980 341
1465990 341
1466000 341
1466010 341
1466020 341
1466030 341
1466040 341
1466050 341
1466060 341
1466070 341
1466080 341
1466090 341
1466100 340
1466110 340
1466120 340
1466130 340
1466140 340
1466150 340
1466160 340
1466170 340
1466180 340
1466190 340
1466200 341
1466210 341
1466220 340
1466230 340
1466240 340
1466250 340
1466260 340
1466270 340
1466280 341
1466290 341
1466300 341
1466310 341
1466320 341
1466330 341
1466340 341
1466350 341
1466360 341
1466370 341
1466380 341
1466390 341
1466400 341
1466410 341
1466420 341
1466430 341
1466440 341
1466450 341
1466460 341
1466470 341
1466480 341
1466490 341
1466500 341
1466510 341
1466520 340
1466530 340
1466540 340
1466550 339
1466560 339
1466570 339
1466580 339
1466590 339
1466600 339
1466610 339
1466620 339
1466630 339
1466640 338
1466650 338
1466660 338
1466670 338
1466680 338
1466690 338
1466700 338
1466710 338
1466720 338
1466730 338
1466740 338
1466750 338
1466760 338
1466770 338
1466780 338
1466790 338
1466800 338
1466810 338
1466820 338
1466830 338
1466840 338
1466850 338
1466860 338
1466870 338
1466880 338
1466890 338
1466900 338
1466910 338
1466920 338
1466930 338
1466940 338
1466950 338
1466960 338
1466970 338
1466980 338
1466990 338
1467000 338
1467010 338
1467020 338
1467030 338
1467040 338
1467050 338
1467060 338
1467070 338
1467080 338
1467090 337
1467100 337
1467110 337
1467120 336
1467130 336
1467140 336
1467150 336
1467160 336
1467170 336
1467180 336
1467190 336
1467200 336
1467210 336
1467220 336
1467230 336
1467240 336
1467250 336
1467260 336
1467270 336
1467280 336
1467290 336
1467300 336
1467310 336
1467320 336
1467330 336
1467340 336
1467350 336
1467360 336
1467370 336
1467380 336
1467390 336
1467400 336
1467410 336
1467420 336
1467430 336
1467440 336
1467450 336
1467460 336
1467470 336
1467480 336
1467490 336
1467500 336
1467510 336
1467520 336
1467530 336
1467540 336
1467550 336
1467560 336
1467570 336
1467580 336
1467590 336
1467600 336
1467610 336
1467620 336
1467630 336
1467640 336
1467650 336
1467660 336
1467670 336
1467680 336
1467690 336
1467700 336
1467710 336
1467720 336
1467730 336
1467740 336
1467750 336
1467760 336
1467770 336
1467780 336
1467790 336
1467800 336
1467810 336
1467820 336
1467830 336
1467840 336
1467850 336
1467860 336
1467870 336
1467880 336
1467890 336
1467900 336
1467910 336
1467920 336
1467930 336
1467940 336
1467950 336
1467960 336
1467970 336
1467980 336
1467990 336
1468000 336
1468010 336
1468020 336
1468030 336
1468040 336
1468050 336
1468060 336
1468070 336
1468080 336
1468090 336
1468100 336
1468110 336
1468120 336
1468130 336
1468140 336
1468150 336
1468160 336
1468170 336
1468180 336
1468190 336
1468200 336
1468210 336
1468220 336
1468230 336
1468240 336
1468250 336
1468260 336
1468270 335
1468280 335
1468290 335
1468300 335
1468310 335
1468320 335
1468330 335
1468340 335
1468350 335
1468360 335
1468370 335
1468380 335
1468390 335
1468400 335
1468410 335
1468420 335
1468430 335
1468440 335
1468450 335
1468460 335
1468470 335
1468480 335
1468490 335
1468500 335
1468510 335
1468520 335
1468530 335
1468540 335
1468550 335
1468560 335
1468570 335
1468580 335
1468590 335
1468600 335
1468610 335
1468620 335
1468630 335
1468640 335
1468650 335
1468660 335
1468670 335
1468680 335
1468690 335
1468700 335
1468710 334
1468720 334
1468730 334
1468740 332
1468750 331
1468760 331
1468770 330
1468780 330
1468790 330
1468800 330
1468810 330
1468820 330
1468830 330
1468840 330
1468850 330
1468860 330
1468870 330
1468880 330
1468890 330
1468900 330
1468910 330
1468920 330
1468930 329
1468940 329
1468950 329
1468960 330
1468970 330
1468980 329
1468990 330
1469000 330
1469010 330
1469020 330
1469030 330
1469040 330
1469050 330
1469060 330
1469070 330
1469080 330
1469090 330
1469100 330
1469110 330
1469120 330
1469130 330
1469140 330
1469150 330
1469160 330
1469170 330
1469180 330
1469190 330
1469200 329
1469210 329
1469220 329
1469230 330
1469240 330
1469250 330
1469260 329
1469270 329
1469280 330
1469290 329
1469300 329
1469310 329
1469320 329
1469330 329
1469340 329
1469350 329
1469360 329
1469370 329
1469380 329
1469390 329
1469400 329
1469410 329
1469420 329
1469430 329
1469440 329
1469450 329
1469460 330
1469470 330
1469480 330
1469490 332
1469500 331
1469510 331
1469520 329
1469530 328
1469540 328
1469550 328
1469560 330
1469570 330
1469580 331
1469590 331
1469600 331
1469610 331
1469620 332
1469630 332
1469640 332
1469650 332
1469660 332
1469670 332
1469680 332
1469690 332
1469700 332
1469710 332
1469720 332
1469730 332
1469740 332
1469750 332
1469760 332
1469770 332
1469780 332
1469790 333
1469800 333
1469810 333
1469820 333
1469830 333
1469840 333
1469850 333
1469860 334
1469870 334
1469880 334
1469890 334
1469900 334
1469910 334
1469920 334
1469930 334
1469940 334
1469950 334
1469960 334
1469970 334
1469980 334
1469990 334
1470000 334
1470010 334
1470020 334
1470030 333
1470040 333
1470050 333
1470060 333
1470070 333
1470080 333
1470090 333
1470100 333
1470110 333
1470120 333
1470130 333
1470140 333
1470150 333
1470160 333
1470170 333
1470180 333
1470190 334
1470200 334
1470210 334
1470220 334
1470230 334
1470240 334
1470250 334
1470260 334
1470270 334
1470280 334
1470290 334
1470300 334
1470310 334
1470320 334
1470330 334
1470340 333
1470350 333
1470360 333
1470370 333
1470380 333
1470390 333
1470400 333
1470410 333
1470420 333
1470430 333
1470440 333
1470450 333
1470460 333
1470470 333
1470480 333
1470490 333
1470500 333
1470510 333
1470520 333
1470530 333
1470540 333
1470550 333
1470560 333
1470570 333
1470580 333
1470590 333
1470600 333
1470610 333
1470620 333
1470630 333
1470640 333
1470650 333
1470660 333
1470670 333
1470680 333
1470690 333
1470700 333
1470710 333
1470720 333
1470730 333
1470740 333
1470750 333
1470760 333
1470770 333
1470780 333
1470790 333
1470800 333
1470810 333
1470820 333
1470830 333
1470840 333
1470850 333
1470860 333
1470870 333
1470880 333
1470890 333
1470900 333
1470910 333
1470920 333
1470930 333
1470940 333
1470950 333
1470960 333
1470970 333
1470980 333
1470990 333
1471000 333
1471010 333
1471020 333
1471030 333
1471040 333
1471050 333
1471060 333
1471070 333
1471080 332
1471090 333
1471100 333
1471110 333
1471120 333
1471130 333
1471140 333
1471150 333
1471160 333
1471170 332
1471180 332
1471190 332
1471200 332
1471210 332
1471220 332
1471230 332
1471240 332
1471250 332
1471260 332
1471270 332
1471280 332
1471290 332
1471300 332
1471310 332
1471320 332
1471330 332
1471340 332
1471350 332
1471360 332
1471370 332
1471380 332
1471390 332
1471400 332
1471410 332
1471420 332
1471430 332
1471440 332
1471450 332
1471460 332
1471470 332
1471480 332
1471490 332
1471500 332
1471510 332
1471520 332
1471530 332
1471540 332
1471550 332
1471560 332
1471570 332
1471580 332
1471590 332
1471600 332
1471610 332
1471620 333
1471630 333
1471640 333
1471650 333
1471660 333
1471670 333
1471680 333
1471690 333
1471700 333
1471710 333
1471720 333
1471730 333
1471740 333
1471750 333
1471760 333
1471770 332
1471780 332
1471790 332
1471800 332
1471810 332
1471820 332
1471830 332
1471840 332
1471850 332
1471860 332
1471870 332
1471880 332
1471890 332
1471900 332
1471910 332
1471920 331
1471930 331
1471940 331
1471950 331
1471960 331
1471970 331
1471980 332
1471990 334
1472000 334
1472010 335
1472020 335
1472030 337
1472040 337
1472050 337
1472060 335
1472070 333
1472080 333
1472090 331
1472100 331
1472110 331
1472120 332
1472130 332
1472140 332
1472150 332
1472160 332
1472170 332
1472180 332
1472190 332
1472200 332
1472210 332
1472220 332
1472230 332
1472240 332
1472250 332
1472260 332
1472270 332
1472280 332
1472290 332
1472300 331
1472310 331
1472320 331
1472330 331
1472340 331
1472350 331
1472360 332
1472370 334
1472380 334
1472390 336
1472400 338
1472410 338
1472420 339
1472430 339
1472440 339
1472450 339
1472460 339
1472470 339
1472480 338
1472490 337
1472500 337
1472510 335
1472520 334
1472530 334
1472540 333
1472550 333
1472560 333
1472570 333
1472580 333
1472590 333
1472600 333
1472610 332
1472620 332
1472630 332
1472640 332
1472650 332
1472660 332
1472670 333
1472680 333
1472690 333
1472700 334
1472710 334
1472720 334
1472730 335
1472740 335
1472750 335
1472760 335
1472770 335
1472780 335
1472790 336
1472800 336
1472810 336
1472820 336
1472830 336
1472840 336
1472850 336
1472860 336
1472870 336
1472880 336
1472890 336
1472900 336
1472910 337
1472920 337
1472930 337
1472940 338
1472950 338
1472960 339
1472970 339
1472980 339
1472990 339
1473000 339
1473010 339
1473020 339
1473030 339
1473040 339
1473050 339
1473060 337
1473070 337
1473080 335
1473090 332
1473100 332
1473110 330
1473120 328
1473130 328
1473140 327
1473150 328
1473160 328
1473170 327
1473180 326
1473190 326
1473200 325
1473210 325
1473220 325
1473230 325
1473240 324
1473250 324
1473260 324
1473270 324
1473280 324
1473290 324
1473300 324
1473310 324
1473320 324
1473330 324
1473340 324
1473350 324
1473360 324
1473370 324
1473380 324
1473390 324
1473400 324
1473410 324
1473420 324
1473430 324
1473440 324
1473450 324
1473460 324
1473470 323
1473480 323
1473490 323
1473500 323
1473510 323
1473520 323
1473530 323
1473540 323
1473550 323
1473560 323
1473570 324
1473580 324
1473590 324
1473600 324
1473610 324
1473620 324
1473630 323
1473640 323
1473650 323
1473660 323
1473670 323
1473680 323
1473690 323
1473700 323
1473710 323
1473720 323
1473730 323
1473740 323
1473750 323
1473760 323
1473770 324
1473780 324
1473790 324
1473800 324
1473810 324
1473820 324
1473830 324
1473840 324
1473850 324
1473860 324
1473870 324
1473880 324
1473890 324
1473900 324
1473910 324
1473920 324
1473930 324
1473940 324
1473950 324
1473960 324
1473970 324
1473980 324
1473990 324
1474000 324
1474010 324
1474020 324
1474030 324
1474040 324
1474050 324
1474060 324
1474070 324
1474080 324
1474090 324
1474100 323
1474110 323
1474120 323
1474130 323
1474140 323
1474150 323
1474160 323
1474170 323
1474180 323
1474190 323
1474200 323
1474210 323
1474220 323
1474230 323
1474240 323
1474250 323
1474260 323
1474270 323
1474280 323
1474290 323
1474300 323
1474310 322
1474320 322
1474330 322
1474340 322
1474350 323
1474360 323
1474370 323
1474380 323
1474390 323
1474400 323
1474410 323
1474420 323
1474430 323
1474440 323
1474450 323
1474460 323
1474470 323
1474480 323
1474490 323
1474500 323
1474510 323
1474520 323
1474530 323
1474540 323
1474550 323
1474560 323
1474570 323
1474580 323
1474590 323
1474600 323
1474610 323
1474620 323
1474630 323
1474640 323
1474650 323
1474660 323
1474670 323
1474680 323
1474690 323
1474700 323
1474710 323
1474720 323
1474730 323
1474740 323
1474750 323
1474760 323
1474770 323
1474780 323
1474790 323
1474800 323
1474810 323
1474820 323
1474830 323
1474840 323
1474850 324
1474860 324
1474870 324
1474880 324
1474890 324
1474900 324
1474910 324
1474920 324
1474930 324
1474940 323
1474950 323
1474960 323
1474970 323
1474980 323
1474990 323
1475000 323
1475010 323
1475020 323
1475030 323
1475040 323
1475050 323
1475060 323
1475070 323
1475080 323
1475090 323
1475100 323
1475110 323
1475120 323
1475130 323
1475140 323
1475150 323
1475160 323
1475170 323
1475180 323
1475190 323
1475200 323
1475210 323
1475220 323
1475230 323
1475240 323
1475250 323
1475260 323
1475270 323
1475280 323
1475290 323
1475300 323
1475310 323
1475320 323
1475330 323
1475340 323
1475350 323
1475360 323
1475370 322
1475380 322
1475390 322
1475400 322
1475410 322
1475420 321
1475430 322
1475440 322
1475450 322
1475460 322
1475470 322
1475480 321
1475490 321
1475500 321
1475510 321
1475520 321
1475530 321
1475540 321
1475550 321
1475560 321
1475570 321
1475580 321
1475590 321
1475600 321
1475610 321
1475620 321
1475630 322
1475640 322
1475650 322
1475660 323
1475670 325
1475680 325
1475690 327
1475700 329
1475710 329
1475720 331
1475730 334
1475740 334
1475750 335
1475760 336
1475770 336
1475780 336
1475790 334
1475800 334
1475810 333
1475820 332
1475830 332
1475840 331
1475850 330
1475860 330
1475870 327
1475880 327
1475890 327
1475900 329
1475910 333
1475920 333
1475930 336
1475940 337
1475950 337
1475960 338
1475970 337
1475980 337
1475990 337
1476000 337
1476010 337
1476020 337
1476030 337
1476040 337
1476050 337
1476060 337
1476070 337
1476080 337
1476090 337
1476100 337
1476110 337
1476120 337
1476130 337
1476140 336
1476150 337
1476160 337
1476170 337
1476180 336
1476190 336
1476200 337
1476210 337
1476220 337
1476230 337
1476240 337
1476250 337
1476260 337
1476270 337
1476280 337
1476290 337
1476300 337
1476310 337
1476320 337
1476330 337
1476340 337
1476350 337
1476360 337
1476370 337
1476380 337
1476390 337
1476400 337
1476410 337
1476420 337
1476430 337
1476440 337
1476450 337
1476460 337
1476470 337
1476480 336
1476490 336
1476500 336
1476510 336
1476520 336
1476530 336
1476540 336
1476550 336
1476560 336
1476570 337
1476580 337
1476590 337
1476600 337
1476610 337
1476620 338
1476630 337
1476640 337
1476650 337
1476660 337
1476670 337
1476680 337
1476690 337
1476700 337
1476710 337
1476720 337
1476730 337
1476740 336
1476750 336
1476760 336
1476770 336
1476780 336
1476790 336
1476800 336
1476810 336
1476820 336
1476830 336
1476840 336
1476850 336
1476860 337
1476870 337
1476880 337
1476890 337
1476900 337
1476910 337
1476920 338
1476930 338
1476940 338
1476950 338
1476960 338
1476970 338
1476980 338
1476990 338
1477000 338
1477010 339
1477020 340
1477030 340
1477040 341
1477050 343
1477060 343
1477070 345
1477080 347
1477090 347
1477100 350
1477110 354
1477120 354
1477130 357
1477140 361
1477150 361
1477160 364
1477170 367
1477180 367
1477190 368
1477200 369
1477210 369
1477220 369
1477230 369
1477240 369
1477250 369
1477260 368
1477270 368
1477280 368
1477290 368
1477300 368
1477310 368
1477320 368
1477330 368
1477340 368
1477350 368
1477360 368
1477370 368
1477380 368
1477390 368
1477400 367
1477410 367
1477420 367
1477430 367
1477440 367
1477450 367
1477460 367
1477470 367
1477480 367
1477490 367
1477500 367
1477510 367
1477520 367
1477530 367
1477540 367
1477550 367
1477560 367
1477570 367
1477580 367
1477590 367
1477600 367
1477610 367
1477620 367
1477630 367
1477640 367
1477650 367
1477660 367
1477670 367
1477680 367
1477690 367
1477700 367
1477710 367
1477720 367
1477730 367
1477740 367
1477750 367
1477760 367
1477770 367
1477780 367
1477790 366
1477800 366
1477810 366
1477820 366
1477830 366
1477840 366
1477850 366
1477860 366
1477870 366
1477880 366
1477890 366
1477900 366
1477910 366
1477920 366
1477930 366
1477940 366
1477950 366
1477960 366
1477970 366
1477980 366
1477990 366
1478000 366
1478010 366
1478020 366
1478030 366
1478040 366
1478050 366
1478060 366
1478070 366
1478080 366
1478090 366
1478100 366
1478110 366
1478120 366
1478130 366
1478140 366
1478150 366
1478160 366
1478170 366
1478180 366
1478190 366
1478200 366
1478210 366
1478220 366
1478230 366
1478240 366
1478250 366
1478260 366
1478270 366
1478280 366
1478290 366
1478300 366
1478310 365
1478320 365
1478330 365
1478340 365
1478350 365
1478360 365
1478370 365
1478380 365
1478390 365
1478400 365
1478410 365
1478420 365
1478430 365
1478440 365
1478450 365
1478460 365
1478470 365
1478480 365
1478490 365
1478500 365
1478510 365
1478520 365
1478530 365
1478540 365
1478550 365
1478560 365
1478570 365
1478580 365
1478590 365
1478600 365
1478610 365
1478620 365
1478630 365
1478640 365
1478650 365
1478660 365
1478670 365
1478680 365
1478690 365
1478700 365
1478710 365
1478720 365
1478730 365
1478740 365
1478750 365
1478760 365
1478770 365
1478780 364
1478790 364
1478800 364
1478810 364
1478820 364
1478830 364
1478840 364
1478850 364
1478860 364
1478870 364
1478880 364
1478890 364
1478900 363
1478910 363
1478920 363
1478930 363
1478940 363
1478950 363
1478960 364
1478970 364
1478980 364
1478990 364
1479000 364
1479010 364
1479020 364
1479030 363
1479040 363
1479050 363
1479060 363
1479070 363
1479080 363
1479090 364
1479100 364
1479110 364
1479120 364
1479130 364
1479140 364
1479150 363
1479160 363
1479170 363
1479180 363
1479190 363
1479200 363
1479210 363
1479220 363
1479230 362
1479240 362
1479250 362
1479260 362
1479270 361
1479280 361
1479290 361
1479300 361
1479310 361
1479320 360
1479330 360
1479340 360
1479350 360
1479360 360
1479370 360
1479380 360
1479390 360
1479400 360
1479410 360
1479420 360
1479430 360
1479440 360
1479450 360
1479460 360
1479470 360
1479480 360
1479490 360
1479500 360
1479510 359
1479520 359
1479530 359
1479540 359
1479550 359
1479560 359
1479570 359
1479580 359
1479590 359
1479600 359
1479610 359
1479620 359
1479630 359
1479640 359
1479650 359
1479660 359
1479670 359
1479680 359
1479690 359
1479700 359
1479710 359
1479720 359
1479730 359
1479740 358
1479750 358
1479760 358
1479770 358
1479780 358
1479790 358
1479800 358
1479810 357
1479820 357
1479830 357
1479840 357
1479850 357
1479860 357
1479870 357
1479880 357
1479890 357
1479900 357
1479910 357
1479920 357
1479930 357
1479940 357
1479950 357
1479960 357
1479970 357
1479980 358
1479990 358
